Unnamed: 0	chrom	end	start	strand	disruption_SCD	insertion_SCD	orientation	background_index	flank_bp	spacer_bp
0	chr4	87368268	87368249	+	90.56	65.75	>	6	0	90
1	chr11	109860827	109860808	-	89.2	47.97	>	6	0	90
2	chr3	22309188	22309169	+	81.5	60.4	>	6	0	90
3	chr10	5161770	5161751	-	79.2	55.88	>	6	0	90
4	chr16	71247702	71247683	+	68.56	43.2	>	6	0	90
5	chr16	72980067	72980048	-	68.3	56.7	>	6	0	90
6	chr6	60556001	60555982	+	67.7	40.38	>	6	0	90
7	chr5	7996919	7996900	-	66.06	59.4	>	6	0	90
8	chr14	12140114	12140095	-	65.1	51.62	>	6	0	90
9	chr13	81439574	81439555	+	64.94	46.94	>	6	0	90
10	chr9	103996726	103996707	-	64.9	51.25	>	6	0	90
11	chr15	56066340	56066321	+	63.97	42.94	>	6	0	90
12	chr10	106609250	106609231	+	63.97	42.62	>	6	0	90
13	chr1	144380222	144380203	-	63.4	48.44	>	6	0	90
14	chr10	8240468	8240449	-	62.34	45.88	>	6	0	90
15	chr12	77000269	77000250	+	62.22	54.97	>	6	0	90
16	chr1	44745882	44745863	+	62.12	40.25	>	6	0	90
17	chr4	81178889	81178870	+	62.03	50.0	>	6	0	90
18	chr9	10909768	10909749	+	61.12	47.94	>	6	0	90
19	chr6	64650119	64650100	-	60.56	60.88	>	6	0	90
20	chr15	32766485	32766466	-	60.56	46.62	>	6	0	90
21	chr4	9135983	9135964	+	60.03	34.12	>	6	0	90
22	chr7	118305013	118304994	+	59.5	47.62	>	6	0	90
23	chr10	39520570	39520551	-	58.34	40.5	>	6	0	90
24	chr1	78724658	78724639	+	58.25	47.28	>	6	0	90
25	chr2	160598038	160598019	+	57.94	55.8	>	6	0	90
26	chr18	33790258	33790239	-	57.72	56.3	>	6	0	90
27	chr12	40837750	40837731	+	57.5	46.25	>	6	0	90
28	chr8	41443763	41443744	+	57.34	56.06	>	6	0	90
29	chr14	68494314	68494295	-	56.94	24.97	>	6	0	90
30	chr1	11657910	11657891	+	56.8	43.62	>	6	0	90
31	chr11	77100337	77100318	+	55.88	49.25	>	6	0	90
32	chr16	41244935	41244916	-	55.72	48.0	>	6	0	90
33	chr14	87452291	87452272	-	55.72	63.0	>	6	0	90
34	chr18	16217050	16217031	+	54.9	26.8	>	6	0	90
35	chr11	53255133	53255114	-	54.8	39.5	>	6	0	90
36	chr9	7216447	7216428	+	54.56	27.64	>	6	0	90
37	chr8	35850598	35850579	-	54.5	50.94	>	6	0	90
38	chr8	102781131	102781112	-	54.44	41.34	>	6	0	90
39	chr5	49962010	49961991	-	54.16	50.88	>	6	0	90
40	chr7	90410162	90410143	-	54.06	39.75	>	6	0	90
41	chr4	15328717	15328698	+	54.03	40.72	>	6	0	90
42	chr11	31949616	31949597	-	54.0	41.44	>	6	0	90
43	chr1	120586671	120586652	+	53.8	57.06	>	6	0	90
44	chr13	19698921	19698902	+	53.16	40.8	>	6	0	90
45	chr12	57825950	57825931	+	53.03	34.38	>	6	0	90
46	chr16	72215933	72215914	-	52.7	45.56	>	6	0	90
47	chr9	15685402	15685383	+	52.62	45.03	>	6	0	90
48	chr10	10321327	10321308	-	52.47	23.97	>	6	0	90
49	chr9	49494135	49494116	+	52.4	51.5	>	6	0	90
50	chr3	50906169	50906150	-	52.12	57.06	>	6	0	90
51	chr11	57467973	57467954	-	52.03	54.47	>	6	0	90
52	chr11	113165316	113165297	-	51.88	57.94	>	6	0	90
53	chr9	51152608	51152589	-	51.8	48.22	>	6	0	90
54	chr16	58299658	58299639	+	51.56	30.08	>	6	0	90
55	chr16	22564783	22564764	+	51.44	49.16	>	6	0	90
56	chr8	36523135	36523116	-	51.4	44.44	>	6	0	90
57	chr14	34810941	34810922	+	51.3	52.97	>	6	0	90
58	chr6	101261740	101261721	-	51.0	49.47	>	6	0	90
59	chr7	132213694	132213675	-	50.8	38.62	>	6	0	90
60	chr2	48886271	48886252	-	50.28	44.53	>	6	0	90
61	chr12	54060974	54060955	-	50.12	27.78	>	6	0	90
62	chr1	5905019	5905000	-	50.06	44.22	>	6	0	90
63	chr9	26776375	26776356	-	50.0	53.88	>	6	0	90
64	chr1	103799519	103799500	+	49.53	56.44	>	6	0	90
65	chr9	88222188	88222169	-	49.5	40.1	>	6	0	90
66	chr18	58481884	58481865	-	49.28	39.28	>	6	0	90
67	chr13	100112788	100112769	+	49.16	37.22	>	6	0	90
68	chr3	14679394	14679375	+	49.06	29.97	>	6	0	90
69	chr16	37109459	37109440	+	48.75	19.0	>	6	0	90
70	chr3	153655318	153655299	-	48.72	48.28	>	6	0	90
71	chr16	89765698	89765679	-	48.38	54.0	>	6	0	90
72	chr13	89543228	89543209	-	48.3	56.84	>	6	0	90
73	chr11	40149509	40149490	-	48.28	36.34	>	6	0	90
74	chr3	113080940	113080921	-	48.2	53.4	>	6	0	90
75	chr10	70963797	70963778	-	47.53	51.97	>	6	0	90
76	chr6	66533480	66533461	-	47.34	41.22	>	6	0	90
77	chr18	57976815	57976796	+	47.28	41.3	>	6	0	90
78	chr12	92303388	92303369	+	47.12	48.12	>	6	0	90
79	chr6	43686140	43686121	+	47.1	34.0	>	6	0	90
80	chr15	11038687	11038668	+	47.06	40.16	>	6	0	90
81	chr6	13281064	13281045	-	47.06	44.4	>	6	0	90
82	chr4	25180081	25180062	-	46.94	22.34	>	6	0	90
83	chr2	110229883	110229864	+	46.8	37.2	>	6	0	90
84	chr2	118638293	118638274	+	46.34	48.4	>	6	0	90
85	chr14	67674858	67674839	-	46.2	40.62	>	6	0	90
86	chr1	179477262	179477243	-	45.97	54.9	>	6	0	90
87	chr12	78056191	78056172	+	45.84	48.03	>	6	0	90
88	chr15	44836402	44836383	+	45.7	45.75	>	6	0	90
89	chr9	80293262	80293243	+	45.3	48.66	>	6	0	90
90	chr1	21411405	21411386	+	45.28	35.97	>	6	0	90
91	chr8	80483379	80483360	-	45.28	32.34	>	6	0	90
92	chr16	55477026	55477007	-	44.9	60.88	>	6	0	90
93	chr9	122729759	122729740	-	44.72	40.56	>	6	0	90
94	chr2	17415581	17415562	-	44.56	38.03	>	6	0	90
95	chr4	13778049	13778030	-	44.5	20.47	>	6	0	90
96	chr16	64748455	64748436	-	44.47	52.25	>	6	0	90
97	chr6	57570627	57570608	-	44.28	34.06	>	6	0	90
98	chr16	13117421	13117402	+	44.28	48.25	>	6	0	90
99	chr1	54381475	54381456	-	44.12	34.1	>	6	0	90
100	chr15	40166896	40166877	+	44.03	40.53	>	6	0	90
101	chr17	83271696	83271677	+	44.0	39.2	>	6	0	90
102	chr9	63136063	63136044	+	43.94	32.22	>	6	0	90
103	chr3	68056550	68056531	+	43.88	35.0	>	6	0	90
104	chr3	25220822	25220803	-	43.8	23.62	>	6	0	90
105	chr7	118102455	118102436	-	43.53	59.94	>	6	0	90
106	chr9	51335485	51335466	+	43.47	26.75	>	6	0	90
107	chr16	96671807	96671788	-	43.4	27.66	>	6	0	90
108	chr2	113494904	113494885	+	43.34	43.28	>	6	0	90
109	chr1	55404561	55404542	+	43.25	39.06	>	6	0	90
110	chr3	80079969	80079950	+	43.0	35.7	>	6	0	90
111	chr11	25862989	25862970	-	42.66	37.9	>	6	0	90
112	chr13	109213188	109213169	-	42.6	60.5	>	6	0	90
113	chr8	58566283	58566264	+	42.56	33.8	>	6	0	90
114	chr16	72218227	72218208	+	42.38	47.1	>	6	0	90
115	chr14	102510640	102510621	-	42.34	35.9	>	6	0	90
116	chr7	143154010	143153991	+	42.16	43.66	>	6	0	90
117	chr6	143219585	143219566	+	42.1	41.62	>	6	0	90
118	chr17	86906334	86906315	-	41.97	47.25	>	6	0	90
119	chr8	62080400	62080381	+	41.97	30.6	>	6	0	90
120	chr3	57843985	57843966	+	41.94	43.75	>	6	0	90
121	chr18	3495634	3495615	+	41.62	36.03	>	6	0	90
122	chr7	125393847	125393828	-	41.56	47.0	>	6	0	90
123	chr7	86211564	86211545	-	41.56	46.4	>	6	0	90
124	chr9	60245127	60245108	+	41.38	43.16	>	6	0	90
125	chr6	131353859	131353840	-	41.3	15.89	>	6	0	90
126	chr15	98173991	98173972	-	41.25	24.88	>	6	0	90
127	chr17	88641249	88641230	-	41.12	34.25	>	6	0	90
128	chr9	87027908	87027889	+	41.1	38.34	>	6	0	90
129	chr4	70621553	70621534	-	40.97	48.38	>	6	0	90
130	chr12	41487236	41487217	-	40.88	35.94	>	6	0	90
131	chr4	127368548	127368529	+	40.8	49.72	>	6	0	90
132	chr8	50293750	50293731	-	40.75	48.2	>	6	0	90
133	chr16	27468981	27468962	+	40.75	34.62	>	6	0	90
134	chr7	121641354	121641335	-	40.7	30.69	>	6	0	90
135	chr3	29726795	29726776	-	40.7	30.42	>	6	0	90
136	chr14	29110872	29110853	-	40.66	51.22	>	6	0	90
137	chr13	116712427	116712408	-	40.62	33.1	>	6	0	90
138	chr18	19939562	19939543	-	40.47	45.7	>	6	0	90
139	chr15	80704533	80704514	-	40.28	46.53	>	6	0	90
140	chr18	50137074	50137055	+	40.28	37.62	>	6	0	90
141	chr13	15763212	15763193	-	40.25	29.53	>	6	0	90
142	chr19	50185486	50185467	+	40.22	44.2	>	6	0	90
143	chr12	74013965	74013946	-	40.22	40.8	>	6	0	90
144	chr1	138835543	138835524	+	40.06	20.81	>	6	0	90
145	chr15	55550924	55550905	-	40.06	37.12	>	6	0	90
146	chr1	61771439	61771420	-	40.06	23.55	>	6	0	90
147	chr12	34664961	34664942	+	40.0	19.7	>	6	0	90
148	chr14	78288101	78288082	-	39.8	38.8	>	6	0	90
149	chr2	4499416	4499397	+	39.78	33.88	>	6	0	90
150	chr13	30260132	30260113	-	39.75	32.75	>	6	0	90
151	chr9	68015271	68015252	+	39.2	39.0	>	6	0	90
152	chr1	126993502	126993483	-	39.06	47.2	>	6	0	90
153	chr16	25349824	25349805	-	39.0	41.2	>	6	0	90
154	chr1	14729249	14729230	-	38.94	39.3	>	6	0	90
155	chr15	59389427	59389408	+	38.7	46.34	>	6	0	90
156	chr6	100882590	100882571	+	38.66	49.44	>	6	0	90
157	chr3	9711121	9711102	+	38.62	35.47	>	6	0	90
158	chr6	21214019	21214000	-	38.47	24.2	>	6	0	90
159	chr17	42603617	42603598	-	38.47	42.5	>	6	0	90
160	chr4	80517548	80517529	-	38.47	41.4	>	6	0	90
161	chr9	85328584	85328565	-	38.28	30.06	>	6	0	90
162	chr17	44262001	44261982	+	38.22	44.16	>	6	0	90
163	chr10	102449665	102449646	+	38.2	48.84	>	6	0	90
164	chr17	14520745	14520726	-	38.12	30.45	>	6	0	90
165	chr13	51830925	51830906	+	38.0	56.0	>	6	0	90
166	chr12	83502436	83502417	-	37.97	34.4	>	6	0	90
167	chr5	75853265	75853246	-	37.94	27.88	>	6	0	90
168	chr13	110382742	110382723	+	37.88	61.84	>	6	0	90
169	chr5	62481159	62481140	-	37.8	35.4	>	6	0	90
170	chr7	49121503	49121484	-	37.7	29.61	>	6	0	90
171	chr15	11966575	11966556	-	37.66	34.72	>	6	0	90
172	chr3	31146135	31146116	+	37.53	44.5	>	6	0	90
173	chr2	37815879	37815860	+	37.47	39.2	>	6	0	90
174	chr5	33033442	33033423	-	37.44	48.28	>	6	0	90
175	chr9	7595466	7595447	-	37.4	28.72	>	6	0	90
176	chr5	21641153	21641134	-	37.3	33.66	>	6	0	90
177	chr14	48367302	48367283	-	37.12	39.88	>	6	0	90
178	chr17	14524624	14524605	+	37.1	38.88	>	6	0	90
179	chr4	84064835	84064816	+	37.06	23.38	>	6	0	90
180	chr4	63368786	63368767	+	37.06	51.6	>	6	0	90
181	chr5	102149680	102149661	+	37.03	38.97	>	6	0	90
182	chr12	32897684	32897665	-	36.88	40.9	>	6	0	90
183	chr16	91936532	91936513	+	36.72	43.06	>	6	0	90
184	chr6	37046379	37046360	-	36.72	47.7	>	6	0	90
185	chr18	59081896	59081877	+	36.7	37.34	>	6	0	90
186	chr6	103697552	103697533	-	36.3	43.6	>	6	0	90
187	chr18	19937930	19937911	+	36.3	37.56	>	6	0	90
188	chr6	93757594	93757575	+	36.28	18.31	>	6	0	90
189	chr17	9756371	9756352	+	36.28	21.2	>	6	0	90
190	chr2	96585854	96585835	+	36.25	26.84	>	6	0	90
191	chr11	82915176	82915157	+	36.2	36.34	>	6	0	90
192	chr6	6005837	6005818	+	36.03	35.2	>	6	0	90
193	chr1	98392238	98392219	-	36.03	38.97	>	6	0	90
194	chr7	48749384	48749365	+	35.94	38.3	>	6	0	90
195	chr11	105911812	105911793	-	35.9	37.8	>	6	0	90
196	chr10	45045486	45045467	-	35.8	35.22	>	6	0	90
197	chr2	4492748	4492729	-	35.75	19.97	>	6	0	90
198	chr6	18087397	18087378	+	35.75	40.84	>	6	0	90
199	chr5	90203341	90203322	+	35.7	41.12	>	6	0	90
200	chr7	136489148	136489129	+	35.62	28.06	>	6	0	90
201	chr9	109862620	109862601	-	35.6	34.12	>	6	0	90
202	chr15	59876355	59876336	+	35.3	32.16	>	6	0	90
203	chr14	76473612	76473593	-	35.25	45.66	>	6	0	90
204	chr3	128349320	128349301	+	35.03	41.75	>	6	0	90
205	chr3	45375963	45375944	+	35.03	23.92	>	6	0	90
206	chr3	133314669	133314650	+	34.97	39.0	>	6	0	90
207	chr1	96801850	96801831	-	34.84	30.55	>	6	0	90
208	chr7	115216958	115216939	+	34.62	30.45	>	6	0	90
209	chr9	59282577	59282558	-	34.62	26.88	>	6	0	90
210	chr2	148112135	148112116	-	34.5	31.5	>	6	0	90
211	chr18	52457916	52457897	-	34.47	28.2	>	6	0	90
212	chr6	56691454	56691435	-	34.34	42.2	>	6	0	90
213	chr13	20292580	20292561	-	34.3	38.5	>	6	0	90
214	chr13	57260119	57260100	-	34.25	52.66	>	6	0	90
215	chr13	113877615	113877596	+	34.25	36.75	>	6	0	90
216	chr13	116715029	116715010	-	34.1	31.72	>	6	0	90
217	chr4	83596692	83596673	-	34.1	52.75	>	6	0	90
218	chr8	64941619	64941600	-	34.06	33.75	>	6	0	90
219	chr3	51701488	51701469	+	34.03	22.56	>	6	0	90
220	chr14	120061322	120061303	-	33.84	29.2	>	6	0	90
221	chr7	75910166	75910147	+	33.8	57.6	>	6	0	90
222	chr4	98702698	98702679	-	33.78	31.62	>	6	0	90
223	chr3	146185137	146185118	+	33.62	52.6	>	6	0	90
224	chr4	151157152	151157133	+	33.53	59.38	>	6	0	90
225	chr5	43391861	43391842	-	33.5	21.5	>	6	0	90
226	chr11	93856511	93856492	-	33.47	26.19	>	6	0	90
227	chr14	59605843	59605824	+	33.47	40.3	>	6	0	90
228	chr14	84438580	84438561	+	33.44	23.31	>	6	0	90
229	chr12	50943824	50943805	-	33.28	38.56	>	6	0	90
230	chr7	83550335	83550316	-	33.2	30.12	>	6	0	90
231	chr6	117167008	117166989	+	33.03	30.3	>	6	0	90
232	chr4	12538791	12538772	+	33.0	21.84	>	6	0	90
233	chr18	47353079	47353060	+	32.84	24.58	>	6	0	90
234	chr5	12541496	12541477	-	32.72	22.56	>	6	0	90
235	chr2	60721127	60721108	+	32.72	22.53	>	6	0	90
236	chr11	78838251	78838232	+	32.72	51.5	>	6	0	90
237	chr8	73356225	73356206	+	32.62	23.39	>	6	0	90
238	chr12	10598567	10598548	+	32.5	41.56	>	6	0	90
239	chr19	20345158	20345139	-	32.25	47.94	>	6	0	90
240	chr17	58909486	58909467	-	32.16	39.4	>	6	0	90
241	chr10	69655037	69655018	-	32.12	36.56	>	6	0	90
242	chr4	3967733	3967714	-	32.12	41.75	>	6	0	90
243	chr16	21192795	21192776	-	32.06	38.78	>	6	0	90
244	chr11	12291593	12291574	-	32.0	15.54	>	6	0	90
245	chr11	117385082	117385063	+	31.83	36.6	>	6	0	90
246	chr12	32292095	32292076	+	31.73	20.83	>	6	0	90
247	chr4	64833096	64833077	+	31.69	34.34	>	6	0	90
248	chr13	47301245	47301226	+	31.67	43.9	>	6	0	90
249	chr1	89631957	89631938	-	31.56	45.38	>	6	0	90
250	chr9	69296601	69296582	-	31.53	38.66	>	6	0	90
251	chr3	53735364	53735345	+	31.28	24.5	>	6	0	90
252	chr10	45373471	45373452	-	31.2	37.7	>	6	0	90
253	chr8	91797725	91797706	+	31.19	30.23	>	6	0	90
254	chr4	88035662	88035643	+	31.06	19.66	>	6	0	90
255	chr2	75151187	75151168	-	31.05	37.9	>	6	0	90
256	chr14	66791971	66791952	-	31.02	32.1	>	6	0	90
257	chr2	93199062	93199043	-	30.9	51.25	>	6	0	90
258	chr2	73551006	73550987	+	30.86	53.72	>	6	0	90
259	chr12	89451144	89451125	-	30.81	40.1	>	6	0	90
260	chr16	66086729	66086710	-	30.81	33.7	>	6	0	90
261	chr14	114791647	114791628	-	30.72	37.2	>	6	0	90
262	chr4	43420547	43420528	-	30.61	34.5	>	6	0	90
263	chr1	87447687	87447668	+	30.56	32.53	>	6	0	90
264	chr15	55306471	55306452	+	30.56	24.06	>	6	0	90
265	chr15	97667578	97667559	+	30.52	37.12	>	6	0	90
266	chr2	16359548	16359529	+	30.47	16.92	>	6	0	90
267	chr14	8356099	8356080	+	30.42	51.06	>	6	0	90
268	chr3	19894816	19894797	-	30.38	33.66	>	6	0	90
269	chr12	43813750	43813731	-	30.34	24.06	>	6	0	90
270	chr2	27770378	27770359	+	30.12	46.8	>	6	0	90
271	chr16	48675836	48675817	-	30.12	28.97	>	6	0	90
272	chr10	13016733	13016714	+	30.1	53.44	>	6	0	90
273	chr2	76367359	76367340	+	30.05	30.6	>	6	0	90
274	chr2	115515230	115515211	+	30.05	12.29	>	6	0	90
275	chr19	16785108	16785089	-	30.03	27.4	>	6	0	90
276	chr3	78948444	78948425	+	30.03	29.16	>	6	0	90
277	chr1	37250876	37250857	-	29.94	25.45	>	6	0	90
278	chr18	74431409	74431390	+	29.94	28.48	>	6	0	90
279	chr1	38787652	38787633	-	29.89	46.22	>	6	0	90
280	chr3	14874584	14874565	+	29.88	22.88	>	6	0	90
281	chr9	69505778	69505759	+	29.88	30.58	>	6	0	90
282	chr10	84450913	84450894	-	29.77	31.7	>	6	0	90
283	chr2	172216047	172216028	-	29.77	65.06	>	6	0	90
284	chr10	97712895	97712876	+	29.72	22.83	>	6	0	90
285	chr1	4770074	4770055	+	29.72	39.66	>	6	0	90
286	chr12	50301580	50301561	-	29.69	16.55	>	6	0	90
287	chr15	85266923	85266904	+	29.69	42.06	>	6	0	90
288	chr4	85403030	85403011	+	29.62	27.23	>	6	0	90
289	chr6	97526370	97526351	-	29.53	31.17	>	6	0	90
290	chr8	112046096	112046077	+	29.5	62.6	>	6	0	90
291	chr12	96311368	96311349	-	29.48	23.8	>	6	0	90
292	chr1	93507239	93507220	-	29.45	32.5	>	6	0	90
293	chr13	21714927	21714908	+	29.4	37.72	>	6	0	90
294	chr6	49008180	49008161	+	29.38	27.1	>	6	0	90
295	chr17	17749545	17749526	-	29.36	32.88	>	6	0	90
296	chr6	145360253	145360234	+	29.34	33.62	>	6	0	90
297	chr7	17066630	17066611	-	29.27	41.75	>	6	0	90
298	chr12	81788850	81788831	-	29.25	32.47	>	6	0	90
299	chr7	129649172	129649153	+	29.19	42.88	>	6	0	90
300	chr14	104039053	104039034	+	29.17	41.16	>	6	0	90
301	chr13	41634744	41634725	-	29.08	40.84	>	6	0	90
302	chr7	138835232	138835213	-	29.02	47.88	>	6	0	90
303	chr15	97195797	97195778	+	28.92	38.5	>	6	0	90
304	chr1	119087737	119087718	+	28.89	50.28	>	6	0	90
305	chr4	85819373	85819354	-	28.86	29.28	>	6	0	90
306	chr11	30657307	30657288	-	28.86	6.477	>	6	0	90
307	chr5	49369245	49369226	+	28.66	27.94	>	6	0	90
308	chr6	106805067	106805048	+	28.61	20.38	>	6	0	90
309	chr6	31660958	31660939	+	28.53	52.9	>	6	0	90
310	chr12	8306749	8306730	-	28.48	47.94	>	6	0	90
311	chr13	42822785	42822766	-	28.47	44.4	>	6	0	90
312	chr15	34968778	34968759	+	28.4	27.94	>	6	0	90
313	chr7	68369859	68369840	+	28.38	58.97	>	6	0	90
314	chr15	80266443	80266424	+	28.33	34.62	>	6	0	90
315	chr6	102171110	102171091	+	28.19	24.06	>	6	0	90
316	chr16	72605273	72605254	-	28.11	17.7	>	6	0	90
317	chr18	65490506	65490487	+	28.06	33.94	>	6	0	90
318	chr3	55373775	55373756	+	28.0	19.75	>	6	0	90
319	chr1	53927814	53927795	-	27.97	28.48	>	6	0	90
320	chr2	160368066	160368047	-	27.95	21.97	>	6	0	90
321	chr10	42295232	42295213	-	27.94	37.8	>	6	0	90
322	chr7	116040411	116040392	-	27.9	26.19	>	6	0	90
323	chr10	116197535	116197516	-	27.81	28.58	>	6	0	90
324	chr5	20773533	20773514	-	27.81	20.77	>	6	0	90
325	chr12	80725012	80724993	-	27.73	38.97	>	6	0	90
326	chr15	66899881	66899862	-	27.6	21.5	>	6	0	90
327	chr18	16822208	16822189	-	27.56	13.28	>	6	0	90
328	chr18	14503254	14503235	-	27.55	19.48	>	6	0	90
329	chr5	98344786	98344767	+	27.44	28.3	>	6	0	90
330	chr10	77517236	77517217	+	27.39	30.44	>	6	0	90
331	chr1	44741472	44741453	-	27.38	6.344	>	6	0	90
332	chr6	127945983	127945964	-	27.28	24.97	>	6	0	90
333	chr16	42914955	42914936	-	27.27	20.78	>	6	0	90
334	chr18	39137558	39137539	+	27.11	15.805	>	6	0	90
335	chr13	42575907	42575888	+	27.11	22.34	>	6	0	90
336	chr2	13278209	13278190	+	27.06	48.53	>	6	0	90
337	chr18	43836585	43836566	-	27.06	22.66	>	6	0	90
338	chr4	114647896	114647877	+	27.05	26.58	>	6	0	90
339	chr16	44149214	44149195	-	27.03	37.28	>	6	0	90
340	chr13	109776299	109776280	+	27.02	27.47	>	6	0	90
341	chr19	30217515	30217496	+	27.0	44.25	>	6	0	90
342	chr6	61316075	61316056	+	26.94	38.16	>	6	0	90
343	chr17	78598832	78598813	+	26.92	37.16	>	6	0	90
344	chr2	117231457	117231438	-	26.88	23.62	>	6	0	90
345	chr4	115101816	115101797	+	26.84	34.88	>	6	0	90
346	chr10	57448131	57448112	-	26.8	44.97	>	6	0	90
347	chr13	113046665	113046646	+	26.77	22.72	>	6	0	90
348	chr4	110022447	110022428	-	26.58	43.47	>	6	0	90
349	chr7	101653829	101653810	+	26.5	47.97	>	6	0	90
350	chr5	67756338	67756319	+	26.5	26.55	>	6	0	90
351	chr3	62192717	62192698	-	26.5	17.1	>	6	0	90
352	chr10	17728146	17728127	-	26.45	14.96	>	6	0	90
353	chr5	37752557	37752538	-	26.33	30.73	>	6	0	90
354	chr1	60961316	60961297	-	26.3	26.22	>	6	0	90
355	chr17	68176981	68176962	+	26.27	18.84	>	6	0	90
356	chr7	37357871	37357852	-	26.2	67.6	>	6	0	90
357	chr4	32572316	32572297	-	26.16	44.75	>	6	0	90
358	chr4	96696741	96696722	+	26.12	32.22	>	6	0	90
359	chr4	109729491	109729472	-	26.06	50.3	>	6	0	90
360	chr10	111977780	111977761	+	25.78	32.1	>	6	0	90
361	chr5	45424489	45424470	-	25.73	30.9	>	6	0	90
362	chr2	61494577	61494558	-	25.72	22.25	>	6	0	90
363	chr6	13287046	13287027	+	25.69	21.62	>	6	0	90
364	chr9	116060829	116060810	+	25.66	36.5	>	6	0	90
365	chr8	17537753	17537734	-	25.64	36.44	>	6	0	90
366	chr9	77781636	77781617	-	25.62	27.94	>	6	0	90
367	chr15	5106460	5106441	-	25.56	29.45	>	6	0	90
368	chr17	93141334	93141315	-	25.53	33.03	>	6	0	90
369	chr6	97759520	97759501	+	25.52	17.88	>	6	0	90
370	chr8	119384750	119384731	-	25.47	45.94	>	6	0	90
371	chr6	88113322	88113303	+	25.38	41.75	>	6	0	90
372	chr15	101984527	101984508	-	25.38	56.7	>	6	0	90
373	chr8	54493335	54493316	-	25.34	39.7	>	6	0	90
374	chr9	24119622	24119603	+	25.33	14.83	>	6	0	90
375	chr3	50077169	50077150	-	25.31	24.22	>	6	0	90
376	chr4	47419767	47419748	+	25.23	44.03	>	6	0	90
377	chr2	76115910	76115891	+	25.22	28.97	>	6	0	90
378	chr15	67174759	67174740	+	25.2	12.74	>	6	0	90
379	chr8	125574509	125574490	+	25.17	12.85	>	6	0	90
380	chr1	161737065	161737046	-	25.11	39.75	>	6	0	90
381	chr3	85571455	85571436	-	25.1	9.7	>	6	0	90
382	chr18	19577078	19577059	-	25.02	27.28	>	6	0	90
383	chr19	36083087	36083068	-	25.0	29.4	>	6	0	90
384	chr8	115709616	115709597	-	24.98	9.14	>	6	0	90
385	chr10	126330794	126330775	-	24.84	24.02	>	6	0	90
386	chr15	25993551	25993532	+	24.81	33.28	>	6	0	90
387	chr5	131430355	131430336	-	24.78	45.44	>	6	0	90
388	chr1	9545352	9545333	-	24.78	38.06	>	6	0	90
389	chr19	28768445	28768426	-	24.75	36.44	>	6	0	90
390	chr10	24630876	24630857	+	24.72	22.94	>	6	0	90
391	chr17	54351102	54351083	+	24.53	15.79	>	6	0	90
392	chr16	20496806	20496787	+	24.47	28.86	>	6	0	90
393	chr12	109394024	109394005	-	24.44	15.02	>	6	0	90
394	chr13	21803288	21803269	-	24.42	40.1	>	6	0	90
395	chr3	103392995	103392976	+	24.38	33.9	>	6	0	90
396	chr15	25428758	25428739	+	24.31	24.08	>	6	0	90
397	chr3	135206860	135206841	-	24.3	9.21	>	6	0	90
398	chr8	65139261	65139242	+	24.3	33.56	>	6	0	90
399	chr9	29650850	29650831	-	24.23	35.72	>	6	0	90
400	chr3	127971093	127971074	+	24.2	46.1	>	6	0	90
401	chr2	104035038	104035019	+	24.16	33.7	>	6	0	90
402	chr9	81635302	81635283	+	24.11	12.08	>	6	0	90
403	chr6	95484597	95484578	+	24.03	13.41	>	6	0	90
404	chr14	72293991	72293972	-	23.83	34.2	>	6	0	90
405	chr18	65490035	65490016	-	23.72	29.94	>	6	0	90
406	chr12	38123788	38123769	-	23.66	16.0	>	6	0	90
407	chr18	70184838	70184819	-	23.66	11.39	>	6	0	90
408	chr3	152095252	152095233	-	23.53	23.67	>	6	0	90
409	chr8	32002994	32002975	-	23.5	23.94	>	6	0	90
410	chr11	22206830	22206811	-	23.48	11.1	>	6	0	90
411	chr5	76541051	76541032	-	23.44	19.22	>	6	0	90
412	chr10	52106337	52106318	+	23.38	22.61	>	6	0	90
413	chr1	84697462	84697443	-	23.38	25.22	>	6	0	90
414	chr1	67181385	67181366	+	23.34	35.0	>	6	0	90
415	chr6	101267027	101267008	+	23.31	12.77	>	6	0	90
416	chr6	129255175	129255156	-	23.25	41.8	>	6	0	90
417	chr4	115710017	115709998	-	23.19	25.83	>	6	0	90
418	chr2	118241614	118241595	-	23.19	37.16	>	6	0	90
419	chr8	71371784	71371765	+	23.11	28.11	>	6	0	90
420	chr7	73422670	73422651	-	23.11	37.7	>	6	0	90
421	chr5	33039602	33039583	+	23.05	27.48	>	6	0	90
422	chr2	153143004	153142985	-	23.02	20.31	>	6	0	90
423	chr14	98181824	98181805	-	23.0	7.93	>	6	0	90
424	chr2	136887058	136887039	-	22.97	12.49	>	6	0	90
425	chr1	135136701	135136682	-	22.88	42.44	>	6	0	90
426	chr5	4948481	4948462	-	22.86	27.0	>	6	0	90
427	chr10	71422814	71422795	+	22.81	51.25	>	6	0	90
428	chr8	64597251	64597232	-	22.66	30.06	>	6	0	90
429	chr1	162336834	162336815	-	22.45	14.914	>	6	0	90
430	chr9	94738996	94738977	+	22.42	42.94	>	6	0	90
431	chr17	53403136	53403117	+	22.4	18.28	>	6	0	90
432	chr2	155811920	155811901	-	22.36	51.28	>	6	0	90
433	chr12	52010769	52010750	+	22.33	16.6	>	6	0	90
434	chr3	44912870	44912851	-	22.31	11.58	>	6	0	90
435	chr5	98348848	98348829	+	22.25	34.97	>	6	0	90
436	chr15	80706301	80706282	+	22.25	25.52	>	6	0	90
437	chr1	167932285	167932266	-	22.22	36.66	>	6	0	90
438	chr14	121455709	121455690	-	22.2	25.7	>	6	0	90
439	chr4	98243714	98243695	-	22.16	26.34	>	6	0	90
440	chr4	143027468	143027449	+	22.14	29.11	>	6	0	90
441	chr2	153668926	153668907	+	22.14	25.36	>	6	0	90
442	chr9	41461929	41461910	-	22.14	12.42	>	6	0	90
443	chr4	109431143	109431124	-	22.1	22.34	>	6	0	90
444	chr5	44831505	44831486	-	22.08	22.05	>	6	0	90
445	chr8	119676601	119676582	-	22.03	33.06	>	6	0	90
446	chr17	40824060	40824041	-	22.02	34.28	>	6	0	90
447	chr15	37102366	37102347	-	22.0	13.84	>	6	0	90
448	chr1	119083862	119083843	-	21.92	45.47	>	6	0	90
449	chr5	41044703	41044684	-	21.78	28.61	>	6	0	90
450	chr19	24622032	24622013	+	21.77	22.19	>	6	0	90
451	chr3	58159626	58159607	-	21.75	32.1	>	6	0	90
452	chr1	38130140	38130121	-	21.75	23.66	>	6	0	90
453	chr2	129472129	129472110	-	21.73	30.17	>	6	0	90
454	chr9	15682043	15682024	-	21.73	11.22	>	6	0	90
455	chr9	69502720	69502701	-	21.7	34.7	>	6	0	90
456	chr14	21120676	21120657	+	21.69	43.16	>	6	0	90
457	chr7	110645588	110645569	-	21.69	43.56	>	6	0	90
458	chr16	78950579	78950560	-	21.64	3.295	>	6	0	90
459	chr7	131899517	131899498	+	21.56	16.44	>	6	0	90
460	chr8	106403484	106403465	-	21.53	20.23	>	6	0	90
461	chr17	73303429	73303410	+	21.48	50.6	>	6	0	90
462	chr1	83727325	83727306	+	21.48	26.81	>	6	0	90
463	chr13	29857603	29857584	+	21.42	9.836	>	6	0	90
464	chr14	104033786	104033767	+	21.34	21.16	>	6	0	90
465	chr7	119011391	119011372	+	21.31	35.56	>	6	0	90
466	chr1	69165377	69165358	+	21.31	25.0	>	6	0	90
467	chr1	192727176	192727157	+	21.28	21.9	>	6	0	90
468	chr9	50438293	50438274	-	21.2	27.17	>	6	0	90
469	chr15	46990407	46990388	-	21.14	10.516	>	6	0	90
470	chr13	73646874	73646855	+	21.14	37.5	>	6	0	90
471	chr16	67089956	67089937	+	21.12	15.94	>	6	0	90
472	chr2	83332995	83332976	-	21.02	18.14	>	6	0	90
473	chr8	10415030	10415011	+	21.0	37.3	>	6	0	90
474	chr1	35716149	35716130	-	20.89	18.69	>	6	0	90
475	chr7	43920039	43920020	-	20.83	34.3	>	6	0	90
476	chr8	15138726	15138707	+	20.81	41.03	>	6	0	90
477	chr13	6515705	6515686	+	20.8	28.08	>	6	0	90
478	chr2	64948996	64948977	-	20.72	23.2	>	6	0	90
479	chr19	20345737	20345718	+	20.7	55.44	>	6	0	90
480	chr5	33994851	33994832	+	20.64	14.97	>	6	0	90
481	chr14	76479953	76479934	+	20.62	37.16	>	6	0	90
482	chr3	144737048	144737029	+	20.58	28.33	>	6	0	90
483	chr2	13597223	13597204	-	20.5	12.72	>	6	0	90
484	chr9	118908437	118908418	-	20.5	27.45	>	6	0	90
485	chr4	153484615	153484596	-	20.39	17.89	>	6	0	90
486	chr19	12433211	12433192	+	20.36	28.34	>	6	0	90
487	chr15	31611224	31611205	+	20.34	11.17	>	6	0	90
488	chr3	107206198	107206179	+	20.34	39.22	>	6	0	90
489	chr17	86909946	86909927	+	20.31	22.38	>	6	0	90
490	chr7	89473669	89473650	-	20.22	24.19	>	6	0	90
491	chr6	35252603	35252584	+	20.22	32.56	>	6	0	90
492	chr6	126168001	126167982	-	20.17	8.76	>	6	0	90
493	chr16	42169942	42169923	+	20.12	43.34	>	6	0	90
494	chr6	90607354	90607335	+	20.11	24.86	>	6	0	90
495	chr6	31664664	31664645	+	20.11	41.5	>	6	0	90
496	chr13	100002039	100002020	+	20.02	21.73	>	6	0	90
497	chr6	97523337	97523318	-	19.97	25.72	>	6	0	90
498	chr4	123529452	123529433	-	19.95	17.69	>	6	0	90
499	chr18	53744741	53744722	-	19.94	29.1	>	6	0	90
500	chr9	13849232	13849213	+	19.9	15.484	>	6	0	90
501	chr15	14052128	14052109	-	19.89	12.375	>	6	0	90
502	chr3	68053761	68053742	-	19.88	27.33	>	6	0	90
503	chr14	50799990	50799971	+	19.83	30.28	>	6	0	90
504	chr8	50292348	50292329	+	19.83	31.36	>	6	0	90
505	chr19	52993242	52993223	-	19.81	45.25	>	6	0	90
506	chr8	24546435	24546416	-	19.8	56.1	>	6	0	90
507	chr2	166085186	166085167	+	19.78	40.2	>	6	0	90
508	chr15	80260893	80260874	-	19.75	33.7	>	6	0	90
509	chr18	75606699	75606680	+	19.72	50.94	>	6	0	90
510	chr2	135957961	135957942	-	19.69	27.1	>	6	0	90
511	chr11	75179118	75179099	+	19.67	22.83	>	6	0	90
512	chr6	77628987	77628968	+	19.66	40.56	>	6	0	90
513	chr4	82614384	82614365	-	19.62	15.836	>	6	0	90
514	chr17	27190013	27189994	+	19.5	26.89	>	6	0	90
515	chr14	121451301	121451282	-	19.45	26.11	>	6	0	90
516	chr9	69987821	69987802	-	19.44	12.234	>	6	0	90
517	chr6	40479902	40479883	+	19.42	24.72	>	6	0	90
518	chr4	82619779	82619760	-	19.42	11.22	>	6	0	90
519	chr2	160593235	160593216	-	19.4	45.8	>	6	0	90
520	chr4	48691990	48691971	+	19.4	34.88	>	6	0	90
521	chr1	11140123	11140104	-	19.39	7.324	>	6	0	90
522	chr6	67858160	67858141	+	19.36	18.55	>	6	0	90
523	chr1	91914028	91914009	+	19.36	22.06	>	6	0	90
524	chr15	76196896	76196877	+	19.33	35.8	>	6	0	90
525	chr11	43767011	43766992	+	19.27	27.44	>	6	0	90
526	chr17	8463677	8463658	+	19.23	31.38	>	6	0	90
527	chr2	60442102	60442083	-	19.22	10.555	>	6	0	90
528	chr10	8242562	8242543	+	19.2	18.4	>	6	0	90
529	chr15	8382407	8382388	+	19.16	11.64	>	6	0	90
530	chr19	11360302	11360283	+	19.14	15.06	>	6	0	90
531	chr12	79305335	79305316	+	19.11	29.94	>	6	0	90
532	chr13	38992697	38992678	+	19.03	12.445	>	6	0	90
533	chr8	91147955	91147936	-	19.0	26.05	>	6	0	90
534	chr13	64443476	64443457	+	19.0	35.6	>	6	0	90
535	chr8	117898214	117898195	+	18.92	34.16	>	6	0	90
536	chr11	42423473	42423454	-	18.77	18.48	>	6	0	90
537	chr9	114957195	114957176	-	18.77	27.38	>	6	0	90
538	chr5	149647926	149647907	+	18.72	23.06	>	6	0	90
539	chr5	128440068	128440049	-	18.69	40.7	>	6	0	90
540	chr6	90606762	90606743	-	18.67	32.6	>	6	0	90
541	chr10	58560031	58560012	+	18.67	23.25	>	6	0	90
542	chr18	25538443	25538424	+	18.66	23.94	>	6	0	90
543	chr11	22987510	22987491	+	18.56	23.83	>	6	0	90
544	chr13	57269837	57269818	-	18.55	36.6	>	6	0	90
545	chr13	53096854	53096835	-	18.55	32.88	>	6	0	90
546	chr7	124783020	124783001	-	18.55	23.44	>	6	0	90
547	chr7	40687242	40687223	-	18.52	26.28	>	6	0	90
548	chr4	109438113	109438094	+	18.45	31.61	>	6	0	90
549	chr13	46663777	46663758	-	18.45	5.215	>	6	0	90
550	chr2	21927862	21927843	-	18.45	17.72	>	6	0	90
551	chr11	72564476	72564457	-	18.39	17.95	>	6	0	90
552	chr14	57362951	57362932	-	18.3	10.125	>	6	0	90
553	chr13	54063511	54063492	-	18.3	12.516	>	6	0	90
554	chr8	127191530	127191511	+	18.27	39.03	>	6	0	90
555	chr4	24249781	24249762	+	18.25	8.38	>	6	0	90
556	chr1	175603551	175603532	-	18.2	12.0	>	6	0	90
557	chr7	131897479	131897460	+	18.19	16.34	>	6	0	90
558	chr2	125259455	125259436	-	18.17	32.72	>	6	0	90
559	chr8	11943262	11943243	-	18.0	20.05	>	6	0	90
560	chr13	74861814	74861795	+	17.98	11.664	>	6	0	90
561	chr3	37302880	37302861	-	17.98	17.84	>	6	0	90
562	chr2	165391753	165391734	+	17.95	20.97	>	6	0	90
563	chr1	167669968	167669949	-	17.94	39.3	>	6	0	90
564	chr14	24311319	24311300	+	17.89	24.48	>	6	0	90
565	chr6	125622660	125622641	+	17.86	24.67	>	6	0	90
566	chr16	91694897	91694878	+	17.83	21.03	>	6	0	90
567	chr7	100886752	100886733	-	17.8	33.3	>	6	0	90
568	chr2	165779092	165779073	+	17.7	43.9	>	6	0	90
569	chr4	118988734	118988715	-	17.7	12.37	>	6	0	90
570	chr9	111939788	111939769	+	17.64	16.92	>	6	0	90
571	chr9	40806571	40806552	+	17.64	39.78	>	6	0	90
572	chr19	21571392	21571373	+	17.64	11.9	>	6	0	90
573	chr10	49785057	49785038	-	17.56	2.498	>	6	0	90
574	chr3	84922220	84922201	+	17.47	28.94	>	6	0	90
575	chr12	7991018	7990999	+	17.47	17.66	>	6	0	90
576	chr8	106687694	106687675	+	17.45	42.0	>	6	0	90
577	chr19	15998346	15998327	+	17.33	27.56	>	6	0	90
578	chr10	30838389	30838370	+	17.3	7.543	>	6	0	90
579	chr2	6469364	6469345	-	17.28	15.65	>	6	0	90
580	chr9	59678540	59678521	-	17.28	29.06	>	6	0	90
581	chr18	60143536	60143517	-	17.25	6.348	>	6	0	90
582	chr2	76114972	76114953	-	17.25	26.88	>	6	0	90
583	chr1	192722361	192722342	-	17.23	36.0	>	6	0	90
584	chr13	6737153	6737134	+	17.23	24.25	>	6	0	90
585	chr10	116199232	116199213	+	17.23	24.89	>	6	0	90
586	chr18	6627309	6627290	+	17.06	30.4	>	6	0	90
587	chr7	117375969	117375950	-	17.03	13.42	>	6	0	90
588	chr11	7200225	7200206	+	17.03	39.34	>	6	0	90
589	chr3	152474817	152474798	+	16.98	9.51	>	6	0	90
590	chr12	4107565	4107546	+	16.97	22.11	>	6	0	90
591	chr18	78212287	78212268	-	16.83	18.31	>	6	0	90
592	chr2	17842170	17842151	-	16.81	6.844	>	6	0	90
593	chr5	112429191	112429172	-	16.78	14.19	>	6	0	90
594	chr9	54169687	54169668	+	16.73	16.64	>	6	0	90
595	chr9	78597063	78597044	+	16.73	17.98	>	6	0	90
596	chr2	125556029	125556010	+	16.69	19.19	>	6	0	90
597	chr4	86545837	86545818	-	16.69	26.34	>	6	0	90
598	chr11	34229190	34229171	+	16.55	19.56	>	6	0	90
599	chr13	60479163	60479144	+	16.52	1.697	>	6	0	90
600	chr11	57788119	57788100	+	16.36	29.88	>	6	0	90
601	chr5	117504639	117504620	+	16.36	53.34	>	6	0	90
602	chr1	128368923	128368904	+	16.28	14.01	>	6	0	90
603	chr14	51098507	51098488	-	16.28	41.22	>	6	0	90
604	chr10	14404268	14404249	+	16.23	20.66	>	6	0	90
605	chr18	65752297	65752278	-	16.1	16.11	>	6	0	90
606	chr3	59077498	59077479	+	16.1	40.72	>	6	0	90
607	chr1	119919473	119919454	+	16.06	20.62	>	6	0	90
608	chr1	86598699	86598680	+	16.03	48.72	>	6	0	90
609	chr1	80178208	80178189	-	16.0	17.12	>	6	0	90
610	chr15	64132164	64132145	+	15.96	15.336	>	6	0	90
611	chr2	4652218	4652199	-	15.91	22.83	>	6	0	90
612	chr9	40805489	40805470	-	15.86	35.53	>	6	0	90
613	chr13	30549079	30549060	-	15.805	25.34	>	6	0	90
614	chr3	82350530	82350511	-	15.805	7.78	>	6	0	90
615	chr7	81155234	81155215	-	15.805	19.0	>	6	0	90
616	chr4	107701325	107701306	-	15.8	18.55	>	6	0	90
617	chr11	76655250	76655231	+	15.8	25.19	>	6	0	90
618	chr7	122945377	122945358	+	15.72	20.64	>	6	0	90
619	chr16	32697312	32697293	+	15.695	24.02	>	6	0	90
620	chr13	114460825	114460806	-	15.65	8.25	>	6	0	90
621	chr19	59389409	59389390	+	15.65	31.4	>	6	0	90
622	chr7	45451495	45451476	+	15.64	35.4	>	6	0	90
623	chr15	85599066	85599047	+	15.625	30.86	>	6	0	90
624	chr10	9012998	9012979	+	15.6	21.77	>	6	0	90
625	chr13	24318872	24318853	-	15.58	11.58	>	6	0	90
626	chr3	123506917	123506898	-	15.53	17.17	>	6	0	90
627	chr13	101719731	101719712	-	15.48	25.34	>	6	0	90
628	chr12	12412898	12412879	-	15.43	30.47	>	6	0	90
629	chr10	127342496	127342477	-	15.4	29.73	>	6	0	90
630	chr7	28972871	28972852	+	15.39	21.2	>	6	0	90
631	chr5	130862481	130862462	+	15.33	29.22	>	6	0	90
632	chr13	53779354	53779335	+	15.31	23.8	>	6	0	90
633	chr11	51582940	51582921	-	15.305	26.1	>	6	0	90
634	chr3	34150257	34150238	+	15.3	17.19	>	6	0	90
635	chr9	30423156	30423137	-	15.29	30.31	>	6	0	90
636	chr1	55886585	55886566	+	15.29	16.73	>	6	0	90
637	chr8	121104251	121104232	+	15.28	31.56	>	6	0	90
638	chr2	31683894	31683875	+	15.27	30.73	>	6	0	90
639	chr9	121458682	121458663	+	15.27	42.72	>	6	0	90
640	chr13	111421545	111421526	+	15.22	27.25	>	6	0	90
641	chr18	56572965	56572946	+	15.22	32.7	>	6	0	90
642	chr18	42593315	42593296	+	15.2	8.75	>	6	0	90
643	chr8	118287683	118287664	+	15.2	7.145	>	6	0	90
644	chr14	47742843	47742824	+	15.18	9.65	>	6	0	90
645	chr1	184791312	184791293	-	15.164	27.39	>	6	0	90
646	chr6	106800166	106800147	-	15.1	18.75	>	6	0	90
647	chr11	12025880	12025861	+	15.06	18.02	>	6	0	90
648	chr5	129594341	129594322	-	15.03	29.4	>	6	0	90
649	chr13	16005724	16005705	+	15.016	13.71	>	6	0	90
650	chr14	65597230	65597211	+	15.016	14.01	>	6	0	90
651	chr5	99900280	99900261	-	14.95	10.75	>	6	0	90
652	chr8	11421350	11421331	-	14.945	26.12	>	6	0	90
653	chr19	4755748	4755729	+	14.93	24.55	>	6	0	90
654	chr10	110733540	110733521	-	14.914	16.5	>	6	0	90
655	chr5	67752088	67752069	+	14.89	18.31	>	6	0	90
656	chr9	77381774	77381755	-	14.85	26.45	>	6	0	90
657	chr18	81951830	81951811	-	14.76	34.06	>	6	0	90
658	chr1	86059644	86059625	+	14.734	30.22	>	6	0	90
659	chr1	52630636	52630617	-	14.734	9.89	>	6	0	90
660	chr2	174308107	174308088	+	14.69	14.67	>	6	0	90
661	chr11	99364649	99364630	-	14.6	16.03	>	6	0	90
662	chr13	109558424	109558405	+	14.49	16.98	>	6	0	90
663	chr12	58201405	58201386	-	14.48	6.883	>	6	0	90
664	chr7	137471937	137471918	+	14.445	28.83	>	6	0	90
665	chr17	26916803	26916784	+	14.414	25.05	>	6	0	90
666	chr5	87871626	87871607	-	14.414	20.39	>	6	0	90
667	chr2	125252443	125252424	+	14.414	25.9	>	6	0	90
668	chr1	9549185	9549166	+	14.414	19.5	>	6	0	90
669	chr11	11788608	11788589	-	14.38	31.97	>	6	0	90
670	chr7	43928727	43928708	+	14.36	11.45	>	6	0	90
671	chr10	60760656	60760637	-	14.31	36.9	>	6	0	90
672	chr6	17362958	17362939	+	14.31	3.076	>	6	0	90
673	chr1	136521528	136521509	-	14.305	21.69	>	6	0	90
674	chr2	153147934	153147915	+	14.28	18.94	>	6	0	90
675	chr8	61522313	61522294	+	14.266	28.28	>	6	0	90
676	chr18	56759303	56759284	+	14.266	12.61	>	6	0	90
677	chr14	115451146	115451127	-	14.234	4.215	>	6	0	90
678	chr1	176218428	176218409	+	14.195	14.99	>	6	0	90
679	chr15	97665520	97665501	-	14.18	30.02	>	6	0	90
680	chr13	20299620	20299601	+	14.18	33.25	>	6	0	90
681	chr9	59969601	59969582	-	14.14	17.69	>	6	0	90
682	chr16	57611975	57611956	+	14.055	18.66	>	6	0	90
683	chr12	15816144	15816125	+	13.984	8.52	>	6	0	90
684	chr15	82271381	82271362	-	13.95	28.55	>	6	0	90
685	chr7	74363644	74363625	-	13.95	40.8	>	6	0	90
686	chr3	73066293	73066274	+	13.95	16.86	>	6	0	90
687	chr1	118772515	118772496	-	13.945	30.34	>	6	0	90
688	chr4	110020493	110020474	-	13.94	26.28	>	6	0	90
689	chr3	34639420	34639401	-	13.94	14.87	>	6	0	90
690	chr2	131530224	131530205	-	13.92	25.86	>	6	0	90
691	chr4	20024128	20024109	+	13.91	12.516	>	6	0	90
692	chr8	74980870	74980851	-	13.81	30.2	>	6	0	90
693	chr18	75757719	75757700	+	13.734	18.78	>	6	0	90
694	chr7	89908147	89908128	-	13.72	13.79	>	6	0	90
695	chr4	150257406	150257387	+	13.72	23.58	>	6	0	90
696	chr2	55022781	55022762	-	13.664	7.77	>	6	0	90
697	chr18	64506771	64506752	-	13.63	18.4	>	6	0	90
698	chr14	123353156	123353137	-	13.61	11.6	>	6	0	90
699	chr4	139872794	139872775	+	13.59	35.75	>	6	0	90
700	chr13	51839869	51839850	+	13.586	21.19	>	6	0	90
701	chr5	146162789	146162770	+	13.516	23.42	>	6	0	90
702	chr9	83785201	83785182	+	13.49	14.66	>	6	0	90
703	chr3	59079480	59079461	+	13.44	28.77	>	6	0	90
704	chr10	11345312	11345293	-	13.375	5.086	>	6	0	90
705	chr11	46252188	46252169	-	13.34	28.12	>	6	0	90
706	chr4	85404971	85404952	+	13.32	14.11	>	6	0	90
707	chr4	130738774	130738755	+	13.31	16.47	>	6	0	90
708	chr5	86432914	86432895	+	13.305	16.02	>	6	0	90
709	chr3	22306829	22306810	+	13.266	18.6	>	6	0	90
710	chr2	91930225	91930206	-	13.25	19.55	>	6	0	90
711	chr6	108417714	108417695	+	13.234	10.66	>	6	0	90
712	chr12	17011790	17011771	-	13.16	20.73	>	6	0	90
713	chr5	87551137	87551118	-	13.15	21.52	>	6	0	90
714	chr4	106227683	106227664	-	13.14	14.38	>	6	0	90
715	chr4	139877472	139877453	+	13.1	27.4	>	6	0	90
716	chr1	88742593	88742574	-	13.086	17.75	>	6	0	90
717	chr3	52254088	52254069	+	13.02	34.16	>	6	0	90
718	chr9	73159469	73159450	+	12.99	27.5	>	6	0	90
719	chr7	29297253	29297234	-	12.984	28.8	>	6	0	90
720	chr13	116312336	116312317	-	12.93	10.21	>	6	0	90
721	chr2	157117146	157117127	-	12.91	21.92	>	6	0	90
722	chr9	60243712	60243693	+	12.89	13.59	>	6	0	90
723	chr1	179845066	179845047	-	12.88	17.89	>	6	0	90
724	chr11	103332754	103332735	+	12.875	24.97	>	6	0	90
725	chr1	53032774	53032755	-	12.87	13.05	>	6	0	90
726	chr8	45345197	45345178	+	12.81	16.72	>	6	0	90
727	chr12	113216133	113216114	+	12.74	53.7	>	6	0	90
728	chr15	36152194	36152175	-	12.72	16.9	>	6	0	90
729	chr1	72876274	72876255	+	12.69	17.11	>	6	0	90
730	chr9	14774009	14773990	+	12.664	9.0	>	6	0	90
731	chr12	74317197	74317178	-	12.664	11.76	>	6	0	90
732	chr7	107819649	107819630	-	12.64	16.3	>	6	0	90
733	chr13	55327907	55327888	+	12.64	17.61	>	6	0	90
734	chr3	54796015	54795996	+	12.63	22.77	>	6	0	90
735	chr6	60963937	60963918	+	12.61	7.094	>	6	0	90
736	chr8	21981891	21981872	-	12.61	17.33	>	6	0	90
737	chr10	38269349	38269330	-	12.52	19.28	>	6	0	90
738	chr6	51170619	51170600	-	12.5	20.02	>	6	0	90
739	chr2	148110356	148110337	-	12.43	16.03	>	6	0	90
740	chr1	88301823	88301804	-	12.42	19.61	>	6	0	90
741	chr6	115037959	115037940	-	12.33	15.375	>	6	0	90
742	chr16	11980974	11980955	+	12.33	3.668	>	6	0	90
743	chr15	44832771	44832752	-	12.31	24.2	>	6	0	90
744	chr19	26193888	26193869	-	12.29	7.65	>	6	0	90
745	chr17	8988263	8988244	-	12.29	10.71	>	6	0	90
746	chr14	66358860	66358841	+	12.28	18.22	>	6	0	90
747	chr12	40832432	40832413	-	12.26	13.56	>	6	0	90
748	chr2	53206958	53206939	-	12.18	12.55	>	6	0	90
749	chr16	42914617	42914598	+	12.16	7.133	>	6	0	90
750	chr11	111523686	111523667	-	12.14	23.53	>	6	0	90
751	chr6	121556678	121556659	+	12.11	18.8	>	6	0	90
752	chr7	43926199	43926180	-	12.1	21.69	>	6	0	90
753	chr3	3311028	3311009	+	12.09	10.74	>	6	0	90
754	chr12	17018680	17018661	+	12.04	21.19	>	6	0	90
755	chr18	33794794	33794775	+	11.97	24.89	>	6	0	90
756	chr15	73791915	73791896	+	11.96	24.61	>	6	0	90
757	chr12	82489256	82489237	+	11.945	11.805	>	6	0	90
758	chr19	37559803	37559784	+	11.91	21.4	>	6	0	90
759	chr12	36195155	36195136	-	11.91	7.07	>	6	0	90
760	chr3	30515246	30515227	-	11.875	11.664	>	6	0	90
761	chr19	27426681	27426662	-	11.81	11.945	>	6	0	90
762	chr2	75590427	75590408	-	11.75	21.66	>	6	0	90
763	chr2	17849498	17849479	+	11.75	6.633	>	6	0	90
764	chr9	83371155	83371136	-	11.75	6.18	>	6	0	90
765	chr9	30936846	30936827	-	11.734	17.67	>	6	0	90
766	chr15	94690037	94690018	+	11.73	23.03	>	6	0	90
767	chr2	147379133	147379114	+	11.69	9.875	>	6	0	90
768	chr4	121232314	121232295	-	11.664	7.945	>	6	0	90
769	chr18	56333219	56333200	-	11.64	4.934	>	6	0	90
770	chr16	25952209	25952190	-	11.64	6.688	>	6	0	90
771	chr13	94976326	94976307	+	11.63	16.62	>	6	0	90
772	chr2	30942898	30942879	-	11.57	22.28	>	6	0	90
773	chr6	104479441	104479422	+	11.55	10.57	>	6	0	90
774	chr5	113080039	113080020	-	11.52	26.94	>	6	0	90
775	chr16	30550607	30550588	-	11.52	17.62	>	6	0	90
776	chr1	160194976	160194957	+	11.51	18.28	>	6	0	90
777	chr11	56116782	56116763	-	11.48	30.47	>	6	0	90
778	chr6	112484521	112484502	-	11.48	12.14	>	6	0	90
779	chr14	21853546	21853527	-	11.445	30.66	>	6	0	90
780	chr9	58534993	58534974	+	11.414	20.97	>	6	0	90
781	chr17	73302318	73302299	+	11.414	39.62	>	6	0	90
782	chr1	85842459	85842440	-	11.41	14.02	>	6	0	90
783	chr17	16926410	16926391	-	11.35	2.584	>	6	0	90
784	chr12	29894861	29894842	+	11.31	16.72	>	6	0	90
785	chr2	127832989	127832970	+	11.22	7.293	>	6	0	90
786	chr16	20724653	20724634	+	11.18	15.11	>	6	0	90
787	chr1	180811112	180811093	-	11.164	28.33	>	6	0	90
788	chr13	109210611	109210592	-	11.16	17.5	>	6	0	90
789	chr18	5990207	5990188	-	11.14	3.14	>	6	0	90
790	chr18	12102268	12102249	-	11.125	23.38	>	6	0	90
791	chr19	59380193	59380174	+	11.08	23.9	>	6	0	90
792	chr2	101665476	101665457	+	11.055	26.06	>	6	0	90
793	chr12	108541242	108541223	-	11.02	27.9	>	6	0	90
794	chr2	32583648	32583629	+	11.016	30.19	>	6	0	90
795	chr1	181881807	181881788	-	10.98	11.91	>	6	0	90
796	chr5	117506576	117506557	+	10.94	40.06	>	6	0	90
797	chr1	38789153	38789134	+	10.89	22.95	>	6	0	90
798	chr10	102445139	102445120	-	10.875	19.4	>	6	0	90
799	chr12	81788941	81788922	+	10.87	12.51	>	6	0	90
800	chr9	78233462	78233443	-	10.86	15.93	>	6	0	90
801	chr10	96618527	96618508	+	10.86	3.014	>	6	0	90
802	chr8	84639419	84639400	-	10.85	34.7	>	6	0	90
803	chr17	8468905	8468886	+	10.85	20.27	>	6	0	90
804	chr2	67535551	67535532	+	10.83	7.83	>	6	0	90
805	chr18	52947340	52947321	+	10.82	10.15	>	6	0	90
806	chr13	72625410	72625391	-	10.78	6.715	>	6	0	90
807	chr11	31942449	31942430	+	10.69	22.72	>	6	0	90
808	chr1	6190743	6190724	-	10.63	7.344	>	6	0	90
809	chr7	74367549	74367530	+	10.6	15.16	>	6	0	90
810	chr4	22482970	22482951	+	10.58	4.45	>	6	0	90
811	chr13	20298018	20297999	+	10.56	24.86	>	6	0	90
812	chr16	75325511	75325492	-	10.484	5.44	>	6	0	90
813	chr6	54586377	54586358	+	10.44	8.14	>	6	0	90
814	chr14	59604211	59604192	-	10.375	15.664	>	6	0	90
815	chr2	107946040	107946021	-	10.31	11.08	>	6	0	90
816	chr1	62701219	62701200	-	10.3	12.74	>	6	0	90
817	chr7	75914120	75914101	+	10.266	24.1	>	6	0	90
818	chr5	98167679	98167660	+	10.26	12.875	>	6	0	90
819	chr9	99671799	99671780	+	10.23	22.52	>	6	0	90
820	chr1	179847901	179847882	+	10.16	11.88	>	6	0	90
821	chr15	80080817	80080798	-	10.15	32.28	>	6	0	90
822	chr6	137747756	137747737	-	10.09	27.12	>	6	0	90
823	chr6	77249625	77249606	-	10.09	6.945	>	6	0	90
824	chr5	149049190	149049171	-	10.08	15.81	>	6	0	90
825	chr18	32814407	32814388	-	10.07	2.566	>	6	0	90
826	chr11	46258405	46258386	-	10.06	20.3	>	6	0	90
827	chr11	81974830	81974811	-	10.01	5.44	>	6	0	90
828	chr19	48414047	48414028	+	9.99	12.77	>	6	0	90
829	chr11	34836484	34836465	+	9.86	20.75	>	6	0	90
830	chr17	24437345	24437326	-	9.81	19.33	>	6	0	90
831	chr6	59208753	59208734	-	9.734	12.92	>	6	0	90
832	chr13	37325694	37325675	-	9.734	20.84	>	6	0	90
833	chr11	43412967	43412948	-	9.72	22.2	>	6	0	90
834	chr13	49651342	49651323	-	9.71	2.496	>	6	0	90
835	chr7	143151380	143151361	+	9.69	18.05	>	6	0	90
836	chr16	4285478	4285459	-	9.67	7.94	>	6	0	90
837	chr11	29715017	29714998	-	9.664	9.12	>	6	0	90
838	chr3	134654263	134654244	+	9.62	3.898	>	6	0	90
839	chr8	28978824	28978805	-	9.57	7.504	>	6	0	90
840	chr13	54062269	54062250	-	9.55	10.02	>	6	0	90
841	chr9	32585514	32585495	+	9.516	12.72	>	6	0	90
842	chr7	73648212	73648193	-	9.484	13.375	>	6	0	90
843	chr19	27425889	27425870	-	9.44	11.26	>	6	0	90
844	chr13	100854377	100854358	-	9.42	17.78	>	6	0	90
845	chr5	140749784	140749765	-	9.414	22.17	>	6	0	90
846	chr4	127027444	127027425	+	9.4	22.48	>	6	0	90
847	chr11	109221866	109221847	-	9.3	9.67	>	6	0	90
848	chr16	16596794	16596775	+	9.28	5.977	>	6	0	90
849	chr2	128605294	128605275	-	9.25	9.07	>	6	0	90
850	chr2	61492265	61492246	+	9.25	6.99	>	6	0	90
851	chr10	74217479	74217460	+	9.22	7.7	>	6	0	90
852	chr9	68016722	68016703	+	9.2	8.305	>	6	0	90
853	chr6	144248136	144248117	+	9.19	7.742	>	6	0	90
854	chr13	51191948	51191929	+	9.17	5.492	>	6	0	90
855	chr2	103424848	103424829	-	9.164	12.29	>	6	0	90
856	chr7	64751734	64751715	-	9.13	16.66	>	6	0	90
857	chr7	27160004	27159985	+	9.125	14.17	>	6	0	90
858	chr13	95986545	95986526	+	9.08	13.76	>	6	0	90
859	chr5	135118653	135118634	+	9.08	29.22	>	6	0	90
860	chr10	49786914	49786895	-	9.07	0.785	>	6	0	90
861	chr1	51639072	51639053	+	9.02	3.22	>	6	0	90
862	chr14	105307894	105307875	+	8.95	2.453	>	6	0	90
863	chr19	40231990	40231971	-	8.95	19.89	>	6	0	90
864	chr10	69656526	69656507	+	8.95	12.99	>	6	0	90
865	chr7	142714879	142714860	-	8.945	27.2	>	6	0	90
866	chr6	129256260	129256241	-	8.93	14.53	>	6	0	90
867	chr5	138199783	138199764	+	8.9	8.414	>	6	0	90
868	chr8	36193738	36193719	+	8.89	10.43	>	6	0	90
869	chr11	49597354	49597335	+	8.87	6.92	>	6	0	90
870	chr1	139405977	139405958	-	8.86	4.043	>	6	0	90
871	chr3	124289118	124289099	-	8.84	12.69	>	6	0	90
872	chr9	13196005	13195986	-	8.83	30.6	>	6	0	90
873	chr14	115819240	115819221	+	8.83	10.71	>	6	0	90
874	chr5	146914595	146914576	+	8.82	39.7	>	6	0	90
875	chr4	119223866	119223847	-	8.766	16.34	>	6	0	90
876	chr15	85879204	85879185	-	8.76	17.27	>	6	0	90
877	chr4	124682485	124682466	+	8.7	17.45	>	6	0	90
878	chr17	34956526	34956507	+	8.695	22.17	>	6	0	90
879	chr12	39494054	39494035	-	8.65	2.455	>	6	0	90
880	chr9	34485824	34485805	-	8.625	10.6	>	6	0	90
881	chr2	180786948	180786929	+	8.57	17.27	>	6	0	90
882	chr4	62230989	62230970	+	8.57	12.25	>	6	0	90
883	chr2	16357480	16357461	+	8.55	2.205	>	6	0	90
884	chr17	9759516	9759497	+	8.54	11.53	>	6	0	90
885	chr10	13018670	13018651	+	8.54	19.64	>	6	0	90
886	chr4	32570820	32570801	-	8.52	6.645	>	6	0	90
887	chr9	86451919	86451900	-	8.49	16.77	>	6	0	90
888	chr7	139590495	139590476	+	8.49	20.39	>	6	0	90
889	chr16	31944169	31944150	+	8.445	14.11	>	6	0	90
890	chr3	104701211	104701192	-	8.44	24.84	>	6	0	90
891	chr2	160955546	160955527	-	8.414	14.05	>	6	0	90
892	chr18	32811889	32811870	+	8.4	4.918	>	6	0	90
893	chr14	115042240	115042221	-	8.4	14.734	>	6	0	90
894	chr2	28464119	28464100	-	8.33	19.16	>	6	0	90
895	chr2	76369931	76369912	+	8.28	9.1	>	6	0	90
896	chr3	107605512	107605493	+	8.28	12.57	>	6	0	90
897	chr14	121220891	121220872	-	8.23	10.8	>	6	0	90
898	chr1	103796539	103796520	+	8.22	10.74	>	6	0	90
899	chr16	23151589	23151570	+	8.21	3.11	>	6	0	90
900	chr5	33371346	33371327	-	8.19	15.74	>	6	0	90
901	chr13	103121088	103121069	-	8.18	6.016	>	6	0	90
902	chr10	60760529	60760510	+	8.14	24.72	>	6	0	90
903	chr1	169921787	169921768	+	8.12	12.62	>	6	0	90
904	chr13	42826816	42826797	-	8.11	17.0	>	6	0	90
905	chr6	72601930	72601911	+	8.11	24.06	>	6	0	90
906	chr7	81345319	81345300	-	7.99	7.87	>	6	0	90
907	chr11	33934471	33934452	+	7.98	18.27	>	6	0	90
908	chr18	77044808	77044789	-	7.97	11.42	>	6	0	90
909	chr7	67217278	67217259	+	7.926	7.28	>	6	0	90
910	chr2	164074027	164074008	+	7.906	10.22	>	6	0	90
911	chr3	45373410	45373391	+	7.855	1.438	>	6	0	90
912	chr1	152768355	152768336	-	7.84	9.35	>	6	0	90
913	chr11	102267665	102267646	-	7.81	17.44	>	6	0	90
914	chr11	43411664	43411645	-	7.81	21.72	>	6	0	90
915	chr2	129880054	129880035	+	7.805	6.484	>	6	0	90
916	chr11	81972241	81972222	+	7.797	9.07	>	6	0	90
917	chr9	65581143	65581124	-	7.793	11.17	>	6	0	90
918	chr4	106228720	106228701	+	7.727	13.9	>	6	0	90
919	chr6	119467876	119467857	+	7.703	18.1	>	6	0	90
920	chr10	122794511	122794492	+	7.695	15.734	>	6	0	90
921	chr14	34813484	34813465	-	7.69	11.805	>	6	0	90
922	chr15	19280629	19280610	+	7.68	3.066	>	6	0	90
923	chr13	38235597	38235578	-	7.676	11.836	>	6	0	90
924	chr13	21710105	21710086	+	7.67	14.95	>	6	0	90
925	chr11	104231353	104231334	-	7.67	18.38	>	6	0	90
926	chr6	86401304	86401285	-	7.64	23.28	>	6	0	90
927	chr4	24245320	24245301	-	7.633	3.027	>	6	0	90
928	chr9	29655082	29655063	+	7.613	20.11	>	6	0	90
929	chr9	58535957	58535938	-	7.605	16.9	>	6	0	90
930	chr5	112427478	112427459	-	7.598	9.93	>	6	0	90
931	chr4	140539353	140539334	-	7.58	22.9	>	6	0	90
932	chr14	105302910	105302891	+	7.57	4.605	>	6	0	90
933	chr7	19713404	19713385	-	7.543	26.19	>	6	0	90
934	chr1	127487367	127487348	-	7.52	14.33	>	6	0	90
935	chr19	56806125	56806106	-	7.504	5.934	>	6	0	90
936	chr19	47175662	47175643	-	7.46	21.67	>	6	0	90
937	chr2	150795624	150795605	-	7.44	6.633	>	6	0	90
938	chr2	137114826	137114807	+	7.438	4.08	>	6	0	90
939	chr10	119244230	119244211	+	7.434	4.305	>	6	0	90
940	chr5	117094622	117094603	+	7.42	22.22	>	6	0	90
941	chr11	67100384	67100365	-	7.42	22.83	>	6	0	90
942	chr5	30686988	30686969	+	7.41	18.64	>	6	0	90
943	chr8	105291139	105291120	-	7.41	11.78	>	6	0	90
944	chr7	143470174	143470155	-	7.39	17.94	>	6	0	90
945	chr15	8099290	8099271	-	7.35	8.336	>	6	0	90
946	chr7	119015949	119015930	+	7.34	17.75	>	6	0	90
947	chr17	56306039	56306020	-	7.305	16.48	>	6	0	90
948	chr1	134636895	134636876	+	7.3	5.97	>	6	0	90
949	chr17	65541217	65541198	+	7.258	9.125	>	6	0	90
950	chr14	49218880	49218861	+	7.25	8.47	>	6	0	90
951	chr1	25527154	25527135	+	7.2	7.453	>	6	0	90
952	chr1	146515575	146515556	+	7.18	3.11	>	6	0	90
953	chr9	44109578	44109559	+	7.176	33.9	>	6	0	90
954	chr11	108889358	108889339	+	7.15	8.016	>	6	0	90
955	chr7	138398615	138398596	+	7.117	4.707	>	6	0	90
956	chr5	32204842	32204823	+	7.11	6.15	>	6	0	90
957	chr8	14859581	14859562	+	7.1	5.27	>	6	0	90
958	chr11	95676507	95676488	-	7.09	14.555	>	6	0	90
959	chr6	85141186	85141167	+	7.08	33.56	>	6	0	90
960	chr14	20340404	20340385	-	7.04	15.81	>	6	0	90
961	chr1	193130339	193130320	-	7.023	5.71	>	6	0	90
962	chr9	98032882	98032863	+	6.992	4.73	>	6	0	90
963	chr7	143793289	143793270	+	6.98	21.42	>	6	0	90
964	chr12	32292312	32292293	-	6.895	8.26	>	6	0	90
965	chr17	45724453	45724434	-	6.89	12.125	>	6	0	90
966	chr14	102512314	102512295	+	6.89	1.602	>	6	0	90
967	chr8	11943038	11943019	+	6.88	5.47	>	6	0	90
968	chr7	83553561	83553542	+	6.867	8.27	>	6	0	90
969	chr9	64960779	64960760	-	6.85	16.31	>	6	0	90
970	chr9	30426996	30426977	+	6.832	15.31	>	6	0	90
971	chr11	119249183	119249164	+	6.785	23.48	>	6	0	90
972	chr8	90795542	90795523	+	6.77	10.67	>	6	0	90
973	chr2	113498926	113498907	-	6.766	9.86	>	6	0	90
974	chr13	62926662	62926643	+	6.75	4.73	>	6	0	90
975	chr1	127485025	127485006	+	6.715	16.44	>	6	0	90
976	chr17	78592615	78592596	+	6.715	8.945	>	6	0	90
977	chr2	118246134	118246115	-	6.668	13.72	>	6	0	90
978	chr2	92474875	92474856	-	6.652	13.95	>	6	0	90
979	chr7	17061423	17061404	+	6.645	15.1	>	6	0	90
980	chr10	122090678	122090659	+	6.63	8.38	>	6	0	90
981	chr13	64448147	64448128	+	6.594	17.92	>	6	0	90
982	chr2	34642611	34642592	-	6.562	14.51	>	6	0	90
983	chr5	117509743	117509724	+	6.54	26.92	>	6	0	90
984	chr7	131371109	131371090	+	6.516	4.71	>	6	0	90
985	chr6	94054143	94054124	-	6.5	13.34	>	6	0	90
986	chr14	20697228	20697209	+	6.465	17.88	>	6	0	90
987	chr10	122798121	122798102	+	6.46	15.23	>	6	0	90
988	chr13	14196604	14196585	+	6.45	1.613	>	6	0	90
989	chr3	118991976	118991957	+	6.438	8.26	>	6	0	90
990	chr9	107231295	107231276	-	6.434	7.414	>	6	0	90
991	chr15	24557016	24556997	-	6.418	3.371	>	6	0	90
992	chr2	178407758	178407739	+	6.414	11.43	>	6	0	90
993	chr9	90683476	90683457	-	6.38	1.322	>	6	0	90
994	chr6	22968335	22968316	-	6.34	6.418	>	6	0	90
995	chr12	67217811	67217792	+	6.336	1.95	>	6	0	90
996	chr10	82910438	82910419	+	6.277	10.99	>	6	0	90
997	chr7	49125716	49125697	+	6.258	16.88	>	6	0	90
998	chr11	119491305	119491286	-	6.215	10.81	>	6	0	90
999	chr11	32341308	32341289	-	6.21	14.555	>	6	0	90
1000	chr19	8713406	8713387	+	6.19	10.44	>	6	0	90
1001	chr4	48048044	48048025	+	6.152	6.21	>	6	0	90
1002	chr11	52764825	52764806	+	6.15	7.75	>	6	0	90
1003	chr13	20564636	20564617	-	6.145	4.82	>	6	0	90
1004	chr10	39105011	39104992	-	6.14	7.152	>	6	0	90
1005	chr11	98909856	98909837	-	6.117	18.95	>	6	0	90
1006	chr1	151025102	151025083	+	6.117	4.496	>	6	0	90
1007	chr5	98167777	98167758	-	6.113	9.555	>	6	0	90
1008	chr8	88118562	88118543	+	6.062	3.66	>	6	0	90
1009	chr16	92511934	92511915	+	6.035	16.34	>	6	0	90
1010	chr15	25792295	25792276	-	6.008	6.87	>	6	0	90
1011	chr13	92751194	92751175	+	5.938	12.68	>	6	0	90
1012	chr5	101688793	101688774	-	5.934	12.51	>	6	0	90
1013	chr7	112023252	112023233	+	5.93	8.26	>	6	0	90
1014	chr14	21854038	21854019	-	5.914	27.36	>	6	0	90
1015	chr8	32003733	32003714	-	5.9	2.012	>	6	0	90
1016	chr13	53095394	53095375	-	5.867	6.086	>	6	0	90
1017	chr1	182554179	182554160	+	5.836	10.15	>	6	0	90
1018	chr6	18381568	18381549	+	5.832	1.955	>	6	0	90
1019	chr9	77389590	77389571	+	5.832	5.68	>	6	0	90
1020	chr16	5254481	5254462	-	5.812	12.77	>	6	0	90
1021	chr2	93199625	93199606	+	5.797	14.08	>	6	0	90
1022	chr9	81631651	81631632	-	5.793	3.863	>	6	0	90
1023	chr2	152887412	152887393	-	5.78	4.652	>	6	0	90
1024	chr4	153481137	153481118	-	5.766	3.3	>	6	0	90
1025	chr8	72239706	72239687	-	5.754	5.32	>	6	0	90
1026	chr18	65750236	65750217	-	5.703	2.543	>	6	0	90
1027	chr6	61311882	61311863	-	5.68	7.43	>	6	0	90
1028	chr18	46143625	46143606	+	5.676	6.477	>	6	0	90
1029	chr6	120836118	120836099	+	5.64	7.797	>	6	0	90
1030	chr6	100563990	100563971	-	5.625	4.164	>	6	0	90
1031	chr3	13475098	13475079	-	5.61	1.948	>	6	0	90
1032	chr2	132262968	132262949	+	5.6	7.164	>	6	0	90
1033	chr11	103334169	103334150	+	5.594	12.02	>	6	0	90
1034	chr6	54255029	54255010	+	5.586	4.35	>	6	0	90
1035	chr13	101711018	101710999	+	5.543	9.15	>	6	0	90
1036	chr5	39644761	39644742	-	5.54	3.531	>	6	0	90
1037	chr8	90795201	90795182	-	5.516	4.996	>	6	0	90
1038	chr18	23162646	23162627	+	5.51	1.562	>	6	0	90
1039	chr16	78165563	78165544	+	5.477	7.39	>	6	0	90
1040	chr2	96584106	96584087	-	5.44	3.29	>	6	0	90
1041	chr12	72070473	72070454	+	5.426	11.336	>	6	0	90
1042	chr12	24708691	24708672	+	5.414	9.914	>	6	0	90
1043	chr8	92367135	92367116	-	5.406	6.984	>	6	0	90
1044	chr17	83866777	83866758	+	5.4	23.0	>	6	0	90
1045	chr13	55322636	55322617	-	5.4	7.0	>	6	0	90
1046	chr6	88893771	88893752	-	5.395	16.78	>	6	0	90
1047	chr19	8718731	8718712	-	5.383	8.6	>	6	0	90
1048	chr12	59220179	59220160	-	5.38	2.5	>	6	0	90
1049	chr14	60784526	60784507	+	5.367	16.06	>	6	0	90
1050	chr3	153658591	153658572	+	5.33	6.258	>	6	0	90
1051	chr9	77386949	77386930	-	5.312	12.24	>	6	0	90
1052	chr10	83219903	83219884	+	5.312	6.188	>	6	0	90
1053	chr6	15176967	15176948	-	5.31	2.947	>	6	0	90
1054	chr2	152604207	152604188	-	5.27	19.44	>	6	0	90
1055	chr2	39003369	39003350	-	5.26	1.671	>	6	0	90
1056	chr16	31425707	31425688	-	5.254	13.484	>	6	0	90
1057	chr5	137503018	137502999	-	5.227	3.691	>	6	0	90
1058	chr18	13973086	13973067	-	5.207	0.71	>	6	0	90
1059	chr17	68849016	68848997	-	5.2	1.891	>	6	0	90
1060	chr2	128408931	128408912	-	5.19	8.72	>	6	0	90
1061	chr14	97559790	97559771	-	5.16	2.041	>	6	0	90
1062	chr8	67903864	67903845	-	5.13	6.113	>	6	0	90
1063	chr14	56888181	56888162	-	5.125	3.316	>	6	0	90
1064	chr4	132198465	132198446	+	5.125	11.19	>	6	0	90
1065	chr2	39005861	39005842	-	5.12	3.883	>	6	0	90
1066	chr7	137471679	137471660	-	5.1	19.97	>	6	0	90
1067	chr6	64949075	64949056	+	5.09	5.168	>	6	0	90
1068	chr18	16821148	16821129	+	5.043	1.935	>	6	0	90
1069	chr2	93813566	93813547	+	5.04	13.086	>	6	0	90
1070	chr6	126481478	126481459	-	5.023	10.89	>	6	0	90
1071	chr1	181881093	181881074	-	4.984	10.19	>	6	0	90
1072	chr6	108065822	108065803	-	4.977	6.67	>	6	0	90
1073	chr4	88550373	88550354	+	4.938	4.04	>	6	0	90
1074	chr5	137502167	137502148	+	4.867	8.81	>	6	0	90
1075	chr8	77618148	77618129	-	4.86	4.188	>	6	0	90
1076	chr7	120098024	120098005	+	4.855	7.22	>	6	0	90
1077	chr2	75152706	75152687	-	4.824	10.55	>	6	0	90
1078	chr11	87950193	87950174	+	4.78	11.09	>	6	0	90
1079	chr11	94598936	94598917	-	4.746	10.49	>	6	0	90
1080	chr1	10229119	10229100	+	4.746	0.972	>	6	0	90
1081	chr7	143476888	143476869	+	4.746	8.89	>	6	0	90
1082	chr9	102607693	102607674	-	4.715	3.604	>	6	0	90
1083	chr8	32009749	32009730	+	4.71	6.785	>	6	0	90
1084	chr3	99262117	99262098	-	4.707	1.889	>	6	0	90
1085	chr18	75607987	75607968	+	4.664	23.11	>	6	0	90
1086	chr7	75380211	75380192	-	4.64	2.41	>	6	0	90
1087	chr3	135863108	135863089	+	4.64	3.164	>	6	0	90
1088	chr4	87369015	87368996	-	4.625	9.125	>	6	0	90
1089	chr8	84639535	84639516	+	4.605	13.88	>	6	0	90
1090	chr15	74524301	74524282	+	4.586	13.7	>	6	0	90
1091	chr17	57007316	57007297	-	4.582	9.42	>	6	0	90
1092	chr11	30893985	30893966	+	4.547	0.9004	>	6	0	90
1093	chr19	57360190	57360171	-	4.543	2.654	>	6	0	90
1094	chr8	110102657	110102638	-	4.53	9.24	>	6	0	90
1095	chr7	135389259	135389240	-	4.53	9.336	>	6	0	90
1096	chr4	152527530	152527511	+	4.516	13.99	>	6	0	90
1097	chr13	103710441	103710422	+	4.5	4.57	>	6	0	90
1098	chr10	120896053	120896034	+	4.5	2.322	>	6	0	90
1099	chr18	5155632	5155613	-	4.484	6.39	>	6	0	90
1100	chr12	80141693	80141674	-	4.45	17.05	>	6	0	90
1101	chr5	118763566	118763547	-	4.418	12.81	>	6	0	90
1102	chr12	14150175	14150156	+	4.406	3.688	>	6	0	90
1103	chr10	128990300	128990281	-	4.4	8.03	>	6	0	90
1104	chr10	30834038	30834019	-	4.37	4.473	>	6	0	90
1105	chr6	50618483	50618464	+	4.367	12.766	>	6	0	90
1106	chr15	9748972	9748953	-	4.36	3.496	>	6	0	90
1107	chr16	92308164	92308145	-	4.355	11.22	>	6	0	90
1108	chr2	9881964	9881945	-	4.355	2.918	>	6	0	90
1109	chr8	123106089	123106070	+	4.336	8.18	>	6	0	90
1110	chr5	98346264	98346245	+	4.324	2.342	>	6	0	90
1111	chr10	40249841	40249822	-	4.316	12.23	>	6	0	90
1112	chr3	141457685	141457666	+	4.312	4.707	>	6	0	90
1113	chr9	40192620	40192601	-	4.3	2.145	>	6	0	90
1114	chr9	72448248	72448229	+	4.29	7.78	>	6	0	90
1115	chr13	24316809	24316790	-	4.273	3.682	>	6	0	90
1116	chr1	50927249	50927230	+	4.258	4.5	>	6	0	90
1117	chr11	102690417	102690398	-	4.223	12.195	>	6	0	90
1118	chr4	116627141	116627122	+	4.207	6.52	>	6	0	90
1119	chr15	76198817	76198798	+	4.164	10.72	>	6	0	90
1120	chr15	12113620	12113601	-	4.156	3.312	>	6	0	90
1121	chr1	115675059	115675040	+	4.152	5.223	>	6	0	90
1122	chr2	34644807	34644788	-	4.15	8.266	>	6	0	90
1123	chr2	166084974	166084955	-	4.133	18.12	>	6	0	90
1124	chr11	21571906	21571887	-	4.13	2.105	>	6	0	90
1125	chr15	9449709	9449690	-	4.062	0.543	>	6	0	90
1126	chr5	92664520	92664501	-	4.055	3.326	>	6	0	90
1127	chr12	77001216	77001197	+	4.043	1.105	>	6	0	90
1128	chr6	93757507	93757488	-	4.01	5.273	>	6	0	90
1129	chr19	56302794	56302775	+	4.01	3.797	>	6	0	90
1130	chr13	71954038	71954019	-	4.008	1.19	>	6	0	90
1131	chr4	17852015	17851996	-	4.0	0.8535	>	6	0	90
1132	chr18	39136126	39136107	+	3.992	1.932	>	6	0	90
1133	chr1	153489234	153489215	-	3.99	7.715	>	6	0	90
1134	chr9	66136172	66136153	-	3.988	5.383	>	6	0	90
1135	chr11	109621431	109621412	-	3.979	11.484	>	6	0	90
1136	chr13	91723318	91723299	+	3.959	5.49	>	6	0	90
1137	chr13	3642291	3642272	-	3.959	4.75	>	6	0	90
1138	chr13	47304770	47304751	+	3.957	6.746	>	6	0	90
1139	chr2	121144456	121144437	+	3.953	4.504	>	6	0	90
1140	chr13	93772223	93772204	-	3.928	3.56	>	6	0	90
1141	chr10	70967079	70967060	+	3.916	4.88	>	6	0	90
1142	chr13	59417085	59417066	-	3.91	5.0	>	6	0	90
1143	chr7	102484972	102484953	-	3.883	7.0	>	6	0	90
1144	chr5	38235667	38235648	-	3.879	10.78	>	6	0	90
1145	chr14	56885401	56885382	+	3.87	2.412	>	6	0	90
1146	chr11	75170669	75170650	-	3.861	7.984	>	6	0	90
1147	chr11	77980417	77980398	+	3.846	9.5	>	6	0	90
1148	chr9	94738712	94738693	+	3.828	14.92	>	6	0	90
1149	chr6	140466500	140466481	-	3.816	3.785	>	6	0	90
1150	chr19	57361025	57361006	-	3.814	6.484	>	6	0	90
1151	chr12	58972459	58972440	+	3.777	2.135	>	6	0	90
1152	chr2	61490636	61490617	+	3.775	5.23	>	6	0	90
1153	chr4	44310651	44310632	+	3.762	4.973	>	6	0	90
1154	chr11	52766147	52766128	+	3.734	1.83	>	6	0	90
1155	chr13	72627587	72627568	-	3.717	4.066	>	6	0	90
1156	chr9	23012459	23012440	-	3.71	1.704	>	6	0	90
1157	chr16	31427924	31427905	-	3.705	3.383	>	6	0	90
1158	chr12	29895773	29895754	+	3.691	1.481	>	6	0	90
1159	chr9	73154557	73154538	+	3.666	9.1	>	6	0	90
1160	chr1	127484437	127484418	-	3.66	8.8	>	6	0	90
1161	chr9	107566236	107566217	+	3.656	7.098	>	6	0	90
1162	chr2	68118338	68118319	+	3.652	4.36	>	6	0	90
1163	chr11	11140836	11140817	-	3.629	13.69	>	6	0	90
1164	chr12	74014936	74014917	-	3.627	5.97	>	6	0	90
1165	chr7	138396301	138396282	-	3.621	0.934	>	6	0	90
1166	chr14	103534605	103534586	+	3.617	5.312	>	6	0	90
1167	chr10	115164112	115164093	-	3.613	3.031	>	6	0	90
1168	chr7	119019764	119019745	+	3.598	7.113	>	6	0	90
1169	chr13	96389525	96389506	-	3.588	1.339	>	6	0	90
1170	chr14	74723724	74723705	-	3.586	5.766	>	6	0	90
1171	chr14	55114114	55114095	-	3.57	7.387	>	6	0	90
1172	chr9	62784468	62784449	+	3.562	12.84	>	6	0	90
1173	chr10	127678167	127678148	-	3.541	2.129	>	6	0	90
1174	chr17	55948218	55948199	-	3.535	4.3	>	6	0	90
1175	chr11	78183263	78183244	-	3.525	12.305	>	6	0	90
1176	chr6	59207403	59207384	-	3.508	1.477	>	6	0	90
1177	chr6	135416919	135416900	+	3.498	4.027	>	6	0	90
1178	chr5	122104403	122104384	+	3.492	11.98	>	6	0	90
1179	chr13	37971068	37971049	-	3.482	3.088	>	6	0	90
1180	chr5	114612410	114612391	+	3.48	13.6	>	6	0	90
1181	chr10	114442226	114442207	+	3.46	2.104	>	6	0	90
1182	chr2	145655527	145655508	-	3.44	2.05	>	6	0	90
1183	chr7	109507351	109507332	-	3.418	1.832	>	6	0	90
1184	chr16	10009965	10009946	+	3.402	4.965	>	6	0	90
1185	chr14	67969032	67969013	-	3.385	5.523	>	6	0	90
1186	chr5	140744055	140744036	-	3.348	10.35	>	6	0	90
1187	chr1	56984334	56984315	+	3.338	2.584	>	6	0	90
1188	chr2	137110782	137110763	+	3.328	1.323	>	6	0	90
1189	chr16	22267525	22267506	+	3.322	1.262	>	6	0	90
1190	chr16	4884595	4884576	-	3.3	2.822	>	6	0	90
1191	chr5	19458406	19458387	-	3.291	6.625	>	6	0	90
1192	chr1	84697217	84697198	-	3.29	7.492	>	6	0	90
1193	chr14	122903088	122903069	-	3.29	2.205	>	6	0	90
1194	chr7	64056729	64056710	-	3.273	1.214	>	6	0	90
1195	chr9	71624061	71624042	-	3.273	15.39	>	6	0	90
1196	chr9	96885958	96885939	-	3.271	10.016	>	6	0	90
1197	chr18	46964733	46964714	-	3.266	8.555	>	6	0	90
1198	chr3	122638475	122638456	+	3.26	4.82	>	6	0	90
1199	chr9	94733848	94733829	+	3.256	3.768	>	6	0	90
1200	chr1	167938404	167938385	-	3.25	6.79	>	6	0	90
1201	chr1	180811841	180811822	+	3.244	6.383	>	6	0	90
1202	chr10	42760472	42760453	+	3.229	1.784	>	6	0	90
1203	chr18	20598347	20598328	+	3.213	4.758	>	6	0	90
1204	chr17	71909305	71909286	+	3.203	3.572	>	6	0	90
1205	chr1	34459898	34459879	+	3.193	3.389	>	6	0	90
1206	chr4	117202234	117202215	-	3.191	9.61	>	6	0	90
1207	chr15	101313974	101313955	-	3.178	2.96	>	6	0	90
1208	chr16	13438138	13438119	+	3.176	1.241	>	6	0	90
1209	chr7	114878499	114878480	+	3.174	1.604	>	6	0	90
1210	chr11	109866735	109866716	+	3.166	2.812	>	6	0	90
1211	chr3	123509329	123509310	+	3.162	5.67	>	6	0	90
1212	chr3	114085881	114085862	-	3.146	0.5283	>	6	0	90
1213	chr4	120149384	120149365	-	3.145	8.09	>	6	0	90
1214	chr16	4549594	4549575	-	3.137	11.12	>	6	0	90
1215	chr15	78872224	78872205	+	3.133	9.35	>	6	0	90
1216	chr12	57231261	57231242	-	3.127	3.32	>	6	0	90
1217	chr9	71624949	71624930	-	3.125	15.0	>	6	0	90
1218	chr4	18963859	18963840	-	3.12	4.01	>	6	0	90
1219	chr8	40913366	40913347	-	3.115	1.625	>	6	0	90
1220	chr5	21645240	21645221	-	3.11	1.259	>	6	0	90
1221	chr10	68357244	68357225	+	3.094	1.353	>	6	0	90
1222	chr2	93812077	93812058	-	3.06	11.82	>	6	0	90
1223	chr12	75669431	75669412	-	3.05	4.1	>	6	0	90
1224	chr1	12844023	12844004	+	3.033	4.33	>	6	0	90
1225	chr12	86697142	86697123	+	3.025	6.996	>	6	0	90
1226	chr9	98033678	98033659	+	3.021	1.525	>	6	0	90
1227	chr19	37946902	37946883	+	3.02	4.082	>	6	0	90
1228	chr9	75271676	75271657	+	3.01	4.42	>	6	0	90
1229	chr11	55162881	55162862	+	2.996	3.625	>	6	0	90
1230	chr17	25274339	25274320	-	2.984	4.45	>	6	0	90
1231	chr6	108065317	108065298	+	2.984	5.535	>	6	0	90
1232	chr7	5071749	5071730	-	2.928	2.754	>	6	0	90
1233	chr3	152477906	152477887	-	2.922	3.295	>	6	0	90
1234	chr5	28090770	28090751	-	2.922	2.412	>	6	0	90
1235	chr14	78282622	78282603	+	2.91	2.186	>	6	0	90
1236	chr14	88480122	88480103	-	2.906	3.236	>	6	0	90
1237	chr7	107569047	107569028	+	2.902	1.588	>	6	0	90
1238	chr3	83777088	83777069	-	2.879	3.992	>	6	0	90
1239	chr8	48550865	48550846	+	2.871	0.592	>	6	0	90
1240	chr7	132575955	132575936	-	2.855	4.473	>	6	0	90
1241	chr14	79769127	79769108	-	2.852	4.36	>	6	0	90
1242	chr17	69974245	69974226	-	2.799	1.284	>	6	0	90
1243	chr12	66284211	66284192	-	2.793	5.484	>	6	0	90
1244	chr6	83796902	83796883	-	2.785	3.35	>	6	0	90
1245	chr9	44108077	44108058	+	2.785	11.375	>	6	0	90
1246	chr11	116023924	116023905	+	2.777	6.906	>	6	0	90
1247	chr3	86779824	86779805	-	2.775	8.64	>	6	0	90
1248	chr19	46056202	46056183	+	2.77	5.27	>	6	0	90
1249	chr10	108210181	108210162	-	2.762	0.674	>	6	0	90
1250	chr8	27001386	27001367	+	0.4329	0.4077	>	6	0	90
1251	chr17	28338029	28338010	-	0.252	0.265	>	6	0	90
1252	chr11	76445826	76445807	-	0.2268	0.1863	>	6	0	90
1253	chr5	144244146	144244127	-	0.311	0.3691	>	6	0	90
1254	chr14	79768803	79768784	-	0.3076	0.2808	>	6	0	90
1255	chr9	26778623	26778604	-	1.299	0.6914	>	6	0	90
1256	chr7	25392052	25392033	+	0.2487	0.242	>	6	0	90
1257	chr3	101484879	101484860	-	0.3438	0.528	>	6	0	90
1258	chr2	69113988	69113969	+	0.2472	0.1981	>	6	0	90
1259	chr13	29852447	29852428	-	0.1781	0.1941	>	6	0	90
1260	chr2	60213231	60213212	-	0.1073	0.1628	>	6	0	90
1261	chr2	171418157	171418138	-	0.1407	0.2131	>	6	0	90
1262	chr7	64392050	64392031	-	0.514	0.2006	>	6	0	90
1263	chr15	36157434	36157415	-	0.7227	0.836	>	6	0	90
1264	chr4	49662357	49662338	-	0.4692	0.2915	>	6	0	90
1265	chr4	48422356	48422337	+	1.027	0.5225	>	6	0	90
1266	chr18	82720514	82720495	+	0.1605	0.1409	>	6	0	90
1267	chr1	172022686	172022667	+	0.1733	0.1764	>	6	0	90
1268	chr7	139595890	139595871	+	0.1575	0.2125	>	6	0	90
1269	chr12	73007842	73007823	-	0.345	0.2974	>	6	0	90
1270	chr17	27192928	27192909	-	0.1056	0.4468	>	6	0	90
1271	chr1	53698960	53698941	+	0.557	0.255	>	6	0	90
1272	chr18	12734380	12734361	+	0.207	0.1383	>	6	0	90
1273	chr6	126767488	126767469	-	0.2039	0.2483	>	6	0	90
1274	chr2	92856249	92856230	-	2.734	0.857	>	6	0	90
1275	chr11	74572851	74572832	+	0.2646	0.2705	>	6	0	90
1276	chr9	59675637	59675618	-	0.4082	0.744	>	6	0	90
1277	chr15	55025647	55025628	+	0.1847	0.1536	>	6	0	90
1278	chr4	120579150	120579131	-	0.33	0.264	>	6	0	90
1279	chr15	74525720	74525701	+	0.2172	0.2104	>	6	0	90
1280	chr1	88748095	88748076	+	0.1973	0.1881	>	6	0	90
1281	chr15	32239655	32239636	-	0.2822	0.1587	>	6	0	90
1282	chr7	36571183	36571164	+	0.1103	0.1942	>	6	0	90
1283	chr11	113855351	113855332	-	0.1613	0.1947	>	6	0	90
1284	chr6	90609163	90609144	+	2.127	1.159	>	6	0	90
1285	chr3	146181407	146181388	-	0.2034	0.3416	>	6	0	90
1286	chr10	69857222	69857203	-	0.3232	0.3599	>	6	0	90
1287	chr2	158361425	158361406	-	0.5625	0.2502	>	6	0	90
1288	chr5	136268179	136268160	-	0.1886	0.2153	>	6	0	90
1289	chr16	11983350	11983331	-	1.634	1.076	>	6	0	90
1290	chr2	84437773	84437754	+	0.2305	0.14	>	6	0	90
1291	chr18	24002018	24001999	-	0.133	0.1333	>	6	0	90
1292	chr1	130151533	130151514	-	0.4075	0.3347	>	6	0	90
1293	chr9	59675855	59675836	+	0.3367	0.2161	>	6	0	90
1294	chr11	116840251	116840232	-	0.3374	0.637	>	6	0	90
1295	chr2	155819963	155819944	+	0.07886	0.146	>	6	0	90
1296	chr14	105301632	105301613	+	0.206	0.2114	>	6	0	90
1297	chr12	9044592	9044573	+	0.1821	0.2019	>	6	0	90
1298	chr18	13971224	13971205	-	0.5337	0.3596	>	6	0	90
1299	chr5	136267600	136267581	-	0.2751	0.189	>	6	0	90
1300	chr5	33371430	33371411	+	0.3992	0.1644	>	6	0	90
1301	chr14	51090397	51090378	-	0.4153	0.243	>	6	0	90
1302	chr1	77935072	77935053	+	0.1814	0.1729	>	6	0	90
1303	chr11	119246049	119246030	-	0.204	0.3367	>	6	0	90
1304	chr17	50274949	50274930	-	0.441	0.1749	>	6	0	90
1305	chr8	108956442	108956423	+	0.5635	0.3044	>	6	0	90
1306	chr11	66885340	66885321	+	0.1636	0.169	>	6	0	90
1307	chr7	30099945	30099926	-	0.1979	0.1757	>	6	0	90
1308	chr15	99973159	99973140	-	0.1998	0.3345	>	6	0	90
1309	chr5	16308949	16308930	+	0.1567	0.1411	>	6	0	90
1310	chr6	119466578	119466559	-	0.9824	0.9795	>	6	0	90
1311	chr2	136886679	136886660	+	0.7764	0.2095	>	6	0	90
1312	chr14	79763594	79763575	-	0.2852	0.151	>	6	0	90
1313	chr2	170416012	170415993	+	0.1837	0.1256	>	6	0	90
1314	chr4	41015236	41015217	-	0.1882	0.1434	>	6	0	90
1315	chr11	70975109	70975090	+	0.713	0.3914	>	6	0	90
1316	chr5	122773202	122773183	+	0.11584	0.1375	>	6	0	90
1317	chr4	128588031	128588012	-	0.2659	0.1909	>	6	0	90
1318	chr8	122576186	122576167	-	0.11285	0.1545	>	6	0	90
1319	chr7	76383989	76383970	+	0.1553	0.154	>	6	0	90
1320	chr9	41467019	41467000	-	0.2223	0.1565	>	6	0	90
1321	chr1	32712246	32712227	-	0.05322	0.1516	>	6	0	90
1322	chr16	23974866	23974847	-	0.5283	0.3425	>	6	0	90
1323	chr15	84066194	84066175	-	0.6196	1.17	>	6	0	90
1324	chr11	40148920	40148901	-	1.272	0.642	>	6	0	90
1325	chr7	27166488	27166469	-	0.306	0.491	>	6	0	90
1326	chr11	30240273	30240254	+	0.4001	0.2556	>	6	0	90
1327	chr2	69115969	69115950	-	0.1754	0.1587	>	6	0	90
1328	chr9	113420569	113420550	-	0.2261	0.2178	>	6	0	90
1329	chr12	99882528	99882509	-	0.2617	0.1387	>	6	0	90
1330	chr5	77347648	77347629	-	0.3625	0.4211	>	6	0	90
1331	chr10	49780455	49780436	+	0.2179	0.1394	>	6	0	90
1332	chr5	75855263	75855244	-	0.6416	0.4326	>	6	0	90
1333	chr2	124087358	124087339	-	0.6436	0.2075	>	6	0	90
1334	chr14	49219056	49219037	+	0.678	0.694	>	6	0	90
1335	chr5	147938091	147938072	+	0.368	0.1842	>	6	0	90
1336	chr11	32340288	32340269	+	0.1792	0.1648	>	6	0	90
1337	chr16	50181579	50181560	+	0.2006	0.1838	>	6	0	90
1338	chr16	20496121	20496102	-	0.6714	0.1777	>	6	0	90
1339	chr8	76775680	76775661	+	0.135	0.1975	>	6	0	90
1340	chr14	65597676	65597657	+	0.6543	0.452	>	6	0	90
1341	chr7	64754771	64754752	+	0.1351	0.2295	>	6	0	90
1342	chr2	166083979	166083960	-	0.2964	0.2065	>	6	0	90
1343	chr16	44140440	44140421	+	0.4607	0.3381	>	6	0	90
1344	chr12	90524338	90524319	-	0.3223	0.2983	>	6	0	90
1345	chr5	89391716	89391697	+	0.1626	0.1418	>	6	0	90
1346	chr9	59675438	59675419	-	0.2104	0.1542	>	6	0	90
1347	chr19	16339103	16339084	-	0.1967	0.1177	>	6	0	90
1348	chr13	30545067	30545048	+	0.3672	0.2915	>	6	0	90
1349	chr1	92462681	92462662	+	0.3916	0.1832	>	6	0	90
1350	chr4	84066283	84066264	-	0.1898	0.1552	>	6	0	90
1351	chr9	83373922	83373903	-	0.2197	0.1434	>	6	0	90
1352	chr4	88773969	88773950	-	0.9507	8.01	>	6	0	90
1353	chr9	123132258	123132239	-	0.1687	0.1416	>	6	0	90
1354	chr17	34958843	34958824	-	0.2079	0.5464	>	6	0	90
1355	chr12	50946225	50946206	+	0.2341	0.157	>	6	0	90
1356	chr13	73647252	73647233	+	0.267	0.1704	>	6	0	90
1357	chr11	83279300	83279281	-	0.4434	0.2251	>	6	0	90
1358	chr17	8986048	8986029	-	0.3325	0.212	>	6	0	90
1359	chr4	14935721	14935702	-	0.7095	0.296	>	6	0	90
1360	chr4	75076699	75076680	+	0.09125	0.2014	>	6	0	90
1361	chr5	114610713	114610694	+	0.0985	0.1626	>	6	0	90
1362	chr9	83378273	83378254	-	0.471	0.2808	>	6	0	90
1363	chr9	107773182	107773163	-	0.1786	0.1414	>	6	0	90
1364	chr9	41218030	41218011	+	0.1323	0.1355	>	6	0	90
1365	chr9	105644718	105644699	+	0.4255	0.1808	>	6	0	90
1366	chr8	84264441	84264422	-	1.261	1.4795	>	6	0	90
1367	chr4	135959453	135959434	+	0.112	0.2223	>	6	0	90
1368	chr1	24684268	24684249	+	0.4001	0.1942	>	6	0	90
1369	chr3	87748577	87748558	-	0.7593	0.4382	>	6	0	90
1370	chr9	54690950	54690931	+	0.11566	0.136	>	6	0	90
1371	chr15	82277690	82277671	-	0.9043	0.4492	>	6	0	90
1372	chr5	115498528	115498509	-	0.2693	0.2164	>	6	0	90
1373	chr9	56621276	56621257	+	0.10846	0.253	>	6	0	90
1374	chr18	81956733	81956714	-	0.2815	0.2637	>	6	0	90
1375	chr10	22791401	22791382	-	0.1346	0.2358	>	6	0	90
1376	chr15	82271301	82271282	+	0.836	0.1838	>	6	0	90
1377	chr12	69946159	69946140	+	0.555	0.455	>	6	0	90
1378	chr14	101442800	101442781	+	0.2983	0.1344	>	6	0	90
1379	chr2	164777017	164776998	-	0.5176	0.361	>	6	0	90
1380	chr10	24631573	24631554	-	1.178	1.224	>	6	0	90
1381	chr1	136528510	136528491	-	1.761	0.7373	>	6	0	90
1382	chr10	19222118	19222099	-	1.411	0.8228	>	6	0	90
1383	chr14	56885508	56885489	-	2.348	4.004	>	6	0	90
1384	chr8	85060493	85060474	-	0.9688	0.437	>	6	0	90
1385	chr11	96075822	96075803	-	0.9316	0.4944	>	6	0	90
1386	chr11	77476535	77476516	+	0.1632	0.2383	>	6	0	90
1387	chr1	81294004	81293985	-	0.905	0.562	>	6	0	90
1388	chr12	15520954	15520935	+	0.7183	0.4033	>	6	0	90
1389	chr7	66397054	66397035	+	0.1594	0.2107	>	6	0	90
1390	chr12	74014582	74014563	-	0.2377	0.1973	>	6	0	90
1391	chr5	144242554	144242535	-	0.241	0.1987	>	6	0	90
1392	chr15	66894943	66894924	+	0.2703	0.2021	>	6	0	90
1393	chr6	126484995	126484976	-	0.4333	1.278	>	6	0	90
1394	chr4	48427148	48427129	+	0.678	0.3833	>	6	0	90
1395	chr15	71459211	71459192	+	0.252	0.1731	>	6	0	90
1396	chr3	19896435	19896416	-	0.2361	0.1467	>	6	0	90
1397	chr8	68268707	68268688	-	0.1398	0.1492	>	6	0	90
1398	chr1	182555580	182555561	-	0.1982	0.1915	>	6	0	90
1399	chr9	44413186	44413167	-	0.534	0.393	>	6	0	90
1400	chr14	70151716	70151697	+	0.3604	0.2382	>	6	0	90
1401	chr4	62478250	62478231	+	0.438	0.1328	>	6	0	90
1402	chr3	127561629	127561610	-	0.2183	0.12354	>	6	0	90
1403	chr3	69139614	69139595	-	0.397	0.2261	>	6	0	90
1404	chr17	17919616	17919597	+	0.1678	0.167	>	6	0	90
1405	chr4	139314214	139314195	-	0.2279	0.269	>	6	0	90
1406	chr18	61952763	61952744	-	0.2372	0.1731	>	6	0	90
1407	chr9	7599188	7599169	+	0.33	0.191	>	6	0	90
1408	chr10	120898341	120898322	-	0.3386	0.1467	>	6	0	90
1409	chr11	57469613	57469594	-	0.1846	0.2297	>	6	0	90
1410	chr18	58480198	58480179	-	0.2095	0.1665	>	6	0	90
1411	chr17	12380527	12380508	-	0.658	0.591	>	6	0	90
1412	chr2	107940173	107940154	+	0.11664	0.1351	>	6	0	90
1413	chr2	32580534	32580515	-	0.2605	0.4055	>	6	0	90
1414	chr15	98813480	98813461	+	0.3496	0.5376	>	6	0	90
1415	chr6	54253893	54253874	+	0.1663	0.1743	>	6	0	90
1416	chr1	135800865	135800846	+	0.1766	0.1665	>	6	0	90
1417	chr15	58426369	58426350	+	0.1996	0.1519	>	6	0	90
1418	chr4	87367775	87367756	+	0.3853	0.1472	>	6	0	90
1419	chr2	96583103	96583084	-	0.809	0.3242	>	6	0	90
1420	chr4	63366959	63366940	-	0.1979	0.1753	>	6	0	90
1421	chr4	59761293	59761274	-	0.3435	0.2113	>	6	0	90
1422	chr10	7832162	7832143	+	0.2646	0.1672	>	6	0	90
1423	chr7	89904213	89904194	-	0.2908	0.156	>	6	0	90
1424	chr1	30697342	30697323	+	0.1025	0.1263	>	6	0	90
1425	chr1	58987602	58987583	+	0.2202	0.1498	>	6	0	90
1426	chr15	7452190	7452171	+	0.1405	0.12085	>	6	0	90
1427	chr4	139877044	139877025	+	0.3875	0.2688	>	6	0	90
1428	chr3	83291887	83291868	-	0.0825	0.137	>	6	0	90
1429	chr15	68912907	68912888	-	0.5024	0.2024	>	6	0	90
1430	chr14	64593744	64593725	-	1.073	0.5703	>	6	0	90
1431	chr1	56980349	56980330	-	0.2778	0.2322	>	6	0	90
1432	chr14	75833620	75833601	-	0.6006	0.4543	>	6	0	90
1433	chr16	62904648	62904629	-	0.217	0.1924	>	6	0	90
1434	chr5	35991229	35991210	-	1.033	1.082	>	6	0	90
1435	chr5	44287418	44287399	-	0.248	0.155	>	6	0	90
1436	chr15	76199915	76199896	-	0.07776	0.3071	>	6	0	90
1437	chr4	131240262	131240243	-	0.241	0.206	>	6	0	90
1438	chr5	102147917	102147898	-	0.228	0.2458	>	6	0	90
1439	chr3	93086926	93086907	+	0.0978	0.1787	>	6	0	90
1440	chr6	126163382	126163363	+	2.373	1.376	>	6	0	90
1441	chr3	45375769	45375750	+	1.051	0.2544	>	6	0	90
1442	chr16	90306219	90306200	-	0.3647	0.3506	>	6	0	90
1443	chr17	3249270	3249251	-	0.1843	0.136	>	6	0	90
1444	chr4	143024421	143024402	-	0.087	0.1317	>	6	0	90
1445	chr19	47513892	47513873	-	0.2471	0.1393	>	6	0	90
1446	chr6	66534595	66534576	-	1.387	0.675	>	6	0	90
1447	chr6	134963172	134963153	-	0.6475	0.5996	>	6	0	90
1448	chr14	56369245	56369226	+	0.2401	0.1912	>	6	0	90
1449	chr18	53460219	53460200	+	0.1775	0.162	>	6	0	90
1450	chr7	89476922	89476903	-	0.2163	0.1522	>	6	0	90
1451	chr6	34273116	34273097	+	0.0673	0.1545	>	6	0	90
1452	chr7	142295608	142295589	-	1.062	6.32	>	6	0	90
1453	chr3	22302208	22302189	+	0.992	0.3848	>	6	0	90
1454	chr6	31045994	31045975	-	0.7534	0.959	>	6	0	90
1455	chr9	57143378	57143359	-	0.1816	0.2302	>	6	0	90
1456	chr6	101268340	101268321	+	0.2712	0.1924	>	6	0	90
1457	chr9	58897456	58897437	-	0.7163	0.4846	>	6	0	90
1458	chr17	79601068	79601049	+	0.2245	0.12476	>	6	0	90
1459	chr16	5254607	5254588	-	0.2883	0.22	>	6	0	90
1460	chr4	83595536	83595517	+	1.783	1.041	>	6	0	90
1461	chr9	51159881	51159862	-	0.6875	0.266	>	6	0	90
1462	chr14	66354429	66354410	+	0.1142	0.1388	>	6	0	90
1463	chr5	117090283	117090264	+	0.5806	0.4014	>	6	0	90
1464	chr2	168061425	168061406	-	0.1733	0.2051	>	6	0	90
1465	chr5	9169228	9169209	+	0.3306	0.1686	>	6	0	90
1466	chr6	28418701	28418682	-	0.4202	0.266	>	6	0	90
1467	chr12	105038443	105038424	-	0.1501	0.2063	>	6	0	90
1468	chr1	182558143	182558124	-	0.2264	0.1511	>	6	0	90
1469	chr8	47713300	47713281	-	1.078	1.646	>	6	0	90
1470	chr18	47357393	47357374	+	0.2007	0.1278	>	6	0	90
1471	chr1	118771083	118771064	-	0.1254	0.2006	>	6	0	90
1472	chr16	6493044	6493025	-	0.1927	0.1516	>	6	0	90
1473	chr9	42951005	42950986	-	0.3914	0.2078	>	6	0	90
1474	chr13	53430986	53430967	-	0.6504	0.3672	>	6	0	90
1475	chr13	67609268	67609249	+	2.162	0.826	>	6	0	90
1476	chr1	53035072	53035053	+	0.1465	0.1494	>	6	0	90
1477	chr7	99471824	99471805	-	0.3745	0.4907	>	6	0	90
1478	chr11	36543574	36543555	-	0.1156	0.1614	>	6	0	90
1479	chr5	124334258	124334239	-	0.3428	0.273	>	6	0	90
1480	chr10	76771414	76771395	-	0.1296	0.2047	>	6	0	90
1481	chr10	4386719	4386700	+	0.32	0.4492	>	6	0	90
1482	chr5	116554091	116554072	+	0.0876	0.1714	>	6	0	90
1483	chr10	41734858	41734839	+	0.1406	0.2605	>	6	0	90
1484	chr10	50906875	50906856	-	0.2361	0.1674	>	6	0	90
1485	chr11	31651668	31651649	+	0.07605	0.1534	>	6	0	90
1486	chr6	116193190	116193171	+	0.3687	0.372	>	6	0	90
1487	chr1	188976509	188976490	+	0.343	0.1833	>	6	0	90
1488	chr12	101976095	101976076	+	0.681	0.4116	>	6	0	90
1489	chr15	75925915	75925896	+	0.6084	0.9233	>	6	0	90
1490	chr1	4777287	4777268	-	0.9443	1.425	>	6	0	90
1491	chr18	86560230	86560211	+	0.7866	1.138	>	6	0	90
1492	chr7	43574878	43574859	+	1.292	1.347	>	6	0	90
1493	chr7	98200601	98200582	-	0.2927	0.1711	>	6	0	90
1494	chr4	143319849	143319830	+	0.2299	0.1525	>	6	0	90
1495	chr2	128601696	128601677	-	0.1208	0.207	>	6	0	90
1496	chr17	57004491	57004472	-	0.1467	0.2932	>	6	0	90
1497	chr2	35196541	35196522	-	1.081	0.3997	>	6	0	90
1498	chr5	29779371	29779352	+	0.1531	0.1671	>	6	0	90
1499	chr10	93038429	93038410	-	0.163	0.1875	>	6	0	90
0	chr4	87368268	87368249	+	90.56	65.75	>	6	1	89
1	chr11	109860827	109860808	-	89.2	47.97	>	6	1	89
2	chr3	22309188	22309169	+	81.5	60.4	>	6	1	89
3	chr10	5161770	5161751	-	79.2	55.88	>	6	1	89
4	chr16	71247702	71247683	+	68.56	43.2	>	6	1	89
5	chr16	72980067	72980048	-	68.3	56.7	>	6	1	89
6	chr6	60556001	60555982	+	67.7	40.38	>	6	1	89
7	chr5	7996919	7996900	-	66.06	59.4	>	6	1	89
8	chr14	12140114	12140095	-	65.1	51.62	>	6	1	89
9	chr13	81439574	81439555	+	64.94	46.94	>	6	1	89
10	chr9	103996726	103996707	-	64.9	51.25	>	6	1	89
11	chr15	56066340	56066321	+	63.97	42.94	>	6	1	89
12	chr10	106609250	106609231	+	63.97	42.62	>	6	1	89
13	chr1	144380222	144380203	-	63.4	48.44	>	6	1	89
14	chr10	8240468	8240449	-	62.34	45.88	>	6	1	89
15	chr12	77000269	77000250	+	62.22	54.97	>	6	1	89
16	chr1	44745882	44745863	+	62.12	40.25	>	6	1	89
17	chr4	81178889	81178870	+	62.03	50.0	>	6	1	89
18	chr9	10909768	10909749	+	61.12	47.94	>	6	1	89
19	chr6	64650119	64650100	-	60.56	60.88	>	6	1	89
20	chr15	32766485	32766466	-	60.56	46.62	>	6	1	89
21	chr4	9135983	9135964	+	60.03	34.12	>	6	1	89
22	chr7	118305013	118304994	+	59.5	47.62	>	6	1	89
23	chr10	39520570	39520551	-	58.34	40.5	>	6	1	89
24	chr1	78724658	78724639	+	58.25	47.28	>	6	1	89
25	chr2	160598038	160598019	+	57.94	55.8	>	6	1	89
26	chr18	33790258	33790239	-	57.72	56.3	>	6	1	89
27	chr12	40837750	40837731	+	57.5	46.25	>	6	1	89
28	chr8	41443763	41443744	+	57.34	56.06	>	6	1	89
29	chr14	68494314	68494295	-	56.94	24.97	>	6	1	89
30	chr1	11657910	11657891	+	56.8	43.62	>	6	1	89
31	chr11	77100337	77100318	+	55.88	49.25	>	6	1	89
32	chr16	41244935	41244916	-	55.72	48.0	>	6	1	89
33	chr14	87452291	87452272	-	55.72	63.0	>	6	1	89
34	chr18	16217050	16217031	+	54.9	26.8	>	6	1	89
35	chr11	53255133	53255114	-	54.8	39.5	>	6	1	89
36	chr9	7216447	7216428	+	54.56	27.64	>	6	1	89
37	chr8	35850598	35850579	-	54.5	50.94	>	6	1	89
38	chr8	102781131	102781112	-	54.44	41.34	>	6	1	89
39	chr5	49962010	49961991	-	54.16	50.88	>	6	1	89
40	chr7	90410162	90410143	-	54.06	39.75	>	6	1	89
41	chr4	15328717	15328698	+	54.03	40.72	>	6	1	89
42	chr11	31949616	31949597	-	54.0	41.44	>	6	1	89
43	chr1	120586671	120586652	+	53.8	57.06	>	6	1	89
44	chr13	19698921	19698902	+	53.16	40.8	>	6	1	89
45	chr12	57825950	57825931	+	53.03	34.38	>	6	1	89
46	chr16	72215933	72215914	-	52.7	45.56	>	6	1	89
47	chr9	15685402	15685383	+	52.62	45.03	>	6	1	89
48	chr10	10321327	10321308	-	52.47	23.97	>	6	1	89
49	chr9	49494135	49494116	+	52.4	51.5	>	6	1	89
50	chr3	50906169	50906150	-	52.12	57.06	>	6	1	89
51	chr11	57467973	57467954	-	52.03	54.47	>	6	1	89
52	chr11	113165316	113165297	-	51.88	57.94	>	6	1	89
53	chr9	51152608	51152589	-	51.8	48.22	>	6	1	89
54	chr16	58299658	58299639	+	51.56	30.08	>	6	1	89
55	chr16	22564783	22564764	+	51.44	49.16	>	6	1	89
56	chr8	36523135	36523116	-	51.4	44.44	>	6	1	89
57	chr14	34810941	34810922	+	51.3	52.97	>	6	1	89
58	chr6	101261740	101261721	-	51.0	49.47	>	6	1	89
59	chr7	132213694	132213675	-	50.8	38.62	>	6	1	89
60	chr2	48886271	48886252	-	50.28	44.53	>	6	1	89
61	chr12	54060974	54060955	-	50.12	27.78	>	6	1	89
62	chr1	5905019	5905000	-	50.06	44.22	>	6	1	89
63	chr9	26776375	26776356	-	50.0	53.88	>	6	1	89
64	chr1	103799519	103799500	+	49.53	56.44	>	6	1	89
65	chr9	88222188	88222169	-	49.5	40.1	>	6	1	89
66	chr18	58481884	58481865	-	49.28	39.28	>	6	1	89
67	chr13	100112788	100112769	+	49.16	37.22	>	6	1	89
68	chr3	14679394	14679375	+	49.06	29.97	>	6	1	89
69	chr16	37109459	37109440	+	48.75	19.0	>	6	1	89
70	chr3	153655318	153655299	-	48.72	48.28	>	6	1	89
71	chr16	89765698	89765679	-	48.38	54.0	>	6	1	89
72	chr13	89543228	89543209	-	48.3	56.84	>	6	1	89
73	chr11	40149509	40149490	-	48.28	36.34	>	6	1	89
74	chr3	113080940	113080921	-	48.2	53.4	>	6	1	89
75	chr10	70963797	70963778	-	47.53	51.97	>	6	1	89
76	chr6	66533480	66533461	-	47.34	41.22	>	6	1	89
77	chr18	57976815	57976796	+	47.28	41.3	>	6	1	89
78	chr12	92303388	92303369	+	47.12	48.12	>	6	1	89
79	chr6	43686140	43686121	+	47.1	34.0	>	6	1	89
80	chr15	11038687	11038668	+	47.06	40.16	>	6	1	89
81	chr6	13281064	13281045	-	47.06	44.4	>	6	1	89
82	chr4	25180081	25180062	-	46.94	22.34	>	6	1	89
83	chr2	110229883	110229864	+	46.8	37.2	>	6	1	89
84	chr2	118638293	118638274	+	46.34	48.4	>	6	1	89
85	chr14	67674858	67674839	-	46.2	40.62	>	6	1	89
86	chr1	179477262	179477243	-	45.97	54.9	>	6	1	89
87	chr12	78056191	78056172	+	45.84	48.03	>	6	1	89
88	chr15	44836402	44836383	+	45.7	45.75	>	6	1	89
89	chr9	80293262	80293243	+	45.3	48.66	>	6	1	89
90	chr1	21411405	21411386	+	45.28	35.97	>	6	1	89
91	chr8	80483379	80483360	-	45.28	32.34	>	6	1	89
92	chr16	55477026	55477007	-	44.9	60.88	>	6	1	89
93	chr9	122729759	122729740	-	44.72	40.56	>	6	1	89
94	chr2	17415581	17415562	-	44.56	38.03	>	6	1	89
95	chr4	13778049	13778030	-	44.5	20.47	>	6	1	89
96	chr16	64748455	64748436	-	44.47	52.25	>	6	1	89
97	chr6	57570627	57570608	-	44.28	34.06	>	6	1	89
98	chr16	13117421	13117402	+	44.28	48.25	>	6	1	89
99	chr1	54381475	54381456	-	44.12	34.1	>	6	1	89
100	chr15	40166896	40166877	+	44.03	40.53	>	6	1	89
101	chr17	83271696	83271677	+	44.0	39.2	>	6	1	89
102	chr9	63136063	63136044	+	43.94	32.22	>	6	1	89
103	chr3	68056550	68056531	+	43.88	35.0	>	6	1	89
104	chr3	25220822	25220803	-	43.8	23.62	>	6	1	89
105	chr7	118102455	118102436	-	43.53	59.94	>	6	1	89
106	chr9	51335485	51335466	+	43.47	26.75	>	6	1	89
107	chr16	96671807	96671788	-	43.4	27.66	>	6	1	89
108	chr2	113494904	113494885	+	43.34	43.28	>	6	1	89
109	chr1	55404561	55404542	+	43.25	39.06	>	6	1	89
110	chr3	80079969	80079950	+	43.0	35.7	>	6	1	89
111	chr11	25862989	25862970	-	42.66	37.9	>	6	1	89
112	chr13	109213188	109213169	-	42.6	60.5	>	6	1	89
113	chr8	58566283	58566264	+	42.56	33.8	>	6	1	89
114	chr16	72218227	72218208	+	42.38	47.1	>	6	1	89
115	chr14	102510640	102510621	-	42.34	35.9	>	6	1	89
116	chr7	143154010	143153991	+	42.16	43.66	>	6	1	89
117	chr6	143219585	143219566	+	42.1	41.62	>	6	1	89
118	chr17	86906334	86906315	-	41.97	47.25	>	6	1	89
119	chr8	62080400	62080381	+	41.97	30.6	>	6	1	89
120	chr3	57843985	57843966	+	41.94	43.75	>	6	1	89
121	chr18	3495634	3495615	+	41.62	36.03	>	6	1	89
122	chr7	125393847	125393828	-	41.56	47.0	>	6	1	89
123	chr7	86211564	86211545	-	41.56	46.4	>	6	1	89
124	chr9	60245127	60245108	+	41.38	43.16	>	6	1	89
125	chr6	131353859	131353840	-	41.3	15.89	>	6	1	89
126	chr15	98173991	98173972	-	41.25	24.88	>	6	1	89
127	chr17	88641249	88641230	-	41.12	34.25	>	6	1	89
128	chr9	87027908	87027889	+	41.1	38.34	>	6	1	89
129	chr4	70621553	70621534	-	40.97	48.38	>	6	1	89
130	chr12	41487236	41487217	-	40.88	35.94	>	6	1	89
131	chr4	127368548	127368529	+	40.8	49.72	>	6	1	89
132	chr8	50293750	50293731	-	40.75	48.2	>	6	1	89
133	chr16	27468981	27468962	+	40.75	34.62	>	6	1	89
134	chr7	121641354	121641335	-	40.7	30.69	>	6	1	89
135	chr3	29726795	29726776	-	40.7	30.42	>	6	1	89
136	chr14	29110872	29110853	-	40.66	51.22	>	6	1	89
137	chr13	116712427	116712408	-	40.62	33.1	>	6	1	89
138	chr18	19939562	19939543	-	40.47	45.7	>	6	1	89
139	chr15	80704533	80704514	-	40.28	46.53	>	6	1	89
140	chr18	50137074	50137055	+	40.28	37.62	>	6	1	89
141	chr13	15763212	15763193	-	40.25	29.53	>	6	1	89
142	chr19	50185486	50185467	+	40.22	44.2	>	6	1	89
143	chr12	74013965	74013946	-	40.22	40.8	>	6	1	89
144	chr1	138835543	138835524	+	40.06	20.81	>	6	1	89
145	chr15	55550924	55550905	-	40.06	37.12	>	6	1	89
146	chr1	61771439	61771420	-	40.06	23.55	>	6	1	89
147	chr12	34664961	34664942	+	40.0	19.7	>	6	1	89
148	chr14	78288101	78288082	-	39.8	38.8	>	6	1	89
149	chr2	4499416	4499397	+	39.78	33.88	>	6	1	89
150	chr13	30260132	30260113	-	39.75	32.75	>	6	1	89
151	chr9	68015271	68015252	+	39.2	39.0	>	6	1	89
152	chr1	126993502	126993483	-	39.06	47.2	>	6	1	89
153	chr16	25349824	25349805	-	39.0	41.2	>	6	1	89
154	chr1	14729249	14729230	-	38.94	39.3	>	6	1	89
155	chr15	59389427	59389408	+	38.7	46.34	>	6	1	89
156	chr6	100882590	100882571	+	38.66	49.44	>	6	1	89
157	chr3	9711121	9711102	+	38.62	35.47	>	6	1	89
158	chr6	21214019	21214000	-	38.47	24.2	>	6	1	89
159	chr17	42603617	42603598	-	38.47	42.5	>	6	1	89
160	chr4	80517548	80517529	-	38.47	41.4	>	6	1	89
161	chr9	85328584	85328565	-	38.28	30.06	>	6	1	89
162	chr17	44262001	44261982	+	38.22	44.16	>	6	1	89
163	chr10	102449665	102449646	+	38.2	48.84	>	6	1	89
164	chr17	14520745	14520726	-	38.12	30.45	>	6	1	89
165	chr13	51830925	51830906	+	38.0	56.0	>	6	1	89
166	chr12	83502436	83502417	-	37.97	34.4	>	6	1	89
167	chr5	75853265	75853246	-	37.94	27.88	>	6	1	89
168	chr13	110382742	110382723	+	37.88	61.84	>	6	1	89
169	chr5	62481159	62481140	-	37.8	35.4	>	6	1	89
170	chr7	49121503	49121484	-	37.7	29.61	>	6	1	89
171	chr15	11966575	11966556	-	37.66	34.72	>	6	1	89
172	chr3	31146135	31146116	+	37.53	44.5	>	6	1	89
173	chr2	37815879	37815860	+	37.47	39.2	>	6	1	89
174	chr5	33033442	33033423	-	37.44	48.28	>	6	1	89
175	chr9	7595466	7595447	-	37.4	28.72	>	6	1	89
176	chr5	21641153	21641134	-	37.3	33.66	>	6	1	89
177	chr14	48367302	48367283	-	37.12	39.88	>	6	1	89
178	chr17	14524624	14524605	+	37.1	38.88	>	6	1	89
179	chr4	84064835	84064816	+	37.06	23.38	>	6	1	89
180	chr4	63368786	63368767	+	37.06	51.6	>	6	1	89
181	chr5	102149680	102149661	+	37.03	38.97	>	6	1	89
182	chr12	32897684	32897665	-	36.88	40.9	>	6	1	89
183	chr16	91936532	91936513	+	36.72	43.06	>	6	1	89
184	chr6	37046379	37046360	-	36.72	47.7	>	6	1	89
185	chr18	59081896	59081877	+	36.7	37.34	>	6	1	89
186	chr6	103697552	103697533	-	36.3	43.6	>	6	1	89
187	chr18	19937930	19937911	+	36.3	37.56	>	6	1	89
188	chr6	93757594	93757575	+	36.28	18.31	>	6	1	89
189	chr17	9756371	9756352	+	36.28	21.2	>	6	1	89
190	chr2	96585854	96585835	+	36.25	26.84	>	6	1	89
191	chr11	82915176	82915157	+	36.2	36.34	>	6	1	89
192	chr6	6005837	6005818	+	36.03	35.2	>	6	1	89
193	chr1	98392238	98392219	-	36.03	38.97	>	6	1	89
194	chr7	48749384	48749365	+	35.94	38.3	>	6	1	89
195	chr11	105911812	105911793	-	35.9	37.8	>	6	1	89
196	chr10	45045486	45045467	-	35.8	35.22	>	6	1	89
197	chr2	4492748	4492729	-	35.75	19.97	>	6	1	89
198	chr6	18087397	18087378	+	35.75	40.84	>	6	1	89
199	chr5	90203341	90203322	+	35.7	41.12	>	6	1	89
200	chr7	136489148	136489129	+	35.62	28.06	>	6	1	89
201	chr9	109862620	109862601	-	35.6	34.12	>	6	1	89
202	chr15	59876355	59876336	+	35.3	32.16	>	6	1	89
203	chr14	76473612	76473593	-	35.25	45.66	>	6	1	89
204	chr3	128349320	128349301	+	35.03	41.75	>	6	1	89
205	chr3	45375963	45375944	+	35.03	23.92	>	6	1	89
206	chr3	133314669	133314650	+	34.97	39.0	>	6	1	89
207	chr1	96801850	96801831	-	34.84	30.55	>	6	1	89
208	chr7	115216958	115216939	+	34.62	30.45	>	6	1	89
209	chr9	59282577	59282558	-	34.62	26.88	>	6	1	89
210	chr2	148112135	148112116	-	34.5	31.5	>	6	1	89
211	chr18	52457916	52457897	-	34.47	28.2	>	6	1	89
212	chr6	56691454	56691435	-	34.34	42.2	>	6	1	89
213	chr13	20292580	20292561	-	34.3	38.5	>	6	1	89
214	chr13	57260119	57260100	-	34.25	52.66	>	6	1	89
215	chr13	113877615	113877596	+	34.25	36.75	>	6	1	89
216	chr13	116715029	116715010	-	34.1	31.72	>	6	1	89
217	chr4	83596692	83596673	-	34.1	52.75	>	6	1	89
218	chr8	64941619	64941600	-	34.06	33.75	>	6	1	89
219	chr3	51701488	51701469	+	34.03	22.56	>	6	1	89
220	chr14	120061322	120061303	-	33.84	29.2	>	6	1	89
221	chr7	75910166	75910147	+	33.8	57.6	>	6	1	89
222	chr4	98702698	98702679	-	33.78	31.62	>	6	1	89
223	chr3	146185137	146185118	+	33.62	52.6	>	6	1	89
224	chr4	151157152	151157133	+	33.53	59.38	>	6	1	89
225	chr5	43391861	43391842	-	33.5	21.5	>	6	1	89
226	chr11	93856511	93856492	-	33.47	26.19	>	6	1	89
227	chr14	59605843	59605824	+	33.47	40.3	>	6	1	89
228	chr14	84438580	84438561	+	33.44	23.31	>	6	1	89
229	chr12	50943824	50943805	-	33.28	38.56	>	6	1	89
230	chr7	83550335	83550316	-	33.2	30.12	>	6	1	89
231	chr6	117167008	117166989	+	33.03	30.3	>	6	1	89
232	chr4	12538791	12538772	+	33.0	21.84	>	6	1	89
233	chr18	47353079	47353060	+	32.84	24.58	>	6	1	89
234	chr5	12541496	12541477	-	32.72	22.56	>	6	1	89
235	chr2	60721127	60721108	+	32.72	22.53	>	6	1	89
236	chr11	78838251	78838232	+	32.72	51.5	>	6	1	89
237	chr8	73356225	73356206	+	32.62	23.39	>	6	1	89
238	chr12	10598567	10598548	+	32.5	41.56	>	6	1	89
239	chr19	20345158	20345139	-	32.25	47.94	>	6	1	89
240	chr17	58909486	58909467	-	32.16	39.4	>	6	1	89
241	chr10	69655037	69655018	-	32.12	36.56	>	6	1	89
242	chr4	3967733	3967714	-	32.12	41.75	>	6	1	89
243	chr16	21192795	21192776	-	32.06	38.78	>	6	1	89
244	chr11	12291593	12291574	-	32.0	15.54	>	6	1	89
245	chr11	117385082	117385063	+	31.83	36.6	>	6	1	89
246	chr12	32292095	32292076	+	31.73	20.83	>	6	1	89
247	chr4	64833096	64833077	+	31.69	34.34	>	6	1	89
248	chr13	47301245	47301226	+	31.67	43.9	>	6	1	89
249	chr1	89631957	89631938	-	31.56	45.38	>	6	1	89
250	chr9	69296601	69296582	-	31.53	38.66	>	6	1	89
251	chr3	53735364	53735345	+	31.28	24.5	>	6	1	89
252	chr10	45373471	45373452	-	31.2	37.7	>	6	1	89
253	chr8	91797725	91797706	+	31.19	30.23	>	6	1	89
254	chr4	88035662	88035643	+	31.06	19.66	>	6	1	89
255	chr2	75151187	75151168	-	31.05	37.9	>	6	1	89
256	chr14	66791971	66791952	-	31.02	32.1	>	6	1	89
257	chr2	93199062	93199043	-	30.9	51.25	>	6	1	89
258	chr2	73551006	73550987	+	30.86	53.72	>	6	1	89
259	chr12	89451144	89451125	-	30.81	40.1	>	6	1	89
260	chr16	66086729	66086710	-	30.81	33.7	>	6	1	89
261	chr14	114791647	114791628	-	30.72	37.2	>	6	1	89
262	chr4	43420547	43420528	-	30.61	34.5	>	6	1	89
263	chr1	87447687	87447668	+	30.56	32.53	>	6	1	89
264	chr15	55306471	55306452	+	30.56	24.06	>	6	1	89
265	chr15	97667578	97667559	+	30.52	37.12	>	6	1	89
266	chr2	16359548	16359529	+	30.47	16.92	>	6	1	89
267	chr14	8356099	8356080	+	30.42	51.06	>	6	1	89
268	chr3	19894816	19894797	-	30.38	33.66	>	6	1	89
269	chr12	43813750	43813731	-	30.34	24.06	>	6	1	89
270	chr2	27770378	27770359	+	30.12	46.8	>	6	1	89
271	chr16	48675836	48675817	-	30.12	28.97	>	6	1	89
272	chr10	13016733	13016714	+	30.1	53.44	>	6	1	89
273	chr2	76367359	76367340	+	30.05	30.6	>	6	1	89
274	chr2	115515230	115515211	+	30.05	12.29	>	6	1	89
275	chr19	16785108	16785089	-	30.03	27.4	>	6	1	89
276	chr3	78948444	78948425	+	30.03	29.16	>	6	1	89
277	chr1	37250876	37250857	-	29.94	25.45	>	6	1	89
278	chr18	74431409	74431390	+	29.94	28.48	>	6	1	89
279	chr1	38787652	38787633	-	29.89	46.22	>	6	1	89
280	chr3	14874584	14874565	+	29.88	22.88	>	6	1	89
281	chr9	69505778	69505759	+	29.88	30.58	>	6	1	89
282	chr10	84450913	84450894	-	29.77	31.7	>	6	1	89
283	chr2	172216047	172216028	-	29.77	65.06	>	6	1	89
284	chr10	97712895	97712876	+	29.72	22.83	>	6	1	89
285	chr1	4770074	4770055	+	29.72	39.66	>	6	1	89
286	chr12	50301580	50301561	-	29.69	16.55	>	6	1	89
287	chr15	85266923	85266904	+	29.69	42.06	>	6	1	89
288	chr4	85403030	85403011	+	29.62	27.23	>	6	1	89
289	chr6	97526370	97526351	-	29.53	31.17	>	6	1	89
290	chr8	112046096	112046077	+	29.5	62.6	>	6	1	89
291	chr12	96311368	96311349	-	29.48	23.8	>	6	1	89
292	chr1	93507239	93507220	-	29.45	32.5	>	6	1	89
293	chr13	21714927	21714908	+	29.4	37.72	>	6	1	89
294	chr6	49008180	49008161	+	29.38	27.1	>	6	1	89
295	chr17	17749545	17749526	-	29.36	32.88	>	6	1	89
296	chr6	145360253	145360234	+	29.34	33.62	>	6	1	89
297	chr7	17066630	17066611	-	29.27	41.75	>	6	1	89
298	chr12	81788850	81788831	-	29.25	32.47	>	6	1	89
299	chr7	129649172	129649153	+	29.19	42.88	>	6	1	89
300	chr14	104039053	104039034	+	29.17	41.16	>	6	1	89
301	chr13	41634744	41634725	-	29.08	40.84	>	6	1	89
302	chr7	138835232	138835213	-	29.02	47.88	>	6	1	89
303	chr15	97195797	97195778	+	28.92	38.5	>	6	1	89
304	chr1	119087737	119087718	+	28.89	50.28	>	6	1	89
305	chr4	85819373	85819354	-	28.86	29.28	>	6	1	89
306	chr11	30657307	30657288	-	28.86	6.477	>	6	1	89
307	chr5	49369245	49369226	+	28.66	27.94	>	6	1	89
308	chr6	106805067	106805048	+	28.61	20.38	>	6	1	89
309	chr6	31660958	31660939	+	28.53	52.9	>	6	1	89
310	chr12	8306749	8306730	-	28.48	47.94	>	6	1	89
311	chr13	42822785	42822766	-	28.47	44.4	>	6	1	89
312	chr15	34968778	34968759	+	28.4	27.94	>	6	1	89
313	chr7	68369859	68369840	+	28.38	58.97	>	6	1	89
314	chr15	80266443	80266424	+	28.33	34.62	>	6	1	89
315	chr6	102171110	102171091	+	28.19	24.06	>	6	1	89
316	chr16	72605273	72605254	-	28.11	17.7	>	6	1	89
317	chr18	65490506	65490487	+	28.06	33.94	>	6	1	89
318	chr3	55373775	55373756	+	28.0	19.75	>	6	1	89
319	chr1	53927814	53927795	-	27.97	28.48	>	6	1	89
320	chr2	160368066	160368047	-	27.95	21.97	>	6	1	89
321	chr10	42295232	42295213	-	27.94	37.8	>	6	1	89
322	chr7	116040411	116040392	-	27.9	26.19	>	6	1	89
323	chr10	116197535	116197516	-	27.81	28.58	>	6	1	89
324	chr5	20773533	20773514	-	27.81	20.77	>	6	1	89
325	chr12	80725012	80724993	-	27.73	38.97	>	6	1	89
326	chr15	66899881	66899862	-	27.6	21.5	>	6	1	89
327	chr18	16822208	16822189	-	27.56	13.28	>	6	1	89
328	chr18	14503254	14503235	-	27.55	19.48	>	6	1	89
329	chr5	98344786	98344767	+	27.44	28.3	>	6	1	89
330	chr10	77517236	77517217	+	27.39	30.44	>	6	1	89
331	chr1	44741472	44741453	-	27.38	6.344	>	6	1	89
332	chr6	127945983	127945964	-	27.28	24.97	>	6	1	89
333	chr16	42914955	42914936	-	27.27	20.78	>	6	1	89
334	chr18	39137558	39137539	+	27.11	15.805	>	6	1	89
335	chr13	42575907	42575888	+	27.11	22.34	>	6	1	89
336	chr2	13278209	13278190	+	27.06	48.53	>	6	1	89
337	chr18	43836585	43836566	-	27.06	22.66	>	6	1	89
338	chr4	114647896	114647877	+	27.05	26.58	>	6	1	89
339	chr16	44149214	44149195	-	27.03	37.28	>	6	1	89
340	chr13	109776299	109776280	+	27.02	27.47	>	6	1	89
341	chr19	30217515	30217496	+	27.0	44.25	>	6	1	89
342	chr6	61316075	61316056	+	26.94	38.16	>	6	1	89
343	chr17	78598832	78598813	+	26.92	37.16	>	6	1	89
344	chr2	117231457	117231438	-	26.88	23.62	>	6	1	89
345	chr4	115101816	115101797	+	26.84	34.88	>	6	1	89
346	chr10	57448131	57448112	-	26.8	44.97	>	6	1	89
347	chr13	113046665	113046646	+	26.77	22.72	>	6	1	89
348	chr4	110022447	110022428	-	26.58	43.47	>	6	1	89
349	chr7	101653829	101653810	+	26.5	47.97	>	6	1	89
350	chr5	67756338	67756319	+	26.5	26.55	>	6	1	89
351	chr3	62192717	62192698	-	26.5	17.1	>	6	1	89
352	chr10	17728146	17728127	-	26.45	14.96	>	6	1	89
353	chr5	37752557	37752538	-	26.33	30.73	>	6	1	89
354	chr1	60961316	60961297	-	26.3	26.22	>	6	1	89
355	chr17	68176981	68176962	+	26.27	18.84	>	6	1	89
356	chr7	37357871	37357852	-	26.2	67.6	>	6	1	89
357	chr4	32572316	32572297	-	26.16	44.75	>	6	1	89
358	chr4	96696741	96696722	+	26.12	32.22	>	6	1	89
359	chr4	109729491	109729472	-	26.06	50.3	>	6	1	89
360	chr10	111977780	111977761	+	25.78	32.1	>	6	1	89
361	chr5	45424489	45424470	-	25.73	30.9	>	6	1	89
362	chr2	61494577	61494558	-	25.72	22.25	>	6	1	89
363	chr6	13287046	13287027	+	25.69	21.62	>	6	1	89
364	chr9	116060829	116060810	+	25.66	36.5	>	6	1	89
365	chr8	17537753	17537734	-	25.64	36.44	>	6	1	89
366	chr9	77781636	77781617	-	25.62	27.94	>	6	1	89
367	chr15	5106460	5106441	-	25.56	29.45	>	6	1	89
368	chr17	93141334	93141315	-	25.53	33.03	>	6	1	89
369	chr6	97759520	97759501	+	25.52	17.88	>	6	1	89
370	chr8	119384750	119384731	-	25.47	45.94	>	6	1	89
371	chr6	88113322	88113303	+	25.38	41.75	>	6	1	89
372	chr15	101984527	101984508	-	25.38	56.7	>	6	1	89
373	chr8	54493335	54493316	-	25.34	39.7	>	6	1	89
374	chr9	24119622	24119603	+	25.33	14.83	>	6	1	89
375	chr3	50077169	50077150	-	25.31	24.22	>	6	1	89
376	chr4	47419767	47419748	+	25.23	44.03	>	6	1	89
377	chr2	76115910	76115891	+	25.22	28.97	>	6	1	89
378	chr15	67174759	67174740	+	25.2	12.74	>	6	1	89
379	chr8	125574509	125574490	+	25.17	12.85	>	6	1	89
380	chr1	161737065	161737046	-	25.11	39.75	>	6	1	89
381	chr3	85571455	85571436	-	25.1	9.7	>	6	1	89
382	chr18	19577078	19577059	-	25.02	27.28	>	6	1	89
383	chr19	36083087	36083068	-	25.0	29.4	>	6	1	89
384	chr8	115709616	115709597	-	24.98	9.14	>	6	1	89
385	chr10	126330794	126330775	-	24.84	24.02	>	6	1	89
386	chr15	25993551	25993532	+	24.81	33.28	>	6	1	89
387	chr5	131430355	131430336	-	24.78	45.44	>	6	1	89
388	chr1	9545352	9545333	-	24.78	38.06	>	6	1	89
389	chr19	28768445	28768426	-	24.75	36.44	>	6	1	89
390	chr10	24630876	24630857	+	24.72	22.94	>	6	1	89
391	chr17	54351102	54351083	+	24.53	15.79	>	6	1	89
392	chr16	20496806	20496787	+	24.47	28.86	>	6	1	89
393	chr12	109394024	109394005	-	24.44	15.02	>	6	1	89
394	chr13	21803288	21803269	-	24.42	40.1	>	6	1	89
395	chr3	103392995	103392976	+	24.38	33.9	>	6	1	89
396	chr15	25428758	25428739	+	24.31	24.08	>	6	1	89
397	chr3	135206860	135206841	-	24.3	9.21	>	6	1	89
398	chr8	65139261	65139242	+	24.3	33.56	>	6	1	89
399	chr9	29650850	29650831	-	24.23	35.72	>	6	1	89
400	chr3	127971093	127971074	+	24.2	46.1	>	6	1	89
401	chr2	104035038	104035019	+	24.16	33.7	>	6	1	89
402	chr9	81635302	81635283	+	24.11	12.08	>	6	1	89
403	chr6	95484597	95484578	+	24.03	13.41	>	6	1	89
404	chr14	72293991	72293972	-	23.83	34.2	>	6	1	89
405	chr18	65490035	65490016	-	23.72	29.94	>	6	1	89
406	chr12	38123788	38123769	-	23.66	16.0	>	6	1	89
407	chr18	70184838	70184819	-	23.66	11.39	>	6	1	89
408	chr3	152095252	152095233	-	23.53	23.67	>	6	1	89
409	chr8	32002994	32002975	-	23.5	23.94	>	6	1	89
410	chr11	22206830	22206811	-	23.48	11.1	>	6	1	89
411	chr5	76541051	76541032	-	23.44	19.22	>	6	1	89
412	chr10	52106337	52106318	+	23.38	22.61	>	6	1	89
413	chr1	84697462	84697443	-	23.38	25.22	>	6	1	89
414	chr1	67181385	67181366	+	23.34	35.0	>	6	1	89
415	chr6	101267027	101267008	+	23.31	12.77	>	6	1	89
416	chr6	129255175	129255156	-	23.25	41.8	>	6	1	89
417	chr4	115710017	115709998	-	23.19	25.83	>	6	1	89
418	chr2	118241614	118241595	-	23.19	37.16	>	6	1	89
419	chr8	71371784	71371765	+	23.11	28.11	>	6	1	89
420	chr7	73422670	73422651	-	23.11	37.7	>	6	1	89
421	chr5	33039602	33039583	+	23.05	27.48	>	6	1	89
422	chr2	153143004	153142985	-	23.02	20.31	>	6	1	89
423	chr14	98181824	98181805	-	23.0	7.93	>	6	1	89
424	chr2	136887058	136887039	-	22.97	12.49	>	6	1	89
425	chr1	135136701	135136682	-	22.88	42.44	>	6	1	89
426	chr5	4948481	4948462	-	22.86	27.0	>	6	1	89
427	chr10	71422814	71422795	+	22.81	51.25	>	6	1	89
428	chr8	64597251	64597232	-	22.66	30.06	>	6	1	89
429	chr1	162336834	162336815	-	22.45	14.914	>	6	1	89
430	chr9	94738996	94738977	+	22.42	42.94	>	6	1	89
431	chr17	53403136	53403117	+	22.4	18.28	>	6	1	89
432	chr2	155811920	155811901	-	22.36	51.28	>	6	1	89
433	chr12	52010769	52010750	+	22.33	16.6	>	6	1	89
434	chr3	44912870	44912851	-	22.31	11.58	>	6	1	89
435	chr5	98348848	98348829	+	22.25	34.97	>	6	1	89
436	chr15	80706301	80706282	+	22.25	25.52	>	6	1	89
437	chr1	167932285	167932266	-	22.22	36.66	>	6	1	89
438	chr14	121455709	121455690	-	22.2	25.7	>	6	1	89
439	chr4	98243714	98243695	-	22.16	26.34	>	6	1	89
440	chr4	143027468	143027449	+	22.14	29.11	>	6	1	89
441	chr2	153668926	153668907	+	22.14	25.36	>	6	1	89
442	chr9	41461929	41461910	-	22.14	12.42	>	6	1	89
443	chr4	109431143	109431124	-	22.1	22.34	>	6	1	89
444	chr5	44831505	44831486	-	22.08	22.05	>	6	1	89
445	chr8	119676601	119676582	-	22.03	33.06	>	6	1	89
446	chr17	40824060	40824041	-	22.02	34.28	>	6	1	89
447	chr15	37102366	37102347	-	22.0	13.84	>	6	1	89
448	chr1	119083862	119083843	-	21.92	45.47	>	6	1	89
449	chr5	41044703	41044684	-	21.78	28.61	>	6	1	89
450	chr19	24622032	24622013	+	21.77	22.19	>	6	1	89
451	chr3	58159626	58159607	-	21.75	32.1	>	6	1	89
452	chr1	38130140	38130121	-	21.75	23.66	>	6	1	89
453	chr2	129472129	129472110	-	21.73	30.17	>	6	1	89
454	chr9	15682043	15682024	-	21.73	11.22	>	6	1	89
455	chr9	69502720	69502701	-	21.7	34.7	>	6	1	89
456	chr14	21120676	21120657	+	21.69	43.16	>	6	1	89
457	chr7	110645588	110645569	-	21.69	43.56	>	6	1	89
458	chr16	78950579	78950560	-	21.64	3.295	>	6	1	89
459	chr7	131899517	131899498	+	21.56	16.44	>	6	1	89
460	chr8	106403484	106403465	-	21.53	20.23	>	6	1	89
461	chr17	73303429	73303410	+	21.48	50.6	>	6	1	89
462	chr1	83727325	83727306	+	21.48	26.81	>	6	1	89
463	chr13	29857603	29857584	+	21.42	9.836	>	6	1	89
464	chr14	104033786	104033767	+	21.34	21.16	>	6	1	89
465	chr7	119011391	119011372	+	21.31	35.56	>	6	1	89
466	chr1	69165377	69165358	+	21.31	25.0	>	6	1	89
467	chr1	192727176	192727157	+	21.28	21.9	>	6	1	89
468	chr9	50438293	50438274	-	21.2	27.17	>	6	1	89
469	chr15	46990407	46990388	-	21.14	10.516	>	6	1	89
470	chr13	73646874	73646855	+	21.14	37.5	>	6	1	89
471	chr16	67089956	67089937	+	21.12	15.94	>	6	1	89
472	chr2	83332995	83332976	-	21.02	18.14	>	6	1	89
473	chr8	10415030	10415011	+	21.0	37.3	>	6	1	89
474	chr1	35716149	35716130	-	20.89	18.69	>	6	1	89
475	chr7	43920039	43920020	-	20.83	34.3	>	6	1	89
476	chr8	15138726	15138707	+	20.81	41.03	>	6	1	89
477	chr13	6515705	6515686	+	20.8	28.08	>	6	1	89
478	chr2	64948996	64948977	-	20.72	23.2	>	6	1	89
479	chr19	20345737	20345718	+	20.7	55.44	>	6	1	89
480	chr5	33994851	33994832	+	20.64	14.97	>	6	1	89
481	chr14	76479953	76479934	+	20.62	37.16	>	6	1	89
482	chr3	144737048	144737029	+	20.58	28.33	>	6	1	89
483	chr2	13597223	13597204	-	20.5	12.72	>	6	1	89
484	chr9	118908437	118908418	-	20.5	27.45	>	6	1	89
485	chr4	153484615	153484596	-	20.39	17.89	>	6	1	89
486	chr19	12433211	12433192	+	20.36	28.34	>	6	1	89
487	chr15	31611224	31611205	+	20.34	11.17	>	6	1	89
488	chr3	107206198	107206179	+	20.34	39.22	>	6	1	89
489	chr17	86909946	86909927	+	20.31	22.38	>	6	1	89
490	chr7	89473669	89473650	-	20.22	24.19	>	6	1	89
491	chr6	35252603	35252584	+	20.22	32.56	>	6	1	89
492	chr6	126168001	126167982	-	20.17	8.76	>	6	1	89
493	chr16	42169942	42169923	+	20.12	43.34	>	6	1	89
494	chr6	90607354	90607335	+	20.11	24.86	>	6	1	89
495	chr6	31664664	31664645	+	20.11	41.5	>	6	1	89
496	chr13	100002039	100002020	+	20.02	21.73	>	6	1	89
497	chr6	97523337	97523318	-	19.97	25.72	>	6	1	89
498	chr4	123529452	123529433	-	19.95	17.69	>	6	1	89
499	chr18	53744741	53744722	-	19.94	29.1	>	6	1	89
500	chr9	13849232	13849213	+	19.9	15.484	>	6	1	89
501	chr15	14052128	14052109	-	19.89	12.375	>	6	1	89
502	chr3	68053761	68053742	-	19.88	27.33	>	6	1	89
503	chr14	50799990	50799971	+	19.83	30.28	>	6	1	89
504	chr8	50292348	50292329	+	19.83	31.36	>	6	1	89
505	chr19	52993242	52993223	-	19.81	45.25	>	6	1	89
506	chr8	24546435	24546416	-	19.8	56.1	>	6	1	89
507	chr2	166085186	166085167	+	19.78	40.2	>	6	1	89
508	chr15	80260893	80260874	-	19.75	33.7	>	6	1	89
509	chr18	75606699	75606680	+	19.72	50.94	>	6	1	89
510	chr2	135957961	135957942	-	19.69	27.1	>	6	1	89
511	chr11	75179118	75179099	+	19.67	22.83	>	6	1	89
512	chr6	77628987	77628968	+	19.66	40.56	>	6	1	89
513	chr4	82614384	82614365	-	19.62	15.836	>	6	1	89
514	chr17	27190013	27189994	+	19.5	26.89	>	6	1	89
515	chr14	121451301	121451282	-	19.45	26.11	>	6	1	89
516	chr9	69987821	69987802	-	19.44	12.234	>	6	1	89
517	chr6	40479902	40479883	+	19.42	24.72	>	6	1	89
518	chr4	82619779	82619760	-	19.42	11.22	>	6	1	89
519	chr2	160593235	160593216	-	19.4	45.8	>	6	1	89
520	chr4	48691990	48691971	+	19.4	34.88	>	6	1	89
521	chr1	11140123	11140104	-	19.39	7.324	>	6	1	89
522	chr6	67858160	67858141	+	19.36	18.55	>	6	1	89
523	chr1	91914028	91914009	+	19.36	22.06	>	6	1	89
524	chr15	76196896	76196877	+	19.33	35.8	>	6	1	89
525	chr11	43767011	43766992	+	19.27	27.44	>	6	1	89
526	chr17	8463677	8463658	+	19.23	31.38	>	6	1	89
527	chr2	60442102	60442083	-	19.22	10.555	>	6	1	89
528	chr10	8242562	8242543	+	19.2	18.4	>	6	1	89
529	chr15	8382407	8382388	+	19.16	11.64	>	6	1	89
530	chr19	11360302	11360283	+	19.14	15.06	>	6	1	89
531	chr12	79305335	79305316	+	19.11	29.94	>	6	1	89
532	chr13	38992697	38992678	+	19.03	12.445	>	6	1	89
533	chr8	91147955	91147936	-	19.0	26.05	>	6	1	89
534	chr13	64443476	64443457	+	19.0	35.6	>	6	1	89
535	chr8	117898214	117898195	+	18.92	34.16	>	6	1	89
536	chr11	42423473	42423454	-	18.77	18.48	>	6	1	89
537	chr9	114957195	114957176	-	18.77	27.38	>	6	1	89
538	chr5	149647926	149647907	+	18.72	23.06	>	6	1	89
539	chr5	128440068	128440049	-	18.69	40.7	>	6	1	89
540	chr6	90606762	90606743	-	18.67	32.6	>	6	1	89
541	chr10	58560031	58560012	+	18.67	23.25	>	6	1	89
542	chr18	25538443	25538424	+	18.66	23.94	>	6	1	89
543	chr11	22987510	22987491	+	18.56	23.83	>	6	1	89
544	chr13	57269837	57269818	-	18.55	36.6	>	6	1	89
545	chr13	53096854	53096835	-	18.55	32.88	>	6	1	89
546	chr7	124783020	124783001	-	18.55	23.44	>	6	1	89
547	chr7	40687242	40687223	-	18.52	26.28	>	6	1	89
548	chr4	109438113	109438094	+	18.45	31.61	>	6	1	89
549	chr13	46663777	46663758	-	18.45	5.215	>	6	1	89
550	chr2	21927862	21927843	-	18.45	17.72	>	6	1	89
551	chr11	72564476	72564457	-	18.39	17.95	>	6	1	89
552	chr14	57362951	57362932	-	18.3	10.125	>	6	1	89
553	chr13	54063511	54063492	-	18.3	12.516	>	6	1	89
554	chr8	127191530	127191511	+	18.27	39.03	>	6	1	89
555	chr4	24249781	24249762	+	18.25	8.38	>	6	1	89
556	chr1	175603551	175603532	-	18.2	12.0	>	6	1	89
557	chr7	131897479	131897460	+	18.19	16.34	>	6	1	89
558	chr2	125259455	125259436	-	18.17	32.72	>	6	1	89
559	chr8	11943262	11943243	-	18.0	20.05	>	6	1	89
560	chr13	74861814	74861795	+	17.98	11.664	>	6	1	89
561	chr3	37302880	37302861	-	17.98	17.84	>	6	1	89
562	chr2	165391753	165391734	+	17.95	20.97	>	6	1	89
563	chr1	167669968	167669949	-	17.94	39.3	>	6	1	89
564	chr14	24311319	24311300	+	17.89	24.48	>	6	1	89
565	chr6	125622660	125622641	+	17.86	24.67	>	6	1	89
566	chr16	91694897	91694878	+	17.83	21.03	>	6	1	89
567	chr7	100886752	100886733	-	17.8	33.3	>	6	1	89
568	chr2	165779092	165779073	+	17.7	43.9	>	6	1	89
569	chr4	118988734	118988715	-	17.7	12.37	>	6	1	89
570	chr9	111939788	111939769	+	17.64	16.92	>	6	1	89
571	chr9	40806571	40806552	+	17.64	39.78	>	6	1	89
572	chr19	21571392	21571373	+	17.64	11.9	>	6	1	89
573	chr10	49785057	49785038	-	17.56	2.498	>	6	1	89
574	chr3	84922220	84922201	+	17.47	28.94	>	6	1	89
575	chr12	7991018	7990999	+	17.47	17.66	>	6	1	89
576	chr8	106687694	106687675	+	17.45	42.0	>	6	1	89
577	chr19	15998346	15998327	+	17.33	27.56	>	6	1	89
578	chr10	30838389	30838370	+	17.3	7.543	>	6	1	89
579	chr2	6469364	6469345	-	17.28	15.65	>	6	1	89
580	chr9	59678540	59678521	-	17.28	29.06	>	6	1	89
581	chr18	60143536	60143517	-	17.25	6.348	>	6	1	89
582	chr2	76114972	76114953	-	17.25	26.88	>	6	1	89
583	chr1	192722361	192722342	-	17.23	36.0	>	6	1	89
584	chr13	6737153	6737134	+	17.23	24.25	>	6	1	89
585	chr10	116199232	116199213	+	17.23	24.89	>	6	1	89
586	chr18	6627309	6627290	+	17.06	30.4	>	6	1	89
587	chr7	117375969	117375950	-	17.03	13.42	>	6	1	89
588	chr11	7200225	7200206	+	17.03	39.34	>	6	1	89
589	chr3	152474817	152474798	+	16.98	9.51	>	6	1	89
590	chr12	4107565	4107546	+	16.97	22.11	>	6	1	89
591	chr18	78212287	78212268	-	16.83	18.31	>	6	1	89
592	chr2	17842170	17842151	-	16.81	6.844	>	6	1	89
593	chr5	112429191	112429172	-	16.78	14.19	>	6	1	89
594	chr9	54169687	54169668	+	16.73	16.64	>	6	1	89
595	chr9	78597063	78597044	+	16.73	17.98	>	6	1	89
596	chr2	125556029	125556010	+	16.69	19.19	>	6	1	89
597	chr4	86545837	86545818	-	16.69	26.34	>	6	1	89
598	chr11	34229190	34229171	+	16.55	19.56	>	6	1	89
599	chr13	60479163	60479144	+	16.52	1.697	>	6	1	89
600	chr11	57788119	57788100	+	16.36	29.88	>	6	1	89
601	chr5	117504639	117504620	+	16.36	53.34	>	6	1	89
602	chr1	128368923	128368904	+	16.28	14.01	>	6	1	89
603	chr14	51098507	51098488	-	16.28	41.22	>	6	1	89
604	chr10	14404268	14404249	+	16.23	20.66	>	6	1	89
605	chr18	65752297	65752278	-	16.1	16.11	>	6	1	89
606	chr3	59077498	59077479	+	16.1	40.72	>	6	1	89
607	chr1	119919473	119919454	+	16.06	20.62	>	6	1	89
608	chr1	86598699	86598680	+	16.03	48.72	>	6	1	89
609	chr1	80178208	80178189	-	16.0	17.12	>	6	1	89
610	chr15	64132164	64132145	+	15.96	15.336	>	6	1	89
611	chr2	4652218	4652199	-	15.91	22.83	>	6	1	89
612	chr9	40805489	40805470	-	15.86	35.53	>	6	1	89
613	chr13	30549079	30549060	-	15.805	25.34	>	6	1	89
614	chr3	82350530	82350511	-	15.805	7.78	>	6	1	89
615	chr7	81155234	81155215	-	15.805	19.0	>	6	1	89
616	chr4	107701325	107701306	-	15.8	18.55	>	6	1	89
617	chr11	76655250	76655231	+	15.8	25.19	>	6	1	89
618	chr7	122945377	122945358	+	15.72	20.64	>	6	1	89
619	chr16	32697312	32697293	+	15.695	24.02	>	6	1	89
620	chr13	114460825	114460806	-	15.65	8.25	>	6	1	89
621	chr19	59389409	59389390	+	15.65	31.4	>	6	1	89
622	chr7	45451495	45451476	+	15.64	35.4	>	6	1	89
623	chr15	85599066	85599047	+	15.625	30.86	>	6	1	89
624	chr10	9012998	9012979	+	15.6	21.77	>	6	1	89
625	chr13	24318872	24318853	-	15.58	11.58	>	6	1	89
626	chr3	123506917	123506898	-	15.53	17.17	>	6	1	89
627	chr13	101719731	101719712	-	15.48	25.34	>	6	1	89
628	chr12	12412898	12412879	-	15.43	30.47	>	6	1	89
629	chr10	127342496	127342477	-	15.4	29.73	>	6	1	89
630	chr7	28972871	28972852	+	15.39	21.2	>	6	1	89
631	chr5	130862481	130862462	+	15.33	29.22	>	6	1	89
632	chr13	53779354	53779335	+	15.31	23.8	>	6	1	89
633	chr11	51582940	51582921	-	15.305	26.1	>	6	1	89
634	chr3	34150257	34150238	+	15.3	17.19	>	6	1	89
635	chr9	30423156	30423137	-	15.29	30.31	>	6	1	89
636	chr1	55886585	55886566	+	15.29	16.73	>	6	1	89
637	chr8	121104251	121104232	+	15.28	31.56	>	6	1	89
638	chr2	31683894	31683875	+	15.27	30.73	>	6	1	89
639	chr9	121458682	121458663	+	15.27	42.72	>	6	1	89
640	chr13	111421545	111421526	+	15.22	27.25	>	6	1	89
641	chr18	56572965	56572946	+	15.22	32.7	>	6	1	89
642	chr18	42593315	42593296	+	15.2	8.75	>	6	1	89
643	chr8	118287683	118287664	+	15.2	7.145	>	6	1	89
644	chr14	47742843	47742824	+	15.18	9.65	>	6	1	89
645	chr1	184791312	184791293	-	15.164	27.39	>	6	1	89
646	chr6	106800166	106800147	-	15.1	18.75	>	6	1	89
647	chr11	12025880	12025861	+	15.06	18.02	>	6	1	89
648	chr5	129594341	129594322	-	15.03	29.4	>	6	1	89
649	chr13	16005724	16005705	+	15.016	13.71	>	6	1	89
650	chr14	65597230	65597211	+	15.016	14.01	>	6	1	89
651	chr5	99900280	99900261	-	14.95	10.75	>	6	1	89
652	chr8	11421350	11421331	-	14.945	26.12	>	6	1	89
653	chr19	4755748	4755729	+	14.93	24.55	>	6	1	89
654	chr10	110733540	110733521	-	14.914	16.5	>	6	1	89
655	chr5	67752088	67752069	+	14.89	18.31	>	6	1	89
656	chr9	77381774	77381755	-	14.85	26.45	>	6	1	89
657	chr18	81951830	81951811	-	14.76	34.06	>	6	1	89
658	chr1	86059644	86059625	+	14.734	30.22	>	6	1	89
659	chr1	52630636	52630617	-	14.734	9.89	>	6	1	89
660	chr2	174308107	174308088	+	14.69	14.67	>	6	1	89
661	chr11	99364649	99364630	-	14.6	16.03	>	6	1	89
662	chr13	109558424	109558405	+	14.49	16.98	>	6	1	89
663	chr12	58201405	58201386	-	14.48	6.883	>	6	1	89
664	chr7	137471937	137471918	+	14.445	28.83	>	6	1	89
665	chr17	26916803	26916784	+	14.414	25.05	>	6	1	89
666	chr5	87871626	87871607	-	14.414	20.39	>	6	1	89
667	chr2	125252443	125252424	+	14.414	25.9	>	6	1	89
668	chr1	9549185	9549166	+	14.414	19.5	>	6	1	89
669	chr11	11788608	11788589	-	14.38	31.97	>	6	1	89
670	chr7	43928727	43928708	+	14.36	11.45	>	6	1	89
671	chr10	60760656	60760637	-	14.31	36.9	>	6	1	89
672	chr6	17362958	17362939	+	14.31	3.076	>	6	1	89
673	chr1	136521528	136521509	-	14.305	21.69	>	6	1	89
674	chr2	153147934	153147915	+	14.28	18.94	>	6	1	89
675	chr8	61522313	61522294	+	14.266	28.28	>	6	1	89
676	chr18	56759303	56759284	+	14.266	12.61	>	6	1	89
677	chr14	115451146	115451127	-	14.234	4.215	>	6	1	89
678	chr1	176218428	176218409	+	14.195	14.99	>	6	1	89
679	chr15	97665520	97665501	-	14.18	30.02	>	6	1	89
680	chr13	20299620	20299601	+	14.18	33.25	>	6	1	89
681	chr9	59969601	59969582	-	14.14	17.69	>	6	1	89
682	chr16	57611975	57611956	+	14.055	18.66	>	6	1	89
683	chr12	15816144	15816125	+	13.984	8.52	>	6	1	89
684	chr15	82271381	82271362	-	13.95	28.55	>	6	1	89
685	chr7	74363644	74363625	-	13.95	40.8	>	6	1	89
686	chr3	73066293	73066274	+	13.95	16.86	>	6	1	89
687	chr1	118772515	118772496	-	13.945	30.34	>	6	1	89
688	chr4	110020493	110020474	-	13.94	26.28	>	6	1	89
689	chr3	34639420	34639401	-	13.94	14.87	>	6	1	89
690	chr2	131530224	131530205	-	13.92	25.86	>	6	1	89
691	chr4	20024128	20024109	+	13.91	12.516	>	6	1	89
692	chr8	74980870	74980851	-	13.81	30.2	>	6	1	89
693	chr18	75757719	75757700	+	13.734	18.78	>	6	1	89
694	chr7	89908147	89908128	-	13.72	13.79	>	6	1	89
695	chr4	150257406	150257387	+	13.72	23.58	>	6	1	89
696	chr2	55022781	55022762	-	13.664	7.77	>	6	1	89
697	chr18	64506771	64506752	-	13.63	18.4	>	6	1	89
698	chr14	123353156	123353137	-	13.61	11.6	>	6	1	89
699	chr4	139872794	139872775	+	13.59	35.75	>	6	1	89
700	chr13	51839869	51839850	+	13.586	21.19	>	6	1	89
701	chr5	146162789	146162770	+	13.516	23.42	>	6	1	89
702	chr9	83785201	83785182	+	13.49	14.66	>	6	1	89
703	chr3	59079480	59079461	+	13.44	28.77	>	6	1	89
704	chr10	11345312	11345293	-	13.375	5.086	>	6	1	89
705	chr11	46252188	46252169	-	13.34	28.12	>	6	1	89
706	chr4	85404971	85404952	+	13.32	14.11	>	6	1	89
707	chr4	130738774	130738755	+	13.31	16.47	>	6	1	89
708	chr5	86432914	86432895	+	13.305	16.02	>	6	1	89
709	chr3	22306829	22306810	+	13.266	18.6	>	6	1	89
710	chr2	91930225	91930206	-	13.25	19.55	>	6	1	89
711	chr6	108417714	108417695	+	13.234	10.66	>	6	1	89
712	chr12	17011790	17011771	-	13.16	20.73	>	6	1	89
713	chr5	87551137	87551118	-	13.15	21.52	>	6	1	89
714	chr4	106227683	106227664	-	13.14	14.38	>	6	1	89
715	chr4	139877472	139877453	+	13.1	27.4	>	6	1	89
716	chr1	88742593	88742574	-	13.086	17.75	>	6	1	89
717	chr3	52254088	52254069	+	13.02	34.16	>	6	1	89
718	chr9	73159469	73159450	+	12.99	27.5	>	6	1	89
719	chr7	29297253	29297234	-	12.984	28.8	>	6	1	89
720	chr13	116312336	116312317	-	12.93	10.21	>	6	1	89
721	chr2	157117146	157117127	-	12.91	21.92	>	6	1	89
722	chr9	60243712	60243693	+	12.89	13.59	>	6	1	89
723	chr1	179845066	179845047	-	12.88	17.89	>	6	1	89
724	chr11	103332754	103332735	+	12.875	24.97	>	6	1	89
725	chr1	53032774	53032755	-	12.87	13.05	>	6	1	89
726	chr8	45345197	45345178	+	12.81	16.72	>	6	1	89
727	chr12	113216133	113216114	+	12.74	53.7	>	6	1	89
728	chr15	36152194	36152175	-	12.72	16.9	>	6	1	89
729	chr1	72876274	72876255	+	12.69	17.11	>	6	1	89
730	chr9	14774009	14773990	+	12.664	9.0	>	6	1	89
731	chr12	74317197	74317178	-	12.664	11.76	>	6	1	89
732	chr7	107819649	107819630	-	12.64	16.3	>	6	1	89
733	chr13	55327907	55327888	+	12.64	17.61	>	6	1	89
734	chr3	54796015	54795996	+	12.63	22.77	>	6	1	89
735	chr6	60963937	60963918	+	12.61	7.094	>	6	1	89
736	chr8	21981891	21981872	-	12.61	17.33	>	6	1	89
737	chr10	38269349	38269330	-	12.52	19.28	>	6	1	89
738	chr6	51170619	51170600	-	12.5	20.02	>	6	1	89
739	chr2	148110356	148110337	-	12.43	16.03	>	6	1	89
740	chr1	88301823	88301804	-	12.42	19.61	>	6	1	89
741	chr6	115037959	115037940	-	12.33	15.375	>	6	1	89
742	chr16	11980974	11980955	+	12.33	3.668	>	6	1	89
743	chr15	44832771	44832752	-	12.31	24.2	>	6	1	89
744	chr19	26193888	26193869	-	12.29	7.65	>	6	1	89
745	chr17	8988263	8988244	-	12.29	10.71	>	6	1	89
746	chr14	66358860	66358841	+	12.28	18.22	>	6	1	89
747	chr12	40832432	40832413	-	12.26	13.56	>	6	1	89
748	chr2	53206958	53206939	-	12.18	12.55	>	6	1	89
749	chr16	42914617	42914598	+	12.16	7.133	>	6	1	89
750	chr11	111523686	111523667	-	12.14	23.53	>	6	1	89
751	chr6	121556678	121556659	+	12.11	18.8	>	6	1	89
752	chr7	43926199	43926180	-	12.1	21.69	>	6	1	89
753	chr3	3311028	3311009	+	12.09	10.74	>	6	1	89
754	chr12	17018680	17018661	+	12.04	21.19	>	6	1	89
755	chr18	33794794	33794775	+	11.97	24.89	>	6	1	89
756	chr15	73791915	73791896	+	11.96	24.61	>	6	1	89
757	chr12	82489256	82489237	+	11.945	11.805	>	6	1	89
758	chr19	37559803	37559784	+	11.91	21.4	>	6	1	89
759	chr12	36195155	36195136	-	11.91	7.07	>	6	1	89
760	chr3	30515246	30515227	-	11.875	11.664	>	6	1	89
761	chr19	27426681	27426662	-	11.81	11.945	>	6	1	89
762	chr2	75590427	75590408	-	11.75	21.66	>	6	1	89
763	chr2	17849498	17849479	+	11.75	6.633	>	6	1	89
764	chr9	83371155	83371136	-	11.75	6.18	>	6	1	89
765	chr9	30936846	30936827	-	11.734	17.67	>	6	1	89
766	chr15	94690037	94690018	+	11.73	23.03	>	6	1	89
767	chr2	147379133	147379114	+	11.69	9.875	>	6	1	89
768	chr4	121232314	121232295	-	11.664	7.945	>	6	1	89
769	chr18	56333219	56333200	-	11.64	4.934	>	6	1	89
770	chr16	25952209	25952190	-	11.64	6.688	>	6	1	89
771	chr13	94976326	94976307	+	11.63	16.62	>	6	1	89
772	chr2	30942898	30942879	-	11.57	22.28	>	6	1	89
773	chr6	104479441	104479422	+	11.55	10.57	>	6	1	89
774	chr5	113080039	113080020	-	11.52	26.94	>	6	1	89
775	chr16	30550607	30550588	-	11.52	17.62	>	6	1	89
776	chr1	160194976	160194957	+	11.51	18.28	>	6	1	89
777	chr11	56116782	56116763	-	11.48	30.47	>	6	1	89
778	chr6	112484521	112484502	-	11.48	12.14	>	6	1	89
779	chr14	21853546	21853527	-	11.445	30.66	>	6	1	89
780	chr9	58534993	58534974	+	11.414	20.97	>	6	1	89
781	chr17	73302318	73302299	+	11.414	39.62	>	6	1	89
782	chr1	85842459	85842440	-	11.41	14.02	>	6	1	89
783	chr17	16926410	16926391	-	11.35	2.584	>	6	1	89
784	chr12	29894861	29894842	+	11.31	16.72	>	6	1	89
785	chr2	127832989	127832970	+	11.22	7.293	>	6	1	89
786	chr16	20724653	20724634	+	11.18	15.11	>	6	1	89
787	chr1	180811112	180811093	-	11.164	28.33	>	6	1	89
788	chr13	109210611	109210592	-	11.16	17.5	>	6	1	89
789	chr18	5990207	5990188	-	11.14	3.14	>	6	1	89
790	chr18	12102268	12102249	-	11.125	23.38	>	6	1	89
791	chr19	59380193	59380174	+	11.08	23.9	>	6	1	89
792	chr2	101665476	101665457	+	11.055	26.06	>	6	1	89
793	chr12	108541242	108541223	-	11.02	27.9	>	6	1	89
794	chr2	32583648	32583629	+	11.016	30.19	>	6	1	89
795	chr1	181881807	181881788	-	10.98	11.91	>	6	1	89
796	chr5	117506576	117506557	+	10.94	40.06	>	6	1	89
797	chr1	38789153	38789134	+	10.89	22.95	>	6	1	89
798	chr10	102445139	102445120	-	10.875	19.4	>	6	1	89
799	chr12	81788941	81788922	+	10.87	12.51	>	6	1	89
800	chr9	78233462	78233443	-	10.86	15.93	>	6	1	89
801	chr10	96618527	96618508	+	10.86	3.014	>	6	1	89
802	chr8	84639419	84639400	-	10.85	34.7	>	6	1	89
803	chr17	8468905	8468886	+	10.85	20.27	>	6	1	89
804	chr2	67535551	67535532	+	10.83	7.83	>	6	1	89
805	chr18	52947340	52947321	+	10.82	10.15	>	6	1	89
806	chr13	72625410	72625391	-	10.78	6.715	>	6	1	89
807	chr11	31942449	31942430	+	10.69	22.72	>	6	1	89
808	chr1	6190743	6190724	-	10.63	7.344	>	6	1	89
809	chr7	74367549	74367530	+	10.6	15.16	>	6	1	89
810	chr4	22482970	22482951	+	10.58	4.45	>	6	1	89
811	chr13	20298018	20297999	+	10.56	24.86	>	6	1	89
812	chr16	75325511	75325492	-	10.484	5.44	>	6	1	89
813	chr6	54586377	54586358	+	10.44	8.14	>	6	1	89
814	chr14	59604211	59604192	-	10.375	15.664	>	6	1	89
815	chr2	107946040	107946021	-	10.31	11.08	>	6	1	89
816	chr1	62701219	62701200	-	10.3	12.74	>	6	1	89
817	chr7	75914120	75914101	+	10.266	24.1	>	6	1	89
818	chr5	98167679	98167660	+	10.26	12.875	>	6	1	89
819	chr9	99671799	99671780	+	10.23	22.52	>	6	1	89
820	chr1	179847901	179847882	+	10.16	11.88	>	6	1	89
821	chr15	80080817	80080798	-	10.15	32.28	>	6	1	89
822	chr6	137747756	137747737	-	10.09	27.12	>	6	1	89
823	chr6	77249625	77249606	-	10.09	6.945	>	6	1	89
824	chr5	149049190	149049171	-	10.08	15.81	>	6	1	89
825	chr18	32814407	32814388	-	10.07	2.566	>	6	1	89
826	chr11	46258405	46258386	-	10.06	20.3	>	6	1	89
827	chr11	81974830	81974811	-	10.01	5.44	>	6	1	89
828	chr19	48414047	48414028	+	9.99	12.77	>	6	1	89
829	chr11	34836484	34836465	+	9.86	20.75	>	6	1	89
830	chr17	24437345	24437326	-	9.81	19.33	>	6	1	89
831	chr6	59208753	59208734	-	9.734	12.92	>	6	1	89
832	chr13	37325694	37325675	-	9.734	20.84	>	6	1	89
833	chr11	43412967	43412948	-	9.72	22.2	>	6	1	89
834	chr13	49651342	49651323	-	9.71	2.496	>	6	1	89
835	chr7	143151380	143151361	+	9.69	18.05	>	6	1	89
836	chr16	4285478	4285459	-	9.67	7.94	>	6	1	89
837	chr11	29715017	29714998	-	9.664	9.12	>	6	1	89
838	chr3	134654263	134654244	+	9.62	3.898	>	6	1	89
839	chr8	28978824	28978805	-	9.57	7.504	>	6	1	89
840	chr13	54062269	54062250	-	9.55	10.02	>	6	1	89
841	chr9	32585514	32585495	+	9.516	12.72	>	6	1	89
842	chr7	73648212	73648193	-	9.484	13.375	>	6	1	89
843	chr19	27425889	27425870	-	9.44	11.26	>	6	1	89
844	chr13	100854377	100854358	-	9.42	17.78	>	6	1	89
845	chr5	140749784	140749765	-	9.414	22.17	>	6	1	89
846	chr4	127027444	127027425	+	9.4	22.48	>	6	1	89
847	chr11	109221866	109221847	-	9.3	9.67	>	6	1	89
848	chr16	16596794	16596775	+	9.28	5.977	>	6	1	89
849	chr2	128605294	128605275	-	9.25	9.07	>	6	1	89
850	chr2	61492265	61492246	+	9.25	6.99	>	6	1	89
851	chr10	74217479	74217460	+	9.22	7.7	>	6	1	89
852	chr9	68016722	68016703	+	9.2	8.305	>	6	1	89
853	chr6	144248136	144248117	+	9.19	7.742	>	6	1	89
854	chr13	51191948	51191929	+	9.17	5.492	>	6	1	89
855	chr2	103424848	103424829	-	9.164	12.29	>	6	1	89
856	chr7	64751734	64751715	-	9.13	16.66	>	6	1	89
857	chr7	27160004	27159985	+	9.125	14.17	>	6	1	89
858	chr13	95986545	95986526	+	9.08	13.76	>	6	1	89
859	chr5	135118653	135118634	+	9.08	29.22	>	6	1	89
860	chr10	49786914	49786895	-	9.07	0.785	>	6	1	89
861	chr1	51639072	51639053	+	9.02	3.22	>	6	1	89
862	chr14	105307894	105307875	+	8.95	2.453	>	6	1	89
863	chr19	40231990	40231971	-	8.95	19.89	>	6	1	89
864	chr10	69656526	69656507	+	8.95	12.99	>	6	1	89
865	chr7	142714879	142714860	-	8.945	27.2	>	6	1	89
866	chr6	129256260	129256241	-	8.93	14.53	>	6	1	89
867	chr5	138199783	138199764	+	8.9	8.414	>	6	1	89
868	chr8	36193738	36193719	+	8.89	10.43	>	6	1	89
869	chr11	49597354	49597335	+	8.87	6.92	>	6	1	89
870	chr1	139405977	139405958	-	8.86	4.043	>	6	1	89
871	chr3	124289118	124289099	-	8.84	12.69	>	6	1	89
872	chr9	13196005	13195986	-	8.83	30.6	>	6	1	89
873	chr14	115819240	115819221	+	8.83	10.71	>	6	1	89
874	chr5	146914595	146914576	+	8.82	39.7	>	6	1	89
875	chr4	119223866	119223847	-	8.766	16.34	>	6	1	89
876	chr15	85879204	85879185	-	8.76	17.27	>	6	1	89
877	chr4	124682485	124682466	+	8.7	17.45	>	6	1	89
878	chr17	34956526	34956507	+	8.695	22.17	>	6	1	89
879	chr12	39494054	39494035	-	8.65	2.455	>	6	1	89
880	chr9	34485824	34485805	-	8.625	10.6	>	6	1	89
881	chr2	180786948	180786929	+	8.57	17.27	>	6	1	89
882	chr4	62230989	62230970	+	8.57	12.25	>	6	1	89
883	chr2	16357480	16357461	+	8.55	2.205	>	6	1	89
884	chr17	9759516	9759497	+	8.54	11.53	>	6	1	89
885	chr10	13018670	13018651	+	8.54	19.64	>	6	1	89
886	chr4	32570820	32570801	-	8.52	6.645	>	6	1	89
887	chr9	86451919	86451900	-	8.49	16.77	>	6	1	89
888	chr7	139590495	139590476	+	8.49	20.39	>	6	1	89
889	chr16	31944169	31944150	+	8.445	14.11	>	6	1	89
890	chr3	104701211	104701192	-	8.44	24.84	>	6	1	89
891	chr2	160955546	160955527	-	8.414	14.05	>	6	1	89
892	chr18	32811889	32811870	+	8.4	4.918	>	6	1	89
893	chr14	115042240	115042221	-	8.4	14.734	>	6	1	89
894	chr2	28464119	28464100	-	8.33	19.16	>	6	1	89
895	chr2	76369931	76369912	+	8.28	9.1	>	6	1	89
896	chr3	107605512	107605493	+	8.28	12.57	>	6	1	89
897	chr14	121220891	121220872	-	8.23	10.8	>	6	1	89
898	chr1	103796539	103796520	+	8.22	10.74	>	6	1	89
899	chr16	23151589	23151570	+	8.21	3.11	>	6	1	89
900	chr5	33371346	33371327	-	8.19	15.74	>	6	1	89
901	chr13	103121088	103121069	-	8.18	6.016	>	6	1	89
902	chr10	60760529	60760510	+	8.14	24.72	>	6	1	89
903	chr1	169921787	169921768	+	8.12	12.62	>	6	1	89
904	chr13	42826816	42826797	-	8.11	17.0	>	6	1	89
905	chr6	72601930	72601911	+	8.11	24.06	>	6	1	89
906	chr7	81345319	81345300	-	7.99	7.87	>	6	1	89
907	chr11	33934471	33934452	+	7.98	18.27	>	6	1	89
908	chr18	77044808	77044789	-	7.97	11.42	>	6	1	89
909	chr7	67217278	67217259	+	7.926	7.28	>	6	1	89
910	chr2	164074027	164074008	+	7.906	10.22	>	6	1	89
911	chr3	45373410	45373391	+	7.855	1.438	>	6	1	89
912	chr1	152768355	152768336	-	7.84	9.35	>	6	1	89
913	chr11	102267665	102267646	-	7.81	17.44	>	6	1	89
914	chr11	43411664	43411645	-	7.81	21.72	>	6	1	89
915	chr2	129880054	129880035	+	7.805	6.484	>	6	1	89
916	chr11	81972241	81972222	+	7.797	9.07	>	6	1	89
917	chr9	65581143	65581124	-	7.793	11.17	>	6	1	89
918	chr4	106228720	106228701	+	7.727	13.9	>	6	1	89
919	chr6	119467876	119467857	+	7.703	18.1	>	6	1	89
920	chr10	122794511	122794492	+	7.695	15.734	>	6	1	89
921	chr14	34813484	34813465	-	7.69	11.805	>	6	1	89
922	chr15	19280629	19280610	+	7.68	3.066	>	6	1	89
923	chr13	38235597	38235578	-	7.676	11.836	>	6	1	89
924	chr13	21710105	21710086	+	7.67	14.95	>	6	1	89
925	chr11	104231353	104231334	-	7.67	18.38	>	6	1	89
926	chr6	86401304	86401285	-	7.64	23.28	>	6	1	89
927	chr4	24245320	24245301	-	7.633	3.027	>	6	1	89
928	chr9	29655082	29655063	+	7.613	20.11	>	6	1	89
929	chr9	58535957	58535938	-	7.605	16.9	>	6	1	89
930	chr5	112427478	112427459	-	7.598	9.93	>	6	1	89
931	chr4	140539353	140539334	-	7.58	22.9	>	6	1	89
932	chr14	105302910	105302891	+	7.57	4.605	>	6	1	89
933	chr7	19713404	19713385	-	7.543	26.19	>	6	1	89
934	chr1	127487367	127487348	-	7.52	14.33	>	6	1	89
935	chr19	56806125	56806106	-	7.504	5.934	>	6	1	89
936	chr19	47175662	47175643	-	7.46	21.67	>	6	1	89
937	chr2	150795624	150795605	-	7.44	6.633	>	6	1	89
938	chr2	137114826	137114807	+	7.438	4.08	>	6	1	89
939	chr10	119244230	119244211	+	7.434	4.305	>	6	1	89
940	chr5	117094622	117094603	+	7.42	22.22	>	6	1	89
941	chr11	67100384	67100365	-	7.42	22.83	>	6	1	89
942	chr5	30686988	30686969	+	7.41	18.64	>	6	1	89
943	chr8	105291139	105291120	-	7.41	11.78	>	6	1	89
944	chr7	143470174	143470155	-	7.39	17.94	>	6	1	89
945	chr15	8099290	8099271	-	7.35	8.336	>	6	1	89
946	chr7	119015949	119015930	+	7.34	17.75	>	6	1	89
947	chr17	56306039	56306020	-	7.305	16.48	>	6	1	89
948	chr1	134636895	134636876	+	7.3	5.97	>	6	1	89
949	chr17	65541217	65541198	+	7.258	9.125	>	6	1	89
950	chr14	49218880	49218861	+	7.25	8.47	>	6	1	89
951	chr1	25527154	25527135	+	7.2	7.453	>	6	1	89
952	chr1	146515575	146515556	+	7.18	3.11	>	6	1	89
953	chr9	44109578	44109559	+	7.176	33.9	>	6	1	89
954	chr11	108889358	108889339	+	7.15	8.016	>	6	1	89
955	chr7	138398615	138398596	+	7.117	4.707	>	6	1	89
956	chr5	32204842	32204823	+	7.11	6.15	>	6	1	89
957	chr8	14859581	14859562	+	7.1	5.27	>	6	1	89
958	chr11	95676507	95676488	-	7.09	14.555	>	6	1	89
959	chr6	85141186	85141167	+	7.08	33.56	>	6	1	89
960	chr14	20340404	20340385	-	7.04	15.81	>	6	1	89
961	chr1	193130339	193130320	-	7.023	5.71	>	6	1	89
962	chr9	98032882	98032863	+	6.992	4.73	>	6	1	89
963	chr7	143793289	143793270	+	6.98	21.42	>	6	1	89
964	chr12	32292312	32292293	-	6.895	8.26	>	6	1	89
965	chr17	45724453	45724434	-	6.89	12.125	>	6	1	89
966	chr14	102512314	102512295	+	6.89	1.602	>	6	1	89
967	chr8	11943038	11943019	+	6.88	5.47	>	6	1	89
968	chr7	83553561	83553542	+	6.867	8.27	>	6	1	89
969	chr9	64960779	64960760	-	6.85	16.31	>	6	1	89
970	chr9	30426996	30426977	+	6.832	15.31	>	6	1	89
971	chr11	119249183	119249164	+	6.785	23.48	>	6	1	89
972	chr8	90795542	90795523	+	6.77	10.67	>	6	1	89
973	chr2	113498926	113498907	-	6.766	9.86	>	6	1	89
974	chr13	62926662	62926643	+	6.75	4.73	>	6	1	89
975	chr1	127485025	127485006	+	6.715	16.44	>	6	1	89
976	chr17	78592615	78592596	+	6.715	8.945	>	6	1	89
977	chr2	118246134	118246115	-	6.668	13.72	>	6	1	89
978	chr2	92474875	92474856	-	6.652	13.95	>	6	1	89
979	chr7	17061423	17061404	+	6.645	15.1	>	6	1	89
980	chr10	122090678	122090659	+	6.63	8.38	>	6	1	89
981	chr13	64448147	64448128	+	6.594	17.92	>	6	1	89
982	chr2	34642611	34642592	-	6.562	14.51	>	6	1	89
983	chr5	117509743	117509724	+	6.54	26.92	>	6	1	89
984	chr7	131371109	131371090	+	6.516	4.71	>	6	1	89
985	chr6	94054143	94054124	-	6.5	13.34	>	6	1	89
986	chr14	20697228	20697209	+	6.465	17.88	>	6	1	89
987	chr10	122798121	122798102	+	6.46	15.23	>	6	1	89
988	chr13	14196604	14196585	+	6.45	1.613	>	6	1	89
989	chr3	118991976	118991957	+	6.438	8.26	>	6	1	89
990	chr9	107231295	107231276	-	6.434	7.414	>	6	1	89
991	chr15	24557016	24556997	-	6.418	3.371	>	6	1	89
992	chr2	178407758	178407739	+	6.414	11.43	>	6	1	89
993	chr9	90683476	90683457	-	6.38	1.322	>	6	1	89
994	chr6	22968335	22968316	-	6.34	6.418	>	6	1	89
995	chr12	67217811	67217792	+	6.336	1.95	>	6	1	89
996	chr10	82910438	82910419	+	6.277	10.99	>	6	1	89
997	chr7	49125716	49125697	+	6.258	16.88	>	6	1	89
998	chr11	119491305	119491286	-	6.215	10.81	>	6	1	89
999	chr11	32341308	32341289	-	6.21	14.555	>	6	1	89
1000	chr19	8713406	8713387	+	6.19	10.44	>	6	1	89
1001	chr4	48048044	48048025	+	6.152	6.21	>	6	1	89
1002	chr11	52764825	52764806	+	6.15	7.75	>	6	1	89
1003	chr13	20564636	20564617	-	6.145	4.82	>	6	1	89
1004	chr10	39105011	39104992	-	6.14	7.152	>	6	1	89
1005	chr11	98909856	98909837	-	6.117	18.95	>	6	1	89
1006	chr1	151025102	151025083	+	6.117	4.496	>	6	1	89
1007	chr5	98167777	98167758	-	6.113	9.555	>	6	1	89
1008	chr8	88118562	88118543	+	6.062	3.66	>	6	1	89
1009	chr16	92511934	92511915	+	6.035	16.34	>	6	1	89
1010	chr15	25792295	25792276	-	6.008	6.87	>	6	1	89
1011	chr13	92751194	92751175	+	5.938	12.68	>	6	1	89
1012	chr5	101688793	101688774	-	5.934	12.51	>	6	1	89
1013	chr7	112023252	112023233	+	5.93	8.26	>	6	1	89
1014	chr14	21854038	21854019	-	5.914	27.36	>	6	1	89
1015	chr8	32003733	32003714	-	5.9	2.012	>	6	1	89
1016	chr13	53095394	53095375	-	5.867	6.086	>	6	1	89
1017	chr1	182554179	182554160	+	5.836	10.15	>	6	1	89
1018	chr6	18381568	18381549	+	5.832	1.955	>	6	1	89
1019	chr9	77389590	77389571	+	5.832	5.68	>	6	1	89
1020	chr16	5254481	5254462	-	5.812	12.77	>	6	1	89
1021	chr2	93199625	93199606	+	5.797	14.08	>	6	1	89
1022	chr9	81631651	81631632	-	5.793	3.863	>	6	1	89
1023	chr2	152887412	152887393	-	5.78	4.652	>	6	1	89
1024	chr4	153481137	153481118	-	5.766	3.3	>	6	1	89
1025	chr8	72239706	72239687	-	5.754	5.32	>	6	1	89
1026	chr18	65750236	65750217	-	5.703	2.543	>	6	1	89
1027	chr6	61311882	61311863	-	5.68	7.43	>	6	1	89
1028	chr18	46143625	46143606	+	5.676	6.477	>	6	1	89
1029	chr6	120836118	120836099	+	5.64	7.797	>	6	1	89
1030	chr6	100563990	100563971	-	5.625	4.164	>	6	1	89
1031	chr3	13475098	13475079	-	5.61	1.948	>	6	1	89
1032	chr2	132262968	132262949	+	5.6	7.164	>	6	1	89
1033	chr11	103334169	103334150	+	5.594	12.02	>	6	1	89
1034	chr6	54255029	54255010	+	5.586	4.35	>	6	1	89
1035	chr13	101711018	101710999	+	5.543	9.15	>	6	1	89
1036	chr5	39644761	39644742	-	5.54	3.531	>	6	1	89
1037	chr8	90795201	90795182	-	5.516	4.996	>	6	1	89
1038	chr18	23162646	23162627	+	5.51	1.562	>	6	1	89
1039	chr16	78165563	78165544	+	5.477	7.39	>	6	1	89
1040	chr2	96584106	96584087	-	5.44	3.29	>	6	1	89
1041	chr12	72070473	72070454	+	5.426	11.336	>	6	1	89
1042	chr12	24708691	24708672	+	5.414	9.914	>	6	1	89
1043	chr8	92367135	92367116	-	5.406	6.984	>	6	1	89
1044	chr17	83866777	83866758	+	5.4	23.0	>	6	1	89
1045	chr13	55322636	55322617	-	5.4	7.0	>	6	1	89
1046	chr6	88893771	88893752	-	5.395	16.78	>	6	1	89
1047	chr19	8718731	8718712	-	5.383	8.6	>	6	1	89
1048	chr12	59220179	59220160	-	5.38	2.5	>	6	1	89
1049	chr14	60784526	60784507	+	5.367	16.06	>	6	1	89
1050	chr3	153658591	153658572	+	5.33	6.258	>	6	1	89
1051	chr9	77386949	77386930	-	5.312	12.24	>	6	1	89
1052	chr10	83219903	83219884	+	5.312	6.188	>	6	1	89
1053	chr6	15176967	15176948	-	5.31	2.947	>	6	1	89
1054	chr2	152604207	152604188	-	5.27	19.44	>	6	1	89
1055	chr2	39003369	39003350	-	5.26	1.671	>	6	1	89
1056	chr16	31425707	31425688	-	5.254	13.484	>	6	1	89
1057	chr5	137503018	137502999	-	5.227	3.691	>	6	1	89
1058	chr18	13973086	13973067	-	5.207	0.71	>	6	1	89
1059	chr17	68849016	68848997	-	5.2	1.891	>	6	1	89
1060	chr2	128408931	128408912	-	5.19	8.72	>	6	1	89
1061	chr14	97559790	97559771	-	5.16	2.041	>	6	1	89
1062	chr8	67903864	67903845	-	5.13	6.113	>	6	1	89
1063	chr14	56888181	56888162	-	5.125	3.316	>	6	1	89
1064	chr4	132198465	132198446	+	5.125	11.19	>	6	1	89
1065	chr2	39005861	39005842	-	5.12	3.883	>	6	1	89
1066	chr7	137471679	137471660	-	5.1	19.97	>	6	1	89
1067	chr6	64949075	64949056	+	5.09	5.168	>	6	1	89
1068	chr18	16821148	16821129	+	5.043	1.935	>	6	1	89
1069	chr2	93813566	93813547	+	5.04	13.086	>	6	1	89
1070	chr6	126481478	126481459	-	5.023	10.89	>	6	1	89
1071	chr1	181881093	181881074	-	4.984	10.19	>	6	1	89
1072	chr6	108065822	108065803	-	4.977	6.67	>	6	1	89
1073	chr4	88550373	88550354	+	4.938	4.04	>	6	1	89
1074	chr5	137502167	137502148	+	4.867	8.81	>	6	1	89
1075	chr8	77618148	77618129	-	4.86	4.188	>	6	1	89
1076	chr7	120098024	120098005	+	4.855	7.22	>	6	1	89
1077	chr2	75152706	75152687	-	4.824	10.55	>	6	1	89
1078	chr11	87950193	87950174	+	4.78	11.09	>	6	1	89
1079	chr11	94598936	94598917	-	4.746	10.49	>	6	1	89
1080	chr1	10229119	10229100	+	4.746	0.972	>	6	1	89
1081	chr7	143476888	143476869	+	4.746	8.89	>	6	1	89
1082	chr9	102607693	102607674	-	4.715	3.604	>	6	1	89
1083	chr8	32009749	32009730	+	4.71	6.785	>	6	1	89
1084	chr3	99262117	99262098	-	4.707	1.889	>	6	1	89
1085	chr18	75607987	75607968	+	4.664	23.11	>	6	1	89
1086	chr7	75380211	75380192	-	4.64	2.41	>	6	1	89
1087	chr3	135863108	135863089	+	4.64	3.164	>	6	1	89
1088	chr4	87369015	87368996	-	4.625	9.125	>	6	1	89
1089	chr8	84639535	84639516	+	4.605	13.88	>	6	1	89
1090	chr15	74524301	74524282	+	4.586	13.7	>	6	1	89
1091	chr17	57007316	57007297	-	4.582	9.42	>	6	1	89
1092	chr11	30893985	30893966	+	4.547	0.9004	>	6	1	89
1093	chr19	57360190	57360171	-	4.543	2.654	>	6	1	89
1094	chr8	110102657	110102638	-	4.53	9.24	>	6	1	89
1095	chr7	135389259	135389240	-	4.53	9.336	>	6	1	89
1096	chr4	152527530	152527511	+	4.516	13.99	>	6	1	89
1097	chr13	103710441	103710422	+	4.5	4.57	>	6	1	89
1098	chr10	120896053	120896034	+	4.5	2.322	>	6	1	89
1099	chr18	5155632	5155613	-	4.484	6.39	>	6	1	89
1100	chr12	80141693	80141674	-	4.45	17.05	>	6	1	89
1101	chr5	118763566	118763547	-	4.418	12.81	>	6	1	89
1102	chr12	14150175	14150156	+	4.406	3.688	>	6	1	89
1103	chr10	128990300	128990281	-	4.4	8.03	>	6	1	89
1104	chr10	30834038	30834019	-	4.37	4.473	>	6	1	89
1105	chr6	50618483	50618464	+	4.367	12.766	>	6	1	89
1106	chr15	9748972	9748953	-	4.36	3.496	>	6	1	89
1107	chr16	92308164	92308145	-	4.355	11.22	>	6	1	89
1108	chr2	9881964	9881945	-	4.355	2.918	>	6	1	89
1109	chr8	123106089	123106070	+	4.336	8.18	>	6	1	89
1110	chr5	98346264	98346245	+	4.324	2.342	>	6	1	89
1111	chr10	40249841	40249822	-	4.316	12.23	>	6	1	89
1112	chr3	141457685	141457666	+	4.312	4.707	>	6	1	89
1113	chr9	40192620	40192601	-	4.3	2.145	>	6	1	89
1114	chr9	72448248	72448229	+	4.29	7.78	>	6	1	89
1115	chr13	24316809	24316790	-	4.273	3.682	>	6	1	89
1116	chr1	50927249	50927230	+	4.258	4.5	>	6	1	89
1117	chr11	102690417	102690398	-	4.223	12.195	>	6	1	89
1118	chr4	116627141	116627122	+	4.207	6.52	>	6	1	89
1119	chr15	76198817	76198798	+	4.164	10.72	>	6	1	89
1120	chr15	12113620	12113601	-	4.156	3.312	>	6	1	89
1121	chr1	115675059	115675040	+	4.152	5.223	>	6	1	89
1122	chr2	34644807	34644788	-	4.15	8.266	>	6	1	89
1123	chr2	166084974	166084955	-	4.133	18.12	>	6	1	89
1124	chr11	21571906	21571887	-	4.13	2.105	>	6	1	89
1125	chr15	9449709	9449690	-	4.062	0.543	>	6	1	89
1126	chr5	92664520	92664501	-	4.055	3.326	>	6	1	89
1127	chr12	77001216	77001197	+	4.043	1.105	>	6	1	89
1128	chr6	93757507	93757488	-	4.01	5.273	>	6	1	89
1129	chr19	56302794	56302775	+	4.01	3.797	>	6	1	89
1130	chr13	71954038	71954019	-	4.008	1.19	>	6	1	89
1131	chr4	17852015	17851996	-	4.0	0.8535	>	6	1	89
1132	chr18	39136126	39136107	+	3.992	1.932	>	6	1	89
1133	chr1	153489234	153489215	-	3.99	7.715	>	6	1	89
1134	chr9	66136172	66136153	-	3.988	5.383	>	6	1	89
1135	chr11	109621431	109621412	-	3.979	11.484	>	6	1	89
1136	chr13	91723318	91723299	+	3.959	5.49	>	6	1	89
1137	chr13	3642291	3642272	-	3.959	4.75	>	6	1	89
1138	chr13	47304770	47304751	+	3.957	6.746	>	6	1	89
1139	chr2	121144456	121144437	+	3.953	4.504	>	6	1	89
1140	chr13	93772223	93772204	-	3.928	3.56	>	6	1	89
1141	chr10	70967079	70967060	+	3.916	4.88	>	6	1	89
1142	chr13	59417085	59417066	-	3.91	5.0	>	6	1	89
1143	chr7	102484972	102484953	-	3.883	7.0	>	6	1	89
1144	chr5	38235667	38235648	-	3.879	10.78	>	6	1	89
1145	chr14	56885401	56885382	+	3.87	2.412	>	6	1	89
1146	chr11	75170669	75170650	-	3.861	7.984	>	6	1	89
1147	chr11	77980417	77980398	+	3.846	9.5	>	6	1	89
1148	chr9	94738712	94738693	+	3.828	14.92	>	6	1	89
1149	chr6	140466500	140466481	-	3.816	3.785	>	6	1	89
1150	chr19	57361025	57361006	-	3.814	6.484	>	6	1	89
1151	chr12	58972459	58972440	+	3.777	2.135	>	6	1	89
1152	chr2	61490636	61490617	+	3.775	5.23	>	6	1	89
1153	chr4	44310651	44310632	+	3.762	4.973	>	6	1	89
1154	chr11	52766147	52766128	+	3.734	1.83	>	6	1	89
1155	chr13	72627587	72627568	-	3.717	4.066	>	6	1	89
1156	chr9	23012459	23012440	-	3.71	1.704	>	6	1	89
1157	chr16	31427924	31427905	-	3.705	3.383	>	6	1	89
1158	chr12	29895773	29895754	+	3.691	1.481	>	6	1	89
1159	chr9	73154557	73154538	+	3.666	9.1	>	6	1	89
1160	chr1	127484437	127484418	-	3.66	8.8	>	6	1	89
1161	chr9	107566236	107566217	+	3.656	7.098	>	6	1	89
1162	chr2	68118338	68118319	+	3.652	4.36	>	6	1	89
1163	chr11	11140836	11140817	-	3.629	13.69	>	6	1	89
1164	chr12	74014936	74014917	-	3.627	5.97	>	6	1	89
1165	chr7	138396301	138396282	-	3.621	0.934	>	6	1	89
1166	chr14	103534605	103534586	+	3.617	5.312	>	6	1	89
1167	chr10	115164112	115164093	-	3.613	3.031	>	6	1	89
1168	chr7	119019764	119019745	+	3.598	7.113	>	6	1	89
1169	chr13	96389525	96389506	-	3.588	1.339	>	6	1	89
1170	chr14	74723724	74723705	-	3.586	5.766	>	6	1	89
1171	chr14	55114114	55114095	-	3.57	7.387	>	6	1	89
1172	chr9	62784468	62784449	+	3.562	12.84	>	6	1	89
1173	chr10	127678167	127678148	-	3.541	2.129	>	6	1	89
1174	chr17	55948218	55948199	-	3.535	4.3	>	6	1	89
1175	chr11	78183263	78183244	-	3.525	12.305	>	6	1	89
1176	chr6	59207403	59207384	-	3.508	1.477	>	6	1	89
1177	chr6	135416919	135416900	+	3.498	4.027	>	6	1	89
1178	chr5	122104403	122104384	+	3.492	11.98	>	6	1	89
1179	chr13	37971068	37971049	-	3.482	3.088	>	6	1	89
1180	chr5	114612410	114612391	+	3.48	13.6	>	6	1	89
1181	chr10	114442226	114442207	+	3.46	2.104	>	6	1	89
1182	chr2	145655527	145655508	-	3.44	2.05	>	6	1	89
1183	chr7	109507351	109507332	-	3.418	1.832	>	6	1	89
1184	chr16	10009965	10009946	+	3.402	4.965	>	6	1	89
1185	chr14	67969032	67969013	-	3.385	5.523	>	6	1	89
1186	chr5	140744055	140744036	-	3.348	10.35	>	6	1	89
1187	chr1	56984334	56984315	+	3.338	2.584	>	6	1	89
1188	chr2	137110782	137110763	+	3.328	1.323	>	6	1	89
1189	chr16	22267525	22267506	+	3.322	1.262	>	6	1	89
1190	chr16	4884595	4884576	-	3.3	2.822	>	6	1	89
1191	chr5	19458406	19458387	-	3.291	6.625	>	6	1	89
1192	chr1	84697217	84697198	-	3.29	7.492	>	6	1	89
1193	chr14	122903088	122903069	-	3.29	2.205	>	6	1	89
1194	chr7	64056729	64056710	-	3.273	1.214	>	6	1	89
1195	chr9	71624061	71624042	-	3.273	15.39	>	6	1	89
1196	chr9	96885958	96885939	-	3.271	10.016	>	6	1	89
1197	chr18	46964733	46964714	-	3.266	8.555	>	6	1	89
1198	chr3	122638475	122638456	+	3.26	4.82	>	6	1	89
1199	chr9	94733848	94733829	+	3.256	3.768	>	6	1	89
1200	chr1	167938404	167938385	-	3.25	6.79	>	6	1	89
1201	chr1	180811841	180811822	+	3.244	6.383	>	6	1	89
1202	chr10	42760472	42760453	+	3.229	1.784	>	6	1	89
1203	chr18	20598347	20598328	+	3.213	4.758	>	6	1	89
1204	chr17	71909305	71909286	+	3.203	3.572	>	6	1	89
1205	chr1	34459898	34459879	+	3.193	3.389	>	6	1	89
1206	chr4	117202234	117202215	-	3.191	9.61	>	6	1	89
1207	chr15	101313974	101313955	-	3.178	2.96	>	6	1	89
1208	chr16	13438138	13438119	+	3.176	1.241	>	6	1	89
1209	chr7	114878499	114878480	+	3.174	1.604	>	6	1	89
1210	chr11	109866735	109866716	+	3.166	2.812	>	6	1	89
1211	chr3	123509329	123509310	+	3.162	5.67	>	6	1	89
1212	chr3	114085881	114085862	-	3.146	0.5283	>	6	1	89
1213	chr4	120149384	120149365	-	3.145	8.09	>	6	1	89
1214	chr16	4549594	4549575	-	3.137	11.12	>	6	1	89
1215	chr15	78872224	78872205	+	3.133	9.35	>	6	1	89
1216	chr12	57231261	57231242	-	3.127	3.32	>	6	1	89
1217	chr9	71624949	71624930	-	3.125	15.0	>	6	1	89
1218	chr4	18963859	18963840	-	3.12	4.01	>	6	1	89
1219	chr8	40913366	40913347	-	3.115	1.625	>	6	1	89
1220	chr5	21645240	21645221	-	3.11	1.259	>	6	1	89
1221	chr10	68357244	68357225	+	3.094	1.353	>	6	1	89
1222	chr2	93812077	93812058	-	3.06	11.82	>	6	1	89
1223	chr12	75669431	75669412	-	3.05	4.1	>	6	1	89
1224	chr1	12844023	12844004	+	3.033	4.33	>	6	1	89
1225	chr12	86697142	86697123	+	3.025	6.996	>	6	1	89
1226	chr9	98033678	98033659	+	3.021	1.525	>	6	1	89
1227	chr19	37946902	37946883	+	3.02	4.082	>	6	1	89
1228	chr9	75271676	75271657	+	3.01	4.42	>	6	1	89
1229	chr11	55162881	55162862	+	2.996	3.625	>	6	1	89
1230	chr17	25274339	25274320	-	2.984	4.45	>	6	1	89
1231	chr6	108065317	108065298	+	2.984	5.535	>	6	1	89
1232	chr7	5071749	5071730	-	2.928	2.754	>	6	1	89
1233	chr3	152477906	152477887	-	2.922	3.295	>	6	1	89
1234	chr5	28090770	28090751	-	2.922	2.412	>	6	1	89
1235	chr14	78282622	78282603	+	2.91	2.186	>	6	1	89
1236	chr14	88480122	88480103	-	2.906	3.236	>	6	1	89
1237	chr7	107569047	107569028	+	2.902	1.588	>	6	1	89
1238	chr3	83777088	83777069	-	2.879	3.992	>	6	1	89
1239	chr8	48550865	48550846	+	2.871	0.592	>	6	1	89
1240	chr7	132575955	132575936	-	2.855	4.473	>	6	1	89
1241	chr14	79769127	79769108	-	2.852	4.36	>	6	1	89
1242	chr17	69974245	69974226	-	2.799	1.284	>	6	1	89
1243	chr12	66284211	66284192	-	2.793	5.484	>	6	1	89
1244	chr6	83796902	83796883	-	2.785	3.35	>	6	1	89
1245	chr9	44108077	44108058	+	2.785	11.375	>	6	1	89
1246	chr11	116023924	116023905	+	2.777	6.906	>	6	1	89
1247	chr3	86779824	86779805	-	2.775	8.64	>	6	1	89
1248	chr19	46056202	46056183	+	2.77	5.27	>	6	1	89
1249	chr10	108210181	108210162	-	2.762	0.674	>	6	1	89
1250	chr8	27001386	27001367	+	0.4329	0.4077	>	6	1	89
1251	chr17	28338029	28338010	-	0.252	0.265	>	6	1	89
1252	chr11	76445826	76445807	-	0.2268	0.1863	>	6	1	89
1253	chr5	144244146	144244127	-	0.311	0.3691	>	6	1	89
1254	chr14	79768803	79768784	-	0.3076	0.2808	>	6	1	89
1255	chr9	26778623	26778604	-	1.299	0.6914	>	6	1	89
1256	chr7	25392052	25392033	+	0.2487	0.242	>	6	1	89
1257	chr3	101484879	101484860	-	0.3438	0.528	>	6	1	89
1258	chr2	69113988	69113969	+	0.2472	0.1981	>	6	1	89
1259	chr13	29852447	29852428	-	0.1781	0.1941	>	6	1	89
1260	chr2	60213231	60213212	-	0.1073	0.1628	>	6	1	89
1261	chr2	171418157	171418138	-	0.1407	0.2131	>	6	1	89
1262	chr7	64392050	64392031	-	0.514	0.2006	>	6	1	89
1263	chr15	36157434	36157415	-	0.7227	0.836	>	6	1	89
1264	chr4	49662357	49662338	-	0.4692	0.2915	>	6	1	89
1265	chr4	48422356	48422337	+	1.027	0.5225	>	6	1	89
1266	chr18	82720514	82720495	+	0.1605	0.1409	>	6	1	89
1267	chr1	172022686	172022667	+	0.1733	0.1764	>	6	1	89
1268	chr7	139595890	139595871	+	0.1575	0.2125	>	6	1	89
1269	chr12	73007842	73007823	-	0.345	0.2974	>	6	1	89
1270	chr17	27192928	27192909	-	0.1056	0.4468	>	6	1	89
1271	chr1	53698960	53698941	+	0.557	0.255	>	6	1	89
1272	chr18	12734380	12734361	+	0.207	0.1383	>	6	1	89
1273	chr6	126767488	126767469	-	0.2039	0.2483	>	6	1	89
1274	chr2	92856249	92856230	-	2.734	0.857	>	6	1	89
1275	chr11	74572851	74572832	+	0.2646	0.2705	>	6	1	89
1276	chr9	59675637	59675618	-	0.4082	0.744	>	6	1	89
1277	chr15	55025647	55025628	+	0.1847	0.1536	>	6	1	89
1278	chr4	120579150	120579131	-	0.33	0.264	>	6	1	89
1279	chr15	74525720	74525701	+	0.2172	0.2104	>	6	1	89
1280	chr1	88748095	88748076	+	0.1973	0.1881	>	6	1	89
1281	chr15	32239655	32239636	-	0.2822	0.1587	>	6	1	89
1282	chr7	36571183	36571164	+	0.1103	0.1942	>	6	1	89
1283	chr11	113855351	113855332	-	0.1613	0.1947	>	6	1	89
1284	chr6	90609163	90609144	+	2.127	1.159	>	6	1	89
1285	chr3	146181407	146181388	-	0.2034	0.3416	>	6	1	89
1286	chr10	69857222	69857203	-	0.3232	0.3599	>	6	1	89
1287	chr2	158361425	158361406	-	0.5625	0.2502	>	6	1	89
1288	chr5	136268179	136268160	-	0.1886	0.2153	>	6	1	89
1289	chr16	11983350	11983331	-	1.634	1.076	>	6	1	89
1290	chr2	84437773	84437754	+	0.2305	0.14	>	6	1	89
1291	chr18	24002018	24001999	-	0.133	0.1333	>	6	1	89
1292	chr1	130151533	130151514	-	0.4075	0.3347	>	6	1	89
1293	chr9	59675855	59675836	+	0.3367	0.2161	>	6	1	89
1294	chr11	116840251	116840232	-	0.3374	0.637	>	6	1	89
1295	chr2	155819963	155819944	+	0.07886	0.146	>	6	1	89
1296	chr14	105301632	105301613	+	0.206	0.2114	>	6	1	89
1297	chr12	9044592	9044573	+	0.1821	0.2019	>	6	1	89
1298	chr18	13971224	13971205	-	0.5337	0.3596	>	6	1	89
1299	chr5	136267600	136267581	-	0.2751	0.189	>	6	1	89
1300	chr5	33371430	33371411	+	0.3992	0.1644	>	6	1	89
1301	chr14	51090397	51090378	-	0.4153	0.243	>	6	1	89
1302	chr1	77935072	77935053	+	0.1814	0.1729	>	6	1	89
1303	chr11	119246049	119246030	-	0.204	0.3367	>	6	1	89
1304	chr17	50274949	50274930	-	0.441	0.1749	>	6	1	89
1305	chr8	108956442	108956423	+	0.5635	0.3044	>	6	1	89
1306	chr11	66885340	66885321	+	0.1636	0.169	>	6	1	89
1307	chr7	30099945	30099926	-	0.1979	0.1757	>	6	1	89
1308	chr15	99973159	99973140	-	0.1998	0.3345	>	6	1	89
1309	chr5	16308949	16308930	+	0.1567	0.1411	>	6	1	89
1310	chr6	119466578	119466559	-	0.9824	0.9795	>	6	1	89
1311	chr2	136886679	136886660	+	0.7764	0.2095	>	6	1	89
1312	chr14	79763594	79763575	-	0.2852	0.151	>	6	1	89
1313	chr2	170416012	170415993	+	0.1837	0.1256	>	6	1	89
1314	chr4	41015236	41015217	-	0.1882	0.1434	>	6	1	89
1315	chr11	70975109	70975090	+	0.713	0.3914	>	6	1	89
1316	chr5	122773202	122773183	+	0.11584	0.1375	>	6	1	89
1317	chr4	128588031	128588012	-	0.2659	0.1909	>	6	1	89
1318	chr8	122576186	122576167	-	0.11285	0.1545	>	6	1	89
1319	chr7	76383989	76383970	+	0.1553	0.154	>	6	1	89
1320	chr9	41467019	41467000	-	0.2223	0.1565	>	6	1	89
1321	chr1	32712246	32712227	-	0.05322	0.1516	>	6	1	89
1322	chr16	23974866	23974847	-	0.5283	0.3425	>	6	1	89
1323	chr15	84066194	84066175	-	0.6196	1.17	>	6	1	89
1324	chr11	40148920	40148901	-	1.272	0.642	>	6	1	89
1325	chr7	27166488	27166469	-	0.306	0.491	>	6	1	89
1326	chr11	30240273	30240254	+	0.4001	0.2556	>	6	1	89
1327	chr2	69115969	69115950	-	0.1754	0.1587	>	6	1	89
1328	chr9	113420569	113420550	-	0.2261	0.2178	>	6	1	89
1329	chr12	99882528	99882509	-	0.2617	0.1387	>	6	1	89
1330	chr5	77347648	77347629	-	0.3625	0.4211	>	6	1	89
1331	chr10	49780455	49780436	+	0.2179	0.1394	>	6	1	89
1332	chr5	75855263	75855244	-	0.6416	0.4326	>	6	1	89
1333	chr2	124087358	124087339	-	0.6436	0.2075	>	6	1	89
1334	chr14	49219056	49219037	+	0.678	0.694	>	6	1	89
1335	chr5	147938091	147938072	+	0.368	0.1842	>	6	1	89
1336	chr11	32340288	32340269	+	0.1792	0.1648	>	6	1	89
1337	chr16	50181579	50181560	+	0.2006	0.1838	>	6	1	89
1338	chr16	20496121	20496102	-	0.6714	0.1777	>	6	1	89
1339	chr8	76775680	76775661	+	0.135	0.1975	>	6	1	89
1340	chr14	65597676	65597657	+	0.6543	0.452	>	6	1	89
1341	chr7	64754771	64754752	+	0.1351	0.2295	>	6	1	89
1342	chr2	166083979	166083960	-	0.2964	0.2065	>	6	1	89
1343	chr16	44140440	44140421	+	0.4607	0.3381	>	6	1	89
1344	chr12	90524338	90524319	-	0.3223	0.2983	>	6	1	89
1345	chr5	89391716	89391697	+	0.1626	0.1418	>	6	1	89
1346	chr9	59675438	59675419	-	0.2104	0.1542	>	6	1	89
1347	chr19	16339103	16339084	-	0.1967	0.1177	>	6	1	89
1348	chr13	30545067	30545048	+	0.3672	0.2915	>	6	1	89
1349	chr1	92462681	92462662	+	0.3916	0.1832	>	6	1	89
1350	chr4	84066283	84066264	-	0.1898	0.1552	>	6	1	89
1351	chr9	83373922	83373903	-	0.2197	0.1434	>	6	1	89
1352	chr4	88773969	88773950	-	0.9507	8.01	>	6	1	89
1353	chr9	123132258	123132239	-	0.1687	0.1416	>	6	1	89
1354	chr17	34958843	34958824	-	0.2079	0.5464	>	6	1	89
1355	chr12	50946225	50946206	+	0.2341	0.157	>	6	1	89
1356	chr13	73647252	73647233	+	0.267	0.1704	>	6	1	89
1357	chr11	83279300	83279281	-	0.4434	0.2251	>	6	1	89
1358	chr17	8986048	8986029	-	0.3325	0.212	>	6	1	89
1359	chr4	14935721	14935702	-	0.7095	0.296	>	6	1	89
1360	chr4	75076699	75076680	+	0.09125	0.2014	>	6	1	89
1361	chr5	114610713	114610694	+	0.0985	0.1626	>	6	1	89
1362	chr9	83378273	83378254	-	0.471	0.2808	>	6	1	89
1363	chr9	107773182	107773163	-	0.1786	0.1414	>	6	1	89
1364	chr9	41218030	41218011	+	0.1323	0.1355	>	6	1	89
1365	chr9	105644718	105644699	+	0.4255	0.1808	>	6	1	89
1366	chr8	84264441	84264422	-	1.261	1.4795	>	6	1	89
1367	chr4	135959453	135959434	+	0.112	0.2223	>	6	1	89
1368	chr1	24684268	24684249	+	0.4001	0.1942	>	6	1	89
1369	chr3	87748577	87748558	-	0.7593	0.4382	>	6	1	89
1370	chr9	54690950	54690931	+	0.11566	0.136	>	6	1	89
1371	chr15	82277690	82277671	-	0.9043	0.4492	>	6	1	89
1372	chr5	115498528	115498509	-	0.2693	0.2164	>	6	1	89
1373	chr9	56621276	56621257	+	0.10846	0.253	>	6	1	89
1374	chr18	81956733	81956714	-	0.2815	0.2637	>	6	1	89
1375	chr10	22791401	22791382	-	0.1346	0.2358	>	6	1	89
1376	chr15	82271301	82271282	+	0.836	0.1838	>	6	1	89
1377	chr12	69946159	69946140	+	0.555	0.455	>	6	1	89
1378	chr14	101442800	101442781	+	0.2983	0.1344	>	6	1	89
1379	chr2	164777017	164776998	-	0.5176	0.361	>	6	1	89
1380	chr10	24631573	24631554	-	1.178	1.224	>	6	1	89
1381	chr1	136528510	136528491	-	1.761	0.7373	>	6	1	89
1382	chr10	19222118	19222099	-	1.411	0.8228	>	6	1	89
1383	chr14	56885508	56885489	-	2.348	4.004	>	6	1	89
1384	chr8	85060493	85060474	-	0.9688	0.437	>	6	1	89
1385	chr11	96075822	96075803	-	0.9316	0.4944	>	6	1	89
1386	chr11	77476535	77476516	+	0.1632	0.2383	>	6	1	89
1387	chr1	81294004	81293985	-	0.905	0.562	>	6	1	89
1388	chr12	15520954	15520935	+	0.7183	0.4033	>	6	1	89
1389	chr7	66397054	66397035	+	0.1594	0.2107	>	6	1	89
1390	chr12	74014582	74014563	-	0.2377	0.1973	>	6	1	89
1391	chr5	144242554	144242535	-	0.241	0.1987	>	6	1	89
1392	chr15	66894943	66894924	+	0.2703	0.2021	>	6	1	89
1393	chr6	126484995	126484976	-	0.4333	1.278	>	6	1	89
1394	chr4	48427148	48427129	+	0.678	0.3833	>	6	1	89
1395	chr15	71459211	71459192	+	0.252	0.1731	>	6	1	89
1396	chr3	19896435	19896416	-	0.2361	0.1467	>	6	1	89
1397	chr8	68268707	68268688	-	0.1398	0.1492	>	6	1	89
1398	chr1	182555580	182555561	-	0.1982	0.1915	>	6	1	89
1399	chr9	44413186	44413167	-	0.534	0.393	>	6	1	89
1400	chr14	70151716	70151697	+	0.3604	0.2382	>	6	1	89
1401	chr4	62478250	62478231	+	0.438	0.1328	>	6	1	89
1402	chr3	127561629	127561610	-	0.2183	0.12354	>	6	1	89
1403	chr3	69139614	69139595	-	0.397	0.2261	>	6	1	89
1404	chr17	17919616	17919597	+	0.1678	0.167	>	6	1	89
1405	chr4	139314214	139314195	-	0.2279	0.269	>	6	1	89
1406	chr18	61952763	61952744	-	0.2372	0.1731	>	6	1	89
1407	chr9	7599188	7599169	+	0.33	0.191	>	6	1	89
1408	chr10	120898341	120898322	-	0.3386	0.1467	>	6	1	89
1409	chr11	57469613	57469594	-	0.1846	0.2297	>	6	1	89
1410	chr18	58480198	58480179	-	0.2095	0.1665	>	6	1	89
1411	chr17	12380527	12380508	-	0.658	0.591	>	6	1	89
1412	chr2	107940173	107940154	+	0.11664	0.1351	>	6	1	89
1413	chr2	32580534	32580515	-	0.2605	0.4055	>	6	1	89
1414	chr15	98813480	98813461	+	0.3496	0.5376	>	6	1	89
1415	chr6	54253893	54253874	+	0.1663	0.1743	>	6	1	89
1416	chr1	135800865	135800846	+	0.1766	0.1665	>	6	1	89
1417	chr15	58426369	58426350	+	0.1996	0.1519	>	6	1	89
1418	chr4	87367775	87367756	+	0.3853	0.1472	>	6	1	89
1419	chr2	96583103	96583084	-	0.809	0.3242	>	6	1	89
1420	chr4	63366959	63366940	-	0.1979	0.1753	>	6	1	89
1421	chr4	59761293	59761274	-	0.3435	0.2113	>	6	1	89
1422	chr10	7832162	7832143	+	0.2646	0.1672	>	6	1	89
1423	chr7	89904213	89904194	-	0.2908	0.156	>	6	1	89
1424	chr1	30697342	30697323	+	0.1025	0.1263	>	6	1	89
1425	chr1	58987602	58987583	+	0.2202	0.1498	>	6	1	89
1426	chr15	7452190	7452171	+	0.1405	0.12085	>	6	1	89
1427	chr4	139877044	139877025	+	0.3875	0.2688	>	6	1	89
1428	chr3	83291887	83291868	-	0.0825	0.137	>	6	1	89
1429	chr15	68912907	68912888	-	0.5024	0.2024	>	6	1	89
1430	chr14	64593744	64593725	-	1.073	0.5703	>	6	1	89
1431	chr1	56980349	56980330	-	0.2778	0.2322	>	6	1	89
1432	chr14	75833620	75833601	-	0.6006	0.4543	>	6	1	89
1433	chr16	62904648	62904629	-	0.217	0.1924	>	6	1	89
1434	chr5	35991229	35991210	-	1.033	1.082	>	6	1	89
1435	chr5	44287418	44287399	-	0.248	0.155	>	6	1	89
1436	chr15	76199915	76199896	-	0.07776	0.3071	>	6	1	89
1437	chr4	131240262	131240243	-	0.241	0.206	>	6	1	89
1438	chr5	102147917	102147898	-	0.228	0.2458	>	6	1	89
1439	chr3	93086926	93086907	+	0.0978	0.1787	>	6	1	89
1440	chr6	126163382	126163363	+	2.373	1.376	>	6	1	89
1441	chr3	45375769	45375750	+	1.051	0.2544	>	6	1	89
1442	chr16	90306219	90306200	-	0.3647	0.3506	>	6	1	89
1443	chr17	3249270	3249251	-	0.1843	0.136	>	6	1	89
1444	chr4	143024421	143024402	-	0.087	0.1317	>	6	1	89
1445	chr19	47513892	47513873	-	0.2471	0.1393	>	6	1	89
1446	chr6	66534595	66534576	-	1.387	0.675	>	6	1	89
1447	chr6	134963172	134963153	-	0.6475	0.5996	>	6	1	89
1448	chr14	56369245	56369226	+	0.2401	0.1912	>	6	1	89
1449	chr18	53460219	53460200	+	0.1775	0.162	>	6	1	89
1450	chr7	89476922	89476903	-	0.2163	0.1522	>	6	1	89
1451	chr6	34273116	34273097	+	0.0673	0.1545	>	6	1	89
1452	chr7	142295608	142295589	-	1.062	6.32	>	6	1	89
1453	chr3	22302208	22302189	+	0.992	0.3848	>	6	1	89
1454	chr6	31045994	31045975	-	0.7534	0.959	>	6	1	89
1455	chr9	57143378	57143359	-	0.1816	0.2302	>	6	1	89
1456	chr6	101268340	101268321	+	0.2712	0.1924	>	6	1	89
1457	chr9	58897456	58897437	-	0.7163	0.4846	>	6	1	89
1458	chr17	79601068	79601049	+	0.2245	0.12476	>	6	1	89
1459	chr16	5254607	5254588	-	0.2883	0.22	>	6	1	89
1460	chr4	83595536	83595517	+	1.783	1.041	>	6	1	89
1461	chr9	51159881	51159862	-	0.6875	0.266	>	6	1	89
1462	chr14	66354429	66354410	+	0.1142	0.1388	>	6	1	89
1463	chr5	117090283	117090264	+	0.5806	0.4014	>	6	1	89
1464	chr2	168061425	168061406	-	0.1733	0.2051	>	6	1	89
1465	chr5	9169228	9169209	+	0.3306	0.1686	>	6	1	89
1466	chr6	28418701	28418682	-	0.4202	0.266	>	6	1	89
1467	chr12	105038443	105038424	-	0.1501	0.2063	>	6	1	89
1468	chr1	182558143	182558124	-	0.2264	0.1511	>	6	1	89
1469	chr8	47713300	47713281	-	1.078	1.646	>	6	1	89
1470	chr18	47357393	47357374	+	0.2007	0.1278	>	6	1	89
1471	chr1	118771083	118771064	-	0.1254	0.2006	>	6	1	89
1472	chr16	6493044	6493025	-	0.1927	0.1516	>	6	1	89
1473	chr9	42951005	42950986	-	0.3914	0.2078	>	6	1	89
1474	chr13	53430986	53430967	-	0.6504	0.3672	>	6	1	89
1475	chr13	67609268	67609249	+	2.162	0.826	>	6	1	89
1476	chr1	53035072	53035053	+	0.1465	0.1494	>	6	1	89
1477	chr7	99471824	99471805	-	0.3745	0.4907	>	6	1	89
1478	chr11	36543574	36543555	-	0.1156	0.1614	>	6	1	89
1479	chr5	124334258	124334239	-	0.3428	0.273	>	6	1	89
1480	chr10	76771414	76771395	-	0.1296	0.2047	>	6	1	89
1481	chr10	4386719	4386700	+	0.32	0.4492	>	6	1	89
1482	chr5	116554091	116554072	+	0.0876	0.1714	>	6	1	89
1483	chr10	41734858	41734839	+	0.1406	0.2605	>	6	1	89
1484	chr10	50906875	50906856	-	0.2361	0.1674	>	6	1	89
1485	chr11	31651668	31651649	+	0.07605	0.1534	>	6	1	89
1486	chr6	116193190	116193171	+	0.3687	0.372	>	6	1	89
1487	chr1	188976509	188976490	+	0.343	0.1833	>	6	1	89
1488	chr12	101976095	101976076	+	0.681	0.4116	>	6	1	89
1489	chr15	75925915	75925896	+	0.6084	0.9233	>	6	1	89
1490	chr1	4777287	4777268	-	0.9443	1.425	>	6	1	89
1491	chr18	86560230	86560211	+	0.7866	1.138	>	6	1	89
1492	chr7	43574878	43574859	+	1.292	1.347	>	6	1	89
1493	chr7	98200601	98200582	-	0.2927	0.1711	>	6	1	89
1494	chr4	143319849	143319830	+	0.2299	0.1525	>	6	1	89
1495	chr2	128601696	128601677	-	0.1208	0.207	>	6	1	89
1496	chr17	57004491	57004472	-	0.1467	0.2932	>	6	1	89
1497	chr2	35196541	35196522	-	1.081	0.3997	>	6	1	89
1498	chr5	29779371	29779352	+	0.1531	0.1671	>	6	1	89
1499	chr10	93038429	93038410	-	0.163	0.1875	>	6	1	89
0	chr4	87368268	87368249	+	90.56	65.75	>	6	2	88
1	chr11	109860827	109860808	-	89.2	47.97	>	6	2	88
2	chr3	22309188	22309169	+	81.5	60.4	>	6	2	88
3	chr10	5161770	5161751	-	79.2	55.88	>	6	2	88
4	chr16	71247702	71247683	+	68.56	43.2	>	6	2	88
5	chr16	72980067	72980048	-	68.3	56.7	>	6	2	88
6	chr6	60556001	60555982	+	67.7	40.38	>	6	2	88
7	chr5	7996919	7996900	-	66.06	59.4	>	6	2	88
8	chr14	12140114	12140095	-	65.1	51.62	>	6	2	88
9	chr13	81439574	81439555	+	64.94	46.94	>	6	2	88
10	chr9	103996726	103996707	-	64.9	51.25	>	6	2	88
11	chr15	56066340	56066321	+	63.97	42.94	>	6	2	88
12	chr10	106609250	106609231	+	63.97	42.62	>	6	2	88
13	chr1	144380222	144380203	-	63.4	48.44	>	6	2	88
14	chr10	8240468	8240449	-	62.34	45.88	>	6	2	88
15	chr12	77000269	77000250	+	62.22	54.97	>	6	2	88
16	chr1	44745882	44745863	+	62.12	40.25	>	6	2	88
17	chr4	81178889	81178870	+	62.03	50.0	>	6	2	88
18	chr9	10909768	10909749	+	61.12	47.94	>	6	2	88
19	chr6	64650119	64650100	-	60.56	60.88	>	6	2	88
20	chr15	32766485	32766466	-	60.56	46.62	>	6	2	88
21	chr4	9135983	9135964	+	60.03	34.12	>	6	2	88
22	chr7	118305013	118304994	+	59.5	47.62	>	6	2	88
23	chr10	39520570	39520551	-	58.34	40.5	>	6	2	88
24	chr1	78724658	78724639	+	58.25	47.28	>	6	2	88
25	chr2	160598038	160598019	+	57.94	55.8	>	6	2	88
26	chr18	33790258	33790239	-	57.72	56.3	>	6	2	88
27	chr12	40837750	40837731	+	57.5	46.25	>	6	2	88
28	chr8	41443763	41443744	+	57.34	56.06	>	6	2	88
29	chr14	68494314	68494295	-	56.94	24.97	>	6	2	88
30	chr1	11657910	11657891	+	56.8	43.62	>	6	2	88
31	chr11	77100337	77100318	+	55.88	49.25	>	6	2	88
32	chr16	41244935	41244916	-	55.72	48.0	>	6	2	88
33	chr14	87452291	87452272	-	55.72	63.0	>	6	2	88
34	chr18	16217050	16217031	+	54.9	26.8	>	6	2	88
35	chr11	53255133	53255114	-	54.8	39.5	>	6	2	88
36	chr9	7216447	7216428	+	54.56	27.64	>	6	2	88
37	chr8	35850598	35850579	-	54.5	50.94	>	6	2	88
38	chr8	102781131	102781112	-	54.44	41.34	>	6	2	88
39	chr5	49962010	49961991	-	54.16	50.88	>	6	2	88
40	chr7	90410162	90410143	-	54.06	39.75	>	6	2	88
41	chr4	15328717	15328698	+	54.03	40.72	>	6	2	88
42	chr11	31949616	31949597	-	54.0	41.44	>	6	2	88
43	chr1	120586671	120586652	+	53.8	57.06	>	6	2	88
44	chr13	19698921	19698902	+	53.16	40.8	>	6	2	88
45	chr12	57825950	57825931	+	53.03	34.38	>	6	2	88
46	chr16	72215933	72215914	-	52.7	45.56	>	6	2	88
47	chr9	15685402	15685383	+	52.62	45.03	>	6	2	88
48	chr10	10321327	10321308	-	52.47	23.97	>	6	2	88
49	chr9	49494135	49494116	+	52.4	51.5	>	6	2	88
50	chr3	50906169	50906150	-	52.12	57.06	>	6	2	88
51	chr11	57467973	57467954	-	52.03	54.47	>	6	2	88
52	chr11	113165316	113165297	-	51.88	57.94	>	6	2	88
53	chr9	51152608	51152589	-	51.8	48.22	>	6	2	88
54	chr16	58299658	58299639	+	51.56	30.08	>	6	2	88
55	chr16	22564783	22564764	+	51.44	49.16	>	6	2	88
56	chr8	36523135	36523116	-	51.4	44.44	>	6	2	88
57	chr14	34810941	34810922	+	51.3	52.97	>	6	2	88
58	chr6	101261740	101261721	-	51.0	49.47	>	6	2	88
59	chr7	132213694	132213675	-	50.8	38.62	>	6	2	88
60	chr2	48886271	48886252	-	50.28	44.53	>	6	2	88
61	chr12	54060974	54060955	-	50.12	27.78	>	6	2	88
62	chr1	5905019	5905000	-	50.06	44.22	>	6	2	88
63	chr9	26776375	26776356	-	50.0	53.88	>	6	2	88
64	chr1	103799519	103799500	+	49.53	56.44	>	6	2	88
65	chr9	88222188	88222169	-	49.5	40.1	>	6	2	88
66	chr18	58481884	58481865	-	49.28	39.28	>	6	2	88
67	chr13	100112788	100112769	+	49.16	37.22	>	6	2	88
68	chr3	14679394	14679375	+	49.06	29.97	>	6	2	88
69	chr16	37109459	37109440	+	48.75	19.0	>	6	2	88
70	chr3	153655318	153655299	-	48.72	48.28	>	6	2	88
71	chr16	89765698	89765679	-	48.38	54.0	>	6	2	88
72	chr13	89543228	89543209	-	48.3	56.84	>	6	2	88
73	chr11	40149509	40149490	-	48.28	36.34	>	6	2	88
74	chr3	113080940	113080921	-	48.2	53.4	>	6	2	88
75	chr10	70963797	70963778	-	47.53	51.97	>	6	2	88
76	chr6	66533480	66533461	-	47.34	41.22	>	6	2	88
77	chr18	57976815	57976796	+	47.28	41.3	>	6	2	88
78	chr12	92303388	92303369	+	47.12	48.12	>	6	2	88
79	chr6	43686140	43686121	+	47.1	34.0	>	6	2	88
80	chr15	11038687	11038668	+	47.06	40.16	>	6	2	88
81	chr6	13281064	13281045	-	47.06	44.4	>	6	2	88
82	chr4	25180081	25180062	-	46.94	22.34	>	6	2	88
83	chr2	110229883	110229864	+	46.8	37.2	>	6	2	88
84	chr2	118638293	118638274	+	46.34	48.4	>	6	2	88
85	chr14	67674858	67674839	-	46.2	40.62	>	6	2	88
86	chr1	179477262	179477243	-	45.97	54.9	>	6	2	88
87	chr12	78056191	78056172	+	45.84	48.03	>	6	2	88
88	chr15	44836402	44836383	+	45.7	45.75	>	6	2	88
89	chr9	80293262	80293243	+	45.3	48.66	>	6	2	88
90	chr1	21411405	21411386	+	45.28	35.97	>	6	2	88
91	chr8	80483379	80483360	-	45.28	32.34	>	6	2	88
92	chr16	55477026	55477007	-	44.9	60.88	>	6	2	88
93	chr9	122729759	122729740	-	44.72	40.56	>	6	2	88
94	chr2	17415581	17415562	-	44.56	38.03	>	6	2	88
95	chr4	13778049	13778030	-	44.5	20.47	>	6	2	88
96	chr16	64748455	64748436	-	44.47	52.25	>	6	2	88
97	chr6	57570627	57570608	-	44.28	34.06	>	6	2	88
98	chr16	13117421	13117402	+	44.28	48.25	>	6	2	88
99	chr1	54381475	54381456	-	44.12	34.1	>	6	2	88
100	chr15	40166896	40166877	+	44.03	40.53	>	6	2	88
101	chr17	83271696	83271677	+	44.0	39.2	>	6	2	88
102	chr9	63136063	63136044	+	43.94	32.22	>	6	2	88
103	chr3	68056550	68056531	+	43.88	35.0	>	6	2	88
104	chr3	25220822	25220803	-	43.8	23.62	>	6	2	88
105	chr7	118102455	118102436	-	43.53	59.94	>	6	2	88
106	chr9	51335485	51335466	+	43.47	26.75	>	6	2	88
107	chr16	96671807	96671788	-	43.4	27.66	>	6	2	88
108	chr2	113494904	113494885	+	43.34	43.28	>	6	2	88
109	chr1	55404561	55404542	+	43.25	39.06	>	6	2	88
110	chr3	80079969	80079950	+	43.0	35.7	>	6	2	88
111	chr11	25862989	25862970	-	42.66	37.9	>	6	2	88
112	chr13	109213188	109213169	-	42.6	60.5	>	6	2	88
113	chr8	58566283	58566264	+	42.56	33.8	>	6	2	88
114	chr16	72218227	72218208	+	42.38	47.1	>	6	2	88
115	chr14	102510640	102510621	-	42.34	35.9	>	6	2	88
116	chr7	143154010	143153991	+	42.16	43.66	>	6	2	88
117	chr6	143219585	143219566	+	42.1	41.62	>	6	2	88
118	chr17	86906334	86906315	-	41.97	47.25	>	6	2	88
119	chr8	62080400	62080381	+	41.97	30.6	>	6	2	88
120	chr3	57843985	57843966	+	41.94	43.75	>	6	2	88
121	chr18	3495634	3495615	+	41.62	36.03	>	6	2	88
122	chr7	125393847	125393828	-	41.56	47.0	>	6	2	88
123	chr7	86211564	86211545	-	41.56	46.4	>	6	2	88
124	chr9	60245127	60245108	+	41.38	43.16	>	6	2	88
125	chr6	131353859	131353840	-	41.3	15.89	>	6	2	88
126	chr15	98173991	98173972	-	41.25	24.88	>	6	2	88
127	chr17	88641249	88641230	-	41.12	34.25	>	6	2	88
128	chr9	87027908	87027889	+	41.1	38.34	>	6	2	88
129	chr4	70621553	70621534	-	40.97	48.38	>	6	2	88
130	chr12	41487236	41487217	-	40.88	35.94	>	6	2	88
131	chr4	127368548	127368529	+	40.8	49.72	>	6	2	88
132	chr8	50293750	50293731	-	40.75	48.2	>	6	2	88
133	chr16	27468981	27468962	+	40.75	34.62	>	6	2	88
134	chr7	121641354	121641335	-	40.7	30.69	>	6	2	88
135	chr3	29726795	29726776	-	40.7	30.42	>	6	2	88
136	chr14	29110872	29110853	-	40.66	51.22	>	6	2	88
137	chr13	116712427	116712408	-	40.62	33.1	>	6	2	88
138	chr18	19939562	19939543	-	40.47	45.7	>	6	2	88
139	chr15	80704533	80704514	-	40.28	46.53	>	6	2	88
140	chr18	50137074	50137055	+	40.28	37.62	>	6	2	88
141	chr13	15763212	15763193	-	40.25	29.53	>	6	2	88
142	chr19	50185486	50185467	+	40.22	44.2	>	6	2	88
143	chr12	74013965	74013946	-	40.22	40.8	>	6	2	88
144	chr1	138835543	138835524	+	40.06	20.81	>	6	2	88
145	chr15	55550924	55550905	-	40.06	37.12	>	6	2	88
146	chr1	61771439	61771420	-	40.06	23.55	>	6	2	88
147	chr12	34664961	34664942	+	40.0	19.7	>	6	2	88
148	chr14	78288101	78288082	-	39.8	38.8	>	6	2	88
149	chr2	4499416	4499397	+	39.78	33.88	>	6	2	88
150	chr13	30260132	30260113	-	39.75	32.75	>	6	2	88
151	chr9	68015271	68015252	+	39.2	39.0	>	6	2	88
152	chr1	126993502	126993483	-	39.06	47.2	>	6	2	88
153	chr16	25349824	25349805	-	39.0	41.2	>	6	2	88
154	chr1	14729249	14729230	-	38.94	39.3	>	6	2	88
155	chr15	59389427	59389408	+	38.7	46.34	>	6	2	88
156	chr6	100882590	100882571	+	38.66	49.44	>	6	2	88
157	chr3	9711121	9711102	+	38.62	35.47	>	6	2	88
158	chr6	21214019	21214000	-	38.47	24.2	>	6	2	88
159	chr17	42603617	42603598	-	38.47	42.5	>	6	2	88
160	chr4	80517548	80517529	-	38.47	41.4	>	6	2	88
161	chr9	85328584	85328565	-	38.28	30.06	>	6	2	88
162	chr17	44262001	44261982	+	38.22	44.16	>	6	2	88
163	chr10	102449665	102449646	+	38.2	48.84	>	6	2	88
164	chr17	14520745	14520726	-	38.12	30.45	>	6	2	88
165	chr13	51830925	51830906	+	38.0	56.0	>	6	2	88
166	chr12	83502436	83502417	-	37.97	34.4	>	6	2	88
167	chr5	75853265	75853246	-	37.94	27.88	>	6	2	88
168	chr13	110382742	110382723	+	37.88	61.84	>	6	2	88
169	chr5	62481159	62481140	-	37.8	35.4	>	6	2	88
170	chr7	49121503	49121484	-	37.7	29.61	>	6	2	88
171	chr15	11966575	11966556	-	37.66	34.72	>	6	2	88
172	chr3	31146135	31146116	+	37.53	44.5	>	6	2	88
173	chr2	37815879	37815860	+	37.47	39.2	>	6	2	88
174	chr5	33033442	33033423	-	37.44	48.28	>	6	2	88
175	chr9	7595466	7595447	-	37.4	28.72	>	6	2	88
176	chr5	21641153	21641134	-	37.3	33.66	>	6	2	88
177	chr14	48367302	48367283	-	37.12	39.88	>	6	2	88
178	chr17	14524624	14524605	+	37.1	38.88	>	6	2	88
179	chr4	84064835	84064816	+	37.06	23.38	>	6	2	88
180	chr4	63368786	63368767	+	37.06	51.6	>	6	2	88
181	chr5	102149680	102149661	+	37.03	38.97	>	6	2	88
182	chr12	32897684	32897665	-	36.88	40.9	>	6	2	88
183	chr16	91936532	91936513	+	36.72	43.06	>	6	2	88
184	chr6	37046379	37046360	-	36.72	47.7	>	6	2	88
185	chr18	59081896	59081877	+	36.7	37.34	>	6	2	88
186	chr6	103697552	103697533	-	36.3	43.6	>	6	2	88
187	chr18	19937930	19937911	+	36.3	37.56	>	6	2	88
188	chr6	93757594	93757575	+	36.28	18.31	>	6	2	88
189	chr17	9756371	9756352	+	36.28	21.2	>	6	2	88
190	chr2	96585854	96585835	+	36.25	26.84	>	6	2	88
191	chr11	82915176	82915157	+	36.2	36.34	>	6	2	88
192	chr6	6005837	6005818	+	36.03	35.2	>	6	2	88
193	chr1	98392238	98392219	-	36.03	38.97	>	6	2	88
194	chr7	48749384	48749365	+	35.94	38.3	>	6	2	88
195	chr11	105911812	105911793	-	35.9	37.8	>	6	2	88
196	chr10	45045486	45045467	-	35.8	35.22	>	6	2	88
197	chr2	4492748	4492729	-	35.75	19.97	>	6	2	88
198	chr6	18087397	18087378	+	35.75	40.84	>	6	2	88
199	chr5	90203341	90203322	+	35.7	41.12	>	6	2	88
200	chr7	136489148	136489129	+	35.62	28.06	>	6	2	88
201	chr9	109862620	109862601	-	35.6	34.12	>	6	2	88
202	chr15	59876355	59876336	+	35.3	32.16	>	6	2	88
203	chr14	76473612	76473593	-	35.25	45.66	>	6	2	88
204	chr3	128349320	128349301	+	35.03	41.75	>	6	2	88
205	chr3	45375963	45375944	+	35.03	23.92	>	6	2	88
206	chr3	133314669	133314650	+	34.97	39.0	>	6	2	88
207	chr1	96801850	96801831	-	34.84	30.55	>	6	2	88
208	chr7	115216958	115216939	+	34.62	30.45	>	6	2	88
209	chr9	59282577	59282558	-	34.62	26.88	>	6	2	88
210	chr2	148112135	148112116	-	34.5	31.5	>	6	2	88
211	chr18	52457916	52457897	-	34.47	28.2	>	6	2	88
212	chr6	56691454	56691435	-	34.34	42.2	>	6	2	88
213	chr13	20292580	20292561	-	34.3	38.5	>	6	2	88
214	chr13	57260119	57260100	-	34.25	52.66	>	6	2	88
215	chr13	113877615	113877596	+	34.25	36.75	>	6	2	88
216	chr13	116715029	116715010	-	34.1	31.72	>	6	2	88
217	chr4	83596692	83596673	-	34.1	52.75	>	6	2	88
218	chr8	64941619	64941600	-	34.06	33.75	>	6	2	88
219	chr3	51701488	51701469	+	34.03	22.56	>	6	2	88
220	chr14	120061322	120061303	-	33.84	29.2	>	6	2	88
221	chr7	75910166	75910147	+	33.8	57.6	>	6	2	88
222	chr4	98702698	98702679	-	33.78	31.62	>	6	2	88
223	chr3	146185137	146185118	+	33.62	52.6	>	6	2	88
224	chr4	151157152	151157133	+	33.53	59.38	>	6	2	88
225	chr5	43391861	43391842	-	33.5	21.5	>	6	2	88
226	chr11	93856511	93856492	-	33.47	26.19	>	6	2	88
227	chr14	59605843	59605824	+	33.47	40.3	>	6	2	88
228	chr14	84438580	84438561	+	33.44	23.31	>	6	2	88
229	chr12	50943824	50943805	-	33.28	38.56	>	6	2	88
230	chr7	83550335	83550316	-	33.2	30.12	>	6	2	88
231	chr6	117167008	117166989	+	33.03	30.3	>	6	2	88
232	chr4	12538791	12538772	+	33.0	21.84	>	6	2	88
233	chr18	47353079	47353060	+	32.84	24.58	>	6	2	88
234	chr5	12541496	12541477	-	32.72	22.56	>	6	2	88
235	chr2	60721127	60721108	+	32.72	22.53	>	6	2	88
236	chr11	78838251	78838232	+	32.72	51.5	>	6	2	88
237	chr8	73356225	73356206	+	32.62	23.39	>	6	2	88
238	chr12	10598567	10598548	+	32.5	41.56	>	6	2	88
239	chr19	20345158	20345139	-	32.25	47.94	>	6	2	88
240	chr17	58909486	58909467	-	32.16	39.4	>	6	2	88
241	chr10	69655037	69655018	-	32.12	36.56	>	6	2	88
242	chr4	3967733	3967714	-	32.12	41.75	>	6	2	88
243	chr16	21192795	21192776	-	32.06	38.78	>	6	2	88
244	chr11	12291593	12291574	-	32.0	15.54	>	6	2	88
245	chr11	117385082	117385063	+	31.83	36.6	>	6	2	88
246	chr12	32292095	32292076	+	31.73	20.83	>	6	2	88
247	chr4	64833096	64833077	+	31.69	34.34	>	6	2	88
248	chr13	47301245	47301226	+	31.67	43.9	>	6	2	88
249	chr1	89631957	89631938	-	31.56	45.38	>	6	2	88
250	chr9	69296601	69296582	-	31.53	38.66	>	6	2	88
251	chr3	53735364	53735345	+	31.28	24.5	>	6	2	88
252	chr10	45373471	45373452	-	31.2	37.7	>	6	2	88
253	chr8	91797725	91797706	+	31.19	30.23	>	6	2	88
254	chr4	88035662	88035643	+	31.06	19.66	>	6	2	88
255	chr2	75151187	75151168	-	31.05	37.9	>	6	2	88
256	chr14	66791971	66791952	-	31.02	32.1	>	6	2	88
257	chr2	93199062	93199043	-	30.9	51.25	>	6	2	88
258	chr2	73551006	73550987	+	30.86	53.72	>	6	2	88
259	chr12	89451144	89451125	-	30.81	40.1	>	6	2	88
260	chr16	66086729	66086710	-	30.81	33.7	>	6	2	88
261	chr14	114791647	114791628	-	30.72	37.2	>	6	2	88
262	chr4	43420547	43420528	-	30.61	34.5	>	6	2	88
263	chr1	87447687	87447668	+	30.56	32.53	>	6	2	88
264	chr15	55306471	55306452	+	30.56	24.06	>	6	2	88
265	chr15	97667578	97667559	+	30.52	37.12	>	6	2	88
266	chr2	16359548	16359529	+	30.47	16.92	>	6	2	88
267	chr14	8356099	8356080	+	30.42	51.06	>	6	2	88
268	chr3	19894816	19894797	-	30.38	33.66	>	6	2	88
269	chr12	43813750	43813731	-	30.34	24.06	>	6	2	88
270	chr2	27770378	27770359	+	30.12	46.8	>	6	2	88
271	chr16	48675836	48675817	-	30.12	28.97	>	6	2	88
272	chr10	13016733	13016714	+	30.1	53.44	>	6	2	88
273	chr2	76367359	76367340	+	30.05	30.6	>	6	2	88
274	chr2	115515230	115515211	+	30.05	12.29	>	6	2	88
275	chr19	16785108	16785089	-	30.03	27.4	>	6	2	88
276	chr3	78948444	78948425	+	30.03	29.16	>	6	2	88
277	chr1	37250876	37250857	-	29.94	25.45	>	6	2	88
278	chr18	74431409	74431390	+	29.94	28.48	>	6	2	88
279	chr1	38787652	38787633	-	29.89	46.22	>	6	2	88
280	chr3	14874584	14874565	+	29.88	22.88	>	6	2	88
281	chr9	69505778	69505759	+	29.88	30.58	>	6	2	88
282	chr10	84450913	84450894	-	29.77	31.7	>	6	2	88
283	chr2	172216047	172216028	-	29.77	65.06	>	6	2	88
284	chr10	97712895	97712876	+	29.72	22.83	>	6	2	88
285	chr1	4770074	4770055	+	29.72	39.66	>	6	2	88
286	chr12	50301580	50301561	-	29.69	16.55	>	6	2	88
287	chr15	85266923	85266904	+	29.69	42.06	>	6	2	88
288	chr4	85403030	85403011	+	29.62	27.23	>	6	2	88
289	chr6	97526370	97526351	-	29.53	31.17	>	6	2	88
290	chr8	112046096	112046077	+	29.5	62.6	>	6	2	88
291	chr12	96311368	96311349	-	29.48	23.8	>	6	2	88
292	chr1	93507239	93507220	-	29.45	32.5	>	6	2	88
293	chr13	21714927	21714908	+	29.4	37.72	>	6	2	88
294	chr6	49008180	49008161	+	29.38	27.1	>	6	2	88
295	chr17	17749545	17749526	-	29.36	32.88	>	6	2	88
296	chr6	145360253	145360234	+	29.34	33.62	>	6	2	88
297	chr7	17066630	17066611	-	29.27	41.75	>	6	2	88
298	chr12	81788850	81788831	-	29.25	32.47	>	6	2	88
299	chr7	129649172	129649153	+	29.19	42.88	>	6	2	88
300	chr14	104039053	104039034	+	29.17	41.16	>	6	2	88
301	chr13	41634744	41634725	-	29.08	40.84	>	6	2	88
302	chr7	138835232	138835213	-	29.02	47.88	>	6	2	88
303	chr15	97195797	97195778	+	28.92	38.5	>	6	2	88
304	chr1	119087737	119087718	+	28.89	50.28	>	6	2	88
305	chr4	85819373	85819354	-	28.86	29.28	>	6	2	88
306	chr11	30657307	30657288	-	28.86	6.477	>	6	2	88
307	chr5	49369245	49369226	+	28.66	27.94	>	6	2	88
308	chr6	106805067	106805048	+	28.61	20.38	>	6	2	88
309	chr6	31660958	31660939	+	28.53	52.9	>	6	2	88
310	chr12	8306749	8306730	-	28.48	47.94	>	6	2	88
311	chr13	42822785	42822766	-	28.47	44.4	>	6	2	88
312	chr15	34968778	34968759	+	28.4	27.94	>	6	2	88
313	chr7	68369859	68369840	+	28.38	58.97	>	6	2	88
314	chr15	80266443	80266424	+	28.33	34.62	>	6	2	88
315	chr6	102171110	102171091	+	28.19	24.06	>	6	2	88
316	chr16	72605273	72605254	-	28.11	17.7	>	6	2	88
317	chr18	65490506	65490487	+	28.06	33.94	>	6	2	88
318	chr3	55373775	55373756	+	28.0	19.75	>	6	2	88
319	chr1	53927814	53927795	-	27.97	28.48	>	6	2	88
320	chr2	160368066	160368047	-	27.95	21.97	>	6	2	88
321	chr10	42295232	42295213	-	27.94	37.8	>	6	2	88
322	chr7	116040411	116040392	-	27.9	26.19	>	6	2	88
323	chr10	116197535	116197516	-	27.81	28.58	>	6	2	88
324	chr5	20773533	20773514	-	27.81	20.77	>	6	2	88
325	chr12	80725012	80724993	-	27.73	38.97	>	6	2	88
326	chr15	66899881	66899862	-	27.6	21.5	>	6	2	88
327	chr18	16822208	16822189	-	27.56	13.28	>	6	2	88
328	chr18	14503254	14503235	-	27.55	19.48	>	6	2	88
329	chr5	98344786	98344767	+	27.44	28.3	>	6	2	88
330	chr10	77517236	77517217	+	27.39	30.44	>	6	2	88
331	chr1	44741472	44741453	-	27.38	6.344	>	6	2	88
332	chr6	127945983	127945964	-	27.28	24.97	>	6	2	88
333	chr16	42914955	42914936	-	27.27	20.78	>	6	2	88
334	chr18	39137558	39137539	+	27.11	15.805	>	6	2	88
335	chr13	42575907	42575888	+	27.11	22.34	>	6	2	88
336	chr2	13278209	13278190	+	27.06	48.53	>	6	2	88
337	chr18	43836585	43836566	-	27.06	22.66	>	6	2	88
338	chr4	114647896	114647877	+	27.05	26.58	>	6	2	88
339	chr16	44149214	44149195	-	27.03	37.28	>	6	2	88
340	chr13	109776299	109776280	+	27.02	27.47	>	6	2	88
341	chr19	30217515	30217496	+	27.0	44.25	>	6	2	88
342	chr6	61316075	61316056	+	26.94	38.16	>	6	2	88
343	chr17	78598832	78598813	+	26.92	37.16	>	6	2	88
344	chr2	117231457	117231438	-	26.88	23.62	>	6	2	88
345	chr4	115101816	115101797	+	26.84	34.88	>	6	2	88
346	chr10	57448131	57448112	-	26.8	44.97	>	6	2	88
347	chr13	113046665	113046646	+	26.77	22.72	>	6	2	88
348	chr4	110022447	110022428	-	26.58	43.47	>	6	2	88
349	chr7	101653829	101653810	+	26.5	47.97	>	6	2	88
350	chr5	67756338	67756319	+	26.5	26.55	>	6	2	88
351	chr3	62192717	62192698	-	26.5	17.1	>	6	2	88
352	chr10	17728146	17728127	-	26.45	14.96	>	6	2	88
353	chr5	37752557	37752538	-	26.33	30.73	>	6	2	88
354	chr1	60961316	60961297	-	26.3	26.22	>	6	2	88
355	chr17	68176981	68176962	+	26.27	18.84	>	6	2	88
356	chr7	37357871	37357852	-	26.2	67.6	>	6	2	88
357	chr4	32572316	32572297	-	26.16	44.75	>	6	2	88
358	chr4	96696741	96696722	+	26.12	32.22	>	6	2	88
359	chr4	109729491	109729472	-	26.06	50.3	>	6	2	88
360	chr10	111977780	111977761	+	25.78	32.1	>	6	2	88
361	chr5	45424489	45424470	-	25.73	30.9	>	6	2	88
362	chr2	61494577	61494558	-	25.72	22.25	>	6	2	88
363	chr6	13287046	13287027	+	25.69	21.62	>	6	2	88
364	chr9	116060829	116060810	+	25.66	36.5	>	6	2	88
365	chr8	17537753	17537734	-	25.64	36.44	>	6	2	88
366	chr9	77781636	77781617	-	25.62	27.94	>	6	2	88
367	chr15	5106460	5106441	-	25.56	29.45	>	6	2	88
368	chr17	93141334	93141315	-	25.53	33.03	>	6	2	88
369	chr6	97759520	97759501	+	25.52	17.88	>	6	2	88
370	chr8	119384750	119384731	-	25.47	45.94	>	6	2	88
371	chr6	88113322	88113303	+	25.38	41.75	>	6	2	88
372	chr15	101984527	101984508	-	25.38	56.7	>	6	2	88
373	chr8	54493335	54493316	-	25.34	39.7	>	6	2	88
374	chr9	24119622	24119603	+	25.33	14.83	>	6	2	88
375	chr3	50077169	50077150	-	25.31	24.22	>	6	2	88
376	chr4	47419767	47419748	+	25.23	44.03	>	6	2	88
377	chr2	76115910	76115891	+	25.22	28.97	>	6	2	88
378	chr15	67174759	67174740	+	25.2	12.74	>	6	2	88
379	chr8	125574509	125574490	+	25.17	12.85	>	6	2	88
380	chr1	161737065	161737046	-	25.11	39.75	>	6	2	88
381	chr3	85571455	85571436	-	25.1	9.7	>	6	2	88
382	chr18	19577078	19577059	-	25.02	27.28	>	6	2	88
383	chr19	36083087	36083068	-	25.0	29.4	>	6	2	88
384	chr8	115709616	115709597	-	24.98	9.14	>	6	2	88
385	chr10	126330794	126330775	-	24.84	24.02	>	6	2	88
386	chr15	25993551	25993532	+	24.81	33.28	>	6	2	88
387	chr5	131430355	131430336	-	24.78	45.44	>	6	2	88
388	chr1	9545352	9545333	-	24.78	38.06	>	6	2	88
389	chr19	28768445	28768426	-	24.75	36.44	>	6	2	88
390	chr10	24630876	24630857	+	24.72	22.94	>	6	2	88
391	chr17	54351102	54351083	+	24.53	15.79	>	6	2	88
392	chr16	20496806	20496787	+	24.47	28.86	>	6	2	88
393	chr12	109394024	109394005	-	24.44	15.02	>	6	2	88
394	chr13	21803288	21803269	-	24.42	40.1	>	6	2	88
395	chr3	103392995	103392976	+	24.38	33.9	>	6	2	88
396	chr15	25428758	25428739	+	24.31	24.08	>	6	2	88
397	chr3	135206860	135206841	-	24.3	9.21	>	6	2	88
398	chr8	65139261	65139242	+	24.3	33.56	>	6	2	88
399	chr9	29650850	29650831	-	24.23	35.72	>	6	2	88
400	chr3	127971093	127971074	+	24.2	46.1	>	6	2	88
401	chr2	104035038	104035019	+	24.16	33.7	>	6	2	88
402	chr9	81635302	81635283	+	24.11	12.08	>	6	2	88
403	chr6	95484597	95484578	+	24.03	13.41	>	6	2	88
404	chr14	72293991	72293972	-	23.83	34.2	>	6	2	88
405	chr18	65490035	65490016	-	23.72	29.94	>	6	2	88
406	chr12	38123788	38123769	-	23.66	16.0	>	6	2	88
407	chr18	70184838	70184819	-	23.66	11.39	>	6	2	88
408	chr3	152095252	152095233	-	23.53	23.67	>	6	2	88
409	chr8	32002994	32002975	-	23.5	23.94	>	6	2	88
410	chr11	22206830	22206811	-	23.48	11.1	>	6	2	88
411	chr5	76541051	76541032	-	23.44	19.22	>	6	2	88
412	chr10	52106337	52106318	+	23.38	22.61	>	6	2	88
413	chr1	84697462	84697443	-	23.38	25.22	>	6	2	88
414	chr1	67181385	67181366	+	23.34	35.0	>	6	2	88
415	chr6	101267027	101267008	+	23.31	12.77	>	6	2	88
416	chr6	129255175	129255156	-	23.25	41.8	>	6	2	88
417	chr4	115710017	115709998	-	23.19	25.83	>	6	2	88
418	chr2	118241614	118241595	-	23.19	37.16	>	6	2	88
419	chr8	71371784	71371765	+	23.11	28.11	>	6	2	88
420	chr7	73422670	73422651	-	23.11	37.7	>	6	2	88
421	chr5	33039602	33039583	+	23.05	27.48	>	6	2	88
422	chr2	153143004	153142985	-	23.02	20.31	>	6	2	88
423	chr14	98181824	98181805	-	23.0	7.93	>	6	2	88
424	chr2	136887058	136887039	-	22.97	12.49	>	6	2	88
425	chr1	135136701	135136682	-	22.88	42.44	>	6	2	88
426	chr5	4948481	4948462	-	22.86	27.0	>	6	2	88
427	chr10	71422814	71422795	+	22.81	51.25	>	6	2	88
428	chr8	64597251	64597232	-	22.66	30.06	>	6	2	88
429	chr1	162336834	162336815	-	22.45	14.914	>	6	2	88
430	chr9	94738996	94738977	+	22.42	42.94	>	6	2	88
431	chr17	53403136	53403117	+	22.4	18.28	>	6	2	88
432	chr2	155811920	155811901	-	22.36	51.28	>	6	2	88
433	chr12	52010769	52010750	+	22.33	16.6	>	6	2	88
434	chr3	44912870	44912851	-	22.31	11.58	>	6	2	88
435	chr5	98348848	98348829	+	22.25	34.97	>	6	2	88
436	chr15	80706301	80706282	+	22.25	25.52	>	6	2	88
437	chr1	167932285	167932266	-	22.22	36.66	>	6	2	88
438	chr14	121455709	121455690	-	22.2	25.7	>	6	2	88
439	chr4	98243714	98243695	-	22.16	26.34	>	6	2	88
440	chr4	143027468	143027449	+	22.14	29.11	>	6	2	88
441	chr2	153668926	153668907	+	22.14	25.36	>	6	2	88
442	chr9	41461929	41461910	-	22.14	12.42	>	6	2	88
443	chr4	109431143	109431124	-	22.1	22.34	>	6	2	88
444	chr5	44831505	44831486	-	22.08	22.05	>	6	2	88
445	chr8	119676601	119676582	-	22.03	33.06	>	6	2	88
446	chr17	40824060	40824041	-	22.02	34.28	>	6	2	88
447	chr15	37102366	37102347	-	22.0	13.84	>	6	2	88
448	chr1	119083862	119083843	-	21.92	45.47	>	6	2	88
449	chr5	41044703	41044684	-	21.78	28.61	>	6	2	88
450	chr19	24622032	24622013	+	21.77	22.19	>	6	2	88
451	chr3	58159626	58159607	-	21.75	32.1	>	6	2	88
452	chr1	38130140	38130121	-	21.75	23.66	>	6	2	88
453	chr2	129472129	129472110	-	21.73	30.17	>	6	2	88
454	chr9	15682043	15682024	-	21.73	11.22	>	6	2	88
455	chr9	69502720	69502701	-	21.7	34.7	>	6	2	88
456	chr14	21120676	21120657	+	21.69	43.16	>	6	2	88
457	chr7	110645588	110645569	-	21.69	43.56	>	6	2	88
458	chr16	78950579	78950560	-	21.64	3.295	>	6	2	88
459	chr7	131899517	131899498	+	21.56	16.44	>	6	2	88
460	chr8	106403484	106403465	-	21.53	20.23	>	6	2	88
461	chr17	73303429	73303410	+	21.48	50.6	>	6	2	88
462	chr1	83727325	83727306	+	21.48	26.81	>	6	2	88
463	chr13	29857603	29857584	+	21.42	9.836	>	6	2	88
464	chr14	104033786	104033767	+	21.34	21.16	>	6	2	88
465	chr7	119011391	119011372	+	21.31	35.56	>	6	2	88
466	chr1	69165377	69165358	+	21.31	25.0	>	6	2	88
467	chr1	192727176	192727157	+	21.28	21.9	>	6	2	88
468	chr9	50438293	50438274	-	21.2	27.17	>	6	2	88
469	chr15	46990407	46990388	-	21.14	10.516	>	6	2	88
470	chr13	73646874	73646855	+	21.14	37.5	>	6	2	88
471	chr16	67089956	67089937	+	21.12	15.94	>	6	2	88
472	chr2	83332995	83332976	-	21.02	18.14	>	6	2	88
473	chr8	10415030	10415011	+	21.0	37.3	>	6	2	88
474	chr1	35716149	35716130	-	20.89	18.69	>	6	2	88
475	chr7	43920039	43920020	-	20.83	34.3	>	6	2	88
476	chr8	15138726	15138707	+	20.81	41.03	>	6	2	88
477	chr13	6515705	6515686	+	20.8	28.08	>	6	2	88
478	chr2	64948996	64948977	-	20.72	23.2	>	6	2	88
479	chr19	20345737	20345718	+	20.7	55.44	>	6	2	88
480	chr5	33994851	33994832	+	20.64	14.97	>	6	2	88
481	chr14	76479953	76479934	+	20.62	37.16	>	6	2	88
482	chr3	144737048	144737029	+	20.58	28.33	>	6	2	88
483	chr2	13597223	13597204	-	20.5	12.72	>	6	2	88
484	chr9	118908437	118908418	-	20.5	27.45	>	6	2	88
485	chr4	153484615	153484596	-	20.39	17.89	>	6	2	88
486	chr19	12433211	12433192	+	20.36	28.34	>	6	2	88
487	chr15	31611224	31611205	+	20.34	11.17	>	6	2	88
488	chr3	107206198	107206179	+	20.34	39.22	>	6	2	88
489	chr17	86909946	86909927	+	20.31	22.38	>	6	2	88
490	chr7	89473669	89473650	-	20.22	24.19	>	6	2	88
491	chr6	35252603	35252584	+	20.22	32.56	>	6	2	88
492	chr6	126168001	126167982	-	20.17	8.76	>	6	2	88
493	chr16	42169942	42169923	+	20.12	43.34	>	6	2	88
494	chr6	90607354	90607335	+	20.11	24.86	>	6	2	88
495	chr6	31664664	31664645	+	20.11	41.5	>	6	2	88
496	chr13	100002039	100002020	+	20.02	21.73	>	6	2	88
497	chr6	97523337	97523318	-	19.97	25.72	>	6	2	88
498	chr4	123529452	123529433	-	19.95	17.69	>	6	2	88
499	chr18	53744741	53744722	-	19.94	29.1	>	6	2	88
500	chr9	13849232	13849213	+	19.9	15.484	>	6	2	88
501	chr15	14052128	14052109	-	19.89	12.375	>	6	2	88
502	chr3	68053761	68053742	-	19.88	27.33	>	6	2	88
503	chr14	50799990	50799971	+	19.83	30.28	>	6	2	88
504	chr8	50292348	50292329	+	19.83	31.36	>	6	2	88
505	chr19	52993242	52993223	-	19.81	45.25	>	6	2	88
506	chr8	24546435	24546416	-	19.8	56.1	>	6	2	88
507	chr2	166085186	166085167	+	19.78	40.2	>	6	2	88
508	chr15	80260893	80260874	-	19.75	33.7	>	6	2	88
509	chr18	75606699	75606680	+	19.72	50.94	>	6	2	88
510	chr2	135957961	135957942	-	19.69	27.1	>	6	2	88
511	chr11	75179118	75179099	+	19.67	22.83	>	6	2	88
512	chr6	77628987	77628968	+	19.66	40.56	>	6	2	88
513	chr4	82614384	82614365	-	19.62	15.836	>	6	2	88
514	chr17	27190013	27189994	+	19.5	26.89	>	6	2	88
515	chr14	121451301	121451282	-	19.45	26.11	>	6	2	88
516	chr9	69987821	69987802	-	19.44	12.234	>	6	2	88
517	chr6	40479902	40479883	+	19.42	24.72	>	6	2	88
518	chr4	82619779	82619760	-	19.42	11.22	>	6	2	88
519	chr2	160593235	160593216	-	19.4	45.8	>	6	2	88
520	chr4	48691990	48691971	+	19.4	34.88	>	6	2	88
521	chr1	11140123	11140104	-	19.39	7.324	>	6	2	88
522	chr6	67858160	67858141	+	19.36	18.55	>	6	2	88
523	chr1	91914028	91914009	+	19.36	22.06	>	6	2	88
524	chr15	76196896	76196877	+	19.33	35.8	>	6	2	88
525	chr11	43767011	43766992	+	19.27	27.44	>	6	2	88
526	chr17	8463677	8463658	+	19.23	31.38	>	6	2	88
527	chr2	60442102	60442083	-	19.22	10.555	>	6	2	88
528	chr10	8242562	8242543	+	19.2	18.4	>	6	2	88
529	chr15	8382407	8382388	+	19.16	11.64	>	6	2	88
530	chr19	11360302	11360283	+	19.14	15.06	>	6	2	88
531	chr12	79305335	79305316	+	19.11	29.94	>	6	2	88
532	chr13	38992697	38992678	+	19.03	12.445	>	6	2	88
533	chr8	91147955	91147936	-	19.0	26.05	>	6	2	88
534	chr13	64443476	64443457	+	19.0	35.6	>	6	2	88
535	chr8	117898214	117898195	+	18.92	34.16	>	6	2	88
536	chr11	42423473	42423454	-	18.77	18.48	>	6	2	88
537	chr9	114957195	114957176	-	18.77	27.38	>	6	2	88
538	chr5	149647926	149647907	+	18.72	23.06	>	6	2	88
539	chr5	128440068	128440049	-	18.69	40.7	>	6	2	88
540	chr6	90606762	90606743	-	18.67	32.6	>	6	2	88
541	chr10	58560031	58560012	+	18.67	23.25	>	6	2	88
542	chr18	25538443	25538424	+	18.66	23.94	>	6	2	88
543	chr11	22987510	22987491	+	18.56	23.83	>	6	2	88
544	chr13	57269837	57269818	-	18.55	36.6	>	6	2	88
545	chr13	53096854	53096835	-	18.55	32.88	>	6	2	88
546	chr7	124783020	124783001	-	18.55	23.44	>	6	2	88
547	chr7	40687242	40687223	-	18.52	26.28	>	6	2	88
548	chr4	109438113	109438094	+	18.45	31.61	>	6	2	88
549	chr13	46663777	46663758	-	18.45	5.215	>	6	2	88
550	chr2	21927862	21927843	-	18.45	17.72	>	6	2	88
551	chr11	72564476	72564457	-	18.39	17.95	>	6	2	88
552	chr14	57362951	57362932	-	18.3	10.125	>	6	2	88
553	chr13	54063511	54063492	-	18.3	12.516	>	6	2	88
554	chr8	127191530	127191511	+	18.27	39.03	>	6	2	88
555	chr4	24249781	24249762	+	18.25	8.38	>	6	2	88
556	chr1	175603551	175603532	-	18.2	12.0	>	6	2	88
557	chr7	131897479	131897460	+	18.19	16.34	>	6	2	88
558	chr2	125259455	125259436	-	18.17	32.72	>	6	2	88
559	chr8	11943262	11943243	-	18.0	20.05	>	6	2	88
560	chr13	74861814	74861795	+	17.98	11.664	>	6	2	88
561	chr3	37302880	37302861	-	17.98	17.84	>	6	2	88
562	chr2	165391753	165391734	+	17.95	20.97	>	6	2	88
563	chr1	167669968	167669949	-	17.94	39.3	>	6	2	88
564	chr14	24311319	24311300	+	17.89	24.48	>	6	2	88
565	chr6	125622660	125622641	+	17.86	24.67	>	6	2	88
566	chr16	91694897	91694878	+	17.83	21.03	>	6	2	88
567	chr7	100886752	100886733	-	17.8	33.3	>	6	2	88
568	chr2	165779092	165779073	+	17.7	43.9	>	6	2	88
569	chr4	118988734	118988715	-	17.7	12.37	>	6	2	88
570	chr9	111939788	111939769	+	17.64	16.92	>	6	2	88
571	chr9	40806571	40806552	+	17.64	39.78	>	6	2	88
572	chr19	21571392	21571373	+	17.64	11.9	>	6	2	88
573	chr10	49785057	49785038	-	17.56	2.498	>	6	2	88
574	chr3	84922220	84922201	+	17.47	28.94	>	6	2	88
575	chr12	7991018	7990999	+	17.47	17.66	>	6	2	88
576	chr8	106687694	106687675	+	17.45	42.0	>	6	2	88
577	chr19	15998346	15998327	+	17.33	27.56	>	6	2	88
578	chr10	30838389	30838370	+	17.3	7.543	>	6	2	88
579	chr2	6469364	6469345	-	17.28	15.65	>	6	2	88
580	chr9	59678540	59678521	-	17.28	29.06	>	6	2	88
581	chr18	60143536	60143517	-	17.25	6.348	>	6	2	88
582	chr2	76114972	76114953	-	17.25	26.88	>	6	2	88
583	chr1	192722361	192722342	-	17.23	36.0	>	6	2	88
584	chr13	6737153	6737134	+	17.23	24.25	>	6	2	88
585	chr10	116199232	116199213	+	17.23	24.89	>	6	2	88
586	chr18	6627309	6627290	+	17.06	30.4	>	6	2	88
587	chr7	117375969	117375950	-	17.03	13.42	>	6	2	88
588	chr11	7200225	7200206	+	17.03	39.34	>	6	2	88
589	chr3	152474817	152474798	+	16.98	9.51	>	6	2	88
590	chr12	4107565	4107546	+	16.97	22.11	>	6	2	88
591	chr18	78212287	78212268	-	16.83	18.31	>	6	2	88
592	chr2	17842170	17842151	-	16.81	6.844	>	6	2	88
593	chr5	112429191	112429172	-	16.78	14.19	>	6	2	88
594	chr9	54169687	54169668	+	16.73	16.64	>	6	2	88
595	chr9	78597063	78597044	+	16.73	17.98	>	6	2	88
596	chr2	125556029	125556010	+	16.69	19.19	>	6	2	88
597	chr4	86545837	86545818	-	16.69	26.34	>	6	2	88
598	chr11	34229190	34229171	+	16.55	19.56	>	6	2	88
599	chr13	60479163	60479144	+	16.52	1.697	>	6	2	88
600	chr11	57788119	57788100	+	16.36	29.88	>	6	2	88
601	chr5	117504639	117504620	+	16.36	53.34	>	6	2	88
602	chr1	128368923	128368904	+	16.28	14.01	>	6	2	88
603	chr14	51098507	51098488	-	16.28	41.22	>	6	2	88
604	chr10	14404268	14404249	+	16.23	20.66	>	6	2	88
605	chr18	65752297	65752278	-	16.1	16.11	>	6	2	88
606	chr3	59077498	59077479	+	16.1	40.72	>	6	2	88
607	chr1	119919473	119919454	+	16.06	20.62	>	6	2	88
608	chr1	86598699	86598680	+	16.03	48.72	>	6	2	88
609	chr1	80178208	80178189	-	16.0	17.12	>	6	2	88
610	chr15	64132164	64132145	+	15.96	15.336	>	6	2	88
611	chr2	4652218	4652199	-	15.91	22.83	>	6	2	88
612	chr9	40805489	40805470	-	15.86	35.53	>	6	2	88
613	chr13	30549079	30549060	-	15.805	25.34	>	6	2	88
614	chr3	82350530	82350511	-	15.805	7.78	>	6	2	88
615	chr7	81155234	81155215	-	15.805	19.0	>	6	2	88
616	chr4	107701325	107701306	-	15.8	18.55	>	6	2	88
617	chr11	76655250	76655231	+	15.8	25.19	>	6	2	88
618	chr7	122945377	122945358	+	15.72	20.64	>	6	2	88
619	chr16	32697312	32697293	+	15.695	24.02	>	6	2	88
620	chr13	114460825	114460806	-	15.65	8.25	>	6	2	88
621	chr19	59389409	59389390	+	15.65	31.4	>	6	2	88
622	chr7	45451495	45451476	+	15.64	35.4	>	6	2	88
623	chr15	85599066	85599047	+	15.625	30.86	>	6	2	88
624	chr10	9012998	9012979	+	15.6	21.77	>	6	2	88
625	chr13	24318872	24318853	-	15.58	11.58	>	6	2	88
626	chr3	123506917	123506898	-	15.53	17.17	>	6	2	88
627	chr13	101719731	101719712	-	15.48	25.34	>	6	2	88
628	chr12	12412898	12412879	-	15.43	30.47	>	6	2	88
629	chr10	127342496	127342477	-	15.4	29.73	>	6	2	88
630	chr7	28972871	28972852	+	15.39	21.2	>	6	2	88
631	chr5	130862481	130862462	+	15.33	29.22	>	6	2	88
632	chr13	53779354	53779335	+	15.31	23.8	>	6	2	88
633	chr11	51582940	51582921	-	15.305	26.1	>	6	2	88
634	chr3	34150257	34150238	+	15.3	17.19	>	6	2	88
635	chr9	30423156	30423137	-	15.29	30.31	>	6	2	88
636	chr1	55886585	55886566	+	15.29	16.73	>	6	2	88
637	chr8	121104251	121104232	+	15.28	31.56	>	6	2	88
638	chr2	31683894	31683875	+	15.27	30.73	>	6	2	88
639	chr9	121458682	121458663	+	15.27	42.72	>	6	2	88
640	chr13	111421545	111421526	+	15.22	27.25	>	6	2	88
641	chr18	56572965	56572946	+	15.22	32.7	>	6	2	88
642	chr18	42593315	42593296	+	15.2	8.75	>	6	2	88
643	chr8	118287683	118287664	+	15.2	7.145	>	6	2	88
644	chr14	47742843	47742824	+	15.18	9.65	>	6	2	88
645	chr1	184791312	184791293	-	15.164	27.39	>	6	2	88
646	chr6	106800166	106800147	-	15.1	18.75	>	6	2	88
647	chr11	12025880	12025861	+	15.06	18.02	>	6	2	88
648	chr5	129594341	129594322	-	15.03	29.4	>	6	2	88
649	chr13	16005724	16005705	+	15.016	13.71	>	6	2	88
650	chr14	65597230	65597211	+	15.016	14.01	>	6	2	88
651	chr5	99900280	99900261	-	14.95	10.75	>	6	2	88
652	chr8	11421350	11421331	-	14.945	26.12	>	6	2	88
653	chr19	4755748	4755729	+	14.93	24.55	>	6	2	88
654	chr10	110733540	110733521	-	14.914	16.5	>	6	2	88
655	chr5	67752088	67752069	+	14.89	18.31	>	6	2	88
656	chr9	77381774	77381755	-	14.85	26.45	>	6	2	88
657	chr18	81951830	81951811	-	14.76	34.06	>	6	2	88
658	chr1	86059644	86059625	+	14.734	30.22	>	6	2	88
659	chr1	52630636	52630617	-	14.734	9.89	>	6	2	88
660	chr2	174308107	174308088	+	14.69	14.67	>	6	2	88
661	chr11	99364649	99364630	-	14.6	16.03	>	6	2	88
662	chr13	109558424	109558405	+	14.49	16.98	>	6	2	88
663	chr12	58201405	58201386	-	14.48	6.883	>	6	2	88
664	chr7	137471937	137471918	+	14.445	28.83	>	6	2	88
665	chr17	26916803	26916784	+	14.414	25.05	>	6	2	88
666	chr5	87871626	87871607	-	14.414	20.39	>	6	2	88
667	chr2	125252443	125252424	+	14.414	25.9	>	6	2	88
668	chr1	9549185	9549166	+	14.414	19.5	>	6	2	88
669	chr11	11788608	11788589	-	14.38	31.97	>	6	2	88
670	chr7	43928727	43928708	+	14.36	11.45	>	6	2	88
671	chr10	60760656	60760637	-	14.31	36.9	>	6	2	88
672	chr6	17362958	17362939	+	14.31	3.076	>	6	2	88
673	chr1	136521528	136521509	-	14.305	21.69	>	6	2	88
674	chr2	153147934	153147915	+	14.28	18.94	>	6	2	88
675	chr8	61522313	61522294	+	14.266	28.28	>	6	2	88
676	chr18	56759303	56759284	+	14.266	12.61	>	6	2	88
677	chr14	115451146	115451127	-	14.234	4.215	>	6	2	88
678	chr1	176218428	176218409	+	14.195	14.99	>	6	2	88
679	chr15	97665520	97665501	-	14.18	30.02	>	6	2	88
680	chr13	20299620	20299601	+	14.18	33.25	>	6	2	88
681	chr9	59969601	59969582	-	14.14	17.69	>	6	2	88
682	chr16	57611975	57611956	+	14.055	18.66	>	6	2	88
683	chr12	15816144	15816125	+	13.984	8.52	>	6	2	88
684	chr15	82271381	82271362	-	13.95	28.55	>	6	2	88
685	chr7	74363644	74363625	-	13.95	40.8	>	6	2	88
686	chr3	73066293	73066274	+	13.95	16.86	>	6	2	88
687	chr1	118772515	118772496	-	13.945	30.34	>	6	2	88
688	chr4	110020493	110020474	-	13.94	26.28	>	6	2	88
689	chr3	34639420	34639401	-	13.94	14.87	>	6	2	88
690	chr2	131530224	131530205	-	13.92	25.86	>	6	2	88
691	chr4	20024128	20024109	+	13.91	12.516	>	6	2	88
692	chr8	74980870	74980851	-	13.81	30.2	>	6	2	88
693	chr18	75757719	75757700	+	13.734	18.78	>	6	2	88
694	chr7	89908147	89908128	-	13.72	13.79	>	6	2	88
695	chr4	150257406	150257387	+	13.72	23.58	>	6	2	88
696	chr2	55022781	55022762	-	13.664	7.77	>	6	2	88
697	chr18	64506771	64506752	-	13.63	18.4	>	6	2	88
698	chr14	123353156	123353137	-	13.61	11.6	>	6	2	88
699	chr4	139872794	139872775	+	13.59	35.75	>	6	2	88
700	chr13	51839869	51839850	+	13.586	21.19	>	6	2	88
701	chr5	146162789	146162770	+	13.516	23.42	>	6	2	88
702	chr9	83785201	83785182	+	13.49	14.66	>	6	2	88
703	chr3	59079480	59079461	+	13.44	28.77	>	6	2	88
704	chr10	11345312	11345293	-	13.375	5.086	>	6	2	88
705	chr11	46252188	46252169	-	13.34	28.12	>	6	2	88
706	chr4	85404971	85404952	+	13.32	14.11	>	6	2	88
707	chr4	130738774	130738755	+	13.31	16.47	>	6	2	88
708	chr5	86432914	86432895	+	13.305	16.02	>	6	2	88
709	chr3	22306829	22306810	+	13.266	18.6	>	6	2	88
710	chr2	91930225	91930206	-	13.25	19.55	>	6	2	88
711	chr6	108417714	108417695	+	13.234	10.66	>	6	2	88
712	chr12	17011790	17011771	-	13.16	20.73	>	6	2	88
713	chr5	87551137	87551118	-	13.15	21.52	>	6	2	88
714	chr4	106227683	106227664	-	13.14	14.38	>	6	2	88
715	chr4	139877472	139877453	+	13.1	27.4	>	6	2	88
716	chr1	88742593	88742574	-	13.086	17.75	>	6	2	88
717	chr3	52254088	52254069	+	13.02	34.16	>	6	2	88
718	chr9	73159469	73159450	+	12.99	27.5	>	6	2	88
719	chr7	29297253	29297234	-	12.984	28.8	>	6	2	88
720	chr13	116312336	116312317	-	12.93	10.21	>	6	2	88
721	chr2	157117146	157117127	-	12.91	21.92	>	6	2	88
722	chr9	60243712	60243693	+	12.89	13.59	>	6	2	88
723	chr1	179845066	179845047	-	12.88	17.89	>	6	2	88
724	chr11	103332754	103332735	+	12.875	24.97	>	6	2	88
725	chr1	53032774	53032755	-	12.87	13.05	>	6	2	88
726	chr8	45345197	45345178	+	12.81	16.72	>	6	2	88
727	chr12	113216133	113216114	+	12.74	53.7	>	6	2	88
728	chr15	36152194	36152175	-	12.72	16.9	>	6	2	88
729	chr1	72876274	72876255	+	12.69	17.11	>	6	2	88
730	chr9	14774009	14773990	+	12.664	9.0	>	6	2	88
731	chr12	74317197	74317178	-	12.664	11.76	>	6	2	88
732	chr7	107819649	107819630	-	12.64	16.3	>	6	2	88
733	chr13	55327907	55327888	+	12.64	17.61	>	6	2	88
734	chr3	54796015	54795996	+	12.63	22.77	>	6	2	88
735	chr6	60963937	60963918	+	12.61	7.094	>	6	2	88
736	chr8	21981891	21981872	-	12.61	17.33	>	6	2	88
737	chr10	38269349	38269330	-	12.52	19.28	>	6	2	88
738	chr6	51170619	51170600	-	12.5	20.02	>	6	2	88
739	chr2	148110356	148110337	-	12.43	16.03	>	6	2	88
740	chr1	88301823	88301804	-	12.42	19.61	>	6	2	88
741	chr6	115037959	115037940	-	12.33	15.375	>	6	2	88
742	chr16	11980974	11980955	+	12.33	3.668	>	6	2	88
743	chr15	44832771	44832752	-	12.31	24.2	>	6	2	88
744	chr19	26193888	26193869	-	12.29	7.65	>	6	2	88
745	chr17	8988263	8988244	-	12.29	10.71	>	6	2	88
746	chr14	66358860	66358841	+	12.28	18.22	>	6	2	88
747	chr12	40832432	40832413	-	12.26	13.56	>	6	2	88
748	chr2	53206958	53206939	-	12.18	12.55	>	6	2	88
749	chr16	42914617	42914598	+	12.16	7.133	>	6	2	88
750	chr11	111523686	111523667	-	12.14	23.53	>	6	2	88
751	chr6	121556678	121556659	+	12.11	18.8	>	6	2	88
752	chr7	43926199	43926180	-	12.1	21.69	>	6	2	88
753	chr3	3311028	3311009	+	12.09	10.74	>	6	2	88
754	chr12	17018680	17018661	+	12.04	21.19	>	6	2	88
755	chr18	33794794	33794775	+	11.97	24.89	>	6	2	88
756	chr15	73791915	73791896	+	11.96	24.61	>	6	2	88
757	chr12	82489256	82489237	+	11.945	11.805	>	6	2	88
758	chr19	37559803	37559784	+	11.91	21.4	>	6	2	88
759	chr12	36195155	36195136	-	11.91	7.07	>	6	2	88
760	chr3	30515246	30515227	-	11.875	11.664	>	6	2	88
761	chr19	27426681	27426662	-	11.81	11.945	>	6	2	88
762	chr2	75590427	75590408	-	11.75	21.66	>	6	2	88
763	chr2	17849498	17849479	+	11.75	6.633	>	6	2	88
764	chr9	83371155	83371136	-	11.75	6.18	>	6	2	88
765	chr9	30936846	30936827	-	11.734	17.67	>	6	2	88
766	chr15	94690037	94690018	+	11.73	23.03	>	6	2	88
767	chr2	147379133	147379114	+	11.69	9.875	>	6	2	88
768	chr4	121232314	121232295	-	11.664	7.945	>	6	2	88
769	chr18	56333219	56333200	-	11.64	4.934	>	6	2	88
770	chr16	25952209	25952190	-	11.64	6.688	>	6	2	88
771	chr13	94976326	94976307	+	11.63	16.62	>	6	2	88
772	chr2	30942898	30942879	-	11.57	22.28	>	6	2	88
773	chr6	104479441	104479422	+	11.55	10.57	>	6	2	88
774	chr5	113080039	113080020	-	11.52	26.94	>	6	2	88
775	chr16	30550607	30550588	-	11.52	17.62	>	6	2	88
776	chr1	160194976	160194957	+	11.51	18.28	>	6	2	88
777	chr11	56116782	56116763	-	11.48	30.47	>	6	2	88
778	chr6	112484521	112484502	-	11.48	12.14	>	6	2	88
779	chr14	21853546	21853527	-	11.445	30.66	>	6	2	88
780	chr9	58534993	58534974	+	11.414	20.97	>	6	2	88
781	chr17	73302318	73302299	+	11.414	39.62	>	6	2	88
782	chr1	85842459	85842440	-	11.41	14.02	>	6	2	88
783	chr17	16926410	16926391	-	11.35	2.584	>	6	2	88
784	chr12	29894861	29894842	+	11.31	16.72	>	6	2	88
785	chr2	127832989	127832970	+	11.22	7.293	>	6	2	88
786	chr16	20724653	20724634	+	11.18	15.11	>	6	2	88
787	chr1	180811112	180811093	-	11.164	28.33	>	6	2	88
788	chr13	109210611	109210592	-	11.16	17.5	>	6	2	88
789	chr18	5990207	5990188	-	11.14	3.14	>	6	2	88
790	chr18	12102268	12102249	-	11.125	23.38	>	6	2	88
791	chr19	59380193	59380174	+	11.08	23.9	>	6	2	88
792	chr2	101665476	101665457	+	11.055	26.06	>	6	2	88
793	chr12	108541242	108541223	-	11.02	27.9	>	6	2	88
794	chr2	32583648	32583629	+	11.016	30.19	>	6	2	88
795	chr1	181881807	181881788	-	10.98	11.91	>	6	2	88
796	chr5	117506576	117506557	+	10.94	40.06	>	6	2	88
797	chr1	38789153	38789134	+	10.89	22.95	>	6	2	88
798	chr10	102445139	102445120	-	10.875	19.4	>	6	2	88
799	chr12	81788941	81788922	+	10.87	12.51	>	6	2	88
800	chr9	78233462	78233443	-	10.86	15.93	>	6	2	88
801	chr10	96618527	96618508	+	10.86	3.014	>	6	2	88
802	chr8	84639419	84639400	-	10.85	34.7	>	6	2	88
803	chr17	8468905	8468886	+	10.85	20.27	>	6	2	88
804	chr2	67535551	67535532	+	10.83	7.83	>	6	2	88
805	chr18	52947340	52947321	+	10.82	10.15	>	6	2	88
806	chr13	72625410	72625391	-	10.78	6.715	>	6	2	88
807	chr11	31942449	31942430	+	10.69	22.72	>	6	2	88
808	chr1	6190743	6190724	-	10.63	7.344	>	6	2	88
809	chr7	74367549	74367530	+	10.6	15.16	>	6	2	88
810	chr4	22482970	22482951	+	10.58	4.45	>	6	2	88
811	chr13	20298018	20297999	+	10.56	24.86	>	6	2	88
812	chr16	75325511	75325492	-	10.484	5.44	>	6	2	88
813	chr6	54586377	54586358	+	10.44	8.14	>	6	2	88
814	chr14	59604211	59604192	-	10.375	15.664	>	6	2	88
815	chr2	107946040	107946021	-	10.31	11.08	>	6	2	88
816	chr1	62701219	62701200	-	10.3	12.74	>	6	2	88
817	chr7	75914120	75914101	+	10.266	24.1	>	6	2	88
818	chr5	98167679	98167660	+	10.26	12.875	>	6	2	88
819	chr9	99671799	99671780	+	10.23	22.52	>	6	2	88
820	chr1	179847901	179847882	+	10.16	11.88	>	6	2	88
821	chr15	80080817	80080798	-	10.15	32.28	>	6	2	88
822	chr6	137747756	137747737	-	10.09	27.12	>	6	2	88
823	chr6	77249625	77249606	-	10.09	6.945	>	6	2	88
824	chr5	149049190	149049171	-	10.08	15.81	>	6	2	88
825	chr18	32814407	32814388	-	10.07	2.566	>	6	2	88
826	chr11	46258405	46258386	-	10.06	20.3	>	6	2	88
827	chr11	81974830	81974811	-	10.01	5.44	>	6	2	88
828	chr19	48414047	48414028	+	9.99	12.77	>	6	2	88
829	chr11	34836484	34836465	+	9.86	20.75	>	6	2	88
830	chr17	24437345	24437326	-	9.81	19.33	>	6	2	88
831	chr6	59208753	59208734	-	9.734	12.92	>	6	2	88
832	chr13	37325694	37325675	-	9.734	20.84	>	6	2	88
833	chr11	43412967	43412948	-	9.72	22.2	>	6	2	88
834	chr13	49651342	49651323	-	9.71	2.496	>	6	2	88
835	chr7	143151380	143151361	+	9.69	18.05	>	6	2	88
836	chr16	4285478	4285459	-	9.67	7.94	>	6	2	88
837	chr11	29715017	29714998	-	9.664	9.12	>	6	2	88
838	chr3	134654263	134654244	+	9.62	3.898	>	6	2	88
839	chr8	28978824	28978805	-	9.57	7.504	>	6	2	88
840	chr13	54062269	54062250	-	9.55	10.02	>	6	2	88
841	chr9	32585514	32585495	+	9.516	12.72	>	6	2	88
842	chr7	73648212	73648193	-	9.484	13.375	>	6	2	88
843	chr19	27425889	27425870	-	9.44	11.26	>	6	2	88
844	chr13	100854377	100854358	-	9.42	17.78	>	6	2	88
845	chr5	140749784	140749765	-	9.414	22.17	>	6	2	88
846	chr4	127027444	127027425	+	9.4	22.48	>	6	2	88
847	chr11	109221866	109221847	-	9.3	9.67	>	6	2	88
848	chr16	16596794	16596775	+	9.28	5.977	>	6	2	88
849	chr2	128605294	128605275	-	9.25	9.07	>	6	2	88
850	chr2	61492265	61492246	+	9.25	6.99	>	6	2	88
851	chr10	74217479	74217460	+	9.22	7.7	>	6	2	88
852	chr9	68016722	68016703	+	9.2	8.305	>	6	2	88
853	chr6	144248136	144248117	+	9.19	7.742	>	6	2	88
854	chr13	51191948	51191929	+	9.17	5.492	>	6	2	88
855	chr2	103424848	103424829	-	9.164	12.29	>	6	2	88
856	chr7	64751734	64751715	-	9.13	16.66	>	6	2	88
857	chr7	27160004	27159985	+	9.125	14.17	>	6	2	88
858	chr13	95986545	95986526	+	9.08	13.76	>	6	2	88
859	chr5	135118653	135118634	+	9.08	29.22	>	6	2	88
860	chr10	49786914	49786895	-	9.07	0.785	>	6	2	88
861	chr1	51639072	51639053	+	9.02	3.22	>	6	2	88
862	chr14	105307894	105307875	+	8.95	2.453	>	6	2	88
863	chr19	40231990	40231971	-	8.95	19.89	>	6	2	88
864	chr10	69656526	69656507	+	8.95	12.99	>	6	2	88
865	chr7	142714879	142714860	-	8.945	27.2	>	6	2	88
866	chr6	129256260	129256241	-	8.93	14.53	>	6	2	88
867	chr5	138199783	138199764	+	8.9	8.414	>	6	2	88
868	chr8	36193738	36193719	+	8.89	10.43	>	6	2	88
869	chr11	49597354	49597335	+	8.87	6.92	>	6	2	88
870	chr1	139405977	139405958	-	8.86	4.043	>	6	2	88
871	chr3	124289118	124289099	-	8.84	12.69	>	6	2	88
872	chr9	13196005	13195986	-	8.83	30.6	>	6	2	88
873	chr14	115819240	115819221	+	8.83	10.71	>	6	2	88
874	chr5	146914595	146914576	+	8.82	39.7	>	6	2	88
875	chr4	119223866	119223847	-	8.766	16.34	>	6	2	88
876	chr15	85879204	85879185	-	8.76	17.27	>	6	2	88
877	chr4	124682485	124682466	+	8.7	17.45	>	6	2	88
878	chr17	34956526	34956507	+	8.695	22.17	>	6	2	88
879	chr12	39494054	39494035	-	8.65	2.455	>	6	2	88
880	chr9	34485824	34485805	-	8.625	10.6	>	6	2	88
881	chr2	180786948	180786929	+	8.57	17.27	>	6	2	88
882	chr4	62230989	62230970	+	8.57	12.25	>	6	2	88
883	chr2	16357480	16357461	+	8.55	2.205	>	6	2	88
884	chr17	9759516	9759497	+	8.54	11.53	>	6	2	88
885	chr10	13018670	13018651	+	8.54	19.64	>	6	2	88
886	chr4	32570820	32570801	-	8.52	6.645	>	6	2	88
887	chr9	86451919	86451900	-	8.49	16.77	>	6	2	88
888	chr7	139590495	139590476	+	8.49	20.39	>	6	2	88
889	chr16	31944169	31944150	+	8.445	14.11	>	6	2	88
890	chr3	104701211	104701192	-	8.44	24.84	>	6	2	88
891	chr2	160955546	160955527	-	8.414	14.05	>	6	2	88
892	chr18	32811889	32811870	+	8.4	4.918	>	6	2	88
893	chr14	115042240	115042221	-	8.4	14.734	>	6	2	88
894	chr2	28464119	28464100	-	8.33	19.16	>	6	2	88
895	chr2	76369931	76369912	+	8.28	9.1	>	6	2	88
896	chr3	107605512	107605493	+	8.28	12.57	>	6	2	88
897	chr14	121220891	121220872	-	8.23	10.8	>	6	2	88
898	chr1	103796539	103796520	+	8.22	10.74	>	6	2	88
899	chr16	23151589	23151570	+	8.21	3.11	>	6	2	88
900	chr5	33371346	33371327	-	8.19	15.74	>	6	2	88
901	chr13	103121088	103121069	-	8.18	6.016	>	6	2	88
902	chr10	60760529	60760510	+	8.14	24.72	>	6	2	88
903	chr1	169921787	169921768	+	8.12	12.62	>	6	2	88
904	chr13	42826816	42826797	-	8.11	17.0	>	6	2	88
905	chr6	72601930	72601911	+	8.11	24.06	>	6	2	88
906	chr7	81345319	81345300	-	7.99	7.87	>	6	2	88
907	chr11	33934471	33934452	+	7.98	18.27	>	6	2	88
908	chr18	77044808	77044789	-	7.97	11.42	>	6	2	88
909	chr7	67217278	67217259	+	7.926	7.28	>	6	2	88
910	chr2	164074027	164074008	+	7.906	10.22	>	6	2	88
911	chr3	45373410	45373391	+	7.855	1.438	>	6	2	88
912	chr1	152768355	152768336	-	7.84	9.35	>	6	2	88
913	chr11	102267665	102267646	-	7.81	17.44	>	6	2	88
914	chr11	43411664	43411645	-	7.81	21.72	>	6	2	88
915	chr2	129880054	129880035	+	7.805	6.484	>	6	2	88
916	chr11	81972241	81972222	+	7.797	9.07	>	6	2	88
917	chr9	65581143	65581124	-	7.793	11.17	>	6	2	88
918	chr4	106228720	106228701	+	7.727	13.9	>	6	2	88
919	chr6	119467876	119467857	+	7.703	18.1	>	6	2	88
920	chr10	122794511	122794492	+	7.695	15.734	>	6	2	88
921	chr14	34813484	34813465	-	7.69	11.805	>	6	2	88
922	chr15	19280629	19280610	+	7.68	3.066	>	6	2	88
923	chr13	38235597	38235578	-	7.676	11.836	>	6	2	88
924	chr13	21710105	21710086	+	7.67	14.95	>	6	2	88
925	chr11	104231353	104231334	-	7.67	18.38	>	6	2	88
926	chr6	86401304	86401285	-	7.64	23.28	>	6	2	88
927	chr4	24245320	24245301	-	7.633	3.027	>	6	2	88
928	chr9	29655082	29655063	+	7.613	20.11	>	6	2	88
929	chr9	58535957	58535938	-	7.605	16.9	>	6	2	88
930	chr5	112427478	112427459	-	7.598	9.93	>	6	2	88
931	chr4	140539353	140539334	-	7.58	22.9	>	6	2	88
932	chr14	105302910	105302891	+	7.57	4.605	>	6	2	88
933	chr7	19713404	19713385	-	7.543	26.19	>	6	2	88
934	chr1	127487367	127487348	-	7.52	14.33	>	6	2	88
935	chr19	56806125	56806106	-	7.504	5.934	>	6	2	88
936	chr19	47175662	47175643	-	7.46	21.67	>	6	2	88
937	chr2	150795624	150795605	-	7.44	6.633	>	6	2	88
938	chr2	137114826	137114807	+	7.438	4.08	>	6	2	88
939	chr10	119244230	119244211	+	7.434	4.305	>	6	2	88
940	chr5	117094622	117094603	+	7.42	22.22	>	6	2	88
941	chr11	67100384	67100365	-	7.42	22.83	>	6	2	88
942	chr5	30686988	30686969	+	7.41	18.64	>	6	2	88
943	chr8	105291139	105291120	-	7.41	11.78	>	6	2	88
944	chr7	143470174	143470155	-	7.39	17.94	>	6	2	88
945	chr15	8099290	8099271	-	7.35	8.336	>	6	2	88
946	chr7	119015949	119015930	+	7.34	17.75	>	6	2	88
947	chr17	56306039	56306020	-	7.305	16.48	>	6	2	88
948	chr1	134636895	134636876	+	7.3	5.97	>	6	2	88
949	chr17	65541217	65541198	+	7.258	9.125	>	6	2	88
950	chr14	49218880	49218861	+	7.25	8.47	>	6	2	88
951	chr1	25527154	25527135	+	7.2	7.453	>	6	2	88
952	chr1	146515575	146515556	+	7.18	3.11	>	6	2	88
953	chr9	44109578	44109559	+	7.176	33.9	>	6	2	88
954	chr11	108889358	108889339	+	7.15	8.016	>	6	2	88
955	chr7	138398615	138398596	+	7.117	4.707	>	6	2	88
956	chr5	32204842	32204823	+	7.11	6.15	>	6	2	88
957	chr8	14859581	14859562	+	7.1	5.27	>	6	2	88
958	chr11	95676507	95676488	-	7.09	14.555	>	6	2	88
959	chr6	85141186	85141167	+	7.08	33.56	>	6	2	88
960	chr14	20340404	20340385	-	7.04	15.81	>	6	2	88
961	chr1	193130339	193130320	-	7.023	5.71	>	6	2	88
962	chr9	98032882	98032863	+	6.992	4.73	>	6	2	88
963	chr7	143793289	143793270	+	6.98	21.42	>	6	2	88
964	chr12	32292312	32292293	-	6.895	8.26	>	6	2	88
965	chr17	45724453	45724434	-	6.89	12.125	>	6	2	88
966	chr14	102512314	102512295	+	6.89	1.602	>	6	2	88
967	chr8	11943038	11943019	+	6.88	5.47	>	6	2	88
968	chr7	83553561	83553542	+	6.867	8.27	>	6	2	88
969	chr9	64960779	64960760	-	6.85	16.31	>	6	2	88
970	chr9	30426996	30426977	+	6.832	15.31	>	6	2	88
971	chr11	119249183	119249164	+	6.785	23.48	>	6	2	88
972	chr8	90795542	90795523	+	6.77	10.67	>	6	2	88
973	chr2	113498926	113498907	-	6.766	9.86	>	6	2	88
974	chr13	62926662	62926643	+	6.75	4.73	>	6	2	88
975	chr1	127485025	127485006	+	6.715	16.44	>	6	2	88
976	chr17	78592615	78592596	+	6.715	8.945	>	6	2	88
977	chr2	118246134	118246115	-	6.668	13.72	>	6	2	88
978	chr2	92474875	92474856	-	6.652	13.95	>	6	2	88
979	chr7	17061423	17061404	+	6.645	15.1	>	6	2	88
980	chr10	122090678	122090659	+	6.63	8.38	>	6	2	88
981	chr13	64448147	64448128	+	6.594	17.92	>	6	2	88
982	chr2	34642611	34642592	-	6.562	14.51	>	6	2	88
983	chr5	117509743	117509724	+	6.54	26.92	>	6	2	88
984	chr7	131371109	131371090	+	6.516	4.71	>	6	2	88
985	chr6	94054143	94054124	-	6.5	13.34	>	6	2	88
986	chr14	20697228	20697209	+	6.465	17.88	>	6	2	88
987	chr10	122798121	122798102	+	6.46	15.23	>	6	2	88
988	chr13	14196604	14196585	+	6.45	1.613	>	6	2	88
989	chr3	118991976	118991957	+	6.438	8.26	>	6	2	88
990	chr9	107231295	107231276	-	6.434	7.414	>	6	2	88
991	chr15	24557016	24556997	-	6.418	3.371	>	6	2	88
992	chr2	178407758	178407739	+	6.414	11.43	>	6	2	88
993	chr9	90683476	90683457	-	6.38	1.322	>	6	2	88
994	chr6	22968335	22968316	-	6.34	6.418	>	6	2	88
995	chr12	67217811	67217792	+	6.336	1.95	>	6	2	88
996	chr10	82910438	82910419	+	6.277	10.99	>	6	2	88
997	chr7	49125716	49125697	+	6.258	16.88	>	6	2	88
998	chr11	119491305	119491286	-	6.215	10.81	>	6	2	88
999	chr11	32341308	32341289	-	6.21	14.555	>	6	2	88
1000	chr19	8713406	8713387	+	6.19	10.44	>	6	2	88
1001	chr4	48048044	48048025	+	6.152	6.21	>	6	2	88
1002	chr11	52764825	52764806	+	6.15	7.75	>	6	2	88
1003	chr13	20564636	20564617	-	6.145	4.82	>	6	2	88
1004	chr10	39105011	39104992	-	6.14	7.152	>	6	2	88
1005	chr11	98909856	98909837	-	6.117	18.95	>	6	2	88
1006	chr1	151025102	151025083	+	6.117	4.496	>	6	2	88
1007	chr5	98167777	98167758	-	6.113	9.555	>	6	2	88
1008	chr8	88118562	88118543	+	6.062	3.66	>	6	2	88
1009	chr16	92511934	92511915	+	6.035	16.34	>	6	2	88
1010	chr15	25792295	25792276	-	6.008	6.87	>	6	2	88
1011	chr13	92751194	92751175	+	5.938	12.68	>	6	2	88
1012	chr5	101688793	101688774	-	5.934	12.51	>	6	2	88
1013	chr7	112023252	112023233	+	5.93	8.26	>	6	2	88
1014	chr14	21854038	21854019	-	5.914	27.36	>	6	2	88
1015	chr8	32003733	32003714	-	5.9	2.012	>	6	2	88
1016	chr13	53095394	53095375	-	5.867	6.086	>	6	2	88
1017	chr1	182554179	182554160	+	5.836	10.15	>	6	2	88
1018	chr6	18381568	18381549	+	5.832	1.955	>	6	2	88
1019	chr9	77389590	77389571	+	5.832	5.68	>	6	2	88
1020	chr16	5254481	5254462	-	5.812	12.77	>	6	2	88
1021	chr2	93199625	93199606	+	5.797	14.08	>	6	2	88
1022	chr9	81631651	81631632	-	5.793	3.863	>	6	2	88
1023	chr2	152887412	152887393	-	5.78	4.652	>	6	2	88
1024	chr4	153481137	153481118	-	5.766	3.3	>	6	2	88
1025	chr8	72239706	72239687	-	5.754	5.32	>	6	2	88
1026	chr18	65750236	65750217	-	5.703	2.543	>	6	2	88
1027	chr6	61311882	61311863	-	5.68	7.43	>	6	2	88
1028	chr18	46143625	46143606	+	5.676	6.477	>	6	2	88
1029	chr6	120836118	120836099	+	5.64	7.797	>	6	2	88
1030	chr6	100563990	100563971	-	5.625	4.164	>	6	2	88
1031	chr3	13475098	13475079	-	5.61	1.948	>	6	2	88
1032	chr2	132262968	132262949	+	5.6	7.164	>	6	2	88
1033	chr11	103334169	103334150	+	5.594	12.02	>	6	2	88
1034	chr6	54255029	54255010	+	5.586	4.35	>	6	2	88
1035	chr13	101711018	101710999	+	5.543	9.15	>	6	2	88
1036	chr5	39644761	39644742	-	5.54	3.531	>	6	2	88
1037	chr8	90795201	90795182	-	5.516	4.996	>	6	2	88
1038	chr18	23162646	23162627	+	5.51	1.562	>	6	2	88
1039	chr16	78165563	78165544	+	5.477	7.39	>	6	2	88
1040	chr2	96584106	96584087	-	5.44	3.29	>	6	2	88
1041	chr12	72070473	72070454	+	5.426	11.336	>	6	2	88
1042	chr12	24708691	24708672	+	5.414	9.914	>	6	2	88
1043	chr8	92367135	92367116	-	5.406	6.984	>	6	2	88
1044	chr17	83866777	83866758	+	5.4	23.0	>	6	2	88
1045	chr13	55322636	55322617	-	5.4	7.0	>	6	2	88
1046	chr6	88893771	88893752	-	5.395	16.78	>	6	2	88
1047	chr19	8718731	8718712	-	5.383	8.6	>	6	2	88
1048	chr12	59220179	59220160	-	5.38	2.5	>	6	2	88
1049	chr14	60784526	60784507	+	5.367	16.06	>	6	2	88
1050	chr3	153658591	153658572	+	5.33	6.258	>	6	2	88
1051	chr9	77386949	77386930	-	5.312	12.24	>	6	2	88
1052	chr10	83219903	83219884	+	5.312	6.188	>	6	2	88
1053	chr6	15176967	15176948	-	5.31	2.947	>	6	2	88
1054	chr2	152604207	152604188	-	5.27	19.44	>	6	2	88
1055	chr2	39003369	39003350	-	5.26	1.671	>	6	2	88
1056	chr16	31425707	31425688	-	5.254	13.484	>	6	2	88
1057	chr5	137503018	137502999	-	5.227	3.691	>	6	2	88
1058	chr18	13973086	13973067	-	5.207	0.71	>	6	2	88
1059	chr17	68849016	68848997	-	5.2	1.891	>	6	2	88
1060	chr2	128408931	128408912	-	5.19	8.72	>	6	2	88
1061	chr14	97559790	97559771	-	5.16	2.041	>	6	2	88
1062	chr8	67903864	67903845	-	5.13	6.113	>	6	2	88
1063	chr14	56888181	56888162	-	5.125	3.316	>	6	2	88
1064	chr4	132198465	132198446	+	5.125	11.19	>	6	2	88
1065	chr2	39005861	39005842	-	5.12	3.883	>	6	2	88
1066	chr7	137471679	137471660	-	5.1	19.97	>	6	2	88
1067	chr6	64949075	64949056	+	5.09	5.168	>	6	2	88
1068	chr18	16821148	16821129	+	5.043	1.935	>	6	2	88
1069	chr2	93813566	93813547	+	5.04	13.086	>	6	2	88
1070	chr6	126481478	126481459	-	5.023	10.89	>	6	2	88
1071	chr1	181881093	181881074	-	4.984	10.19	>	6	2	88
1072	chr6	108065822	108065803	-	4.977	6.67	>	6	2	88
1073	chr4	88550373	88550354	+	4.938	4.04	>	6	2	88
1074	chr5	137502167	137502148	+	4.867	8.81	>	6	2	88
1075	chr8	77618148	77618129	-	4.86	4.188	>	6	2	88
1076	chr7	120098024	120098005	+	4.855	7.22	>	6	2	88
1077	chr2	75152706	75152687	-	4.824	10.55	>	6	2	88
1078	chr11	87950193	87950174	+	4.78	11.09	>	6	2	88
1079	chr11	94598936	94598917	-	4.746	10.49	>	6	2	88
1080	chr1	10229119	10229100	+	4.746	0.972	>	6	2	88
1081	chr7	143476888	143476869	+	4.746	8.89	>	6	2	88
1082	chr9	102607693	102607674	-	4.715	3.604	>	6	2	88
1083	chr8	32009749	32009730	+	4.71	6.785	>	6	2	88
1084	chr3	99262117	99262098	-	4.707	1.889	>	6	2	88
1085	chr18	75607987	75607968	+	4.664	23.11	>	6	2	88
1086	chr7	75380211	75380192	-	4.64	2.41	>	6	2	88
1087	chr3	135863108	135863089	+	4.64	3.164	>	6	2	88
1088	chr4	87369015	87368996	-	4.625	9.125	>	6	2	88
1089	chr8	84639535	84639516	+	4.605	13.88	>	6	2	88
1090	chr15	74524301	74524282	+	4.586	13.7	>	6	2	88
1091	chr17	57007316	57007297	-	4.582	9.42	>	6	2	88
1092	chr11	30893985	30893966	+	4.547	0.9004	>	6	2	88
1093	chr19	57360190	57360171	-	4.543	2.654	>	6	2	88
1094	chr8	110102657	110102638	-	4.53	9.24	>	6	2	88
1095	chr7	135389259	135389240	-	4.53	9.336	>	6	2	88
1096	chr4	152527530	152527511	+	4.516	13.99	>	6	2	88
1097	chr13	103710441	103710422	+	4.5	4.57	>	6	2	88
1098	chr10	120896053	120896034	+	4.5	2.322	>	6	2	88
1099	chr18	5155632	5155613	-	4.484	6.39	>	6	2	88
1100	chr12	80141693	80141674	-	4.45	17.05	>	6	2	88
1101	chr5	118763566	118763547	-	4.418	12.81	>	6	2	88
1102	chr12	14150175	14150156	+	4.406	3.688	>	6	2	88
1103	chr10	128990300	128990281	-	4.4	8.03	>	6	2	88
1104	chr10	30834038	30834019	-	4.37	4.473	>	6	2	88
1105	chr6	50618483	50618464	+	4.367	12.766	>	6	2	88
1106	chr15	9748972	9748953	-	4.36	3.496	>	6	2	88
1107	chr16	92308164	92308145	-	4.355	11.22	>	6	2	88
1108	chr2	9881964	9881945	-	4.355	2.918	>	6	2	88
1109	chr8	123106089	123106070	+	4.336	8.18	>	6	2	88
1110	chr5	98346264	98346245	+	4.324	2.342	>	6	2	88
1111	chr10	40249841	40249822	-	4.316	12.23	>	6	2	88
1112	chr3	141457685	141457666	+	4.312	4.707	>	6	2	88
1113	chr9	40192620	40192601	-	4.3	2.145	>	6	2	88
1114	chr9	72448248	72448229	+	4.29	7.78	>	6	2	88
1115	chr13	24316809	24316790	-	4.273	3.682	>	6	2	88
1116	chr1	50927249	50927230	+	4.258	4.5	>	6	2	88
1117	chr11	102690417	102690398	-	4.223	12.195	>	6	2	88
1118	chr4	116627141	116627122	+	4.207	6.52	>	6	2	88
1119	chr15	76198817	76198798	+	4.164	10.72	>	6	2	88
1120	chr15	12113620	12113601	-	4.156	3.312	>	6	2	88
1121	chr1	115675059	115675040	+	4.152	5.223	>	6	2	88
1122	chr2	34644807	34644788	-	4.15	8.266	>	6	2	88
1123	chr2	166084974	166084955	-	4.133	18.12	>	6	2	88
1124	chr11	21571906	21571887	-	4.13	2.105	>	6	2	88
1125	chr15	9449709	9449690	-	4.062	0.543	>	6	2	88
1126	chr5	92664520	92664501	-	4.055	3.326	>	6	2	88
1127	chr12	77001216	77001197	+	4.043	1.105	>	6	2	88
1128	chr6	93757507	93757488	-	4.01	5.273	>	6	2	88
1129	chr19	56302794	56302775	+	4.01	3.797	>	6	2	88
1130	chr13	71954038	71954019	-	4.008	1.19	>	6	2	88
1131	chr4	17852015	17851996	-	4.0	0.8535	>	6	2	88
1132	chr18	39136126	39136107	+	3.992	1.932	>	6	2	88
1133	chr1	153489234	153489215	-	3.99	7.715	>	6	2	88
1134	chr9	66136172	66136153	-	3.988	5.383	>	6	2	88
1135	chr11	109621431	109621412	-	3.979	11.484	>	6	2	88
1136	chr13	91723318	91723299	+	3.959	5.49	>	6	2	88
1137	chr13	3642291	3642272	-	3.959	4.75	>	6	2	88
1138	chr13	47304770	47304751	+	3.957	6.746	>	6	2	88
1139	chr2	121144456	121144437	+	3.953	4.504	>	6	2	88
1140	chr13	93772223	93772204	-	3.928	3.56	>	6	2	88
1141	chr10	70967079	70967060	+	3.916	4.88	>	6	2	88
1142	chr13	59417085	59417066	-	3.91	5.0	>	6	2	88
1143	chr7	102484972	102484953	-	3.883	7.0	>	6	2	88
1144	chr5	38235667	38235648	-	3.879	10.78	>	6	2	88
1145	chr14	56885401	56885382	+	3.87	2.412	>	6	2	88
1146	chr11	75170669	75170650	-	3.861	7.984	>	6	2	88
1147	chr11	77980417	77980398	+	3.846	9.5	>	6	2	88
1148	chr9	94738712	94738693	+	3.828	14.92	>	6	2	88
1149	chr6	140466500	140466481	-	3.816	3.785	>	6	2	88
1150	chr19	57361025	57361006	-	3.814	6.484	>	6	2	88
1151	chr12	58972459	58972440	+	3.777	2.135	>	6	2	88
1152	chr2	61490636	61490617	+	3.775	5.23	>	6	2	88
1153	chr4	44310651	44310632	+	3.762	4.973	>	6	2	88
1154	chr11	52766147	52766128	+	3.734	1.83	>	6	2	88
1155	chr13	72627587	72627568	-	3.717	4.066	>	6	2	88
1156	chr9	23012459	23012440	-	3.71	1.704	>	6	2	88
1157	chr16	31427924	31427905	-	3.705	3.383	>	6	2	88
1158	chr12	29895773	29895754	+	3.691	1.481	>	6	2	88
1159	chr9	73154557	73154538	+	3.666	9.1	>	6	2	88
1160	chr1	127484437	127484418	-	3.66	8.8	>	6	2	88
1161	chr9	107566236	107566217	+	3.656	7.098	>	6	2	88
1162	chr2	68118338	68118319	+	3.652	4.36	>	6	2	88
1163	chr11	11140836	11140817	-	3.629	13.69	>	6	2	88
1164	chr12	74014936	74014917	-	3.627	5.97	>	6	2	88
1165	chr7	138396301	138396282	-	3.621	0.934	>	6	2	88
1166	chr14	103534605	103534586	+	3.617	5.312	>	6	2	88
1167	chr10	115164112	115164093	-	3.613	3.031	>	6	2	88
1168	chr7	119019764	119019745	+	3.598	7.113	>	6	2	88
1169	chr13	96389525	96389506	-	3.588	1.339	>	6	2	88
1170	chr14	74723724	74723705	-	3.586	5.766	>	6	2	88
1171	chr14	55114114	55114095	-	3.57	7.387	>	6	2	88
1172	chr9	62784468	62784449	+	3.562	12.84	>	6	2	88
1173	chr10	127678167	127678148	-	3.541	2.129	>	6	2	88
1174	chr17	55948218	55948199	-	3.535	4.3	>	6	2	88
1175	chr11	78183263	78183244	-	3.525	12.305	>	6	2	88
1176	chr6	59207403	59207384	-	3.508	1.477	>	6	2	88
1177	chr6	135416919	135416900	+	3.498	4.027	>	6	2	88
1178	chr5	122104403	122104384	+	3.492	11.98	>	6	2	88
1179	chr13	37971068	37971049	-	3.482	3.088	>	6	2	88
1180	chr5	114612410	114612391	+	3.48	13.6	>	6	2	88
1181	chr10	114442226	114442207	+	3.46	2.104	>	6	2	88
1182	chr2	145655527	145655508	-	3.44	2.05	>	6	2	88
1183	chr7	109507351	109507332	-	3.418	1.832	>	6	2	88
1184	chr16	10009965	10009946	+	3.402	4.965	>	6	2	88
1185	chr14	67969032	67969013	-	3.385	5.523	>	6	2	88
1186	chr5	140744055	140744036	-	3.348	10.35	>	6	2	88
1187	chr1	56984334	56984315	+	3.338	2.584	>	6	2	88
1188	chr2	137110782	137110763	+	3.328	1.323	>	6	2	88
1189	chr16	22267525	22267506	+	3.322	1.262	>	6	2	88
1190	chr16	4884595	4884576	-	3.3	2.822	>	6	2	88
1191	chr5	19458406	19458387	-	3.291	6.625	>	6	2	88
1192	chr1	84697217	84697198	-	3.29	7.492	>	6	2	88
1193	chr14	122903088	122903069	-	3.29	2.205	>	6	2	88
1194	chr7	64056729	64056710	-	3.273	1.214	>	6	2	88
1195	chr9	71624061	71624042	-	3.273	15.39	>	6	2	88
1196	chr9	96885958	96885939	-	3.271	10.016	>	6	2	88
1197	chr18	46964733	46964714	-	3.266	8.555	>	6	2	88
1198	chr3	122638475	122638456	+	3.26	4.82	>	6	2	88
1199	chr9	94733848	94733829	+	3.256	3.768	>	6	2	88
1200	chr1	167938404	167938385	-	3.25	6.79	>	6	2	88
1201	chr1	180811841	180811822	+	3.244	6.383	>	6	2	88
1202	chr10	42760472	42760453	+	3.229	1.784	>	6	2	88
1203	chr18	20598347	20598328	+	3.213	4.758	>	6	2	88
1204	chr17	71909305	71909286	+	3.203	3.572	>	6	2	88
1205	chr1	34459898	34459879	+	3.193	3.389	>	6	2	88
1206	chr4	117202234	117202215	-	3.191	9.61	>	6	2	88
1207	chr15	101313974	101313955	-	3.178	2.96	>	6	2	88
1208	chr16	13438138	13438119	+	3.176	1.241	>	6	2	88
1209	chr7	114878499	114878480	+	3.174	1.604	>	6	2	88
1210	chr11	109866735	109866716	+	3.166	2.812	>	6	2	88
1211	chr3	123509329	123509310	+	3.162	5.67	>	6	2	88
1212	chr3	114085881	114085862	-	3.146	0.5283	>	6	2	88
1213	chr4	120149384	120149365	-	3.145	8.09	>	6	2	88
1214	chr16	4549594	4549575	-	3.137	11.12	>	6	2	88
1215	chr15	78872224	78872205	+	3.133	9.35	>	6	2	88
1216	chr12	57231261	57231242	-	3.127	3.32	>	6	2	88
1217	chr9	71624949	71624930	-	3.125	15.0	>	6	2	88
1218	chr4	18963859	18963840	-	3.12	4.01	>	6	2	88
1219	chr8	40913366	40913347	-	3.115	1.625	>	6	2	88
1220	chr5	21645240	21645221	-	3.11	1.259	>	6	2	88
1221	chr10	68357244	68357225	+	3.094	1.353	>	6	2	88
1222	chr2	93812077	93812058	-	3.06	11.82	>	6	2	88
1223	chr12	75669431	75669412	-	3.05	4.1	>	6	2	88
1224	chr1	12844023	12844004	+	3.033	4.33	>	6	2	88
1225	chr12	86697142	86697123	+	3.025	6.996	>	6	2	88
1226	chr9	98033678	98033659	+	3.021	1.525	>	6	2	88
1227	chr19	37946902	37946883	+	3.02	4.082	>	6	2	88
1228	chr9	75271676	75271657	+	3.01	4.42	>	6	2	88
1229	chr11	55162881	55162862	+	2.996	3.625	>	6	2	88
1230	chr17	25274339	25274320	-	2.984	4.45	>	6	2	88
1231	chr6	108065317	108065298	+	2.984	5.535	>	6	2	88
1232	chr7	5071749	5071730	-	2.928	2.754	>	6	2	88
1233	chr3	152477906	152477887	-	2.922	3.295	>	6	2	88
1234	chr5	28090770	28090751	-	2.922	2.412	>	6	2	88
1235	chr14	78282622	78282603	+	2.91	2.186	>	6	2	88
1236	chr14	88480122	88480103	-	2.906	3.236	>	6	2	88
1237	chr7	107569047	107569028	+	2.902	1.588	>	6	2	88
1238	chr3	83777088	83777069	-	2.879	3.992	>	6	2	88
1239	chr8	48550865	48550846	+	2.871	0.592	>	6	2	88
1240	chr7	132575955	132575936	-	2.855	4.473	>	6	2	88
1241	chr14	79769127	79769108	-	2.852	4.36	>	6	2	88
1242	chr17	69974245	69974226	-	2.799	1.284	>	6	2	88
1243	chr12	66284211	66284192	-	2.793	5.484	>	6	2	88
1244	chr6	83796902	83796883	-	2.785	3.35	>	6	2	88
1245	chr9	44108077	44108058	+	2.785	11.375	>	6	2	88
1246	chr11	116023924	116023905	+	2.777	6.906	>	6	2	88
1247	chr3	86779824	86779805	-	2.775	8.64	>	6	2	88
1248	chr19	46056202	46056183	+	2.77	5.27	>	6	2	88
1249	chr10	108210181	108210162	-	2.762	0.674	>	6	2	88
1250	chr8	27001386	27001367	+	0.4329	0.4077	>	6	2	88
1251	chr17	28338029	28338010	-	0.252	0.265	>	6	2	88
1252	chr11	76445826	76445807	-	0.2268	0.1863	>	6	2	88
1253	chr5	144244146	144244127	-	0.311	0.3691	>	6	2	88
1254	chr14	79768803	79768784	-	0.3076	0.2808	>	6	2	88
1255	chr9	26778623	26778604	-	1.299	0.6914	>	6	2	88
1256	chr7	25392052	25392033	+	0.2487	0.242	>	6	2	88
1257	chr3	101484879	101484860	-	0.3438	0.528	>	6	2	88
1258	chr2	69113988	69113969	+	0.2472	0.1981	>	6	2	88
1259	chr13	29852447	29852428	-	0.1781	0.1941	>	6	2	88
1260	chr2	60213231	60213212	-	0.1073	0.1628	>	6	2	88
1261	chr2	171418157	171418138	-	0.1407	0.2131	>	6	2	88
1262	chr7	64392050	64392031	-	0.514	0.2006	>	6	2	88
1263	chr15	36157434	36157415	-	0.7227	0.836	>	6	2	88
1264	chr4	49662357	49662338	-	0.4692	0.2915	>	6	2	88
1265	chr4	48422356	48422337	+	1.027	0.5225	>	6	2	88
1266	chr18	82720514	82720495	+	0.1605	0.1409	>	6	2	88
1267	chr1	172022686	172022667	+	0.1733	0.1764	>	6	2	88
1268	chr7	139595890	139595871	+	0.1575	0.2125	>	6	2	88
1269	chr12	73007842	73007823	-	0.345	0.2974	>	6	2	88
1270	chr17	27192928	27192909	-	0.1056	0.4468	>	6	2	88
1271	chr1	53698960	53698941	+	0.557	0.255	>	6	2	88
1272	chr18	12734380	12734361	+	0.207	0.1383	>	6	2	88
1273	chr6	126767488	126767469	-	0.2039	0.2483	>	6	2	88
1274	chr2	92856249	92856230	-	2.734	0.857	>	6	2	88
1275	chr11	74572851	74572832	+	0.2646	0.2705	>	6	2	88
1276	chr9	59675637	59675618	-	0.4082	0.744	>	6	2	88
1277	chr15	55025647	55025628	+	0.1847	0.1536	>	6	2	88
1278	chr4	120579150	120579131	-	0.33	0.264	>	6	2	88
1279	chr15	74525720	74525701	+	0.2172	0.2104	>	6	2	88
1280	chr1	88748095	88748076	+	0.1973	0.1881	>	6	2	88
1281	chr15	32239655	32239636	-	0.2822	0.1587	>	6	2	88
1282	chr7	36571183	36571164	+	0.1103	0.1942	>	6	2	88
1283	chr11	113855351	113855332	-	0.1613	0.1947	>	6	2	88
1284	chr6	90609163	90609144	+	2.127	1.159	>	6	2	88
1285	chr3	146181407	146181388	-	0.2034	0.3416	>	6	2	88
1286	chr10	69857222	69857203	-	0.3232	0.3599	>	6	2	88
1287	chr2	158361425	158361406	-	0.5625	0.2502	>	6	2	88
1288	chr5	136268179	136268160	-	0.1886	0.2153	>	6	2	88
1289	chr16	11983350	11983331	-	1.634	1.076	>	6	2	88
1290	chr2	84437773	84437754	+	0.2305	0.14	>	6	2	88
1291	chr18	24002018	24001999	-	0.133	0.1333	>	6	2	88
1292	chr1	130151533	130151514	-	0.4075	0.3347	>	6	2	88
1293	chr9	59675855	59675836	+	0.3367	0.2161	>	6	2	88
1294	chr11	116840251	116840232	-	0.3374	0.637	>	6	2	88
1295	chr2	155819963	155819944	+	0.07886	0.146	>	6	2	88
1296	chr14	105301632	105301613	+	0.206	0.2114	>	6	2	88
1297	chr12	9044592	9044573	+	0.1821	0.2019	>	6	2	88
1298	chr18	13971224	13971205	-	0.5337	0.3596	>	6	2	88
1299	chr5	136267600	136267581	-	0.2751	0.189	>	6	2	88
1300	chr5	33371430	33371411	+	0.3992	0.1644	>	6	2	88
1301	chr14	51090397	51090378	-	0.4153	0.243	>	6	2	88
1302	chr1	77935072	77935053	+	0.1814	0.1729	>	6	2	88
1303	chr11	119246049	119246030	-	0.204	0.3367	>	6	2	88
1304	chr17	50274949	50274930	-	0.441	0.1749	>	6	2	88
1305	chr8	108956442	108956423	+	0.5635	0.3044	>	6	2	88
1306	chr11	66885340	66885321	+	0.1636	0.169	>	6	2	88
1307	chr7	30099945	30099926	-	0.1979	0.1757	>	6	2	88
1308	chr15	99973159	99973140	-	0.1998	0.3345	>	6	2	88
1309	chr5	16308949	16308930	+	0.1567	0.1411	>	6	2	88
1310	chr6	119466578	119466559	-	0.9824	0.9795	>	6	2	88
1311	chr2	136886679	136886660	+	0.7764	0.2095	>	6	2	88
1312	chr14	79763594	79763575	-	0.2852	0.151	>	6	2	88
1313	chr2	170416012	170415993	+	0.1837	0.1256	>	6	2	88
1314	chr4	41015236	41015217	-	0.1882	0.1434	>	6	2	88
1315	chr11	70975109	70975090	+	0.713	0.3914	>	6	2	88
1316	chr5	122773202	122773183	+	0.11584	0.1375	>	6	2	88
1317	chr4	128588031	128588012	-	0.2659	0.1909	>	6	2	88
1318	chr8	122576186	122576167	-	0.11285	0.1545	>	6	2	88
1319	chr7	76383989	76383970	+	0.1553	0.154	>	6	2	88
1320	chr9	41467019	41467000	-	0.2223	0.1565	>	6	2	88
1321	chr1	32712246	32712227	-	0.05322	0.1516	>	6	2	88
1322	chr16	23974866	23974847	-	0.5283	0.3425	>	6	2	88
1323	chr15	84066194	84066175	-	0.6196	1.17	>	6	2	88
1324	chr11	40148920	40148901	-	1.272	0.642	>	6	2	88
1325	chr7	27166488	27166469	-	0.306	0.491	>	6	2	88
1326	chr11	30240273	30240254	+	0.4001	0.2556	>	6	2	88
1327	chr2	69115969	69115950	-	0.1754	0.1587	>	6	2	88
1328	chr9	113420569	113420550	-	0.2261	0.2178	>	6	2	88
1329	chr12	99882528	99882509	-	0.2617	0.1387	>	6	2	88
1330	chr5	77347648	77347629	-	0.3625	0.4211	>	6	2	88
1331	chr10	49780455	49780436	+	0.2179	0.1394	>	6	2	88
1332	chr5	75855263	75855244	-	0.6416	0.4326	>	6	2	88
1333	chr2	124087358	124087339	-	0.6436	0.2075	>	6	2	88
1334	chr14	49219056	49219037	+	0.678	0.694	>	6	2	88
1335	chr5	147938091	147938072	+	0.368	0.1842	>	6	2	88
1336	chr11	32340288	32340269	+	0.1792	0.1648	>	6	2	88
1337	chr16	50181579	50181560	+	0.2006	0.1838	>	6	2	88
1338	chr16	20496121	20496102	-	0.6714	0.1777	>	6	2	88
1339	chr8	76775680	76775661	+	0.135	0.1975	>	6	2	88
1340	chr14	65597676	65597657	+	0.6543	0.452	>	6	2	88
1341	chr7	64754771	64754752	+	0.1351	0.2295	>	6	2	88
1342	chr2	166083979	166083960	-	0.2964	0.2065	>	6	2	88
1343	chr16	44140440	44140421	+	0.4607	0.3381	>	6	2	88
1344	chr12	90524338	90524319	-	0.3223	0.2983	>	6	2	88
1345	chr5	89391716	89391697	+	0.1626	0.1418	>	6	2	88
1346	chr9	59675438	59675419	-	0.2104	0.1542	>	6	2	88
1347	chr19	16339103	16339084	-	0.1967	0.1177	>	6	2	88
1348	chr13	30545067	30545048	+	0.3672	0.2915	>	6	2	88
1349	chr1	92462681	92462662	+	0.3916	0.1832	>	6	2	88
1350	chr4	84066283	84066264	-	0.1898	0.1552	>	6	2	88
1351	chr9	83373922	83373903	-	0.2197	0.1434	>	6	2	88
1352	chr4	88773969	88773950	-	0.9507	8.01	>	6	2	88
1353	chr9	123132258	123132239	-	0.1687	0.1416	>	6	2	88
1354	chr17	34958843	34958824	-	0.2079	0.5464	>	6	2	88
1355	chr12	50946225	50946206	+	0.2341	0.157	>	6	2	88
1356	chr13	73647252	73647233	+	0.267	0.1704	>	6	2	88
1357	chr11	83279300	83279281	-	0.4434	0.2251	>	6	2	88
1358	chr17	8986048	8986029	-	0.3325	0.212	>	6	2	88
1359	chr4	14935721	14935702	-	0.7095	0.296	>	6	2	88
1360	chr4	75076699	75076680	+	0.09125	0.2014	>	6	2	88
1361	chr5	114610713	114610694	+	0.0985	0.1626	>	6	2	88
1362	chr9	83378273	83378254	-	0.471	0.2808	>	6	2	88
1363	chr9	107773182	107773163	-	0.1786	0.1414	>	6	2	88
1364	chr9	41218030	41218011	+	0.1323	0.1355	>	6	2	88
1365	chr9	105644718	105644699	+	0.4255	0.1808	>	6	2	88
1366	chr8	84264441	84264422	-	1.261	1.4795	>	6	2	88
1367	chr4	135959453	135959434	+	0.112	0.2223	>	6	2	88
1368	chr1	24684268	24684249	+	0.4001	0.1942	>	6	2	88
1369	chr3	87748577	87748558	-	0.7593	0.4382	>	6	2	88
1370	chr9	54690950	54690931	+	0.11566	0.136	>	6	2	88
1371	chr15	82277690	82277671	-	0.9043	0.4492	>	6	2	88
1372	chr5	115498528	115498509	-	0.2693	0.2164	>	6	2	88
1373	chr9	56621276	56621257	+	0.10846	0.253	>	6	2	88
1374	chr18	81956733	81956714	-	0.2815	0.2637	>	6	2	88
1375	chr10	22791401	22791382	-	0.1346	0.2358	>	6	2	88
1376	chr15	82271301	82271282	+	0.836	0.1838	>	6	2	88
1377	chr12	69946159	69946140	+	0.555	0.455	>	6	2	88
1378	chr14	101442800	101442781	+	0.2983	0.1344	>	6	2	88
1379	chr2	164777017	164776998	-	0.5176	0.361	>	6	2	88
1380	chr10	24631573	24631554	-	1.178	1.224	>	6	2	88
1381	chr1	136528510	136528491	-	1.761	0.7373	>	6	2	88
1382	chr10	19222118	19222099	-	1.411	0.8228	>	6	2	88
1383	chr14	56885508	56885489	-	2.348	4.004	>	6	2	88
1384	chr8	85060493	85060474	-	0.9688	0.437	>	6	2	88
1385	chr11	96075822	96075803	-	0.9316	0.4944	>	6	2	88
1386	chr11	77476535	77476516	+	0.1632	0.2383	>	6	2	88
1387	chr1	81294004	81293985	-	0.905	0.562	>	6	2	88
1388	chr12	15520954	15520935	+	0.7183	0.4033	>	6	2	88
1389	chr7	66397054	66397035	+	0.1594	0.2107	>	6	2	88
1390	chr12	74014582	74014563	-	0.2377	0.1973	>	6	2	88
1391	chr5	144242554	144242535	-	0.241	0.1987	>	6	2	88
1392	chr15	66894943	66894924	+	0.2703	0.2021	>	6	2	88
1393	chr6	126484995	126484976	-	0.4333	1.278	>	6	2	88
1394	chr4	48427148	48427129	+	0.678	0.3833	>	6	2	88
1395	chr15	71459211	71459192	+	0.252	0.1731	>	6	2	88
1396	chr3	19896435	19896416	-	0.2361	0.1467	>	6	2	88
1397	chr8	68268707	68268688	-	0.1398	0.1492	>	6	2	88
1398	chr1	182555580	182555561	-	0.1982	0.1915	>	6	2	88
1399	chr9	44413186	44413167	-	0.534	0.393	>	6	2	88
1400	chr14	70151716	70151697	+	0.3604	0.2382	>	6	2	88
1401	chr4	62478250	62478231	+	0.438	0.1328	>	6	2	88
1402	chr3	127561629	127561610	-	0.2183	0.12354	>	6	2	88
1403	chr3	69139614	69139595	-	0.397	0.2261	>	6	2	88
1404	chr17	17919616	17919597	+	0.1678	0.167	>	6	2	88
1405	chr4	139314214	139314195	-	0.2279	0.269	>	6	2	88
1406	chr18	61952763	61952744	-	0.2372	0.1731	>	6	2	88
1407	chr9	7599188	7599169	+	0.33	0.191	>	6	2	88
1408	chr10	120898341	120898322	-	0.3386	0.1467	>	6	2	88
1409	chr11	57469613	57469594	-	0.1846	0.2297	>	6	2	88
1410	chr18	58480198	58480179	-	0.2095	0.1665	>	6	2	88
1411	chr17	12380527	12380508	-	0.658	0.591	>	6	2	88
1412	chr2	107940173	107940154	+	0.11664	0.1351	>	6	2	88
1413	chr2	32580534	32580515	-	0.2605	0.4055	>	6	2	88
1414	chr15	98813480	98813461	+	0.3496	0.5376	>	6	2	88
1415	chr6	54253893	54253874	+	0.1663	0.1743	>	6	2	88
1416	chr1	135800865	135800846	+	0.1766	0.1665	>	6	2	88
1417	chr15	58426369	58426350	+	0.1996	0.1519	>	6	2	88
1418	chr4	87367775	87367756	+	0.3853	0.1472	>	6	2	88
1419	chr2	96583103	96583084	-	0.809	0.3242	>	6	2	88
1420	chr4	63366959	63366940	-	0.1979	0.1753	>	6	2	88
1421	chr4	59761293	59761274	-	0.3435	0.2113	>	6	2	88
1422	chr10	7832162	7832143	+	0.2646	0.1672	>	6	2	88
1423	chr7	89904213	89904194	-	0.2908	0.156	>	6	2	88
1424	chr1	30697342	30697323	+	0.1025	0.1263	>	6	2	88
1425	chr1	58987602	58987583	+	0.2202	0.1498	>	6	2	88
1426	chr15	7452190	7452171	+	0.1405	0.12085	>	6	2	88
1427	chr4	139877044	139877025	+	0.3875	0.2688	>	6	2	88
1428	chr3	83291887	83291868	-	0.0825	0.137	>	6	2	88
1429	chr15	68912907	68912888	-	0.5024	0.2024	>	6	2	88
1430	chr14	64593744	64593725	-	1.073	0.5703	>	6	2	88
1431	chr1	56980349	56980330	-	0.2778	0.2322	>	6	2	88
1432	chr14	75833620	75833601	-	0.6006	0.4543	>	6	2	88
1433	chr16	62904648	62904629	-	0.217	0.1924	>	6	2	88
1434	chr5	35991229	35991210	-	1.033	1.082	>	6	2	88
1435	chr5	44287418	44287399	-	0.248	0.155	>	6	2	88
1436	chr15	76199915	76199896	-	0.07776	0.3071	>	6	2	88
1437	chr4	131240262	131240243	-	0.241	0.206	>	6	2	88
1438	chr5	102147917	102147898	-	0.228	0.2458	>	6	2	88
1439	chr3	93086926	93086907	+	0.0978	0.1787	>	6	2	88
1440	chr6	126163382	126163363	+	2.373	1.376	>	6	2	88
1441	chr3	45375769	45375750	+	1.051	0.2544	>	6	2	88
1442	chr16	90306219	90306200	-	0.3647	0.3506	>	6	2	88
1443	chr17	3249270	3249251	-	0.1843	0.136	>	6	2	88
1444	chr4	143024421	143024402	-	0.087	0.1317	>	6	2	88
1445	chr19	47513892	47513873	-	0.2471	0.1393	>	6	2	88
1446	chr6	66534595	66534576	-	1.387	0.675	>	6	2	88
1447	chr6	134963172	134963153	-	0.6475	0.5996	>	6	2	88
1448	chr14	56369245	56369226	+	0.2401	0.1912	>	6	2	88
1449	chr18	53460219	53460200	+	0.1775	0.162	>	6	2	88
1450	chr7	89476922	89476903	-	0.2163	0.1522	>	6	2	88
1451	chr6	34273116	34273097	+	0.0673	0.1545	>	6	2	88
1452	chr7	142295608	142295589	-	1.062	6.32	>	6	2	88
1453	chr3	22302208	22302189	+	0.992	0.3848	>	6	2	88
1454	chr6	31045994	31045975	-	0.7534	0.959	>	6	2	88
1455	chr9	57143378	57143359	-	0.1816	0.2302	>	6	2	88
1456	chr6	101268340	101268321	+	0.2712	0.1924	>	6	2	88
1457	chr9	58897456	58897437	-	0.7163	0.4846	>	6	2	88
1458	chr17	79601068	79601049	+	0.2245	0.12476	>	6	2	88
1459	chr16	5254607	5254588	-	0.2883	0.22	>	6	2	88
1460	chr4	83595536	83595517	+	1.783	1.041	>	6	2	88
1461	chr9	51159881	51159862	-	0.6875	0.266	>	6	2	88
1462	chr14	66354429	66354410	+	0.1142	0.1388	>	6	2	88
1463	chr5	117090283	117090264	+	0.5806	0.4014	>	6	2	88
1464	chr2	168061425	168061406	-	0.1733	0.2051	>	6	2	88
1465	chr5	9169228	9169209	+	0.3306	0.1686	>	6	2	88
1466	chr6	28418701	28418682	-	0.4202	0.266	>	6	2	88
1467	chr12	105038443	105038424	-	0.1501	0.2063	>	6	2	88
1468	chr1	182558143	182558124	-	0.2264	0.1511	>	6	2	88
1469	chr8	47713300	47713281	-	1.078	1.646	>	6	2	88
1470	chr18	47357393	47357374	+	0.2007	0.1278	>	6	2	88
1471	chr1	118771083	118771064	-	0.1254	0.2006	>	6	2	88
1472	chr16	6493044	6493025	-	0.1927	0.1516	>	6	2	88
1473	chr9	42951005	42950986	-	0.3914	0.2078	>	6	2	88
1474	chr13	53430986	53430967	-	0.6504	0.3672	>	6	2	88
1475	chr13	67609268	67609249	+	2.162	0.826	>	6	2	88
1476	chr1	53035072	53035053	+	0.1465	0.1494	>	6	2	88
1477	chr7	99471824	99471805	-	0.3745	0.4907	>	6	2	88
1478	chr11	36543574	36543555	-	0.1156	0.1614	>	6	2	88
1479	chr5	124334258	124334239	-	0.3428	0.273	>	6	2	88
1480	chr10	76771414	76771395	-	0.1296	0.2047	>	6	2	88
1481	chr10	4386719	4386700	+	0.32	0.4492	>	6	2	88
1482	chr5	116554091	116554072	+	0.0876	0.1714	>	6	2	88
1483	chr10	41734858	41734839	+	0.1406	0.2605	>	6	2	88
1484	chr10	50906875	50906856	-	0.2361	0.1674	>	6	2	88
1485	chr11	31651668	31651649	+	0.07605	0.1534	>	6	2	88
1486	chr6	116193190	116193171	+	0.3687	0.372	>	6	2	88
1487	chr1	188976509	188976490	+	0.343	0.1833	>	6	2	88
1488	chr12	101976095	101976076	+	0.681	0.4116	>	6	2	88
1489	chr15	75925915	75925896	+	0.6084	0.9233	>	6	2	88
1490	chr1	4777287	4777268	-	0.9443	1.425	>	6	2	88
1491	chr18	86560230	86560211	+	0.7866	1.138	>	6	2	88
1492	chr7	43574878	43574859	+	1.292	1.347	>	6	2	88
1493	chr7	98200601	98200582	-	0.2927	0.1711	>	6	2	88
1494	chr4	143319849	143319830	+	0.2299	0.1525	>	6	2	88
1495	chr2	128601696	128601677	-	0.1208	0.207	>	6	2	88
1496	chr17	57004491	57004472	-	0.1467	0.2932	>	6	2	88
1497	chr2	35196541	35196522	-	1.081	0.3997	>	6	2	88
1498	chr5	29779371	29779352	+	0.1531	0.1671	>	6	2	88
1499	chr10	93038429	93038410	-	0.163	0.1875	>	6	2	88
0	chr4	87368268	87368249	+	90.56	65.75	>	6	3	87
1	chr11	109860827	109860808	-	89.2	47.97	>	6	3	87
2	chr3	22309188	22309169	+	81.5	60.4	>	6	3	87
3	chr10	5161770	5161751	-	79.2	55.88	>	6	3	87
4	chr16	71247702	71247683	+	68.56	43.2	>	6	3	87
5	chr16	72980067	72980048	-	68.3	56.7	>	6	3	87
6	chr6	60556001	60555982	+	67.7	40.38	>	6	3	87
7	chr5	7996919	7996900	-	66.06	59.4	>	6	3	87
8	chr14	12140114	12140095	-	65.1	51.62	>	6	3	87
9	chr13	81439574	81439555	+	64.94	46.94	>	6	3	87
10	chr9	103996726	103996707	-	64.9	51.25	>	6	3	87
11	chr15	56066340	56066321	+	63.97	42.94	>	6	3	87
12	chr10	106609250	106609231	+	63.97	42.62	>	6	3	87
13	chr1	144380222	144380203	-	63.4	48.44	>	6	3	87
14	chr10	8240468	8240449	-	62.34	45.88	>	6	3	87
15	chr12	77000269	77000250	+	62.22	54.97	>	6	3	87
16	chr1	44745882	44745863	+	62.12	40.25	>	6	3	87
17	chr4	81178889	81178870	+	62.03	50.0	>	6	3	87
18	chr9	10909768	10909749	+	61.12	47.94	>	6	3	87
19	chr6	64650119	64650100	-	60.56	60.88	>	6	3	87
20	chr15	32766485	32766466	-	60.56	46.62	>	6	3	87
21	chr4	9135983	9135964	+	60.03	34.12	>	6	3	87
22	chr7	118305013	118304994	+	59.5	47.62	>	6	3	87
23	chr10	39520570	39520551	-	58.34	40.5	>	6	3	87
24	chr1	78724658	78724639	+	58.25	47.28	>	6	3	87
25	chr2	160598038	160598019	+	57.94	55.8	>	6	3	87
26	chr18	33790258	33790239	-	57.72	56.3	>	6	3	87
27	chr12	40837750	40837731	+	57.5	46.25	>	6	3	87
28	chr8	41443763	41443744	+	57.34	56.06	>	6	3	87
29	chr14	68494314	68494295	-	56.94	24.97	>	6	3	87
30	chr1	11657910	11657891	+	56.8	43.62	>	6	3	87
31	chr11	77100337	77100318	+	55.88	49.25	>	6	3	87
32	chr16	41244935	41244916	-	55.72	48.0	>	6	3	87
33	chr14	87452291	87452272	-	55.72	63.0	>	6	3	87
34	chr18	16217050	16217031	+	54.9	26.8	>	6	3	87
35	chr11	53255133	53255114	-	54.8	39.5	>	6	3	87
36	chr9	7216447	7216428	+	54.56	27.64	>	6	3	87
37	chr8	35850598	35850579	-	54.5	50.94	>	6	3	87
38	chr8	102781131	102781112	-	54.44	41.34	>	6	3	87
39	chr5	49962010	49961991	-	54.16	50.88	>	6	3	87
40	chr7	90410162	90410143	-	54.06	39.75	>	6	3	87
41	chr4	15328717	15328698	+	54.03	40.72	>	6	3	87
42	chr11	31949616	31949597	-	54.0	41.44	>	6	3	87
43	chr1	120586671	120586652	+	53.8	57.06	>	6	3	87
44	chr13	19698921	19698902	+	53.16	40.8	>	6	3	87
45	chr12	57825950	57825931	+	53.03	34.38	>	6	3	87
46	chr16	72215933	72215914	-	52.7	45.56	>	6	3	87
47	chr9	15685402	15685383	+	52.62	45.03	>	6	3	87
48	chr10	10321327	10321308	-	52.47	23.97	>	6	3	87
49	chr9	49494135	49494116	+	52.4	51.5	>	6	3	87
50	chr3	50906169	50906150	-	52.12	57.06	>	6	3	87
51	chr11	57467973	57467954	-	52.03	54.47	>	6	3	87
52	chr11	113165316	113165297	-	51.88	57.94	>	6	3	87
53	chr9	51152608	51152589	-	51.8	48.22	>	6	3	87
54	chr16	58299658	58299639	+	51.56	30.08	>	6	3	87
55	chr16	22564783	22564764	+	51.44	49.16	>	6	3	87
56	chr8	36523135	36523116	-	51.4	44.44	>	6	3	87
57	chr14	34810941	34810922	+	51.3	52.97	>	6	3	87
58	chr6	101261740	101261721	-	51.0	49.47	>	6	3	87
59	chr7	132213694	132213675	-	50.8	38.62	>	6	3	87
60	chr2	48886271	48886252	-	50.28	44.53	>	6	3	87
61	chr12	54060974	54060955	-	50.12	27.78	>	6	3	87
62	chr1	5905019	5905000	-	50.06	44.22	>	6	3	87
63	chr9	26776375	26776356	-	50.0	53.88	>	6	3	87
64	chr1	103799519	103799500	+	49.53	56.44	>	6	3	87
65	chr9	88222188	88222169	-	49.5	40.1	>	6	3	87
66	chr18	58481884	58481865	-	49.28	39.28	>	6	3	87
67	chr13	100112788	100112769	+	49.16	37.22	>	6	3	87
68	chr3	14679394	14679375	+	49.06	29.97	>	6	3	87
69	chr16	37109459	37109440	+	48.75	19.0	>	6	3	87
70	chr3	153655318	153655299	-	48.72	48.28	>	6	3	87
71	chr16	89765698	89765679	-	48.38	54.0	>	6	3	87
72	chr13	89543228	89543209	-	48.3	56.84	>	6	3	87
73	chr11	40149509	40149490	-	48.28	36.34	>	6	3	87
74	chr3	113080940	113080921	-	48.2	53.4	>	6	3	87
75	chr10	70963797	70963778	-	47.53	51.97	>	6	3	87
76	chr6	66533480	66533461	-	47.34	41.22	>	6	3	87
77	chr18	57976815	57976796	+	47.28	41.3	>	6	3	87
78	chr12	92303388	92303369	+	47.12	48.12	>	6	3	87
79	chr6	43686140	43686121	+	47.1	34.0	>	6	3	87
80	chr15	11038687	11038668	+	47.06	40.16	>	6	3	87
81	chr6	13281064	13281045	-	47.06	44.4	>	6	3	87
82	chr4	25180081	25180062	-	46.94	22.34	>	6	3	87
83	chr2	110229883	110229864	+	46.8	37.2	>	6	3	87
84	chr2	118638293	118638274	+	46.34	48.4	>	6	3	87
85	chr14	67674858	67674839	-	46.2	40.62	>	6	3	87
86	chr1	179477262	179477243	-	45.97	54.9	>	6	3	87
87	chr12	78056191	78056172	+	45.84	48.03	>	6	3	87
88	chr15	44836402	44836383	+	45.7	45.75	>	6	3	87
89	chr9	80293262	80293243	+	45.3	48.66	>	6	3	87
90	chr1	21411405	21411386	+	45.28	35.97	>	6	3	87
91	chr8	80483379	80483360	-	45.28	32.34	>	6	3	87
92	chr16	55477026	55477007	-	44.9	60.88	>	6	3	87
93	chr9	122729759	122729740	-	44.72	40.56	>	6	3	87
94	chr2	17415581	17415562	-	44.56	38.03	>	6	3	87
95	chr4	13778049	13778030	-	44.5	20.47	>	6	3	87
96	chr16	64748455	64748436	-	44.47	52.25	>	6	3	87
97	chr6	57570627	57570608	-	44.28	34.06	>	6	3	87
98	chr16	13117421	13117402	+	44.28	48.25	>	6	3	87
99	chr1	54381475	54381456	-	44.12	34.1	>	6	3	87
100	chr15	40166896	40166877	+	44.03	40.53	>	6	3	87
101	chr17	83271696	83271677	+	44.0	39.2	>	6	3	87
102	chr9	63136063	63136044	+	43.94	32.22	>	6	3	87
103	chr3	68056550	68056531	+	43.88	35.0	>	6	3	87
104	chr3	25220822	25220803	-	43.8	23.62	>	6	3	87
105	chr7	118102455	118102436	-	43.53	59.94	>	6	3	87
106	chr9	51335485	51335466	+	43.47	26.75	>	6	3	87
107	chr16	96671807	96671788	-	43.4	27.66	>	6	3	87
108	chr2	113494904	113494885	+	43.34	43.28	>	6	3	87
109	chr1	55404561	55404542	+	43.25	39.06	>	6	3	87
110	chr3	80079969	80079950	+	43.0	35.7	>	6	3	87
111	chr11	25862989	25862970	-	42.66	37.9	>	6	3	87
112	chr13	109213188	109213169	-	42.6	60.5	>	6	3	87
113	chr8	58566283	58566264	+	42.56	33.8	>	6	3	87
114	chr16	72218227	72218208	+	42.38	47.1	>	6	3	87
115	chr14	102510640	102510621	-	42.34	35.9	>	6	3	87
116	chr7	143154010	143153991	+	42.16	43.66	>	6	3	87
117	chr6	143219585	143219566	+	42.1	41.62	>	6	3	87
118	chr17	86906334	86906315	-	41.97	47.25	>	6	3	87
119	chr8	62080400	62080381	+	41.97	30.6	>	6	3	87
120	chr3	57843985	57843966	+	41.94	43.75	>	6	3	87
121	chr18	3495634	3495615	+	41.62	36.03	>	6	3	87
122	chr7	125393847	125393828	-	41.56	47.0	>	6	3	87
123	chr7	86211564	86211545	-	41.56	46.4	>	6	3	87
124	chr9	60245127	60245108	+	41.38	43.16	>	6	3	87
125	chr6	131353859	131353840	-	41.3	15.89	>	6	3	87
126	chr15	98173991	98173972	-	41.25	24.88	>	6	3	87
127	chr17	88641249	88641230	-	41.12	34.25	>	6	3	87
128	chr9	87027908	87027889	+	41.1	38.34	>	6	3	87
129	chr4	70621553	70621534	-	40.97	48.38	>	6	3	87
130	chr12	41487236	41487217	-	40.88	35.94	>	6	3	87
131	chr4	127368548	127368529	+	40.8	49.72	>	6	3	87
132	chr8	50293750	50293731	-	40.75	48.2	>	6	3	87
133	chr16	27468981	27468962	+	40.75	34.62	>	6	3	87
134	chr7	121641354	121641335	-	40.7	30.69	>	6	3	87
135	chr3	29726795	29726776	-	40.7	30.42	>	6	3	87
136	chr14	29110872	29110853	-	40.66	51.22	>	6	3	87
137	chr13	116712427	116712408	-	40.62	33.1	>	6	3	87
138	chr18	19939562	19939543	-	40.47	45.7	>	6	3	87
139	chr15	80704533	80704514	-	40.28	46.53	>	6	3	87
140	chr18	50137074	50137055	+	40.28	37.62	>	6	3	87
141	chr13	15763212	15763193	-	40.25	29.53	>	6	3	87
142	chr19	50185486	50185467	+	40.22	44.2	>	6	3	87
143	chr12	74013965	74013946	-	40.22	40.8	>	6	3	87
144	chr1	138835543	138835524	+	40.06	20.81	>	6	3	87
145	chr15	55550924	55550905	-	40.06	37.12	>	6	3	87
146	chr1	61771439	61771420	-	40.06	23.55	>	6	3	87
147	chr12	34664961	34664942	+	40.0	19.7	>	6	3	87
148	chr14	78288101	78288082	-	39.8	38.8	>	6	3	87
149	chr2	4499416	4499397	+	39.78	33.88	>	6	3	87
150	chr13	30260132	30260113	-	39.75	32.75	>	6	3	87
151	chr9	68015271	68015252	+	39.2	39.0	>	6	3	87
152	chr1	126993502	126993483	-	39.06	47.2	>	6	3	87
153	chr16	25349824	25349805	-	39.0	41.2	>	6	3	87
154	chr1	14729249	14729230	-	38.94	39.3	>	6	3	87
155	chr15	59389427	59389408	+	38.7	46.34	>	6	3	87
156	chr6	100882590	100882571	+	38.66	49.44	>	6	3	87
157	chr3	9711121	9711102	+	38.62	35.47	>	6	3	87
158	chr6	21214019	21214000	-	38.47	24.2	>	6	3	87
159	chr17	42603617	42603598	-	38.47	42.5	>	6	3	87
160	chr4	80517548	80517529	-	38.47	41.4	>	6	3	87
161	chr9	85328584	85328565	-	38.28	30.06	>	6	3	87
162	chr17	44262001	44261982	+	38.22	44.16	>	6	3	87
163	chr10	102449665	102449646	+	38.2	48.84	>	6	3	87
164	chr17	14520745	14520726	-	38.12	30.45	>	6	3	87
165	chr13	51830925	51830906	+	38.0	56.0	>	6	3	87
166	chr12	83502436	83502417	-	37.97	34.4	>	6	3	87
167	chr5	75853265	75853246	-	37.94	27.88	>	6	3	87
168	chr13	110382742	110382723	+	37.88	61.84	>	6	3	87
169	chr5	62481159	62481140	-	37.8	35.4	>	6	3	87
170	chr7	49121503	49121484	-	37.7	29.61	>	6	3	87
171	chr15	11966575	11966556	-	37.66	34.72	>	6	3	87
172	chr3	31146135	31146116	+	37.53	44.5	>	6	3	87
173	chr2	37815879	37815860	+	37.47	39.2	>	6	3	87
174	chr5	33033442	33033423	-	37.44	48.28	>	6	3	87
175	chr9	7595466	7595447	-	37.4	28.72	>	6	3	87
176	chr5	21641153	21641134	-	37.3	33.66	>	6	3	87
177	chr14	48367302	48367283	-	37.12	39.88	>	6	3	87
178	chr17	14524624	14524605	+	37.1	38.88	>	6	3	87
179	chr4	84064835	84064816	+	37.06	23.38	>	6	3	87
180	chr4	63368786	63368767	+	37.06	51.6	>	6	3	87
181	chr5	102149680	102149661	+	37.03	38.97	>	6	3	87
182	chr12	32897684	32897665	-	36.88	40.9	>	6	3	87
183	chr16	91936532	91936513	+	36.72	43.06	>	6	3	87
184	chr6	37046379	37046360	-	36.72	47.7	>	6	3	87
185	chr18	59081896	59081877	+	36.7	37.34	>	6	3	87
186	chr6	103697552	103697533	-	36.3	43.6	>	6	3	87
187	chr18	19937930	19937911	+	36.3	37.56	>	6	3	87
188	chr6	93757594	93757575	+	36.28	18.31	>	6	3	87
189	chr17	9756371	9756352	+	36.28	21.2	>	6	3	87
190	chr2	96585854	96585835	+	36.25	26.84	>	6	3	87
191	chr11	82915176	82915157	+	36.2	36.34	>	6	3	87
192	chr6	6005837	6005818	+	36.03	35.2	>	6	3	87
193	chr1	98392238	98392219	-	36.03	38.97	>	6	3	87
194	chr7	48749384	48749365	+	35.94	38.3	>	6	3	87
195	chr11	105911812	105911793	-	35.9	37.8	>	6	3	87
196	chr10	45045486	45045467	-	35.8	35.22	>	6	3	87
197	chr2	4492748	4492729	-	35.75	19.97	>	6	3	87
198	chr6	18087397	18087378	+	35.75	40.84	>	6	3	87
199	chr5	90203341	90203322	+	35.7	41.12	>	6	3	87
200	chr7	136489148	136489129	+	35.62	28.06	>	6	3	87
201	chr9	109862620	109862601	-	35.6	34.12	>	6	3	87
202	chr15	59876355	59876336	+	35.3	32.16	>	6	3	87
203	chr14	76473612	76473593	-	35.25	45.66	>	6	3	87
204	chr3	128349320	128349301	+	35.03	41.75	>	6	3	87
205	chr3	45375963	45375944	+	35.03	23.92	>	6	3	87
206	chr3	133314669	133314650	+	34.97	39.0	>	6	3	87
207	chr1	96801850	96801831	-	34.84	30.55	>	6	3	87
208	chr7	115216958	115216939	+	34.62	30.45	>	6	3	87
209	chr9	59282577	59282558	-	34.62	26.88	>	6	3	87
210	chr2	148112135	148112116	-	34.5	31.5	>	6	3	87
211	chr18	52457916	52457897	-	34.47	28.2	>	6	3	87
212	chr6	56691454	56691435	-	34.34	42.2	>	6	3	87
213	chr13	20292580	20292561	-	34.3	38.5	>	6	3	87
214	chr13	57260119	57260100	-	34.25	52.66	>	6	3	87
215	chr13	113877615	113877596	+	34.25	36.75	>	6	3	87
216	chr13	116715029	116715010	-	34.1	31.72	>	6	3	87
217	chr4	83596692	83596673	-	34.1	52.75	>	6	3	87
218	chr8	64941619	64941600	-	34.06	33.75	>	6	3	87
219	chr3	51701488	51701469	+	34.03	22.56	>	6	3	87
220	chr14	120061322	120061303	-	33.84	29.2	>	6	3	87
221	chr7	75910166	75910147	+	33.8	57.6	>	6	3	87
222	chr4	98702698	98702679	-	33.78	31.62	>	6	3	87
223	chr3	146185137	146185118	+	33.62	52.6	>	6	3	87
224	chr4	151157152	151157133	+	33.53	59.38	>	6	3	87
225	chr5	43391861	43391842	-	33.5	21.5	>	6	3	87
226	chr11	93856511	93856492	-	33.47	26.19	>	6	3	87
227	chr14	59605843	59605824	+	33.47	40.3	>	6	3	87
228	chr14	84438580	84438561	+	33.44	23.31	>	6	3	87
229	chr12	50943824	50943805	-	33.28	38.56	>	6	3	87
230	chr7	83550335	83550316	-	33.2	30.12	>	6	3	87
231	chr6	117167008	117166989	+	33.03	30.3	>	6	3	87
232	chr4	12538791	12538772	+	33.0	21.84	>	6	3	87
233	chr18	47353079	47353060	+	32.84	24.58	>	6	3	87
234	chr5	12541496	12541477	-	32.72	22.56	>	6	3	87
235	chr2	60721127	60721108	+	32.72	22.53	>	6	3	87
236	chr11	78838251	78838232	+	32.72	51.5	>	6	3	87
237	chr8	73356225	73356206	+	32.62	23.39	>	6	3	87
238	chr12	10598567	10598548	+	32.5	41.56	>	6	3	87
239	chr19	20345158	20345139	-	32.25	47.94	>	6	3	87
240	chr17	58909486	58909467	-	32.16	39.4	>	6	3	87
241	chr10	69655037	69655018	-	32.12	36.56	>	6	3	87
242	chr4	3967733	3967714	-	32.12	41.75	>	6	3	87
243	chr16	21192795	21192776	-	32.06	38.78	>	6	3	87
244	chr11	12291593	12291574	-	32.0	15.54	>	6	3	87
245	chr11	117385082	117385063	+	31.83	36.6	>	6	3	87
246	chr12	32292095	32292076	+	31.73	20.83	>	6	3	87
247	chr4	64833096	64833077	+	31.69	34.34	>	6	3	87
248	chr13	47301245	47301226	+	31.67	43.9	>	6	3	87
249	chr1	89631957	89631938	-	31.56	45.38	>	6	3	87
250	chr9	69296601	69296582	-	31.53	38.66	>	6	3	87
251	chr3	53735364	53735345	+	31.28	24.5	>	6	3	87
252	chr10	45373471	45373452	-	31.2	37.7	>	6	3	87
253	chr8	91797725	91797706	+	31.19	30.23	>	6	3	87
254	chr4	88035662	88035643	+	31.06	19.66	>	6	3	87
255	chr2	75151187	75151168	-	31.05	37.9	>	6	3	87
256	chr14	66791971	66791952	-	31.02	32.1	>	6	3	87
257	chr2	93199062	93199043	-	30.9	51.25	>	6	3	87
258	chr2	73551006	73550987	+	30.86	53.72	>	6	3	87
259	chr12	89451144	89451125	-	30.81	40.1	>	6	3	87
260	chr16	66086729	66086710	-	30.81	33.7	>	6	3	87
261	chr14	114791647	114791628	-	30.72	37.2	>	6	3	87
262	chr4	43420547	43420528	-	30.61	34.5	>	6	3	87
263	chr1	87447687	87447668	+	30.56	32.53	>	6	3	87
264	chr15	55306471	55306452	+	30.56	24.06	>	6	3	87
265	chr15	97667578	97667559	+	30.52	37.12	>	6	3	87
266	chr2	16359548	16359529	+	30.47	16.92	>	6	3	87
267	chr14	8356099	8356080	+	30.42	51.06	>	6	3	87
268	chr3	19894816	19894797	-	30.38	33.66	>	6	3	87
269	chr12	43813750	43813731	-	30.34	24.06	>	6	3	87
270	chr2	27770378	27770359	+	30.12	46.8	>	6	3	87
271	chr16	48675836	48675817	-	30.12	28.97	>	6	3	87
272	chr10	13016733	13016714	+	30.1	53.44	>	6	3	87
273	chr2	76367359	76367340	+	30.05	30.6	>	6	3	87
274	chr2	115515230	115515211	+	30.05	12.29	>	6	3	87
275	chr19	16785108	16785089	-	30.03	27.4	>	6	3	87
276	chr3	78948444	78948425	+	30.03	29.16	>	6	3	87
277	chr1	37250876	37250857	-	29.94	25.45	>	6	3	87
278	chr18	74431409	74431390	+	29.94	28.48	>	6	3	87
279	chr1	38787652	38787633	-	29.89	46.22	>	6	3	87
280	chr3	14874584	14874565	+	29.88	22.88	>	6	3	87
281	chr9	69505778	69505759	+	29.88	30.58	>	6	3	87
282	chr10	84450913	84450894	-	29.77	31.7	>	6	3	87
283	chr2	172216047	172216028	-	29.77	65.06	>	6	3	87
284	chr10	97712895	97712876	+	29.72	22.83	>	6	3	87
285	chr1	4770074	4770055	+	29.72	39.66	>	6	3	87
286	chr12	50301580	50301561	-	29.69	16.55	>	6	3	87
287	chr15	85266923	85266904	+	29.69	42.06	>	6	3	87
288	chr4	85403030	85403011	+	29.62	27.23	>	6	3	87
289	chr6	97526370	97526351	-	29.53	31.17	>	6	3	87
290	chr8	112046096	112046077	+	29.5	62.6	>	6	3	87
291	chr12	96311368	96311349	-	29.48	23.8	>	6	3	87
292	chr1	93507239	93507220	-	29.45	32.5	>	6	3	87
293	chr13	21714927	21714908	+	29.4	37.72	>	6	3	87
294	chr6	49008180	49008161	+	29.38	27.1	>	6	3	87
295	chr17	17749545	17749526	-	29.36	32.88	>	6	3	87
296	chr6	145360253	145360234	+	29.34	33.62	>	6	3	87
297	chr7	17066630	17066611	-	29.27	41.75	>	6	3	87
298	chr12	81788850	81788831	-	29.25	32.47	>	6	3	87
299	chr7	129649172	129649153	+	29.19	42.88	>	6	3	87
300	chr14	104039053	104039034	+	29.17	41.16	>	6	3	87
301	chr13	41634744	41634725	-	29.08	40.84	>	6	3	87
302	chr7	138835232	138835213	-	29.02	47.88	>	6	3	87
303	chr15	97195797	97195778	+	28.92	38.5	>	6	3	87
304	chr1	119087737	119087718	+	28.89	50.28	>	6	3	87
305	chr4	85819373	85819354	-	28.86	29.28	>	6	3	87
306	chr11	30657307	30657288	-	28.86	6.477	>	6	3	87
307	chr5	49369245	49369226	+	28.66	27.94	>	6	3	87
308	chr6	106805067	106805048	+	28.61	20.38	>	6	3	87
309	chr6	31660958	31660939	+	28.53	52.9	>	6	3	87
310	chr12	8306749	8306730	-	28.48	47.94	>	6	3	87
311	chr13	42822785	42822766	-	28.47	44.4	>	6	3	87
312	chr15	34968778	34968759	+	28.4	27.94	>	6	3	87
313	chr7	68369859	68369840	+	28.38	58.97	>	6	3	87
314	chr15	80266443	80266424	+	28.33	34.62	>	6	3	87
315	chr6	102171110	102171091	+	28.19	24.06	>	6	3	87
316	chr16	72605273	72605254	-	28.11	17.7	>	6	3	87
317	chr18	65490506	65490487	+	28.06	33.94	>	6	3	87
318	chr3	55373775	55373756	+	28.0	19.75	>	6	3	87
319	chr1	53927814	53927795	-	27.97	28.48	>	6	3	87
320	chr2	160368066	160368047	-	27.95	21.97	>	6	3	87
321	chr10	42295232	42295213	-	27.94	37.8	>	6	3	87
322	chr7	116040411	116040392	-	27.9	26.19	>	6	3	87
323	chr10	116197535	116197516	-	27.81	28.58	>	6	3	87
324	chr5	20773533	20773514	-	27.81	20.77	>	6	3	87
325	chr12	80725012	80724993	-	27.73	38.97	>	6	3	87
326	chr15	66899881	66899862	-	27.6	21.5	>	6	3	87
327	chr18	16822208	16822189	-	27.56	13.28	>	6	3	87
328	chr18	14503254	14503235	-	27.55	19.48	>	6	3	87
329	chr5	98344786	98344767	+	27.44	28.3	>	6	3	87
330	chr10	77517236	77517217	+	27.39	30.44	>	6	3	87
331	chr1	44741472	44741453	-	27.38	6.344	>	6	3	87
332	chr6	127945983	127945964	-	27.28	24.97	>	6	3	87
333	chr16	42914955	42914936	-	27.27	20.78	>	6	3	87
334	chr18	39137558	39137539	+	27.11	15.805	>	6	3	87
335	chr13	42575907	42575888	+	27.11	22.34	>	6	3	87
336	chr2	13278209	13278190	+	27.06	48.53	>	6	3	87
337	chr18	43836585	43836566	-	27.06	22.66	>	6	3	87
338	chr4	114647896	114647877	+	27.05	26.58	>	6	3	87
339	chr16	44149214	44149195	-	27.03	37.28	>	6	3	87
340	chr13	109776299	109776280	+	27.02	27.47	>	6	3	87
341	chr19	30217515	30217496	+	27.0	44.25	>	6	3	87
342	chr6	61316075	61316056	+	26.94	38.16	>	6	3	87
343	chr17	78598832	78598813	+	26.92	37.16	>	6	3	87
344	chr2	117231457	117231438	-	26.88	23.62	>	6	3	87
345	chr4	115101816	115101797	+	26.84	34.88	>	6	3	87
346	chr10	57448131	57448112	-	26.8	44.97	>	6	3	87
347	chr13	113046665	113046646	+	26.77	22.72	>	6	3	87
348	chr4	110022447	110022428	-	26.58	43.47	>	6	3	87
349	chr7	101653829	101653810	+	26.5	47.97	>	6	3	87
350	chr5	67756338	67756319	+	26.5	26.55	>	6	3	87
351	chr3	62192717	62192698	-	26.5	17.1	>	6	3	87
352	chr10	17728146	17728127	-	26.45	14.96	>	6	3	87
353	chr5	37752557	37752538	-	26.33	30.73	>	6	3	87
354	chr1	60961316	60961297	-	26.3	26.22	>	6	3	87
355	chr17	68176981	68176962	+	26.27	18.84	>	6	3	87
356	chr7	37357871	37357852	-	26.2	67.6	>	6	3	87
357	chr4	32572316	32572297	-	26.16	44.75	>	6	3	87
358	chr4	96696741	96696722	+	26.12	32.22	>	6	3	87
359	chr4	109729491	109729472	-	26.06	50.3	>	6	3	87
360	chr10	111977780	111977761	+	25.78	32.1	>	6	3	87
361	chr5	45424489	45424470	-	25.73	30.9	>	6	3	87
362	chr2	61494577	61494558	-	25.72	22.25	>	6	3	87
363	chr6	13287046	13287027	+	25.69	21.62	>	6	3	87
364	chr9	116060829	116060810	+	25.66	36.5	>	6	3	87
365	chr8	17537753	17537734	-	25.64	36.44	>	6	3	87
366	chr9	77781636	77781617	-	25.62	27.94	>	6	3	87
367	chr15	5106460	5106441	-	25.56	29.45	>	6	3	87
368	chr17	93141334	93141315	-	25.53	33.03	>	6	3	87
369	chr6	97759520	97759501	+	25.52	17.88	>	6	3	87
370	chr8	119384750	119384731	-	25.47	45.94	>	6	3	87
371	chr6	88113322	88113303	+	25.38	41.75	>	6	3	87
372	chr15	101984527	101984508	-	25.38	56.7	>	6	3	87
373	chr8	54493335	54493316	-	25.34	39.7	>	6	3	87
374	chr9	24119622	24119603	+	25.33	14.83	>	6	3	87
375	chr3	50077169	50077150	-	25.31	24.22	>	6	3	87
376	chr4	47419767	47419748	+	25.23	44.03	>	6	3	87
377	chr2	76115910	76115891	+	25.22	28.97	>	6	3	87
378	chr15	67174759	67174740	+	25.2	12.74	>	6	3	87
379	chr8	125574509	125574490	+	25.17	12.85	>	6	3	87
380	chr1	161737065	161737046	-	25.11	39.75	>	6	3	87
381	chr3	85571455	85571436	-	25.1	9.7	>	6	3	87
382	chr18	19577078	19577059	-	25.02	27.28	>	6	3	87
383	chr19	36083087	36083068	-	25.0	29.4	>	6	3	87
384	chr8	115709616	115709597	-	24.98	9.14	>	6	3	87
385	chr10	126330794	126330775	-	24.84	24.02	>	6	3	87
386	chr15	25993551	25993532	+	24.81	33.28	>	6	3	87
387	chr5	131430355	131430336	-	24.78	45.44	>	6	3	87
388	chr1	9545352	9545333	-	24.78	38.06	>	6	3	87
389	chr19	28768445	28768426	-	24.75	36.44	>	6	3	87
390	chr10	24630876	24630857	+	24.72	22.94	>	6	3	87
391	chr17	54351102	54351083	+	24.53	15.79	>	6	3	87
392	chr16	20496806	20496787	+	24.47	28.86	>	6	3	87
393	chr12	109394024	109394005	-	24.44	15.02	>	6	3	87
394	chr13	21803288	21803269	-	24.42	40.1	>	6	3	87
395	chr3	103392995	103392976	+	24.38	33.9	>	6	3	87
396	chr15	25428758	25428739	+	24.31	24.08	>	6	3	87
397	chr3	135206860	135206841	-	24.3	9.21	>	6	3	87
398	chr8	65139261	65139242	+	24.3	33.56	>	6	3	87
399	chr9	29650850	29650831	-	24.23	35.72	>	6	3	87
400	chr3	127971093	127971074	+	24.2	46.1	>	6	3	87
401	chr2	104035038	104035019	+	24.16	33.7	>	6	3	87
402	chr9	81635302	81635283	+	24.11	12.08	>	6	3	87
403	chr6	95484597	95484578	+	24.03	13.41	>	6	3	87
404	chr14	72293991	72293972	-	23.83	34.2	>	6	3	87
405	chr18	65490035	65490016	-	23.72	29.94	>	6	3	87
406	chr12	38123788	38123769	-	23.66	16.0	>	6	3	87
407	chr18	70184838	70184819	-	23.66	11.39	>	6	3	87
408	chr3	152095252	152095233	-	23.53	23.67	>	6	3	87
409	chr8	32002994	32002975	-	23.5	23.94	>	6	3	87
410	chr11	22206830	22206811	-	23.48	11.1	>	6	3	87
411	chr5	76541051	76541032	-	23.44	19.22	>	6	3	87
412	chr10	52106337	52106318	+	23.38	22.61	>	6	3	87
413	chr1	84697462	84697443	-	23.38	25.22	>	6	3	87
414	chr1	67181385	67181366	+	23.34	35.0	>	6	3	87
415	chr6	101267027	101267008	+	23.31	12.77	>	6	3	87
416	chr6	129255175	129255156	-	23.25	41.8	>	6	3	87
417	chr4	115710017	115709998	-	23.19	25.83	>	6	3	87
418	chr2	118241614	118241595	-	23.19	37.16	>	6	3	87
419	chr8	71371784	71371765	+	23.11	28.11	>	6	3	87
420	chr7	73422670	73422651	-	23.11	37.7	>	6	3	87
421	chr5	33039602	33039583	+	23.05	27.48	>	6	3	87
422	chr2	153143004	153142985	-	23.02	20.31	>	6	3	87
423	chr14	98181824	98181805	-	23.0	7.93	>	6	3	87
424	chr2	136887058	136887039	-	22.97	12.49	>	6	3	87
425	chr1	135136701	135136682	-	22.88	42.44	>	6	3	87
426	chr5	4948481	4948462	-	22.86	27.0	>	6	3	87
427	chr10	71422814	71422795	+	22.81	51.25	>	6	3	87
428	chr8	64597251	64597232	-	22.66	30.06	>	6	3	87
429	chr1	162336834	162336815	-	22.45	14.914	>	6	3	87
430	chr9	94738996	94738977	+	22.42	42.94	>	6	3	87
431	chr17	53403136	53403117	+	22.4	18.28	>	6	3	87
432	chr2	155811920	155811901	-	22.36	51.28	>	6	3	87
433	chr12	52010769	52010750	+	22.33	16.6	>	6	3	87
434	chr3	44912870	44912851	-	22.31	11.58	>	6	3	87
435	chr5	98348848	98348829	+	22.25	34.97	>	6	3	87
436	chr15	80706301	80706282	+	22.25	25.52	>	6	3	87
437	chr1	167932285	167932266	-	22.22	36.66	>	6	3	87
438	chr14	121455709	121455690	-	22.2	25.7	>	6	3	87
439	chr4	98243714	98243695	-	22.16	26.34	>	6	3	87
440	chr4	143027468	143027449	+	22.14	29.11	>	6	3	87
441	chr2	153668926	153668907	+	22.14	25.36	>	6	3	87
442	chr9	41461929	41461910	-	22.14	12.42	>	6	3	87
443	chr4	109431143	109431124	-	22.1	22.34	>	6	3	87
444	chr5	44831505	44831486	-	22.08	22.05	>	6	3	87
445	chr8	119676601	119676582	-	22.03	33.06	>	6	3	87
446	chr17	40824060	40824041	-	22.02	34.28	>	6	3	87
447	chr15	37102366	37102347	-	22.0	13.84	>	6	3	87
448	chr1	119083862	119083843	-	21.92	45.47	>	6	3	87
449	chr5	41044703	41044684	-	21.78	28.61	>	6	3	87
450	chr19	24622032	24622013	+	21.77	22.19	>	6	3	87
451	chr3	58159626	58159607	-	21.75	32.1	>	6	3	87
452	chr1	38130140	38130121	-	21.75	23.66	>	6	3	87
453	chr2	129472129	129472110	-	21.73	30.17	>	6	3	87
454	chr9	15682043	15682024	-	21.73	11.22	>	6	3	87
455	chr9	69502720	69502701	-	21.7	34.7	>	6	3	87
456	chr14	21120676	21120657	+	21.69	43.16	>	6	3	87
457	chr7	110645588	110645569	-	21.69	43.56	>	6	3	87
458	chr16	78950579	78950560	-	21.64	3.295	>	6	3	87
459	chr7	131899517	131899498	+	21.56	16.44	>	6	3	87
460	chr8	106403484	106403465	-	21.53	20.23	>	6	3	87
461	chr17	73303429	73303410	+	21.48	50.6	>	6	3	87
462	chr1	83727325	83727306	+	21.48	26.81	>	6	3	87
463	chr13	29857603	29857584	+	21.42	9.836	>	6	3	87
464	chr14	104033786	104033767	+	21.34	21.16	>	6	3	87
465	chr7	119011391	119011372	+	21.31	35.56	>	6	3	87
466	chr1	69165377	69165358	+	21.31	25.0	>	6	3	87
467	chr1	192727176	192727157	+	21.28	21.9	>	6	3	87
468	chr9	50438293	50438274	-	21.2	27.17	>	6	3	87
469	chr15	46990407	46990388	-	21.14	10.516	>	6	3	87
470	chr13	73646874	73646855	+	21.14	37.5	>	6	3	87
471	chr16	67089956	67089937	+	21.12	15.94	>	6	3	87
472	chr2	83332995	83332976	-	21.02	18.14	>	6	3	87
473	chr8	10415030	10415011	+	21.0	37.3	>	6	3	87
474	chr1	35716149	35716130	-	20.89	18.69	>	6	3	87
475	chr7	43920039	43920020	-	20.83	34.3	>	6	3	87
476	chr8	15138726	15138707	+	20.81	41.03	>	6	3	87
477	chr13	6515705	6515686	+	20.8	28.08	>	6	3	87
478	chr2	64948996	64948977	-	20.72	23.2	>	6	3	87
479	chr19	20345737	20345718	+	20.7	55.44	>	6	3	87
480	chr5	33994851	33994832	+	20.64	14.97	>	6	3	87
481	chr14	76479953	76479934	+	20.62	37.16	>	6	3	87
482	chr3	144737048	144737029	+	20.58	28.33	>	6	3	87
483	chr2	13597223	13597204	-	20.5	12.72	>	6	3	87
484	chr9	118908437	118908418	-	20.5	27.45	>	6	3	87
485	chr4	153484615	153484596	-	20.39	17.89	>	6	3	87
486	chr19	12433211	12433192	+	20.36	28.34	>	6	3	87
487	chr15	31611224	31611205	+	20.34	11.17	>	6	3	87
488	chr3	107206198	107206179	+	20.34	39.22	>	6	3	87
489	chr17	86909946	86909927	+	20.31	22.38	>	6	3	87
490	chr7	89473669	89473650	-	20.22	24.19	>	6	3	87
491	chr6	35252603	35252584	+	20.22	32.56	>	6	3	87
492	chr6	126168001	126167982	-	20.17	8.76	>	6	3	87
493	chr16	42169942	42169923	+	20.12	43.34	>	6	3	87
494	chr6	90607354	90607335	+	20.11	24.86	>	6	3	87
495	chr6	31664664	31664645	+	20.11	41.5	>	6	3	87
496	chr13	100002039	100002020	+	20.02	21.73	>	6	3	87
497	chr6	97523337	97523318	-	19.97	25.72	>	6	3	87
498	chr4	123529452	123529433	-	19.95	17.69	>	6	3	87
499	chr18	53744741	53744722	-	19.94	29.1	>	6	3	87
500	chr9	13849232	13849213	+	19.9	15.484	>	6	3	87
501	chr15	14052128	14052109	-	19.89	12.375	>	6	3	87
502	chr3	68053761	68053742	-	19.88	27.33	>	6	3	87
503	chr14	50799990	50799971	+	19.83	30.28	>	6	3	87
504	chr8	50292348	50292329	+	19.83	31.36	>	6	3	87
505	chr19	52993242	52993223	-	19.81	45.25	>	6	3	87
506	chr8	24546435	24546416	-	19.8	56.1	>	6	3	87
507	chr2	166085186	166085167	+	19.78	40.2	>	6	3	87
508	chr15	80260893	80260874	-	19.75	33.7	>	6	3	87
509	chr18	75606699	75606680	+	19.72	50.94	>	6	3	87
510	chr2	135957961	135957942	-	19.69	27.1	>	6	3	87
511	chr11	75179118	75179099	+	19.67	22.83	>	6	3	87
512	chr6	77628987	77628968	+	19.66	40.56	>	6	3	87
513	chr4	82614384	82614365	-	19.62	15.836	>	6	3	87
514	chr17	27190013	27189994	+	19.5	26.89	>	6	3	87
515	chr14	121451301	121451282	-	19.45	26.11	>	6	3	87
516	chr9	69987821	69987802	-	19.44	12.234	>	6	3	87
517	chr6	40479902	40479883	+	19.42	24.72	>	6	3	87
518	chr4	82619779	82619760	-	19.42	11.22	>	6	3	87
519	chr2	160593235	160593216	-	19.4	45.8	>	6	3	87
520	chr4	48691990	48691971	+	19.4	34.88	>	6	3	87
521	chr1	11140123	11140104	-	19.39	7.324	>	6	3	87
522	chr6	67858160	67858141	+	19.36	18.55	>	6	3	87
523	chr1	91914028	91914009	+	19.36	22.06	>	6	3	87
524	chr15	76196896	76196877	+	19.33	35.8	>	6	3	87
525	chr11	43767011	43766992	+	19.27	27.44	>	6	3	87
526	chr17	8463677	8463658	+	19.23	31.38	>	6	3	87
527	chr2	60442102	60442083	-	19.22	10.555	>	6	3	87
528	chr10	8242562	8242543	+	19.2	18.4	>	6	3	87
529	chr15	8382407	8382388	+	19.16	11.64	>	6	3	87
530	chr19	11360302	11360283	+	19.14	15.06	>	6	3	87
531	chr12	79305335	79305316	+	19.11	29.94	>	6	3	87
532	chr13	38992697	38992678	+	19.03	12.445	>	6	3	87
533	chr8	91147955	91147936	-	19.0	26.05	>	6	3	87
534	chr13	64443476	64443457	+	19.0	35.6	>	6	3	87
535	chr8	117898214	117898195	+	18.92	34.16	>	6	3	87
536	chr11	42423473	42423454	-	18.77	18.48	>	6	3	87
537	chr9	114957195	114957176	-	18.77	27.38	>	6	3	87
538	chr5	149647926	149647907	+	18.72	23.06	>	6	3	87
539	chr5	128440068	128440049	-	18.69	40.7	>	6	3	87
540	chr6	90606762	90606743	-	18.67	32.6	>	6	3	87
541	chr10	58560031	58560012	+	18.67	23.25	>	6	3	87
542	chr18	25538443	25538424	+	18.66	23.94	>	6	3	87
543	chr11	22987510	22987491	+	18.56	23.83	>	6	3	87
544	chr13	57269837	57269818	-	18.55	36.6	>	6	3	87
545	chr13	53096854	53096835	-	18.55	32.88	>	6	3	87
546	chr7	124783020	124783001	-	18.55	23.44	>	6	3	87
547	chr7	40687242	40687223	-	18.52	26.28	>	6	3	87
548	chr4	109438113	109438094	+	18.45	31.61	>	6	3	87
549	chr13	46663777	46663758	-	18.45	5.215	>	6	3	87
550	chr2	21927862	21927843	-	18.45	17.72	>	6	3	87
551	chr11	72564476	72564457	-	18.39	17.95	>	6	3	87
552	chr14	57362951	57362932	-	18.3	10.125	>	6	3	87
553	chr13	54063511	54063492	-	18.3	12.516	>	6	3	87
554	chr8	127191530	127191511	+	18.27	39.03	>	6	3	87
555	chr4	24249781	24249762	+	18.25	8.38	>	6	3	87
556	chr1	175603551	175603532	-	18.2	12.0	>	6	3	87
557	chr7	131897479	131897460	+	18.19	16.34	>	6	3	87
558	chr2	125259455	125259436	-	18.17	32.72	>	6	3	87
559	chr8	11943262	11943243	-	18.0	20.05	>	6	3	87
560	chr13	74861814	74861795	+	17.98	11.664	>	6	3	87
561	chr3	37302880	37302861	-	17.98	17.84	>	6	3	87
562	chr2	165391753	165391734	+	17.95	20.97	>	6	3	87
563	chr1	167669968	167669949	-	17.94	39.3	>	6	3	87
564	chr14	24311319	24311300	+	17.89	24.48	>	6	3	87
565	chr6	125622660	125622641	+	17.86	24.67	>	6	3	87
566	chr16	91694897	91694878	+	17.83	21.03	>	6	3	87
567	chr7	100886752	100886733	-	17.8	33.3	>	6	3	87
568	chr2	165779092	165779073	+	17.7	43.9	>	6	3	87
569	chr4	118988734	118988715	-	17.7	12.37	>	6	3	87
570	chr9	111939788	111939769	+	17.64	16.92	>	6	3	87
571	chr9	40806571	40806552	+	17.64	39.78	>	6	3	87
572	chr19	21571392	21571373	+	17.64	11.9	>	6	3	87
573	chr10	49785057	49785038	-	17.56	2.498	>	6	3	87
574	chr3	84922220	84922201	+	17.47	28.94	>	6	3	87
575	chr12	7991018	7990999	+	17.47	17.66	>	6	3	87
576	chr8	106687694	106687675	+	17.45	42.0	>	6	3	87
577	chr19	15998346	15998327	+	17.33	27.56	>	6	3	87
578	chr10	30838389	30838370	+	17.3	7.543	>	6	3	87
579	chr2	6469364	6469345	-	17.28	15.65	>	6	3	87
580	chr9	59678540	59678521	-	17.28	29.06	>	6	3	87
581	chr18	60143536	60143517	-	17.25	6.348	>	6	3	87
582	chr2	76114972	76114953	-	17.25	26.88	>	6	3	87
583	chr1	192722361	192722342	-	17.23	36.0	>	6	3	87
584	chr13	6737153	6737134	+	17.23	24.25	>	6	3	87
585	chr10	116199232	116199213	+	17.23	24.89	>	6	3	87
586	chr18	6627309	6627290	+	17.06	30.4	>	6	3	87
587	chr7	117375969	117375950	-	17.03	13.42	>	6	3	87
588	chr11	7200225	7200206	+	17.03	39.34	>	6	3	87
589	chr3	152474817	152474798	+	16.98	9.51	>	6	3	87
590	chr12	4107565	4107546	+	16.97	22.11	>	6	3	87
591	chr18	78212287	78212268	-	16.83	18.31	>	6	3	87
592	chr2	17842170	17842151	-	16.81	6.844	>	6	3	87
593	chr5	112429191	112429172	-	16.78	14.19	>	6	3	87
594	chr9	54169687	54169668	+	16.73	16.64	>	6	3	87
595	chr9	78597063	78597044	+	16.73	17.98	>	6	3	87
596	chr2	125556029	125556010	+	16.69	19.19	>	6	3	87
597	chr4	86545837	86545818	-	16.69	26.34	>	6	3	87
598	chr11	34229190	34229171	+	16.55	19.56	>	6	3	87
599	chr13	60479163	60479144	+	16.52	1.697	>	6	3	87
600	chr11	57788119	57788100	+	16.36	29.88	>	6	3	87
601	chr5	117504639	117504620	+	16.36	53.34	>	6	3	87
602	chr1	128368923	128368904	+	16.28	14.01	>	6	3	87
603	chr14	51098507	51098488	-	16.28	41.22	>	6	3	87
604	chr10	14404268	14404249	+	16.23	20.66	>	6	3	87
605	chr18	65752297	65752278	-	16.1	16.11	>	6	3	87
606	chr3	59077498	59077479	+	16.1	40.72	>	6	3	87
607	chr1	119919473	119919454	+	16.06	20.62	>	6	3	87
608	chr1	86598699	86598680	+	16.03	48.72	>	6	3	87
609	chr1	80178208	80178189	-	16.0	17.12	>	6	3	87
610	chr15	64132164	64132145	+	15.96	15.336	>	6	3	87
611	chr2	4652218	4652199	-	15.91	22.83	>	6	3	87
612	chr9	40805489	40805470	-	15.86	35.53	>	6	3	87
613	chr13	30549079	30549060	-	15.805	25.34	>	6	3	87
614	chr3	82350530	82350511	-	15.805	7.78	>	6	3	87
615	chr7	81155234	81155215	-	15.805	19.0	>	6	3	87
616	chr4	107701325	107701306	-	15.8	18.55	>	6	3	87
617	chr11	76655250	76655231	+	15.8	25.19	>	6	3	87
618	chr7	122945377	122945358	+	15.72	20.64	>	6	3	87
619	chr16	32697312	32697293	+	15.695	24.02	>	6	3	87
620	chr13	114460825	114460806	-	15.65	8.25	>	6	3	87
621	chr19	59389409	59389390	+	15.65	31.4	>	6	3	87
622	chr7	45451495	45451476	+	15.64	35.4	>	6	3	87
623	chr15	85599066	85599047	+	15.625	30.86	>	6	3	87
624	chr10	9012998	9012979	+	15.6	21.77	>	6	3	87
625	chr13	24318872	24318853	-	15.58	11.58	>	6	3	87
626	chr3	123506917	123506898	-	15.53	17.17	>	6	3	87
627	chr13	101719731	101719712	-	15.48	25.34	>	6	3	87
628	chr12	12412898	12412879	-	15.43	30.47	>	6	3	87
629	chr10	127342496	127342477	-	15.4	29.73	>	6	3	87
630	chr7	28972871	28972852	+	15.39	21.2	>	6	3	87
631	chr5	130862481	130862462	+	15.33	29.22	>	6	3	87
632	chr13	53779354	53779335	+	15.31	23.8	>	6	3	87
633	chr11	51582940	51582921	-	15.305	26.1	>	6	3	87
634	chr3	34150257	34150238	+	15.3	17.19	>	6	3	87
635	chr9	30423156	30423137	-	15.29	30.31	>	6	3	87
636	chr1	55886585	55886566	+	15.29	16.73	>	6	3	87
637	chr8	121104251	121104232	+	15.28	31.56	>	6	3	87
638	chr2	31683894	31683875	+	15.27	30.73	>	6	3	87
639	chr9	121458682	121458663	+	15.27	42.72	>	6	3	87
640	chr13	111421545	111421526	+	15.22	27.25	>	6	3	87
641	chr18	56572965	56572946	+	15.22	32.7	>	6	3	87
642	chr18	42593315	42593296	+	15.2	8.75	>	6	3	87
643	chr8	118287683	118287664	+	15.2	7.145	>	6	3	87
644	chr14	47742843	47742824	+	15.18	9.65	>	6	3	87
645	chr1	184791312	184791293	-	15.164	27.39	>	6	3	87
646	chr6	106800166	106800147	-	15.1	18.75	>	6	3	87
647	chr11	12025880	12025861	+	15.06	18.02	>	6	3	87
648	chr5	129594341	129594322	-	15.03	29.4	>	6	3	87
649	chr13	16005724	16005705	+	15.016	13.71	>	6	3	87
650	chr14	65597230	65597211	+	15.016	14.01	>	6	3	87
651	chr5	99900280	99900261	-	14.95	10.75	>	6	3	87
652	chr8	11421350	11421331	-	14.945	26.12	>	6	3	87
653	chr19	4755748	4755729	+	14.93	24.55	>	6	3	87
654	chr10	110733540	110733521	-	14.914	16.5	>	6	3	87
655	chr5	67752088	67752069	+	14.89	18.31	>	6	3	87
656	chr9	77381774	77381755	-	14.85	26.45	>	6	3	87
657	chr18	81951830	81951811	-	14.76	34.06	>	6	3	87
658	chr1	86059644	86059625	+	14.734	30.22	>	6	3	87
659	chr1	52630636	52630617	-	14.734	9.89	>	6	3	87
660	chr2	174308107	174308088	+	14.69	14.67	>	6	3	87
661	chr11	99364649	99364630	-	14.6	16.03	>	6	3	87
662	chr13	109558424	109558405	+	14.49	16.98	>	6	3	87
663	chr12	58201405	58201386	-	14.48	6.883	>	6	3	87
664	chr7	137471937	137471918	+	14.445	28.83	>	6	3	87
665	chr17	26916803	26916784	+	14.414	25.05	>	6	3	87
666	chr5	87871626	87871607	-	14.414	20.39	>	6	3	87
667	chr2	125252443	125252424	+	14.414	25.9	>	6	3	87
668	chr1	9549185	9549166	+	14.414	19.5	>	6	3	87
669	chr11	11788608	11788589	-	14.38	31.97	>	6	3	87
670	chr7	43928727	43928708	+	14.36	11.45	>	6	3	87
671	chr10	60760656	60760637	-	14.31	36.9	>	6	3	87
672	chr6	17362958	17362939	+	14.31	3.076	>	6	3	87
673	chr1	136521528	136521509	-	14.305	21.69	>	6	3	87
674	chr2	153147934	153147915	+	14.28	18.94	>	6	3	87
675	chr8	61522313	61522294	+	14.266	28.28	>	6	3	87
676	chr18	56759303	56759284	+	14.266	12.61	>	6	3	87
677	chr14	115451146	115451127	-	14.234	4.215	>	6	3	87
678	chr1	176218428	176218409	+	14.195	14.99	>	6	3	87
679	chr15	97665520	97665501	-	14.18	30.02	>	6	3	87
680	chr13	20299620	20299601	+	14.18	33.25	>	6	3	87
681	chr9	59969601	59969582	-	14.14	17.69	>	6	3	87
682	chr16	57611975	57611956	+	14.055	18.66	>	6	3	87
683	chr12	15816144	15816125	+	13.984	8.52	>	6	3	87
684	chr15	82271381	82271362	-	13.95	28.55	>	6	3	87
685	chr7	74363644	74363625	-	13.95	40.8	>	6	3	87
686	chr3	73066293	73066274	+	13.95	16.86	>	6	3	87
687	chr1	118772515	118772496	-	13.945	30.34	>	6	3	87
688	chr4	110020493	110020474	-	13.94	26.28	>	6	3	87
689	chr3	34639420	34639401	-	13.94	14.87	>	6	3	87
690	chr2	131530224	131530205	-	13.92	25.86	>	6	3	87
691	chr4	20024128	20024109	+	13.91	12.516	>	6	3	87
692	chr8	74980870	74980851	-	13.81	30.2	>	6	3	87
693	chr18	75757719	75757700	+	13.734	18.78	>	6	3	87
694	chr7	89908147	89908128	-	13.72	13.79	>	6	3	87
695	chr4	150257406	150257387	+	13.72	23.58	>	6	3	87
696	chr2	55022781	55022762	-	13.664	7.77	>	6	3	87
697	chr18	64506771	64506752	-	13.63	18.4	>	6	3	87
698	chr14	123353156	123353137	-	13.61	11.6	>	6	3	87
699	chr4	139872794	139872775	+	13.59	35.75	>	6	3	87
700	chr13	51839869	51839850	+	13.586	21.19	>	6	3	87
701	chr5	146162789	146162770	+	13.516	23.42	>	6	3	87
702	chr9	83785201	83785182	+	13.49	14.66	>	6	3	87
703	chr3	59079480	59079461	+	13.44	28.77	>	6	3	87
704	chr10	11345312	11345293	-	13.375	5.086	>	6	3	87
705	chr11	46252188	46252169	-	13.34	28.12	>	6	3	87
706	chr4	85404971	85404952	+	13.32	14.11	>	6	3	87
707	chr4	130738774	130738755	+	13.31	16.47	>	6	3	87
708	chr5	86432914	86432895	+	13.305	16.02	>	6	3	87
709	chr3	22306829	22306810	+	13.266	18.6	>	6	3	87
710	chr2	91930225	91930206	-	13.25	19.55	>	6	3	87
711	chr6	108417714	108417695	+	13.234	10.66	>	6	3	87
712	chr12	17011790	17011771	-	13.16	20.73	>	6	3	87
713	chr5	87551137	87551118	-	13.15	21.52	>	6	3	87
714	chr4	106227683	106227664	-	13.14	14.38	>	6	3	87
715	chr4	139877472	139877453	+	13.1	27.4	>	6	3	87
716	chr1	88742593	88742574	-	13.086	17.75	>	6	3	87
717	chr3	52254088	52254069	+	13.02	34.16	>	6	3	87
718	chr9	73159469	73159450	+	12.99	27.5	>	6	3	87
719	chr7	29297253	29297234	-	12.984	28.8	>	6	3	87
720	chr13	116312336	116312317	-	12.93	10.21	>	6	3	87
721	chr2	157117146	157117127	-	12.91	21.92	>	6	3	87
722	chr9	60243712	60243693	+	12.89	13.59	>	6	3	87
723	chr1	179845066	179845047	-	12.88	17.89	>	6	3	87
724	chr11	103332754	103332735	+	12.875	24.97	>	6	3	87
725	chr1	53032774	53032755	-	12.87	13.05	>	6	3	87
726	chr8	45345197	45345178	+	12.81	16.72	>	6	3	87
727	chr12	113216133	113216114	+	12.74	53.7	>	6	3	87
728	chr15	36152194	36152175	-	12.72	16.9	>	6	3	87
729	chr1	72876274	72876255	+	12.69	17.11	>	6	3	87
730	chr9	14774009	14773990	+	12.664	9.0	>	6	3	87
731	chr12	74317197	74317178	-	12.664	11.76	>	6	3	87
732	chr7	107819649	107819630	-	12.64	16.3	>	6	3	87
733	chr13	55327907	55327888	+	12.64	17.61	>	6	3	87
734	chr3	54796015	54795996	+	12.63	22.77	>	6	3	87
735	chr6	60963937	60963918	+	12.61	7.094	>	6	3	87
736	chr8	21981891	21981872	-	12.61	17.33	>	6	3	87
737	chr10	38269349	38269330	-	12.52	19.28	>	6	3	87
738	chr6	51170619	51170600	-	12.5	20.02	>	6	3	87
739	chr2	148110356	148110337	-	12.43	16.03	>	6	3	87
740	chr1	88301823	88301804	-	12.42	19.61	>	6	3	87
741	chr6	115037959	115037940	-	12.33	15.375	>	6	3	87
742	chr16	11980974	11980955	+	12.33	3.668	>	6	3	87
743	chr15	44832771	44832752	-	12.31	24.2	>	6	3	87
744	chr19	26193888	26193869	-	12.29	7.65	>	6	3	87
745	chr17	8988263	8988244	-	12.29	10.71	>	6	3	87
746	chr14	66358860	66358841	+	12.28	18.22	>	6	3	87
747	chr12	40832432	40832413	-	12.26	13.56	>	6	3	87
748	chr2	53206958	53206939	-	12.18	12.55	>	6	3	87
749	chr16	42914617	42914598	+	12.16	7.133	>	6	3	87
750	chr11	111523686	111523667	-	12.14	23.53	>	6	3	87
751	chr6	121556678	121556659	+	12.11	18.8	>	6	3	87
752	chr7	43926199	43926180	-	12.1	21.69	>	6	3	87
753	chr3	3311028	3311009	+	12.09	10.74	>	6	3	87
754	chr12	17018680	17018661	+	12.04	21.19	>	6	3	87
755	chr18	33794794	33794775	+	11.97	24.89	>	6	3	87
756	chr15	73791915	73791896	+	11.96	24.61	>	6	3	87
757	chr12	82489256	82489237	+	11.945	11.805	>	6	3	87
758	chr19	37559803	37559784	+	11.91	21.4	>	6	3	87
759	chr12	36195155	36195136	-	11.91	7.07	>	6	3	87
760	chr3	30515246	30515227	-	11.875	11.664	>	6	3	87
761	chr19	27426681	27426662	-	11.81	11.945	>	6	3	87
762	chr2	75590427	75590408	-	11.75	21.66	>	6	3	87
763	chr2	17849498	17849479	+	11.75	6.633	>	6	3	87
764	chr9	83371155	83371136	-	11.75	6.18	>	6	3	87
765	chr9	30936846	30936827	-	11.734	17.67	>	6	3	87
766	chr15	94690037	94690018	+	11.73	23.03	>	6	3	87
767	chr2	147379133	147379114	+	11.69	9.875	>	6	3	87
768	chr4	121232314	121232295	-	11.664	7.945	>	6	3	87
769	chr18	56333219	56333200	-	11.64	4.934	>	6	3	87
770	chr16	25952209	25952190	-	11.64	6.688	>	6	3	87
771	chr13	94976326	94976307	+	11.63	16.62	>	6	3	87
772	chr2	30942898	30942879	-	11.57	22.28	>	6	3	87
773	chr6	104479441	104479422	+	11.55	10.57	>	6	3	87
774	chr5	113080039	113080020	-	11.52	26.94	>	6	3	87
775	chr16	30550607	30550588	-	11.52	17.62	>	6	3	87
776	chr1	160194976	160194957	+	11.51	18.28	>	6	3	87
777	chr11	56116782	56116763	-	11.48	30.47	>	6	3	87
778	chr6	112484521	112484502	-	11.48	12.14	>	6	3	87
779	chr14	21853546	21853527	-	11.445	30.66	>	6	3	87
780	chr9	58534993	58534974	+	11.414	20.97	>	6	3	87
781	chr17	73302318	73302299	+	11.414	39.62	>	6	3	87
782	chr1	85842459	85842440	-	11.41	14.02	>	6	3	87
783	chr17	16926410	16926391	-	11.35	2.584	>	6	3	87
784	chr12	29894861	29894842	+	11.31	16.72	>	6	3	87
785	chr2	127832989	127832970	+	11.22	7.293	>	6	3	87
786	chr16	20724653	20724634	+	11.18	15.11	>	6	3	87
787	chr1	180811112	180811093	-	11.164	28.33	>	6	3	87
788	chr13	109210611	109210592	-	11.16	17.5	>	6	3	87
789	chr18	5990207	5990188	-	11.14	3.14	>	6	3	87
790	chr18	12102268	12102249	-	11.125	23.38	>	6	3	87
791	chr19	59380193	59380174	+	11.08	23.9	>	6	3	87
792	chr2	101665476	101665457	+	11.055	26.06	>	6	3	87
793	chr12	108541242	108541223	-	11.02	27.9	>	6	3	87
794	chr2	32583648	32583629	+	11.016	30.19	>	6	3	87
795	chr1	181881807	181881788	-	10.98	11.91	>	6	3	87
796	chr5	117506576	117506557	+	10.94	40.06	>	6	3	87
797	chr1	38789153	38789134	+	10.89	22.95	>	6	3	87
798	chr10	102445139	102445120	-	10.875	19.4	>	6	3	87
799	chr12	81788941	81788922	+	10.87	12.51	>	6	3	87
800	chr9	78233462	78233443	-	10.86	15.93	>	6	3	87
801	chr10	96618527	96618508	+	10.86	3.014	>	6	3	87
802	chr8	84639419	84639400	-	10.85	34.7	>	6	3	87
803	chr17	8468905	8468886	+	10.85	20.27	>	6	3	87
804	chr2	67535551	67535532	+	10.83	7.83	>	6	3	87
805	chr18	52947340	52947321	+	10.82	10.15	>	6	3	87
806	chr13	72625410	72625391	-	10.78	6.715	>	6	3	87
807	chr11	31942449	31942430	+	10.69	22.72	>	6	3	87
808	chr1	6190743	6190724	-	10.63	7.344	>	6	3	87
809	chr7	74367549	74367530	+	10.6	15.16	>	6	3	87
810	chr4	22482970	22482951	+	10.58	4.45	>	6	3	87
811	chr13	20298018	20297999	+	10.56	24.86	>	6	3	87
812	chr16	75325511	75325492	-	10.484	5.44	>	6	3	87
813	chr6	54586377	54586358	+	10.44	8.14	>	6	3	87
814	chr14	59604211	59604192	-	10.375	15.664	>	6	3	87
815	chr2	107946040	107946021	-	10.31	11.08	>	6	3	87
816	chr1	62701219	62701200	-	10.3	12.74	>	6	3	87
817	chr7	75914120	75914101	+	10.266	24.1	>	6	3	87
818	chr5	98167679	98167660	+	10.26	12.875	>	6	3	87
819	chr9	99671799	99671780	+	10.23	22.52	>	6	3	87
820	chr1	179847901	179847882	+	10.16	11.88	>	6	3	87
821	chr15	80080817	80080798	-	10.15	32.28	>	6	3	87
822	chr6	137747756	137747737	-	10.09	27.12	>	6	3	87
823	chr6	77249625	77249606	-	10.09	6.945	>	6	3	87
824	chr5	149049190	149049171	-	10.08	15.81	>	6	3	87
825	chr18	32814407	32814388	-	10.07	2.566	>	6	3	87
826	chr11	46258405	46258386	-	10.06	20.3	>	6	3	87
827	chr11	81974830	81974811	-	10.01	5.44	>	6	3	87
828	chr19	48414047	48414028	+	9.99	12.77	>	6	3	87
829	chr11	34836484	34836465	+	9.86	20.75	>	6	3	87
830	chr17	24437345	24437326	-	9.81	19.33	>	6	3	87
831	chr6	59208753	59208734	-	9.734	12.92	>	6	3	87
832	chr13	37325694	37325675	-	9.734	20.84	>	6	3	87
833	chr11	43412967	43412948	-	9.72	22.2	>	6	3	87
834	chr13	49651342	49651323	-	9.71	2.496	>	6	3	87
835	chr7	143151380	143151361	+	9.69	18.05	>	6	3	87
836	chr16	4285478	4285459	-	9.67	7.94	>	6	3	87
837	chr11	29715017	29714998	-	9.664	9.12	>	6	3	87
838	chr3	134654263	134654244	+	9.62	3.898	>	6	3	87
839	chr8	28978824	28978805	-	9.57	7.504	>	6	3	87
840	chr13	54062269	54062250	-	9.55	10.02	>	6	3	87
841	chr9	32585514	32585495	+	9.516	12.72	>	6	3	87
842	chr7	73648212	73648193	-	9.484	13.375	>	6	3	87
843	chr19	27425889	27425870	-	9.44	11.26	>	6	3	87
844	chr13	100854377	100854358	-	9.42	17.78	>	6	3	87
845	chr5	140749784	140749765	-	9.414	22.17	>	6	3	87
846	chr4	127027444	127027425	+	9.4	22.48	>	6	3	87
847	chr11	109221866	109221847	-	9.3	9.67	>	6	3	87
848	chr16	16596794	16596775	+	9.28	5.977	>	6	3	87
849	chr2	128605294	128605275	-	9.25	9.07	>	6	3	87
850	chr2	61492265	61492246	+	9.25	6.99	>	6	3	87
851	chr10	74217479	74217460	+	9.22	7.7	>	6	3	87
852	chr9	68016722	68016703	+	9.2	8.305	>	6	3	87
853	chr6	144248136	144248117	+	9.19	7.742	>	6	3	87
854	chr13	51191948	51191929	+	9.17	5.492	>	6	3	87
855	chr2	103424848	103424829	-	9.164	12.29	>	6	3	87
856	chr7	64751734	64751715	-	9.13	16.66	>	6	3	87
857	chr7	27160004	27159985	+	9.125	14.17	>	6	3	87
858	chr13	95986545	95986526	+	9.08	13.76	>	6	3	87
859	chr5	135118653	135118634	+	9.08	29.22	>	6	3	87
860	chr10	49786914	49786895	-	9.07	0.785	>	6	3	87
861	chr1	51639072	51639053	+	9.02	3.22	>	6	3	87
862	chr14	105307894	105307875	+	8.95	2.453	>	6	3	87
863	chr19	40231990	40231971	-	8.95	19.89	>	6	3	87
864	chr10	69656526	69656507	+	8.95	12.99	>	6	3	87
865	chr7	142714879	142714860	-	8.945	27.2	>	6	3	87
866	chr6	129256260	129256241	-	8.93	14.53	>	6	3	87
867	chr5	138199783	138199764	+	8.9	8.414	>	6	3	87
868	chr8	36193738	36193719	+	8.89	10.43	>	6	3	87
869	chr11	49597354	49597335	+	8.87	6.92	>	6	3	87
870	chr1	139405977	139405958	-	8.86	4.043	>	6	3	87
871	chr3	124289118	124289099	-	8.84	12.69	>	6	3	87
872	chr9	13196005	13195986	-	8.83	30.6	>	6	3	87
873	chr14	115819240	115819221	+	8.83	10.71	>	6	3	87
874	chr5	146914595	146914576	+	8.82	39.7	>	6	3	87
875	chr4	119223866	119223847	-	8.766	16.34	>	6	3	87
876	chr15	85879204	85879185	-	8.76	17.27	>	6	3	87
877	chr4	124682485	124682466	+	8.7	17.45	>	6	3	87
878	chr17	34956526	34956507	+	8.695	22.17	>	6	3	87
879	chr12	39494054	39494035	-	8.65	2.455	>	6	3	87
880	chr9	34485824	34485805	-	8.625	10.6	>	6	3	87
881	chr2	180786948	180786929	+	8.57	17.27	>	6	3	87
882	chr4	62230989	62230970	+	8.57	12.25	>	6	3	87
883	chr2	16357480	16357461	+	8.55	2.205	>	6	3	87
884	chr17	9759516	9759497	+	8.54	11.53	>	6	3	87
885	chr10	13018670	13018651	+	8.54	19.64	>	6	3	87
886	chr4	32570820	32570801	-	8.52	6.645	>	6	3	87
887	chr9	86451919	86451900	-	8.49	16.77	>	6	3	87
888	chr7	139590495	139590476	+	8.49	20.39	>	6	3	87
889	chr16	31944169	31944150	+	8.445	14.11	>	6	3	87
890	chr3	104701211	104701192	-	8.44	24.84	>	6	3	87
891	chr2	160955546	160955527	-	8.414	14.05	>	6	3	87
892	chr18	32811889	32811870	+	8.4	4.918	>	6	3	87
893	chr14	115042240	115042221	-	8.4	14.734	>	6	3	87
894	chr2	28464119	28464100	-	8.33	19.16	>	6	3	87
895	chr2	76369931	76369912	+	8.28	9.1	>	6	3	87
896	chr3	107605512	107605493	+	8.28	12.57	>	6	3	87
897	chr14	121220891	121220872	-	8.23	10.8	>	6	3	87
898	chr1	103796539	103796520	+	8.22	10.74	>	6	3	87
899	chr16	23151589	23151570	+	8.21	3.11	>	6	3	87
900	chr5	33371346	33371327	-	8.19	15.74	>	6	3	87
901	chr13	103121088	103121069	-	8.18	6.016	>	6	3	87
902	chr10	60760529	60760510	+	8.14	24.72	>	6	3	87
903	chr1	169921787	169921768	+	8.12	12.62	>	6	3	87
904	chr13	42826816	42826797	-	8.11	17.0	>	6	3	87
905	chr6	72601930	72601911	+	8.11	24.06	>	6	3	87
906	chr7	81345319	81345300	-	7.99	7.87	>	6	3	87
907	chr11	33934471	33934452	+	7.98	18.27	>	6	3	87
908	chr18	77044808	77044789	-	7.97	11.42	>	6	3	87
909	chr7	67217278	67217259	+	7.926	7.28	>	6	3	87
910	chr2	164074027	164074008	+	7.906	10.22	>	6	3	87
911	chr3	45373410	45373391	+	7.855	1.438	>	6	3	87
912	chr1	152768355	152768336	-	7.84	9.35	>	6	3	87
913	chr11	102267665	102267646	-	7.81	17.44	>	6	3	87
914	chr11	43411664	43411645	-	7.81	21.72	>	6	3	87
915	chr2	129880054	129880035	+	7.805	6.484	>	6	3	87
916	chr11	81972241	81972222	+	7.797	9.07	>	6	3	87
917	chr9	65581143	65581124	-	7.793	11.17	>	6	3	87
918	chr4	106228720	106228701	+	7.727	13.9	>	6	3	87
919	chr6	119467876	119467857	+	7.703	18.1	>	6	3	87
920	chr10	122794511	122794492	+	7.695	15.734	>	6	3	87
921	chr14	34813484	34813465	-	7.69	11.805	>	6	3	87
922	chr15	19280629	19280610	+	7.68	3.066	>	6	3	87
923	chr13	38235597	38235578	-	7.676	11.836	>	6	3	87
924	chr13	21710105	21710086	+	7.67	14.95	>	6	3	87
925	chr11	104231353	104231334	-	7.67	18.38	>	6	3	87
926	chr6	86401304	86401285	-	7.64	23.28	>	6	3	87
927	chr4	24245320	24245301	-	7.633	3.027	>	6	3	87
928	chr9	29655082	29655063	+	7.613	20.11	>	6	3	87
929	chr9	58535957	58535938	-	7.605	16.9	>	6	3	87
930	chr5	112427478	112427459	-	7.598	9.93	>	6	3	87
931	chr4	140539353	140539334	-	7.58	22.9	>	6	3	87
932	chr14	105302910	105302891	+	7.57	4.605	>	6	3	87
933	chr7	19713404	19713385	-	7.543	26.19	>	6	3	87
934	chr1	127487367	127487348	-	7.52	14.33	>	6	3	87
935	chr19	56806125	56806106	-	7.504	5.934	>	6	3	87
936	chr19	47175662	47175643	-	7.46	21.67	>	6	3	87
937	chr2	150795624	150795605	-	7.44	6.633	>	6	3	87
938	chr2	137114826	137114807	+	7.438	4.08	>	6	3	87
939	chr10	119244230	119244211	+	7.434	4.305	>	6	3	87
940	chr5	117094622	117094603	+	7.42	22.22	>	6	3	87
941	chr11	67100384	67100365	-	7.42	22.83	>	6	3	87
942	chr5	30686988	30686969	+	7.41	18.64	>	6	3	87
943	chr8	105291139	105291120	-	7.41	11.78	>	6	3	87
944	chr7	143470174	143470155	-	7.39	17.94	>	6	3	87
945	chr15	8099290	8099271	-	7.35	8.336	>	6	3	87
946	chr7	119015949	119015930	+	7.34	17.75	>	6	3	87
947	chr17	56306039	56306020	-	7.305	16.48	>	6	3	87
948	chr1	134636895	134636876	+	7.3	5.97	>	6	3	87
949	chr17	65541217	65541198	+	7.258	9.125	>	6	3	87
950	chr14	49218880	49218861	+	7.25	8.47	>	6	3	87
951	chr1	25527154	25527135	+	7.2	7.453	>	6	3	87
952	chr1	146515575	146515556	+	7.18	3.11	>	6	3	87
953	chr9	44109578	44109559	+	7.176	33.9	>	6	3	87
954	chr11	108889358	108889339	+	7.15	8.016	>	6	3	87
955	chr7	138398615	138398596	+	7.117	4.707	>	6	3	87
956	chr5	32204842	32204823	+	7.11	6.15	>	6	3	87
957	chr8	14859581	14859562	+	7.1	5.27	>	6	3	87
958	chr11	95676507	95676488	-	7.09	14.555	>	6	3	87
959	chr6	85141186	85141167	+	7.08	33.56	>	6	3	87
960	chr14	20340404	20340385	-	7.04	15.81	>	6	3	87
961	chr1	193130339	193130320	-	7.023	5.71	>	6	3	87
962	chr9	98032882	98032863	+	6.992	4.73	>	6	3	87
963	chr7	143793289	143793270	+	6.98	21.42	>	6	3	87
964	chr12	32292312	32292293	-	6.895	8.26	>	6	3	87
965	chr17	45724453	45724434	-	6.89	12.125	>	6	3	87
966	chr14	102512314	102512295	+	6.89	1.602	>	6	3	87
967	chr8	11943038	11943019	+	6.88	5.47	>	6	3	87
968	chr7	83553561	83553542	+	6.867	8.27	>	6	3	87
969	chr9	64960779	64960760	-	6.85	16.31	>	6	3	87
970	chr9	30426996	30426977	+	6.832	15.31	>	6	3	87
971	chr11	119249183	119249164	+	6.785	23.48	>	6	3	87
972	chr8	90795542	90795523	+	6.77	10.67	>	6	3	87
973	chr2	113498926	113498907	-	6.766	9.86	>	6	3	87
974	chr13	62926662	62926643	+	6.75	4.73	>	6	3	87
975	chr1	127485025	127485006	+	6.715	16.44	>	6	3	87
976	chr17	78592615	78592596	+	6.715	8.945	>	6	3	87
977	chr2	118246134	118246115	-	6.668	13.72	>	6	3	87
978	chr2	92474875	92474856	-	6.652	13.95	>	6	3	87
979	chr7	17061423	17061404	+	6.645	15.1	>	6	3	87
980	chr10	122090678	122090659	+	6.63	8.38	>	6	3	87
981	chr13	64448147	64448128	+	6.594	17.92	>	6	3	87
982	chr2	34642611	34642592	-	6.562	14.51	>	6	3	87
983	chr5	117509743	117509724	+	6.54	26.92	>	6	3	87
984	chr7	131371109	131371090	+	6.516	4.71	>	6	3	87
985	chr6	94054143	94054124	-	6.5	13.34	>	6	3	87
986	chr14	20697228	20697209	+	6.465	17.88	>	6	3	87
987	chr10	122798121	122798102	+	6.46	15.23	>	6	3	87
988	chr13	14196604	14196585	+	6.45	1.613	>	6	3	87
989	chr3	118991976	118991957	+	6.438	8.26	>	6	3	87
990	chr9	107231295	107231276	-	6.434	7.414	>	6	3	87
991	chr15	24557016	24556997	-	6.418	3.371	>	6	3	87
992	chr2	178407758	178407739	+	6.414	11.43	>	6	3	87
993	chr9	90683476	90683457	-	6.38	1.322	>	6	3	87
994	chr6	22968335	22968316	-	6.34	6.418	>	6	3	87
995	chr12	67217811	67217792	+	6.336	1.95	>	6	3	87
996	chr10	82910438	82910419	+	6.277	10.99	>	6	3	87
997	chr7	49125716	49125697	+	6.258	16.88	>	6	3	87
998	chr11	119491305	119491286	-	6.215	10.81	>	6	3	87
999	chr11	32341308	32341289	-	6.21	14.555	>	6	3	87
1000	chr19	8713406	8713387	+	6.19	10.44	>	6	3	87
1001	chr4	48048044	48048025	+	6.152	6.21	>	6	3	87
1002	chr11	52764825	52764806	+	6.15	7.75	>	6	3	87
1003	chr13	20564636	20564617	-	6.145	4.82	>	6	3	87
1004	chr10	39105011	39104992	-	6.14	7.152	>	6	3	87
1005	chr11	98909856	98909837	-	6.117	18.95	>	6	3	87
1006	chr1	151025102	151025083	+	6.117	4.496	>	6	3	87
1007	chr5	98167777	98167758	-	6.113	9.555	>	6	3	87
1008	chr8	88118562	88118543	+	6.062	3.66	>	6	3	87
1009	chr16	92511934	92511915	+	6.035	16.34	>	6	3	87
1010	chr15	25792295	25792276	-	6.008	6.87	>	6	3	87
1011	chr13	92751194	92751175	+	5.938	12.68	>	6	3	87
1012	chr5	101688793	101688774	-	5.934	12.51	>	6	3	87
1013	chr7	112023252	112023233	+	5.93	8.26	>	6	3	87
1014	chr14	21854038	21854019	-	5.914	27.36	>	6	3	87
1015	chr8	32003733	32003714	-	5.9	2.012	>	6	3	87
1016	chr13	53095394	53095375	-	5.867	6.086	>	6	3	87
1017	chr1	182554179	182554160	+	5.836	10.15	>	6	3	87
1018	chr6	18381568	18381549	+	5.832	1.955	>	6	3	87
1019	chr9	77389590	77389571	+	5.832	5.68	>	6	3	87
1020	chr16	5254481	5254462	-	5.812	12.77	>	6	3	87
1021	chr2	93199625	93199606	+	5.797	14.08	>	6	3	87
1022	chr9	81631651	81631632	-	5.793	3.863	>	6	3	87
1023	chr2	152887412	152887393	-	5.78	4.652	>	6	3	87
1024	chr4	153481137	153481118	-	5.766	3.3	>	6	3	87
1025	chr8	72239706	72239687	-	5.754	5.32	>	6	3	87
1026	chr18	65750236	65750217	-	5.703	2.543	>	6	3	87
1027	chr6	61311882	61311863	-	5.68	7.43	>	6	3	87
1028	chr18	46143625	46143606	+	5.676	6.477	>	6	3	87
1029	chr6	120836118	120836099	+	5.64	7.797	>	6	3	87
1030	chr6	100563990	100563971	-	5.625	4.164	>	6	3	87
1031	chr3	13475098	13475079	-	5.61	1.948	>	6	3	87
1032	chr2	132262968	132262949	+	5.6	7.164	>	6	3	87
1033	chr11	103334169	103334150	+	5.594	12.02	>	6	3	87
1034	chr6	54255029	54255010	+	5.586	4.35	>	6	3	87
1035	chr13	101711018	101710999	+	5.543	9.15	>	6	3	87
1036	chr5	39644761	39644742	-	5.54	3.531	>	6	3	87
1037	chr8	90795201	90795182	-	5.516	4.996	>	6	3	87
1038	chr18	23162646	23162627	+	5.51	1.562	>	6	3	87
1039	chr16	78165563	78165544	+	5.477	7.39	>	6	3	87
1040	chr2	96584106	96584087	-	5.44	3.29	>	6	3	87
1041	chr12	72070473	72070454	+	5.426	11.336	>	6	3	87
1042	chr12	24708691	24708672	+	5.414	9.914	>	6	3	87
1043	chr8	92367135	92367116	-	5.406	6.984	>	6	3	87
1044	chr17	83866777	83866758	+	5.4	23.0	>	6	3	87
1045	chr13	55322636	55322617	-	5.4	7.0	>	6	3	87
1046	chr6	88893771	88893752	-	5.395	16.78	>	6	3	87
1047	chr19	8718731	8718712	-	5.383	8.6	>	6	3	87
1048	chr12	59220179	59220160	-	5.38	2.5	>	6	3	87
1049	chr14	60784526	60784507	+	5.367	16.06	>	6	3	87
1050	chr3	153658591	153658572	+	5.33	6.258	>	6	3	87
1051	chr9	77386949	77386930	-	5.312	12.24	>	6	3	87
1052	chr10	83219903	83219884	+	5.312	6.188	>	6	3	87
1053	chr6	15176967	15176948	-	5.31	2.947	>	6	3	87
1054	chr2	152604207	152604188	-	5.27	19.44	>	6	3	87
1055	chr2	39003369	39003350	-	5.26	1.671	>	6	3	87
1056	chr16	31425707	31425688	-	5.254	13.484	>	6	3	87
1057	chr5	137503018	137502999	-	5.227	3.691	>	6	3	87
1058	chr18	13973086	13973067	-	5.207	0.71	>	6	3	87
1059	chr17	68849016	68848997	-	5.2	1.891	>	6	3	87
1060	chr2	128408931	128408912	-	5.19	8.72	>	6	3	87
1061	chr14	97559790	97559771	-	5.16	2.041	>	6	3	87
1062	chr8	67903864	67903845	-	5.13	6.113	>	6	3	87
1063	chr14	56888181	56888162	-	5.125	3.316	>	6	3	87
1064	chr4	132198465	132198446	+	5.125	11.19	>	6	3	87
1065	chr2	39005861	39005842	-	5.12	3.883	>	6	3	87
1066	chr7	137471679	137471660	-	5.1	19.97	>	6	3	87
1067	chr6	64949075	64949056	+	5.09	5.168	>	6	3	87
1068	chr18	16821148	16821129	+	5.043	1.935	>	6	3	87
1069	chr2	93813566	93813547	+	5.04	13.086	>	6	3	87
1070	chr6	126481478	126481459	-	5.023	10.89	>	6	3	87
1071	chr1	181881093	181881074	-	4.984	10.19	>	6	3	87
1072	chr6	108065822	108065803	-	4.977	6.67	>	6	3	87
1073	chr4	88550373	88550354	+	4.938	4.04	>	6	3	87
1074	chr5	137502167	137502148	+	4.867	8.81	>	6	3	87
1075	chr8	77618148	77618129	-	4.86	4.188	>	6	3	87
1076	chr7	120098024	120098005	+	4.855	7.22	>	6	3	87
1077	chr2	75152706	75152687	-	4.824	10.55	>	6	3	87
1078	chr11	87950193	87950174	+	4.78	11.09	>	6	3	87
1079	chr11	94598936	94598917	-	4.746	10.49	>	6	3	87
1080	chr1	10229119	10229100	+	4.746	0.972	>	6	3	87
1081	chr7	143476888	143476869	+	4.746	8.89	>	6	3	87
1082	chr9	102607693	102607674	-	4.715	3.604	>	6	3	87
1083	chr8	32009749	32009730	+	4.71	6.785	>	6	3	87
1084	chr3	99262117	99262098	-	4.707	1.889	>	6	3	87
1085	chr18	75607987	75607968	+	4.664	23.11	>	6	3	87
1086	chr7	75380211	75380192	-	4.64	2.41	>	6	3	87
1087	chr3	135863108	135863089	+	4.64	3.164	>	6	3	87
1088	chr4	87369015	87368996	-	4.625	9.125	>	6	3	87
1089	chr8	84639535	84639516	+	4.605	13.88	>	6	3	87
1090	chr15	74524301	74524282	+	4.586	13.7	>	6	3	87
1091	chr17	57007316	57007297	-	4.582	9.42	>	6	3	87
1092	chr11	30893985	30893966	+	4.547	0.9004	>	6	3	87
1093	chr19	57360190	57360171	-	4.543	2.654	>	6	3	87
1094	chr8	110102657	110102638	-	4.53	9.24	>	6	3	87
1095	chr7	135389259	135389240	-	4.53	9.336	>	6	3	87
1096	chr4	152527530	152527511	+	4.516	13.99	>	6	3	87
1097	chr13	103710441	103710422	+	4.5	4.57	>	6	3	87
1098	chr10	120896053	120896034	+	4.5	2.322	>	6	3	87
1099	chr18	5155632	5155613	-	4.484	6.39	>	6	3	87
1100	chr12	80141693	80141674	-	4.45	17.05	>	6	3	87
1101	chr5	118763566	118763547	-	4.418	12.81	>	6	3	87
1102	chr12	14150175	14150156	+	4.406	3.688	>	6	3	87
1103	chr10	128990300	128990281	-	4.4	8.03	>	6	3	87
1104	chr10	30834038	30834019	-	4.37	4.473	>	6	3	87
1105	chr6	50618483	50618464	+	4.367	12.766	>	6	3	87
1106	chr15	9748972	9748953	-	4.36	3.496	>	6	3	87
1107	chr16	92308164	92308145	-	4.355	11.22	>	6	3	87
1108	chr2	9881964	9881945	-	4.355	2.918	>	6	3	87
1109	chr8	123106089	123106070	+	4.336	8.18	>	6	3	87
1110	chr5	98346264	98346245	+	4.324	2.342	>	6	3	87
1111	chr10	40249841	40249822	-	4.316	12.23	>	6	3	87
1112	chr3	141457685	141457666	+	4.312	4.707	>	6	3	87
1113	chr9	40192620	40192601	-	4.3	2.145	>	6	3	87
1114	chr9	72448248	72448229	+	4.29	7.78	>	6	3	87
1115	chr13	24316809	24316790	-	4.273	3.682	>	6	3	87
1116	chr1	50927249	50927230	+	4.258	4.5	>	6	3	87
1117	chr11	102690417	102690398	-	4.223	12.195	>	6	3	87
1118	chr4	116627141	116627122	+	4.207	6.52	>	6	3	87
1119	chr15	76198817	76198798	+	4.164	10.72	>	6	3	87
1120	chr15	12113620	12113601	-	4.156	3.312	>	6	3	87
1121	chr1	115675059	115675040	+	4.152	5.223	>	6	3	87
1122	chr2	34644807	34644788	-	4.15	8.266	>	6	3	87
1123	chr2	166084974	166084955	-	4.133	18.12	>	6	3	87
1124	chr11	21571906	21571887	-	4.13	2.105	>	6	3	87
1125	chr15	9449709	9449690	-	4.062	0.543	>	6	3	87
1126	chr5	92664520	92664501	-	4.055	3.326	>	6	3	87
1127	chr12	77001216	77001197	+	4.043	1.105	>	6	3	87
1128	chr6	93757507	93757488	-	4.01	5.273	>	6	3	87
1129	chr19	56302794	56302775	+	4.01	3.797	>	6	3	87
1130	chr13	71954038	71954019	-	4.008	1.19	>	6	3	87
1131	chr4	17852015	17851996	-	4.0	0.8535	>	6	3	87
1132	chr18	39136126	39136107	+	3.992	1.932	>	6	3	87
1133	chr1	153489234	153489215	-	3.99	7.715	>	6	3	87
1134	chr9	66136172	66136153	-	3.988	5.383	>	6	3	87
1135	chr11	109621431	109621412	-	3.979	11.484	>	6	3	87
1136	chr13	91723318	91723299	+	3.959	5.49	>	6	3	87
1137	chr13	3642291	3642272	-	3.959	4.75	>	6	3	87
1138	chr13	47304770	47304751	+	3.957	6.746	>	6	3	87
1139	chr2	121144456	121144437	+	3.953	4.504	>	6	3	87
1140	chr13	93772223	93772204	-	3.928	3.56	>	6	3	87
1141	chr10	70967079	70967060	+	3.916	4.88	>	6	3	87
1142	chr13	59417085	59417066	-	3.91	5.0	>	6	3	87
1143	chr7	102484972	102484953	-	3.883	7.0	>	6	3	87
1144	chr5	38235667	38235648	-	3.879	10.78	>	6	3	87
1145	chr14	56885401	56885382	+	3.87	2.412	>	6	3	87
1146	chr11	75170669	75170650	-	3.861	7.984	>	6	3	87
1147	chr11	77980417	77980398	+	3.846	9.5	>	6	3	87
1148	chr9	94738712	94738693	+	3.828	14.92	>	6	3	87
1149	chr6	140466500	140466481	-	3.816	3.785	>	6	3	87
1150	chr19	57361025	57361006	-	3.814	6.484	>	6	3	87
1151	chr12	58972459	58972440	+	3.777	2.135	>	6	3	87
1152	chr2	61490636	61490617	+	3.775	5.23	>	6	3	87
1153	chr4	44310651	44310632	+	3.762	4.973	>	6	3	87
1154	chr11	52766147	52766128	+	3.734	1.83	>	6	3	87
1155	chr13	72627587	72627568	-	3.717	4.066	>	6	3	87
1156	chr9	23012459	23012440	-	3.71	1.704	>	6	3	87
1157	chr16	31427924	31427905	-	3.705	3.383	>	6	3	87
1158	chr12	29895773	29895754	+	3.691	1.481	>	6	3	87
1159	chr9	73154557	73154538	+	3.666	9.1	>	6	3	87
1160	chr1	127484437	127484418	-	3.66	8.8	>	6	3	87
1161	chr9	107566236	107566217	+	3.656	7.098	>	6	3	87
1162	chr2	68118338	68118319	+	3.652	4.36	>	6	3	87
1163	chr11	11140836	11140817	-	3.629	13.69	>	6	3	87
1164	chr12	74014936	74014917	-	3.627	5.97	>	6	3	87
1165	chr7	138396301	138396282	-	3.621	0.934	>	6	3	87
1166	chr14	103534605	103534586	+	3.617	5.312	>	6	3	87
1167	chr10	115164112	115164093	-	3.613	3.031	>	6	3	87
1168	chr7	119019764	119019745	+	3.598	7.113	>	6	3	87
1169	chr13	96389525	96389506	-	3.588	1.339	>	6	3	87
1170	chr14	74723724	74723705	-	3.586	5.766	>	6	3	87
1171	chr14	55114114	55114095	-	3.57	7.387	>	6	3	87
1172	chr9	62784468	62784449	+	3.562	12.84	>	6	3	87
1173	chr10	127678167	127678148	-	3.541	2.129	>	6	3	87
1174	chr17	55948218	55948199	-	3.535	4.3	>	6	3	87
1175	chr11	78183263	78183244	-	3.525	12.305	>	6	3	87
1176	chr6	59207403	59207384	-	3.508	1.477	>	6	3	87
1177	chr6	135416919	135416900	+	3.498	4.027	>	6	3	87
1178	chr5	122104403	122104384	+	3.492	11.98	>	6	3	87
1179	chr13	37971068	37971049	-	3.482	3.088	>	6	3	87
1180	chr5	114612410	114612391	+	3.48	13.6	>	6	3	87
1181	chr10	114442226	114442207	+	3.46	2.104	>	6	3	87
1182	chr2	145655527	145655508	-	3.44	2.05	>	6	3	87
1183	chr7	109507351	109507332	-	3.418	1.832	>	6	3	87
1184	chr16	10009965	10009946	+	3.402	4.965	>	6	3	87
1185	chr14	67969032	67969013	-	3.385	5.523	>	6	3	87
1186	chr5	140744055	140744036	-	3.348	10.35	>	6	3	87
1187	chr1	56984334	56984315	+	3.338	2.584	>	6	3	87
1188	chr2	137110782	137110763	+	3.328	1.323	>	6	3	87
1189	chr16	22267525	22267506	+	3.322	1.262	>	6	3	87
1190	chr16	4884595	4884576	-	3.3	2.822	>	6	3	87
1191	chr5	19458406	19458387	-	3.291	6.625	>	6	3	87
1192	chr1	84697217	84697198	-	3.29	7.492	>	6	3	87
1193	chr14	122903088	122903069	-	3.29	2.205	>	6	3	87
1194	chr7	64056729	64056710	-	3.273	1.214	>	6	3	87
1195	chr9	71624061	71624042	-	3.273	15.39	>	6	3	87
1196	chr9	96885958	96885939	-	3.271	10.016	>	6	3	87
1197	chr18	46964733	46964714	-	3.266	8.555	>	6	3	87
1198	chr3	122638475	122638456	+	3.26	4.82	>	6	3	87
1199	chr9	94733848	94733829	+	3.256	3.768	>	6	3	87
1200	chr1	167938404	167938385	-	3.25	6.79	>	6	3	87
1201	chr1	180811841	180811822	+	3.244	6.383	>	6	3	87
1202	chr10	42760472	42760453	+	3.229	1.784	>	6	3	87
1203	chr18	20598347	20598328	+	3.213	4.758	>	6	3	87
1204	chr17	71909305	71909286	+	3.203	3.572	>	6	3	87
1205	chr1	34459898	34459879	+	3.193	3.389	>	6	3	87
1206	chr4	117202234	117202215	-	3.191	9.61	>	6	3	87
1207	chr15	101313974	101313955	-	3.178	2.96	>	6	3	87
1208	chr16	13438138	13438119	+	3.176	1.241	>	6	3	87
1209	chr7	114878499	114878480	+	3.174	1.604	>	6	3	87
1210	chr11	109866735	109866716	+	3.166	2.812	>	6	3	87
1211	chr3	123509329	123509310	+	3.162	5.67	>	6	3	87
1212	chr3	114085881	114085862	-	3.146	0.5283	>	6	3	87
1213	chr4	120149384	120149365	-	3.145	8.09	>	6	3	87
1214	chr16	4549594	4549575	-	3.137	11.12	>	6	3	87
1215	chr15	78872224	78872205	+	3.133	9.35	>	6	3	87
1216	chr12	57231261	57231242	-	3.127	3.32	>	6	3	87
1217	chr9	71624949	71624930	-	3.125	15.0	>	6	3	87
1218	chr4	18963859	18963840	-	3.12	4.01	>	6	3	87
1219	chr8	40913366	40913347	-	3.115	1.625	>	6	3	87
1220	chr5	21645240	21645221	-	3.11	1.259	>	6	3	87
1221	chr10	68357244	68357225	+	3.094	1.353	>	6	3	87
1222	chr2	93812077	93812058	-	3.06	11.82	>	6	3	87
1223	chr12	75669431	75669412	-	3.05	4.1	>	6	3	87
1224	chr1	12844023	12844004	+	3.033	4.33	>	6	3	87
1225	chr12	86697142	86697123	+	3.025	6.996	>	6	3	87
1226	chr9	98033678	98033659	+	3.021	1.525	>	6	3	87
1227	chr19	37946902	37946883	+	3.02	4.082	>	6	3	87
1228	chr9	75271676	75271657	+	3.01	4.42	>	6	3	87
1229	chr11	55162881	55162862	+	2.996	3.625	>	6	3	87
1230	chr17	25274339	25274320	-	2.984	4.45	>	6	3	87
1231	chr6	108065317	108065298	+	2.984	5.535	>	6	3	87
1232	chr7	5071749	5071730	-	2.928	2.754	>	6	3	87
1233	chr3	152477906	152477887	-	2.922	3.295	>	6	3	87
1234	chr5	28090770	28090751	-	2.922	2.412	>	6	3	87
1235	chr14	78282622	78282603	+	2.91	2.186	>	6	3	87
1236	chr14	88480122	88480103	-	2.906	3.236	>	6	3	87
1237	chr7	107569047	107569028	+	2.902	1.588	>	6	3	87
1238	chr3	83777088	83777069	-	2.879	3.992	>	6	3	87
1239	chr8	48550865	48550846	+	2.871	0.592	>	6	3	87
1240	chr7	132575955	132575936	-	2.855	4.473	>	6	3	87
1241	chr14	79769127	79769108	-	2.852	4.36	>	6	3	87
1242	chr17	69974245	69974226	-	2.799	1.284	>	6	3	87
1243	chr12	66284211	66284192	-	2.793	5.484	>	6	3	87
1244	chr6	83796902	83796883	-	2.785	3.35	>	6	3	87
1245	chr9	44108077	44108058	+	2.785	11.375	>	6	3	87
1246	chr11	116023924	116023905	+	2.777	6.906	>	6	3	87
1247	chr3	86779824	86779805	-	2.775	8.64	>	6	3	87
1248	chr19	46056202	46056183	+	2.77	5.27	>	6	3	87
1249	chr10	108210181	108210162	-	2.762	0.674	>	6	3	87
1250	chr8	27001386	27001367	+	0.4329	0.4077	>	6	3	87
1251	chr17	28338029	28338010	-	0.252	0.265	>	6	3	87
1252	chr11	76445826	76445807	-	0.2268	0.1863	>	6	3	87
1253	chr5	144244146	144244127	-	0.311	0.3691	>	6	3	87
1254	chr14	79768803	79768784	-	0.3076	0.2808	>	6	3	87
1255	chr9	26778623	26778604	-	1.299	0.6914	>	6	3	87
1256	chr7	25392052	25392033	+	0.2487	0.242	>	6	3	87
1257	chr3	101484879	101484860	-	0.3438	0.528	>	6	3	87
1258	chr2	69113988	69113969	+	0.2472	0.1981	>	6	3	87
1259	chr13	29852447	29852428	-	0.1781	0.1941	>	6	3	87
1260	chr2	60213231	60213212	-	0.1073	0.1628	>	6	3	87
1261	chr2	171418157	171418138	-	0.1407	0.2131	>	6	3	87
1262	chr7	64392050	64392031	-	0.514	0.2006	>	6	3	87
1263	chr15	36157434	36157415	-	0.7227	0.836	>	6	3	87
1264	chr4	49662357	49662338	-	0.4692	0.2915	>	6	3	87
1265	chr4	48422356	48422337	+	1.027	0.5225	>	6	3	87
1266	chr18	82720514	82720495	+	0.1605	0.1409	>	6	3	87
1267	chr1	172022686	172022667	+	0.1733	0.1764	>	6	3	87
1268	chr7	139595890	139595871	+	0.1575	0.2125	>	6	3	87
1269	chr12	73007842	73007823	-	0.345	0.2974	>	6	3	87
1270	chr17	27192928	27192909	-	0.1056	0.4468	>	6	3	87
1271	chr1	53698960	53698941	+	0.557	0.255	>	6	3	87
1272	chr18	12734380	12734361	+	0.207	0.1383	>	6	3	87
1273	chr6	126767488	126767469	-	0.2039	0.2483	>	6	3	87
1274	chr2	92856249	92856230	-	2.734	0.857	>	6	3	87
1275	chr11	74572851	74572832	+	0.2646	0.2705	>	6	3	87
1276	chr9	59675637	59675618	-	0.4082	0.744	>	6	3	87
1277	chr15	55025647	55025628	+	0.1847	0.1536	>	6	3	87
1278	chr4	120579150	120579131	-	0.33	0.264	>	6	3	87
1279	chr15	74525720	74525701	+	0.2172	0.2104	>	6	3	87
1280	chr1	88748095	88748076	+	0.1973	0.1881	>	6	3	87
1281	chr15	32239655	32239636	-	0.2822	0.1587	>	6	3	87
1282	chr7	36571183	36571164	+	0.1103	0.1942	>	6	3	87
1283	chr11	113855351	113855332	-	0.1613	0.1947	>	6	3	87
1284	chr6	90609163	90609144	+	2.127	1.159	>	6	3	87
1285	chr3	146181407	146181388	-	0.2034	0.3416	>	6	3	87
1286	chr10	69857222	69857203	-	0.3232	0.3599	>	6	3	87
1287	chr2	158361425	158361406	-	0.5625	0.2502	>	6	3	87
1288	chr5	136268179	136268160	-	0.1886	0.2153	>	6	3	87
1289	chr16	11983350	11983331	-	1.634	1.076	>	6	3	87
1290	chr2	84437773	84437754	+	0.2305	0.14	>	6	3	87
1291	chr18	24002018	24001999	-	0.133	0.1333	>	6	3	87
1292	chr1	130151533	130151514	-	0.4075	0.3347	>	6	3	87
1293	chr9	59675855	59675836	+	0.3367	0.2161	>	6	3	87
1294	chr11	116840251	116840232	-	0.3374	0.637	>	6	3	87
1295	chr2	155819963	155819944	+	0.07886	0.146	>	6	3	87
1296	chr14	105301632	105301613	+	0.206	0.2114	>	6	3	87
1297	chr12	9044592	9044573	+	0.1821	0.2019	>	6	3	87
1298	chr18	13971224	13971205	-	0.5337	0.3596	>	6	3	87
1299	chr5	136267600	136267581	-	0.2751	0.189	>	6	3	87
1300	chr5	33371430	33371411	+	0.3992	0.1644	>	6	3	87
1301	chr14	51090397	51090378	-	0.4153	0.243	>	6	3	87
1302	chr1	77935072	77935053	+	0.1814	0.1729	>	6	3	87
1303	chr11	119246049	119246030	-	0.204	0.3367	>	6	3	87
1304	chr17	50274949	50274930	-	0.441	0.1749	>	6	3	87
1305	chr8	108956442	108956423	+	0.5635	0.3044	>	6	3	87
1306	chr11	66885340	66885321	+	0.1636	0.169	>	6	3	87
1307	chr7	30099945	30099926	-	0.1979	0.1757	>	6	3	87
1308	chr15	99973159	99973140	-	0.1998	0.3345	>	6	3	87
1309	chr5	16308949	16308930	+	0.1567	0.1411	>	6	3	87
1310	chr6	119466578	119466559	-	0.9824	0.9795	>	6	3	87
1311	chr2	136886679	136886660	+	0.7764	0.2095	>	6	3	87
1312	chr14	79763594	79763575	-	0.2852	0.151	>	6	3	87
1313	chr2	170416012	170415993	+	0.1837	0.1256	>	6	3	87
1314	chr4	41015236	41015217	-	0.1882	0.1434	>	6	3	87
1315	chr11	70975109	70975090	+	0.713	0.3914	>	6	3	87
1316	chr5	122773202	122773183	+	0.11584	0.1375	>	6	3	87
1317	chr4	128588031	128588012	-	0.2659	0.1909	>	6	3	87
1318	chr8	122576186	122576167	-	0.11285	0.1545	>	6	3	87
1319	chr7	76383989	76383970	+	0.1553	0.154	>	6	3	87
1320	chr9	41467019	41467000	-	0.2223	0.1565	>	6	3	87
1321	chr1	32712246	32712227	-	0.05322	0.1516	>	6	3	87
1322	chr16	23974866	23974847	-	0.5283	0.3425	>	6	3	87
1323	chr15	84066194	84066175	-	0.6196	1.17	>	6	3	87
1324	chr11	40148920	40148901	-	1.272	0.642	>	6	3	87
1325	chr7	27166488	27166469	-	0.306	0.491	>	6	3	87
1326	chr11	30240273	30240254	+	0.4001	0.2556	>	6	3	87
1327	chr2	69115969	69115950	-	0.1754	0.1587	>	6	3	87
1328	chr9	113420569	113420550	-	0.2261	0.2178	>	6	3	87
1329	chr12	99882528	99882509	-	0.2617	0.1387	>	6	3	87
1330	chr5	77347648	77347629	-	0.3625	0.4211	>	6	3	87
1331	chr10	49780455	49780436	+	0.2179	0.1394	>	6	3	87
1332	chr5	75855263	75855244	-	0.6416	0.4326	>	6	3	87
1333	chr2	124087358	124087339	-	0.6436	0.2075	>	6	3	87
1334	chr14	49219056	49219037	+	0.678	0.694	>	6	3	87
1335	chr5	147938091	147938072	+	0.368	0.1842	>	6	3	87
1336	chr11	32340288	32340269	+	0.1792	0.1648	>	6	3	87
1337	chr16	50181579	50181560	+	0.2006	0.1838	>	6	3	87
1338	chr16	20496121	20496102	-	0.6714	0.1777	>	6	3	87
1339	chr8	76775680	76775661	+	0.135	0.1975	>	6	3	87
1340	chr14	65597676	65597657	+	0.6543	0.452	>	6	3	87
1341	chr7	64754771	64754752	+	0.1351	0.2295	>	6	3	87
1342	chr2	166083979	166083960	-	0.2964	0.2065	>	6	3	87
1343	chr16	44140440	44140421	+	0.4607	0.3381	>	6	3	87
1344	chr12	90524338	90524319	-	0.3223	0.2983	>	6	3	87
1345	chr5	89391716	89391697	+	0.1626	0.1418	>	6	3	87
1346	chr9	59675438	59675419	-	0.2104	0.1542	>	6	3	87
1347	chr19	16339103	16339084	-	0.1967	0.1177	>	6	3	87
1348	chr13	30545067	30545048	+	0.3672	0.2915	>	6	3	87
1349	chr1	92462681	92462662	+	0.3916	0.1832	>	6	3	87
1350	chr4	84066283	84066264	-	0.1898	0.1552	>	6	3	87
1351	chr9	83373922	83373903	-	0.2197	0.1434	>	6	3	87
1352	chr4	88773969	88773950	-	0.9507	8.01	>	6	3	87
1353	chr9	123132258	123132239	-	0.1687	0.1416	>	6	3	87
1354	chr17	34958843	34958824	-	0.2079	0.5464	>	6	3	87
1355	chr12	50946225	50946206	+	0.2341	0.157	>	6	3	87
1356	chr13	73647252	73647233	+	0.267	0.1704	>	6	3	87
1357	chr11	83279300	83279281	-	0.4434	0.2251	>	6	3	87
1358	chr17	8986048	8986029	-	0.3325	0.212	>	6	3	87
1359	chr4	14935721	14935702	-	0.7095	0.296	>	6	3	87
1360	chr4	75076699	75076680	+	0.09125	0.2014	>	6	3	87
1361	chr5	114610713	114610694	+	0.0985	0.1626	>	6	3	87
1362	chr9	83378273	83378254	-	0.471	0.2808	>	6	3	87
1363	chr9	107773182	107773163	-	0.1786	0.1414	>	6	3	87
1364	chr9	41218030	41218011	+	0.1323	0.1355	>	6	3	87
1365	chr9	105644718	105644699	+	0.4255	0.1808	>	6	3	87
1366	chr8	84264441	84264422	-	1.261	1.4795	>	6	3	87
1367	chr4	135959453	135959434	+	0.112	0.2223	>	6	3	87
1368	chr1	24684268	24684249	+	0.4001	0.1942	>	6	3	87
1369	chr3	87748577	87748558	-	0.7593	0.4382	>	6	3	87
1370	chr9	54690950	54690931	+	0.11566	0.136	>	6	3	87
1371	chr15	82277690	82277671	-	0.9043	0.4492	>	6	3	87
1372	chr5	115498528	115498509	-	0.2693	0.2164	>	6	3	87
1373	chr9	56621276	56621257	+	0.10846	0.253	>	6	3	87
1374	chr18	81956733	81956714	-	0.2815	0.2637	>	6	3	87
1375	chr10	22791401	22791382	-	0.1346	0.2358	>	6	3	87
1376	chr15	82271301	82271282	+	0.836	0.1838	>	6	3	87
1377	chr12	69946159	69946140	+	0.555	0.455	>	6	3	87
1378	chr14	101442800	101442781	+	0.2983	0.1344	>	6	3	87
1379	chr2	164777017	164776998	-	0.5176	0.361	>	6	3	87
1380	chr10	24631573	24631554	-	1.178	1.224	>	6	3	87
1381	chr1	136528510	136528491	-	1.761	0.7373	>	6	3	87
1382	chr10	19222118	19222099	-	1.411	0.8228	>	6	3	87
1383	chr14	56885508	56885489	-	2.348	4.004	>	6	3	87
1384	chr8	85060493	85060474	-	0.9688	0.437	>	6	3	87
1385	chr11	96075822	96075803	-	0.9316	0.4944	>	6	3	87
1386	chr11	77476535	77476516	+	0.1632	0.2383	>	6	3	87
1387	chr1	81294004	81293985	-	0.905	0.562	>	6	3	87
1388	chr12	15520954	15520935	+	0.7183	0.4033	>	6	3	87
1389	chr7	66397054	66397035	+	0.1594	0.2107	>	6	3	87
1390	chr12	74014582	74014563	-	0.2377	0.1973	>	6	3	87
1391	chr5	144242554	144242535	-	0.241	0.1987	>	6	3	87
1392	chr15	66894943	66894924	+	0.2703	0.2021	>	6	3	87
1393	chr6	126484995	126484976	-	0.4333	1.278	>	6	3	87
1394	chr4	48427148	48427129	+	0.678	0.3833	>	6	3	87
1395	chr15	71459211	71459192	+	0.252	0.1731	>	6	3	87
1396	chr3	19896435	19896416	-	0.2361	0.1467	>	6	3	87
1397	chr8	68268707	68268688	-	0.1398	0.1492	>	6	3	87
1398	chr1	182555580	182555561	-	0.1982	0.1915	>	6	3	87
1399	chr9	44413186	44413167	-	0.534	0.393	>	6	3	87
1400	chr14	70151716	70151697	+	0.3604	0.2382	>	6	3	87
1401	chr4	62478250	62478231	+	0.438	0.1328	>	6	3	87
1402	chr3	127561629	127561610	-	0.2183	0.12354	>	6	3	87
1403	chr3	69139614	69139595	-	0.397	0.2261	>	6	3	87
1404	chr17	17919616	17919597	+	0.1678	0.167	>	6	3	87
1405	chr4	139314214	139314195	-	0.2279	0.269	>	6	3	87
1406	chr18	61952763	61952744	-	0.2372	0.1731	>	6	3	87
1407	chr9	7599188	7599169	+	0.33	0.191	>	6	3	87
1408	chr10	120898341	120898322	-	0.3386	0.1467	>	6	3	87
1409	chr11	57469613	57469594	-	0.1846	0.2297	>	6	3	87
1410	chr18	58480198	58480179	-	0.2095	0.1665	>	6	3	87
1411	chr17	12380527	12380508	-	0.658	0.591	>	6	3	87
1412	chr2	107940173	107940154	+	0.11664	0.1351	>	6	3	87
1413	chr2	32580534	32580515	-	0.2605	0.4055	>	6	3	87
1414	chr15	98813480	98813461	+	0.3496	0.5376	>	6	3	87
1415	chr6	54253893	54253874	+	0.1663	0.1743	>	6	3	87
1416	chr1	135800865	135800846	+	0.1766	0.1665	>	6	3	87
1417	chr15	58426369	58426350	+	0.1996	0.1519	>	6	3	87
1418	chr4	87367775	87367756	+	0.3853	0.1472	>	6	3	87
1419	chr2	96583103	96583084	-	0.809	0.3242	>	6	3	87
1420	chr4	63366959	63366940	-	0.1979	0.1753	>	6	3	87
1421	chr4	59761293	59761274	-	0.3435	0.2113	>	6	3	87
1422	chr10	7832162	7832143	+	0.2646	0.1672	>	6	3	87
1423	chr7	89904213	89904194	-	0.2908	0.156	>	6	3	87
1424	chr1	30697342	30697323	+	0.1025	0.1263	>	6	3	87
1425	chr1	58987602	58987583	+	0.2202	0.1498	>	6	3	87
1426	chr15	7452190	7452171	+	0.1405	0.12085	>	6	3	87
1427	chr4	139877044	139877025	+	0.3875	0.2688	>	6	3	87
1428	chr3	83291887	83291868	-	0.0825	0.137	>	6	3	87
1429	chr15	68912907	68912888	-	0.5024	0.2024	>	6	3	87
1430	chr14	64593744	64593725	-	1.073	0.5703	>	6	3	87
1431	chr1	56980349	56980330	-	0.2778	0.2322	>	6	3	87
1432	chr14	75833620	75833601	-	0.6006	0.4543	>	6	3	87
1433	chr16	62904648	62904629	-	0.217	0.1924	>	6	3	87
1434	chr5	35991229	35991210	-	1.033	1.082	>	6	3	87
1435	chr5	44287418	44287399	-	0.248	0.155	>	6	3	87
1436	chr15	76199915	76199896	-	0.07776	0.3071	>	6	3	87
1437	chr4	131240262	131240243	-	0.241	0.206	>	6	3	87
1438	chr5	102147917	102147898	-	0.228	0.2458	>	6	3	87
1439	chr3	93086926	93086907	+	0.0978	0.1787	>	6	3	87
1440	chr6	126163382	126163363	+	2.373	1.376	>	6	3	87
1441	chr3	45375769	45375750	+	1.051	0.2544	>	6	3	87
1442	chr16	90306219	90306200	-	0.3647	0.3506	>	6	3	87
1443	chr17	3249270	3249251	-	0.1843	0.136	>	6	3	87
1444	chr4	143024421	143024402	-	0.087	0.1317	>	6	3	87
1445	chr19	47513892	47513873	-	0.2471	0.1393	>	6	3	87
1446	chr6	66534595	66534576	-	1.387	0.675	>	6	3	87
1447	chr6	134963172	134963153	-	0.6475	0.5996	>	6	3	87
1448	chr14	56369245	56369226	+	0.2401	0.1912	>	6	3	87
1449	chr18	53460219	53460200	+	0.1775	0.162	>	6	3	87
1450	chr7	89476922	89476903	-	0.2163	0.1522	>	6	3	87
1451	chr6	34273116	34273097	+	0.0673	0.1545	>	6	3	87
1452	chr7	142295608	142295589	-	1.062	6.32	>	6	3	87
1453	chr3	22302208	22302189	+	0.992	0.3848	>	6	3	87
1454	chr6	31045994	31045975	-	0.7534	0.959	>	6	3	87
1455	chr9	57143378	57143359	-	0.1816	0.2302	>	6	3	87
1456	chr6	101268340	101268321	+	0.2712	0.1924	>	6	3	87
1457	chr9	58897456	58897437	-	0.7163	0.4846	>	6	3	87
1458	chr17	79601068	79601049	+	0.2245	0.12476	>	6	3	87
1459	chr16	5254607	5254588	-	0.2883	0.22	>	6	3	87
1460	chr4	83595536	83595517	+	1.783	1.041	>	6	3	87
1461	chr9	51159881	51159862	-	0.6875	0.266	>	6	3	87
1462	chr14	66354429	66354410	+	0.1142	0.1388	>	6	3	87
1463	chr5	117090283	117090264	+	0.5806	0.4014	>	6	3	87
1464	chr2	168061425	168061406	-	0.1733	0.2051	>	6	3	87
1465	chr5	9169228	9169209	+	0.3306	0.1686	>	6	3	87
1466	chr6	28418701	28418682	-	0.4202	0.266	>	6	3	87
1467	chr12	105038443	105038424	-	0.1501	0.2063	>	6	3	87
1468	chr1	182558143	182558124	-	0.2264	0.1511	>	6	3	87
1469	chr8	47713300	47713281	-	1.078	1.646	>	6	3	87
1470	chr18	47357393	47357374	+	0.2007	0.1278	>	6	3	87
1471	chr1	118771083	118771064	-	0.1254	0.2006	>	6	3	87
1472	chr16	6493044	6493025	-	0.1927	0.1516	>	6	3	87
1473	chr9	42951005	42950986	-	0.3914	0.2078	>	6	3	87
1474	chr13	53430986	53430967	-	0.6504	0.3672	>	6	3	87
1475	chr13	67609268	67609249	+	2.162	0.826	>	6	3	87
1476	chr1	53035072	53035053	+	0.1465	0.1494	>	6	3	87
1477	chr7	99471824	99471805	-	0.3745	0.4907	>	6	3	87
1478	chr11	36543574	36543555	-	0.1156	0.1614	>	6	3	87
1479	chr5	124334258	124334239	-	0.3428	0.273	>	6	3	87
1480	chr10	76771414	76771395	-	0.1296	0.2047	>	6	3	87
1481	chr10	4386719	4386700	+	0.32	0.4492	>	6	3	87
1482	chr5	116554091	116554072	+	0.0876	0.1714	>	6	3	87
1483	chr10	41734858	41734839	+	0.1406	0.2605	>	6	3	87
1484	chr10	50906875	50906856	-	0.2361	0.1674	>	6	3	87
1485	chr11	31651668	31651649	+	0.07605	0.1534	>	6	3	87
1486	chr6	116193190	116193171	+	0.3687	0.372	>	6	3	87
1487	chr1	188976509	188976490	+	0.343	0.1833	>	6	3	87
1488	chr12	101976095	101976076	+	0.681	0.4116	>	6	3	87
1489	chr15	75925915	75925896	+	0.6084	0.9233	>	6	3	87
1490	chr1	4777287	4777268	-	0.9443	1.425	>	6	3	87
1491	chr18	86560230	86560211	+	0.7866	1.138	>	6	3	87
1492	chr7	43574878	43574859	+	1.292	1.347	>	6	3	87
1493	chr7	98200601	98200582	-	0.2927	0.1711	>	6	3	87
1494	chr4	143319849	143319830	+	0.2299	0.1525	>	6	3	87
1495	chr2	128601696	128601677	-	0.1208	0.207	>	6	3	87
1496	chr17	57004491	57004472	-	0.1467	0.2932	>	6	3	87
1497	chr2	35196541	35196522	-	1.081	0.3997	>	6	3	87
1498	chr5	29779371	29779352	+	0.1531	0.1671	>	6	3	87
1499	chr10	93038429	93038410	-	0.163	0.1875	>	6	3	87
0	chr4	87368268	87368249	+	90.56	65.75	>	6	4	86
1	chr11	109860827	109860808	-	89.2	47.97	>	6	4	86
2	chr3	22309188	22309169	+	81.5	60.4	>	6	4	86
3	chr10	5161770	5161751	-	79.2	55.88	>	6	4	86
4	chr16	71247702	71247683	+	68.56	43.2	>	6	4	86
5	chr16	72980067	72980048	-	68.3	56.7	>	6	4	86
6	chr6	60556001	60555982	+	67.7	40.38	>	6	4	86
7	chr5	7996919	7996900	-	66.06	59.4	>	6	4	86
8	chr14	12140114	12140095	-	65.1	51.62	>	6	4	86
9	chr13	81439574	81439555	+	64.94	46.94	>	6	4	86
10	chr9	103996726	103996707	-	64.9	51.25	>	6	4	86
11	chr15	56066340	56066321	+	63.97	42.94	>	6	4	86
12	chr10	106609250	106609231	+	63.97	42.62	>	6	4	86
13	chr1	144380222	144380203	-	63.4	48.44	>	6	4	86
14	chr10	8240468	8240449	-	62.34	45.88	>	6	4	86
15	chr12	77000269	77000250	+	62.22	54.97	>	6	4	86
16	chr1	44745882	44745863	+	62.12	40.25	>	6	4	86
17	chr4	81178889	81178870	+	62.03	50.0	>	6	4	86
18	chr9	10909768	10909749	+	61.12	47.94	>	6	4	86
19	chr6	64650119	64650100	-	60.56	60.88	>	6	4	86
20	chr15	32766485	32766466	-	60.56	46.62	>	6	4	86
21	chr4	9135983	9135964	+	60.03	34.12	>	6	4	86
22	chr7	118305013	118304994	+	59.5	47.62	>	6	4	86
23	chr10	39520570	39520551	-	58.34	40.5	>	6	4	86
24	chr1	78724658	78724639	+	58.25	47.28	>	6	4	86
25	chr2	160598038	160598019	+	57.94	55.8	>	6	4	86
26	chr18	33790258	33790239	-	57.72	56.3	>	6	4	86
27	chr12	40837750	40837731	+	57.5	46.25	>	6	4	86
28	chr8	41443763	41443744	+	57.34	56.06	>	6	4	86
29	chr14	68494314	68494295	-	56.94	24.97	>	6	4	86
30	chr1	11657910	11657891	+	56.8	43.62	>	6	4	86
31	chr11	77100337	77100318	+	55.88	49.25	>	6	4	86
32	chr16	41244935	41244916	-	55.72	48.0	>	6	4	86
33	chr14	87452291	87452272	-	55.72	63.0	>	6	4	86
34	chr18	16217050	16217031	+	54.9	26.8	>	6	4	86
35	chr11	53255133	53255114	-	54.8	39.5	>	6	4	86
36	chr9	7216447	7216428	+	54.56	27.64	>	6	4	86
37	chr8	35850598	35850579	-	54.5	50.94	>	6	4	86
38	chr8	102781131	102781112	-	54.44	41.34	>	6	4	86
39	chr5	49962010	49961991	-	54.16	50.88	>	6	4	86
40	chr7	90410162	90410143	-	54.06	39.75	>	6	4	86
41	chr4	15328717	15328698	+	54.03	40.72	>	6	4	86
42	chr11	31949616	31949597	-	54.0	41.44	>	6	4	86
43	chr1	120586671	120586652	+	53.8	57.06	>	6	4	86
44	chr13	19698921	19698902	+	53.16	40.8	>	6	4	86
45	chr12	57825950	57825931	+	53.03	34.38	>	6	4	86
46	chr16	72215933	72215914	-	52.7	45.56	>	6	4	86
47	chr9	15685402	15685383	+	52.62	45.03	>	6	4	86
48	chr10	10321327	10321308	-	52.47	23.97	>	6	4	86
49	chr9	49494135	49494116	+	52.4	51.5	>	6	4	86
50	chr3	50906169	50906150	-	52.12	57.06	>	6	4	86
51	chr11	57467973	57467954	-	52.03	54.47	>	6	4	86
52	chr11	113165316	113165297	-	51.88	57.94	>	6	4	86
53	chr9	51152608	51152589	-	51.8	48.22	>	6	4	86
54	chr16	58299658	58299639	+	51.56	30.08	>	6	4	86
55	chr16	22564783	22564764	+	51.44	49.16	>	6	4	86
56	chr8	36523135	36523116	-	51.4	44.44	>	6	4	86
57	chr14	34810941	34810922	+	51.3	52.97	>	6	4	86
58	chr6	101261740	101261721	-	51.0	49.47	>	6	4	86
59	chr7	132213694	132213675	-	50.8	38.62	>	6	4	86
60	chr2	48886271	48886252	-	50.28	44.53	>	6	4	86
61	chr12	54060974	54060955	-	50.12	27.78	>	6	4	86
62	chr1	5905019	5905000	-	50.06	44.22	>	6	4	86
63	chr9	26776375	26776356	-	50.0	53.88	>	6	4	86
64	chr1	103799519	103799500	+	49.53	56.44	>	6	4	86
65	chr9	88222188	88222169	-	49.5	40.1	>	6	4	86
66	chr18	58481884	58481865	-	49.28	39.28	>	6	4	86
67	chr13	100112788	100112769	+	49.16	37.22	>	6	4	86
68	chr3	14679394	14679375	+	49.06	29.97	>	6	4	86
69	chr16	37109459	37109440	+	48.75	19.0	>	6	4	86
70	chr3	153655318	153655299	-	48.72	48.28	>	6	4	86
71	chr16	89765698	89765679	-	48.38	54.0	>	6	4	86
72	chr13	89543228	89543209	-	48.3	56.84	>	6	4	86
73	chr11	40149509	40149490	-	48.28	36.34	>	6	4	86
74	chr3	113080940	113080921	-	48.2	53.4	>	6	4	86
75	chr10	70963797	70963778	-	47.53	51.97	>	6	4	86
76	chr6	66533480	66533461	-	47.34	41.22	>	6	4	86
77	chr18	57976815	57976796	+	47.28	41.3	>	6	4	86
78	chr12	92303388	92303369	+	47.12	48.12	>	6	4	86
79	chr6	43686140	43686121	+	47.1	34.0	>	6	4	86
80	chr15	11038687	11038668	+	47.06	40.16	>	6	4	86
81	chr6	13281064	13281045	-	47.06	44.4	>	6	4	86
82	chr4	25180081	25180062	-	46.94	22.34	>	6	4	86
83	chr2	110229883	110229864	+	46.8	37.2	>	6	4	86
84	chr2	118638293	118638274	+	46.34	48.4	>	6	4	86
85	chr14	67674858	67674839	-	46.2	40.62	>	6	4	86
86	chr1	179477262	179477243	-	45.97	54.9	>	6	4	86
87	chr12	78056191	78056172	+	45.84	48.03	>	6	4	86
88	chr15	44836402	44836383	+	45.7	45.75	>	6	4	86
89	chr9	80293262	80293243	+	45.3	48.66	>	6	4	86
90	chr1	21411405	21411386	+	45.28	35.97	>	6	4	86
91	chr8	80483379	80483360	-	45.28	32.34	>	6	4	86
92	chr16	55477026	55477007	-	44.9	60.88	>	6	4	86
93	chr9	122729759	122729740	-	44.72	40.56	>	6	4	86
94	chr2	17415581	17415562	-	44.56	38.03	>	6	4	86
95	chr4	13778049	13778030	-	44.5	20.47	>	6	4	86
96	chr16	64748455	64748436	-	44.47	52.25	>	6	4	86
97	chr6	57570627	57570608	-	44.28	34.06	>	6	4	86
98	chr16	13117421	13117402	+	44.28	48.25	>	6	4	86
99	chr1	54381475	54381456	-	44.12	34.1	>	6	4	86
100	chr15	40166896	40166877	+	44.03	40.53	>	6	4	86
101	chr17	83271696	83271677	+	44.0	39.2	>	6	4	86
102	chr9	63136063	63136044	+	43.94	32.22	>	6	4	86
103	chr3	68056550	68056531	+	43.88	35.0	>	6	4	86
104	chr3	25220822	25220803	-	43.8	23.62	>	6	4	86
105	chr7	118102455	118102436	-	43.53	59.94	>	6	4	86
106	chr9	51335485	51335466	+	43.47	26.75	>	6	4	86
107	chr16	96671807	96671788	-	43.4	27.66	>	6	4	86
108	chr2	113494904	113494885	+	43.34	43.28	>	6	4	86
109	chr1	55404561	55404542	+	43.25	39.06	>	6	4	86
110	chr3	80079969	80079950	+	43.0	35.7	>	6	4	86
111	chr11	25862989	25862970	-	42.66	37.9	>	6	4	86
112	chr13	109213188	109213169	-	42.6	60.5	>	6	4	86
113	chr8	58566283	58566264	+	42.56	33.8	>	6	4	86
114	chr16	72218227	72218208	+	42.38	47.1	>	6	4	86
115	chr14	102510640	102510621	-	42.34	35.9	>	6	4	86
116	chr7	143154010	143153991	+	42.16	43.66	>	6	4	86
117	chr6	143219585	143219566	+	42.1	41.62	>	6	4	86
118	chr17	86906334	86906315	-	41.97	47.25	>	6	4	86
119	chr8	62080400	62080381	+	41.97	30.6	>	6	4	86
120	chr3	57843985	57843966	+	41.94	43.75	>	6	4	86
121	chr18	3495634	3495615	+	41.62	36.03	>	6	4	86
122	chr7	125393847	125393828	-	41.56	47.0	>	6	4	86
123	chr7	86211564	86211545	-	41.56	46.4	>	6	4	86
124	chr9	60245127	60245108	+	41.38	43.16	>	6	4	86
125	chr6	131353859	131353840	-	41.3	15.89	>	6	4	86
126	chr15	98173991	98173972	-	41.25	24.88	>	6	4	86
127	chr17	88641249	88641230	-	41.12	34.25	>	6	4	86
128	chr9	87027908	87027889	+	41.1	38.34	>	6	4	86
129	chr4	70621553	70621534	-	40.97	48.38	>	6	4	86
130	chr12	41487236	41487217	-	40.88	35.94	>	6	4	86
131	chr4	127368548	127368529	+	40.8	49.72	>	6	4	86
132	chr8	50293750	50293731	-	40.75	48.2	>	6	4	86
133	chr16	27468981	27468962	+	40.75	34.62	>	6	4	86
134	chr7	121641354	121641335	-	40.7	30.69	>	6	4	86
135	chr3	29726795	29726776	-	40.7	30.42	>	6	4	86
136	chr14	29110872	29110853	-	40.66	51.22	>	6	4	86
137	chr13	116712427	116712408	-	40.62	33.1	>	6	4	86
138	chr18	19939562	19939543	-	40.47	45.7	>	6	4	86
139	chr15	80704533	80704514	-	40.28	46.53	>	6	4	86
140	chr18	50137074	50137055	+	40.28	37.62	>	6	4	86
141	chr13	15763212	15763193	-	40.25	29.53	>	6	4	86
142	chr19	50185486	50185467	+	40.22	44.2	>	6	4	86
143	chr12	74013965	74013946	-	40.22	40.8	>	6	4	86
144	chr1	138835543	138835524	+	40.06	20.81	>	6	4	86
145	chr15	55550924	55550905	-	40.06	37.12	>	6	4	86
146	chr1	61771439	61771420	-	40.06	23.55	>	6	4	86
147	chr12	34664961	34664942	+	40.0	19.7	>	6	4	86
148	chr14	78288101	78288082	-	39.8	38.8	>	6	4	86
149	chr2	4499416	4499397	+	39.78	33.88	>	6	4	86
150	chr13	30260132	30260113	-	39.75	32.75	>	6	4	86
151	chr9	68015271	68015252	+	39.2	39.0	>	6	4	86
152	chr1	126993502	126993483	-	39.06	47.2	>	6	4	86
153	chr16	25349824	25349805	-	39.0	41.2	>	6	4	86
154	chr1	14729249	14729230	-	38.94	39.3	>	6	4	86
155	chr15	59389427	59389408	+	38.7	46.34	>	6	4	86
156	chr6	100882590	100882571	+	38.66	49.44	>	6	4	86
157	chr3	9711121	9711102	+	38.62	35.47	>	6	4	86
158	chr6	21214019	21214000	-	38.47	24.2	>	6	4	86
159	chr17	42603617	42603598	-	38.47	42.5	>	6	4	86
160	chr4	80517548	80517529	-	38.47	41.4	>	6	4	86
161	chr9	85328584	85328565	-	38.28	30.06	>	6	4	86
162	chr17	44262001	44261982	+	38.22	44.16	>	6	4	86
163	chr10	102449665	102449646	+	38.2	48.84	>	6	4	86
164	chr17	14520745	14520726	-	38.12	30.45	>	6	4	86
165	chr13	51830925	51830906	+	38.0	56.0	>	6	4	86
166	chr12	83502436	83502417	-	37.97	34.4	>	6	4	86
167	chr5	75853265	75853246	-	37.94	27.88	>	6	4	86
168	chr13	110382742	110382723	+	37.88	61.84	>	6	4	86
169	chr5	62481159	62481140	-	37.8	35.4	>	6	4	86
170	chr7	49121503	49121484	-	37.7	29.61	>	6	4	86
171	chr15	11966575	11966556	-	37.66	34.72	>	6	4	86
172	chr3	31146135	31146116	+	37.53	44.5	>	6	4	86
173	chr2	37815879	37815860	+	37.47	39.2	>	6	4	86
174	chr5	33033442	33033423	-	37.44	48.28	>	6	4	86
175	chr9	7595466	7595447	-	37.4	28.72	>	6	4	86
176	chr5	21641153	21641134	-	37.3	33.66	>	6	4	86
177	chr14	48367302	48367283	-	37.12	39.88	>	6	4	86
178	chr17	14524624	14524605	+	37.1	38.88	>	6	4	86
179	chr4	84064835	84064816	+	37.06	23.38	>	6	4	86
180	chr4	63368786	63368767	+	37.06	51.6	>	6	4	86
181	chr5	102149680	102149661	+	37.03	38.97	>	6	4	86
182	chr12	32897684	32897665	-	36.88	40.9	>	6	4	86
183	chr16	91936532	91936513	+	36.72	43.06	>	6	4	86
184	chr6	37046379	37046360	-	36.72	47.7	>	6	4	86
185	chr18	59081896	59081877	+	36.7	37.34	>	6	4	86
186	chr6	103697552	103697533	-	36.3	43.6	>	6	4	86
187	chr18	19937930	19937911	+	36.3	37.56	>	6	4	86
188	chr6	93757594	93757575	+	36.28	18.31	>	6	4	86
189	chr17	9756371	9756352	+	36.28	21.2	>	6	4	86
190	chr2	96585854	96585835	+	36.25	26.84	>	6	4	86
191	chr11	82915176	82915157	+	36.2	36.34	>	6	4	86
192	chr6	6005837	6005818	+	36.03	35.2	>	6	4	86
193	chr1	98392238	98392219	-	36.03	38.97	>	6	4	86
194	chr7	48749384	48749365	+	35.94	38.3	>	6	4	86
195	chr11	105911812	105911793	-	35.9	37.8	>	6	4	86
196	chr10	45045486	45045467	-	35.8	35.22	>	6	4	86
197	chr2	4492748	4492729	-	35.75	19.97	>	6	4	86
198	chr6	18087397	18087378	+	35.75	40.84	>	6	4	86
199	chr5	90203341	90203322	+	35.7	41.12	>	6	4	86
200	chr7	136489148	136489129	+	35.62	28.06	>	6	4	86
201	chr9	109862620	109862601	-	35.6	34.12	>	6	4	86
202	chr15	59876355	59876336	+	35.3	32.16	>	6	4	86
203	chr14	76473612	76473593	-	35.25	45.66	>	6	4	86
204	chr3	128349320	128349301	+	35.03	41.75	>	6	4	86
205	chr3	45375963	45375944	+	35.03	23.92	>	6	4	86
206	chr3	133314669	133314650	+	34.97	39.0	>	6	4	86
207	chr1	96801850	96801831	-	34.84	30.55	>	6	4	86
208	chr7	115216958	115216939	+	34.62	30.45	>	6	4	86
209	chr9	59282577	59282558	-	34.62	26.88	>	6	4	86
210	chr2	148112135	148112116	-	34.5	31.5	>	6	4	86
211	chr18	52457916	52457897	-	34.47	28.2	>	6	4	86
212	chr6	56691454	56691435	-	34.34	42.2	>	6	4	86
213	chr13	20292580	20292561	-	34.3	38.5	>	6	4	86
214	chr13	57260119	57260100	-	34.25	52.66	>	6	4	86
215	chr13	113877615	113877596	+	34.25	36.75	>	6	4	86
216	chr13	116715029	116715010	-	34.1	31.72	>	6	4	86
217	chr4	83596692	83596673	-	34.1	52.75	>	6	4	86
218	chr8	64941619	64941600	-	34.06	33.75	>	6	4	86
219	chr3	51701488	51701469	+	34.03	22.56	>	6	4	86
220	chr14	120061322	120061303	-	33.84	29.2	>	6	4	86
221	chr7	75910166	75910147	+	33.8	57.6	>	6	4	86
222	chr4	98702698	98702679	-	33.78	31.62	>	6	4	86
223	chr3	146185137	146185118	+	33.62	52.6	>	6	4	86
224	chr4	151157152	151157133	+	33.53	59.38	>	6	4	86
225	chr5	43391861	43391842	-	33.5	21.5	>	6	4	86
226	chr11	93856511	93856492	-	33.47	26.19	>	6	4	86
227	chr14	59605843	59605824	+	33.47	40.3	>	6	4	86
228	chr14	84438580	84438561	+	33.44	23.31	>	6	4	86
229	chr12	50943824	50943805	-	33.28	38.56	>	6	4	86
230	chr7	83550335	83550316	-	33.2	30.12	>	6	4	86
231	chr6	117167008	117166989	+	33.03	30.3	>	6	4	86
232	chr4	12538791	12538772	+	33.0	21.84	>	6	4	86
233	chr18	47353079	47353060	+	32.84	24.58	>	6	4	86
234	chr5	12541496	12541477	-	32.72	22.56	>	6	4	86
235	chr2	60721127	60721108	+	32.72	22.53	>	6	4	86
236	chr11	78838251	78838232	+	32.72	51.5	>	6	4	86
237	chr8	73356225	73356206	+	32.62	23.39	>	6	4	86
238	chr12	10598567	10598548	+	32.5	41.56	>	6	4	86
239	chr19	20345158	20345139	-	32.25	47.94	>	6	4	86
240	chr17	58909486	58909467	-	32.16	39.4	>	6	4	86
241	chr10	69655037	69655018	-	32.12	36.56	>	6	4	86
242	chr4	3967733	3967714	-	32.12	41.75	>	6	4	86
243	chr16	21192795	21192776	-	32.06	38.78	>	6	4	86
244	chr11	12291593	12291574	-	32.0	15.54	>	6	4	86
245	chr11	117385082	117385063	+	31.83	36.6	>	6	4	86
246	chr12	32292095	32292076	+	31.73	20.83	>	6	4	86
247	chr4	64833096	64833077	+	31.69	34.34	>	6	4	86
248	chr13	47301245	47301226	+	31.67	43.9	>	6	4	86
249	chr1	89631957	89631938	-	31.56	45.38	>	6	4	86
250	chr9	69296601	69296582	-	31.53	38.66	>	6	4	86
251	chr3	53735364	53735345	+	31.28	24.5	>	6	4	86
252	chr10	45373471	45373452	-	31.2	37.7	>	6	4	86
253	chr8	91797725	91797706	+	31.19	30.23	>	6	4	86
254	chr4	88035662	88035643	+	31.06	19.66	>	6	4	86
255	chr2	75151187	75151168	-	31.05	37.9	>	6	4	86
256	chr14	66791971	66791952	-	31.02	32.1	>	6	4	86
257	chr2	93199062	93199043	-	30.9	51.25	>	6	4	86
258	chr2	73551006	73550987	+	30.86	53.72	>	6	4	86
259	chr12	89451144	89451125	-	30.81	40.1	>	6	4	86
260	chr16	66086729	66086710	-	30.81	33.7	>	6	4	86
261	chr14	114791647	114791628	-	30.72	37.2	>	6	4	86
262	chr4	43420547	43420528	-	30.61	34.5	>	6	4	86
263	chr1	87447687	87447668	+	30.56	32.53	>	6	4	86
264	chr15	55306471	55306452	+	30.56	24.06	>	6	4	86
265	chr15	97667578	97667559	+	30.52	37.12	>	6	4	86
266	chr2	16359548	16359529	+	30.47	16.92	>	6	4	86
267	chr14	8356099	8356080	+	30.42	51.06	>	6	4	86
268	chr3	19894816	19894797	-	30.38	33.66	>	6	4	86
269	chr12	43813750	43813731	-	30.34	24.06	>	6	4	86
270	chr2	27770378	27770359	+	30.12	46.8	>	6	4	86
271	chr16	48675836	48675817	-	30.12	28.97	>	6	4	86
272	chr10	13016733	13016714	+	30.1	53.44	>	6	4	86
273	chr2	76367359	76367340	+	30.05	30.6	>	6	4	86
274	chr2	115515230	115515211	+	30.05	12.29	>	6	4	86
275	chr19	16785108	16785089	-	30.03	27.4	>	6	4	86
276	chr3	78948444	78948425	+	30.03	29.16	>	6	4	86
277	chr1	37250876	37250857	-	29.94	25.45	>	6	4	86
278	chr18	74431409	74431390	+	29.94	28.48	>	6	4	86
279	chr1	38787652	38787633	-	29.89	46.22	>	6	4	86
280	chr3	14874584	14874565	+	29.88	22.88	>	6	4	86
281	chr9	69505778	69505759	+	29.88	30.58	>	6	4	86
282	chr10	84450913	84450894	-	29.77	31.7	>	6	4	86
283	chr2	172216047	172216028	-	29.77	65.06	>	6	4	86
284	chr10	97712895	97712876	+	29.72	22.83	>	6	4	86
285	chr1	4770074	4770055	+	29.72	39.66	>	6	4	86
286	chr12	50301580	50301561	-	29.69	16.55	>	6	4	86
287	chr15	85266923	85266904	+	29.69	42.06	>	6	4	86
288	chr4	85403030	85403011	+	29.62	27.23	>	6	4	86
289	chr6	97526370	97526351	-	29.53	31.17	>	6	4	86
290	chr8	112046096	112046077	+	29.5	62.6	>	6	4	86
291	chr12	96311368	96311349	-	29.48	23.8	>	6	4	86
292	chr1	93507239	93507220	-	29.45	32.5	>	6	4	86
293	chr13	21714927	21714908	+	29.4	37.72	>	6	4	86
294	chr6	49008180	49008161	+	29.38	27.1	>	6	4	86
295	chr17	17749545	17749526	-	29.36	32.88	>	6	4	86
296	chr6	145360253	145360234	+	29.34	33.62	>	6	4	86
297	chr7	17066630	17066611	-	29.27	41.75	>	6	4	86
298	chr12	81788850	81788831	-	29.25	32.47	>	6	4	86
299	chr7	129649172	129649153	+	29.19	42.88	>	6	4	86
300	chr14	104039053	104039034	+	29.17	41.16	>	6	4	86
301	chr13	41634744	41634725	-	29.08	40.84	>	6	4	86
302	chr7	138835232	138835213	-	29.02	47.88	>	6	4	86
303	chr15	97195797	97195778	+	28.92	38.5	>	6	4	86
304	chr1	119087737	119087718	+	28.89	50.28	>	6	4	86
305	chr4	85819373	85819354	-	28.86	29.28	>	6	4	86
306	chr11	30657307	30657288	-	28.86	6.477	>	6	4	86
307	chr5	49369245	49369226	+	28.66	27.94	>	6	4	86
308	chr6	106805067	106805048	+	28.61	20.38	>	6	4	86
309	chr6	31660958	31660939	+	28.53	52.9	>	6	4	86
310	chr12	8306749	8306730	-	28.48	47.94	>	6	4	86
311	chr13	42822785	42822766	-	28.47	44.4	>	6	4	86
312	chr15	34968778	34968759	+	28.4	27.94	>	6	4	86
313	chr7	68369859	68369840	+	28.38	58.97	>	6	4	86
314	chr15	80266443	80266424	+	28.33	34.62	>	6	4	86
315	chr6	102171110	102171091	+	28.19	24.06	>	6	4	86
316	chr16	72605273	72605254	-	28.11	17.7	>	6	4	86
317	chr18	65490506	65490487	+	28.06	33.94	>	6	4	86
318	chr3	55373775	55373756	+	28.0	19.75	>	6	4	86
319	chr1	53927814	53927795	-	27.97	28.48	>	6	4	86
320	chr2	160368066	160368047	-	27.95	21.97	>	6	4	86
321	chr10	42295232	42295213	-	27.94	37.8	>	6	4	86
322	chr7	116040411	116040392	-	27.9	26.19	>	6	4	86
323	chr10	116197535	116197516	-	27.81	28.58	>	6	4	86
324	chr5	20773533	20773514	-	27.81	20.77	>	6	4	86
325	chr12	80725012	80724993	-	27.73	38.97	>	6	4	86
326	chr15	66899881	66899862	-	27.6	21.5	>	6	4	86
327	chr18	16822208	16822189	-	27.56	13.28	>	6	4	86
328	chr18	14503254	14503235	-	27.55	19.48	>	6	4	86
329	chr5	98344786	98344767	+	27.44	28.3	>	6	4	86
330	chr10	77517236	77517217	+	27.39	30.44	>	6	4	86
331	chr1	44741472	44741453	-	27.38	6.344	>	6	4	86
332	chr6	127945983	127945964	-	27.28	24.97	>	6	4	86
333	chr16	42914955	42914936	-	27.27	20.78	>	6	4	86
334	chr18	39137558	39137539	+	27.11	15.805	>	6	4	86
335	chr13	42575907	42575888	+	27.11	22.34	>	6	4	86
336	chr2	13278209	13278190	+	27.06	48.53	>	6	4	86
337	chr18	43836585	43836566	-	27.06	22.66	>	6	4	86
338	chr4	114647896	114647877	+	27.05	26.58	>	6	4	86
339	chr16	44149214	44149195	-	27.03	37.28	>	6	4	86
340	chr13	109776299	109776280	+	27.02	27.47	>	6	4	86
341	chr19	30217515	30217496	+	27.0	44.25	>	6	4	86
342	chr6	61316075	61316056	+	26.94	38.16	>	6	4	86
343	chr17	78598832	78598813	+	26.92	37.16	>	6	4	86
344	chr2	117231457	117231438	-	26.88	23.62	>	6	4	86
345	chr4	115101816	115101797	+	26.84	34.88	>	6	4	86
346	chr10	57448131	57448112	-	26.8	44.97	>	6	4	86
347	chr13	113046665	113046646	+	26.77	22.72	>	6	4	86
348	chr4	110022447	110022428	-	26.58	43.47	>	6	4	86
349	chr7	101653829	101653810	+	26.5	47.97	>	6	4	86
350	chr5	67756338	67756319	+	26.5	26.55	>	6	4	86
351	chr3	62192717	62192698	-	26.5	17.1	>	6	4	86
352	chr10	17728146	17728127	-	26.45	14.96	>	6	4	86
353	chr5	37752557	37752538	-	26.33	30.73	>	6	4	86
354	chr1	60961316	60961297	-	26.3	26.22	>	6	4	86
355	chr17	68176981	68176962	+	26.27	18.84	>	6	4	86
356	chr7	37357871	37357852	-	26.2	67.6	>	6	4	86
357	chr4	32572316	32572297	-	26.16	44.75	>	6	4	86
358	chr4	96696741	96696722	+	26.12	32.22	>	6	4	86
359	chr4	109729491	109729472	-	26.06	50.3	>	6	4	86
360	chr10	111977780	111977761	+	25.78	32.1	>	6	4	86
361	chr5	45424489	45424470	-	25.73	30.9	>	6	4	86
362	chr2	61494577	61494558	-	25.72	22.25	>	6	4	86
363	chr6	13287046	13287027	+	25.69	21.62	>	6	4	86
364	chr9	116060829	116060810	+	25.66	36.5	>	6	4	86
365	chr8	17537753	17537734	-	25.64	36.44	>	6	4	86
366	chr9	77781636	77781617	-	25.62	27.94	>	6	4	86
367	chr15	5106460	5106441	-	25.56	29.45	>	6	4	86
368	chr17	93141334	93141315	-	25.53	33.03	>	6	4	86
369	chr6	97759520	97759501	+	25.52	17.88	>	6	4	86
370	chr8	119384750	119384731	-	25.47	45.94	>	6	4	86
371	chr6	88113322	88113303	+	25.38	41.75	>	6	4	86
372	chr15	101984527	101984508	-	25.38	56.7	>	6	4	86
373	chr8	54493335	54493316	-	25.34	39.7	>	6	4	86
374	chr9	24119622	24119603	+	25.33	14.83	>	6	4	86
375	chr3	50077169	50077150	-	25.31	24.22	>	6	4	86
376	chr4	47419767	47419748	+	25.23	44.03	>	6	4	86
377	chr2	76115910	76115891	+	25.22	28.97	>	6	4	86
378	chr15	67174759	67174740	+	25.2	12.74	>	6	4	86
379	chr8	125574509	125574490	+	25.17	12.85	>	6	4	86
380	chr1	161737065	161737046	-	25.11	39.75	>	6	4	86
381	chr3	85571455	85571436	-	25.1	9.7	>	6	4	86
382	chr18	19577078	19577059	-	25.02	27.28	>	6	4	86
383	chr19	36083087	36083068	-	25.0	29.4	>	6	4	86
384	chr8	115709616	115709597	-	24.98	9.14	>	6	4	86
385	chr10	126330794	126330775	-	24.84	24.02	>	6	4	86
386	chr15	25993551	25993532	+	24.81	33.28	>	6	4	86
387	chr5	131430355	131430336	-	24.78	45.44	>	6	4	86
388	chr1	9545352	9545333	-	24.78	38.06	>	6	4	86
389	chr19	28768445	28768426	-	24.75	36.44	>	6	4	86
390	chr10	24630876	24630857	+	24.72	22.94	>	6	4	86
391	chr17	54351102	54351083	+	24.53	15.79	>	6	4	86
392	chr16	20496806	20496787	+	24.47	28.86	>	6	4	86
393	chr12	109394024	109394005	-	24.44	15.02	>	6	4	86
394	chr13	21803288	21803269	-	24.42	40.1	>	6	4	86
395	chr3	103392995	103392976	+	24.38	33.9	>	6	4	86
396	chr15	25428758	25428739	+	24.31	24.08	>	6	4	86
397	chr3	135206860	135206841	-	24.3	9.21	>	6	4	86
398	chr8	65139261	65139242	+	24.3	33.56	>	6	4	86
399	chr9	29650850	29650831	-	24.23	35.72	>	6	4	86
400	chr3	127971093	127971074	+	24.2	46.1	>	6	4	86
401	chr2	104035038	104035019	+	24.16	33.7	>	6	4	86
402	chr9	81635302	81635283	+	24.11	12.08	>	6	4	86
403	chr6	95484597	95484578	+	24.03	13.41	>	6	4	86
404	chr14	72293991	72293972	-	23.83	34.2	>	6	4	86
405	chr18	65490035	65490016	-	23.72	29.94	>	6	4	86
406	chr12	38123788	38123769	-	23.66	16.0	>	6	4	86
407	chr18	70184838	70184819	-	23.66	11.39	>	6	4	86
408	chr3	152095252	152095233	-	23.53	23.67	>	6	4	86
409	chr8	32002994	32002975	-	23.5	23.94	>	6	4	86
410	chr11	22206830	22206811	-	23.48	11.1	>	6	4	86
411	chr5	76541051	76541032	-	23.44	19.22	>	6	4	86
412	chr10	52106337	52106318	+	23.38	22.61	>	6	4	86
413	chr1	84697462	84697443	-	23.38	25.22	>	6	4	86
414	chr1	67181385	67181366	+	23.34	35.0	>	6	4	86
415	chr6	101267027	101267008	+	23.31	12.77	>	6	4	86
416	chr6	129255175	129255156	-	23.25	41.8	>	6	4	86
417	chr4	115710017	115709998	-	23.19	25.83	>	6	4	86
418	chr2	118241614	118241595	-	23.19	37.16	>	6	4	86
419	chr8	71371784	71371765	+	23.11	28.11	>	6	4	86
420	chr7	73422670	73422651	-	23.11	37.7	>	6	4	86
421	chr5	33039602	33039583	+	23.05	27.48	>	6	4	86
422	chr2	153143004	153142985	-	23.02	20.31	>	6	4	86
423	chr14	98181824	98181805	-	23.0	7.93	>	6	4	86
424	chr2	136887058	136887039	-	22.97	12.49	>	6	4	86
425	chr1	135136701	135136682	-	22.88	42.44	>	6	4	86
426	chr5	4948481	4948462	-	22.86	27.0	>	6	4	86
427	chr10	71422814	71422795	+	22.81	51.25	>	6	4	86
428	chr8	64597251	64597232	-	22.66	30.06	>	6	4	86
429	chr1	162336834	162336815	-	22.45	14.914	>	6	4	86
430	chr9	94738996	94738977	+	22.42	42.94	>	6	4	86
431	chr17	53403136	53403117	+	22.4	18.28	>	6	4	86
432	chr2	155811920	155811901	-	22.36	51.28	>	6	4	86
433	chr12	52010769	52010750	+	22.33	16.6	>	6	4	86
434	chr3	44912870	44912851	-	22.31	11.58	>	6	4	86
435	chr5	98348848	98348829	+	22.25	34.97	>	6	4	86
436	chr15	80706301	80706282	+	22.25	25.52	>	6	4	86
437	chr1	167932285	167932266	-	22.22	36.66	>	6	4	86
438	chr14	121455709	121455690	-	22.2	25.7	>	6	4	86
439	chr4	98243714	98243695	-	22.16	26.34	>	6	4	86
440	chr4	143027468	143027449	+	22.14	29.11	>	6	4	86
441	chr2	153668926	153668907	+	22.14	25.36	>	6	4	86
442	chr9	41461929	41461910	-	22.14	12.42	>	6	4	86
443	chr4	109431143	109431124	-	22.1	22.34	>	6	4	86
444	chr5	44831505	44831486	-	22.08	22.05	>	6	4	86
445	chr8	119676601	119676582	-	22.03	33.06	>	6	4	86
446	chr17	40824060	40824041	-	22.02	34.28	>	6	4	86
447	chr15	37102366	37102347	-	22.0	13.84	>	6	4	86
448	chr1	119083862	119083843	-	21.92	45.47	>	6	4	86
449	chr5	41044703	41044684	-	21.78	28.61	>	6	4	86
450	chr19	24622032	24622013	+	21.77	22.19	>	6	4	86
451	chr3	58159626	58159607	-	21.75	32.1	>	6	4	86
452	chr1	38130140	38130121	-	21.75	23.66	>	6	4	86
453	chr2	129472129	129472110	-	21.73	30.17	>	6	4	86
454	chr9	15682043	15682024	-	21.73	11.22	>	6	4	86
455	chr9	69502720	69502701	-	21.7	34.7	>	6	4	86
456	chr14	21120676	21120657	+	21.69	43.16	>	6	4	86
457	chr7	110645588	110645569	-	21.69	43.56	>	6	4	86
458	chr16	78950579	78950560	-	21.64	3.295	>	6	4	86
459	chr7	131899517	131899498	+	21.56	16.44	>	6	4	86
460	chr8	106403484	106403465	-	21.53	20.23	>	6	4	86
461	chr17	73303429	73303410	+	21.48	50.6	>	6	4	86
462	chr1	83727325	83727306	+	21.48	26.81	>	6	4	86
463	chr13	29857603	29857584	+	21.42	9.836	>	6	4	86
464	chr14	104033786	104033767	+	21.34	21.16	>	6	4	86
465	chr7	119011391	119011372	+	21.31	35.56	>	6	4	86
466	chr1	69165377	69165358	+	21.31	25.0	>	6	4	86
467	chr1	192727176	192727157	+	21.28	21.9	>	6	4	86
468	chr9	50438293	50438274	-	21.2	27.17	>	6	4	86
469	chr15	46990407	46990388	-	21.14	10.516	>	6	4	86
470	chr13	73646874	73646855	+	21.14	37.5	>	6	4	86
471	chr16	67089956	67089937	+	21.12	15.94	>	6	4	86
472	chr2	83332995	83332976	-	21.02	18.14	>	6	4	86
473	chr8	10415030	10415011	+	21.0	37.3	>	6	4	86
474	chr1	35716149	35716130	-	20.89	18.69	>	6	4	86
475	chr7	43920039	43920020	-	20.83	34.3	>	6	4	86
476	chr8	15138726	15138707	+	20.81	41.03	>	6	4	86
477	chr13	6515705	6515686	+	20.8	28.08	>	6	4	86
478	chr2	64948996	64948977	-	20.72	23.2	>	6	4	86
479	chr19	20345737	20345718	+	20.7	55.44	>	6	4	86
480	chr5	33994851	33994832	+	20.64	14.97	>	6	4	86
481	chr14	76479953	76479934	+	20.62	37.16	>	6	4	86
482	chr3	144737048	144737029	+	20.58	28.33	>	6	4	86
483	chr2	13597223	13597204	-	20.5	12.72	>	6	4	86
484	chr9	118908437	118908418	-	20.5	27.45	>	6	4	86
485	chr4	153484615	153484596	-	20.39	17.89	>	6	4	86
486	chr19	12433211	12433192	+	20.36	28.34	>	6	4	86
487	chr15	31611224	31611205	+	20.34	11.17	>	6	4	86
488	chr3	107206198	107206179	+	20.34	39.22	>	6	4	86
489	chr17	86909946	86909927	+	20.31	22.38	>	6	4	86
490	chr7	89473669	89473650	-	20.22	24.19	>	6	4	86
491	chr6	35252603	35252584	+	20.22	32.56	>	6	4	86
492	chr6	126168001	126167982	-	20.17	8.76	>	6	4	86
493	chr16	42169942	42169923	+	20.12	43.34	>	6	4	86
494	chr6	90607354	90607335	+	20.11	24.86	>	6	4	86
495	chr6	31664664	31664645	+	20.11	41.5	>	6	4	86
496	chr13	100002039	100002020	+	20.02	21.73	>	6	4	86
497	chr6	97523337	97523318	-	19.97	25.72	>	6	4	86
498	chr4	123529452	123529433	-	19.95	17.69	>	6	4	86
499	chr18	53744741	53744722	-	19.94	29.1	>	6	4	86
500	chr9	13849232	13849213	+	19.9	15.484	>	6	4	86
501	chr15	14052128	14052109	-	19.89	12.375	>	6	4	86
502	chr3	68053761	68053742	-	19.88	27.33	>	6	4	86
503	chr14	50799990	50799971	+	19.83	30.28	>	6	4	86
504	chr8	50292348	50292329	+	19.83	31.36	>	6	4	86
505	chr19	52993242	52993223	-	19.81	45.25	>	6	4	86
506	chr8	24546435	24546416	-	19.8	56.1	>	6	4	86
507	chr2	166085186	166085167	+	19.78	40.2	>	6	4	86
508	chr15	80260893	80260874	-	19.75	33.7	>	6	4	86
509	chr18	75606699	75606680	+	19.72	50.94	>	6	4	86
510	chr2	135957961	135957942	-	19.69	27.1	>	6	4	86
511	chr11	75179118	75179099	+	19.67	22.83	>	6	4	86
512	chr6	77628987	77628968	+	19.66	40.56	>	6	4	86
513	chr4	82614384	82614365	-	19.62	15.836	>	6	4	86
514	chr17	27190013	27189994	+	19.5	26.89	>	6	4	86
515	chr14	121451301	121451282	-	19.45	26.11	>	6	4	86
516	chr9	69987821	69987802	-	19.44	12.234	>	6	4	86
517	chr6	40479902	40479883	+	19.42	24.72	>	6	4	86
518	chr4	82619779	82619760	-	19.42	11.22	>	6	4	86
519	chr2	160593235	160593216	-	19.4	45.8	>	6	4	86
520	chr4	48691990	48691971	+	19.4	34.88	>	6	4	86
521	chr1	11140123	11140104	-	19.39	7.324	>	6	4	86
522	chr6	67858160	67858141	+	19.36	18.55	>	6	4	86
523	chr1	91914028	91914009	+	19.36	22.06	>	6	4	86
524	chr15	76196896	76196877	+	19.33	35.8	>	6	4	86
525	chr11	43767011	43766992	+	19.27	27.44	>	6	4	86
526	chr17	8463677	8463658	+	19.23	31.38	>	6	4	86
527	chr2	60442102	60442083	-	19.22	10.555	>	6	4	86
528	chr10	8242562	8242543	+	19.2	18.4	>	6	4	86
529	chr15	8382407	8382388	+	19.16	11.64	>	6	4	86
530	chr19	11360302	11360283	+	19.14	15.06	>	6	4	86
531	chr12	79305335	79305316	+	19.11	29.94	>	6	4	86
532	chr13	38992697	38992678	+	19.03	12.445	>	6	4	86
533	chr8	91147955	91147936	-	19.0	26.05	>	6	4	86
534	chr13	64443476	64443457	+	19.0	35.6	>	6	4	86
535	chr8	117898214	117898195	+	18.92	34.16	>	6	4	86
536	chr11	42423473	42423454	-	18.77	18.48	>	6	4	86
537	chr9	114957195	114957176	-	18.77	27.38	>	6	4	86
538	chr5	149647926	149647907	+	18.72	23.06	>	6	4	86
539	chr5	128440068	128440049	-	18.69	40.7	>	6	4	86
540	chr6	90606762	90606743	-	18.67	32.6	>	6	4	86
541	chr10	58560031	58560012	+	18.67	23.25	>	6	4	86
542	chr18	25538443	25538424	+	18.66	23.94	>	6	4	86
543	chr11	22987510	22987491	+	18.56	23.83	>	6	4	86
544	chr13	57269837	57269818	-	18.55	36.6	>	6	4	86
545	chr13	53096854	53096835	-	18.55	32.88	>	6	4	86
546	chr7	124783020	124783001	-	18.55	23.44	>	6	4	86
547	chr7	40687242	40687223	-	18.52	26.28	>	6	4	86
548	chr4	109438113	109438094	+	18.45	31.61	>	6	4	86
549	chr13	46663777	46663758	-	18.45	5.215	>	6	4	86
550	chr2	21927862	21927843	-	18.45	17.72	>	6	4	86
551	chr11	72564476	72564457	-	18.39	17.95	>	6	4	86
552	chr14	57362951	57362932	-	18.3	10.125	>	6	4	86
553	chr13	54063511	54063492	-	18.3	12.516	>	6	4	86
554	chr8	127191530	127191511	+	18.27	39.03	>	6	4	86
555	chr4	24249781	24249762	+	18.25	8.38	>	6	4	86
556	chr1	175603551	175603532	-	18.2	12.0	>	6	4	86
557	chr7	131897479	131897460	+	18.19	16.34	>	6	4	86
558	chr2	125259455	125259436	-	18.17	32.72	>	6	4	86
559	chr8	11943262	11943243	-	18.0	20.05	>	6	4	86
560	chr13	74861814	74861795	+	17.98	11.664	>	6	4	86
561	chr3	37302880	37302861	-	17.98	17.84	>	6	4	86
562	chr2	165391753	165391734	+	17.95	20.97	>	6	4	86
563	chr1	167669968	167669949	-	17.94	39.3	>	6	4	86
564	chr14	24311319	24311300	+	17.89	24.48	>	6	4	86
565	chr6	125622660	125622641	+	17.86	24.67	>	6	4	86
566	chr16	91694897	91694878	+	17.83	21.03	>	6	4	86
567	chr7	100886752	100886733	-	17.8	33.3	>	6	4	86
568	chr2	165779092	165779073	+	17.7	43.9	>	6	4	86
569	chr4	118988734	118988715	-	17.7	12.37	>	6	4	86
570	chr9	111939788	111939769	+	17.64	16.92	>	6	4	86
571	chr9	40806571	40806552	+	17.64	39.78	>	6	4	86
572	chr19	21571392	21571373	+	17.64	11.9	>	6	4	86
573	chr10	49785057	49785038	-	17.56	2.498	>	6	4	86
574	chr3	84922220	84922201	+	17.47	28.94	>	6	4	86
575	chr12	7991018	7990999	+	17.47	17.66	>	6	4	86
576	chr8	106687694	106687675	+	17.45	42.0	>	6	4	86
577	chr19	15998346	15998327	+	17.33	27.56	>	6	4	86
578	chr10	30838389	30838370	+	17.3	7.543	>	6	4	86
579	chr2	6469364	6469345	-	17.28	15.65	>	6	4	86
580	chr9	59678540	59678521	-	17.28	29.06	>	6	4	86
581	chr18	60143536	60143517	-	17.25	6.348	>	6	4	86
582	chr2	76114972	76114953	-	17.25	26.88	>	6	4	86
583	chr1	192722361	192722342	-	17.23	36.0	>	6	4	86
584	chr13	6737153	6737134	+	17.23	24.25	>	6	4	86
585	chr10	116199232	116199213	+	17.23	24.89	>	6	4	86
586	chr18	6627309	6627290	+	17.06	30.4	>	6	4	86
587	chr7	117375969	117375950	-	17.03	13.42	>	6	4	86
588	chr11	7200225	7200206	+	17.03	39.34	>	6	4	86
589	chr3	152474817	152474798	+	16.98	9.51	>	6	4	86
590	chr12	4107565	4107546	+	16.97	22.11	>	6	4	86
591	chr18	78212287	78212268	-	16.83	18.31	>	6	4	86
592	chr2	17842170	17842151	-	16.81	6.844	>	6	4	86
593	chr5	112429191	112429172	-	16.78	14.19	>	6	4	86
594	chr9	54169687	54169668	+	16.73	16.64	>	6	4	86
595	chr9	78597063	78597044	+	16.73	17.98	>	6	4	86
596	chr2	125556029	125556010	+	16.69	19.19	>	6	4	86
597	chr4	86545837	86545818	-	16.69	26.34	>	6	4	86
598	chr11	34229190	34229171	+	16.55	19.56	>	6	4	86
599	chr13	60479163	60479144	+	16.52	1.697	>	6	4	86
600	chr11	57788119	57788100	+	16.36	29.88	>	6	4	86
601	chr5	117504639	117504620	+	16.36	53.34	>	6	4	86
602	chr1	128368923	128368904	+	16.28	14.01	>	6	4	86
603	chr14	51098507	51098488	-	16.28	41.22	>	6	4	86
604	chr10	14404268	14404249	+	16.23	20.66	>	6	4	86
605	chr18	65752297	65752278	-	16.1	16.11	>	6	4	86
606	chr3	59077498	59077479	+	16.1	40.72	>	6	4	86
607	chr1	119919473	119919454	+	16.06	20.62	>	6	4	86
608	chr1	86598699	86598680	+	16.03	48.72	>	6	4	86
609	chr1	80178208	80178189	-	16.0	17.12	>	6	4	86
610	chr15	64132164	64132145	+	15.96	15.336	>	6	4	86
611	chr2	4652218	4652199	-	15.91	22.83	>	6	4	86
612	chr9	40805489	40805470	-	15.86	35.53	>	6	4	86
613	chr13	30549079	30549060	-	15.805	25.34	>	6	4	86
614	chr3	82350530	82350511	-	15.805	7.78	>	6	4	86
615	chr7	81155234	81155215	-	15.805	19.0	>	6	4	86
616	chr4	107701325	107701306	-	15.8	18.55	>	6	4	86
617	chr11	76655250	76655231	+	15.8	25.19	>	6	4	86
618	chr7	122945377	122945358	+	15.72	20.64	>	6	4	86
619	chr16	32697312	32697293	+	15.695	24.02	>	6	4	86
620	chr13	114460825	114460806	-	15.65	8.25	>	6	4	86
621	chr19	59389409	59389390	+	15.65	31.4	>	6	4	86
622	chr7	45451495	45451476	+	15.64	35.4	>	6	4	86
623	chr15	85599066	85599047	+	15.625	30.86	>	6	4	86
624	chr10	9012998	9012979	+	15.6	21.77	>	6	4	86
625	chr13	24318872	24318853	-	15.58	11.58	>	6	4	86
626	chr3	123506917	123506898	-	15.53	17.17	>	6	4	86
627	chr13	101719731	101719712	-	15.48	25.34	>	6	4	86
628	chr12	12412898	12412879	-	15.43	30.47	>	6	4	86
629	chr10	127342496	127342477	-	15.4	29.73	>	6	4	86
630	chr7	28972871	28972852	+	15.39	21.2	>	6	4	86
631	chr5	130862481	130862462	+	15.33	29.22	>	6	4	86
632	chr13	53779354	53779335	+	15.31	23.8	>	6	4	86
633	chr11	51582940	51582921	-	15.305	26.1	>	6	4	86
634	chr3	34150257	34150238	+	15.3	17.19	>	6	4	86
635	chr9	30423156	30423137	-	15.29	30.31	>	6	4	86
636	chr1	55886585	55886566	+	15.29	16.73	>	6	4	86
637	chr8	121104251	121104232	+	15.28	31.56	>	6	4	86
638	chr2	31683894	31683875	+	15.27	30.73	>	6	4	86
639	chr9	121458682	121458663	+	15.27	42.72	>	6	4	86
640	chr13	111421545	111421526	+	15.22	27.25	>	6	4	86
641	chr18	56572965	56572946	+	15.22	32.7	>	6	4	86
642	chr18	42593315	42593296	+	15.2	8.75	>	6	4	86
643	chr8	118287683	118287664	+	15.2	7.145	>	6	4	86
644	chr14	47742843	47742824	+	15.18	9.65	>	6	4	86
645	chr1	184791312	184791293	-	15.164	27.39	>	6	4	86
646	chr6	106800166	106800147	-	15.1	18.75	>	6	4	86
647	chr11	12025880	12025861	+	15.06	18.02	>	6	4	86
648	chr5	129594341	129594322	-	15.03	29.4	>	6	4	86
649	chr13	16005724	16005705	+	15.016	13.71	>	6	4	86
650	chr14	65597230	65597211	+	15.016	14.01	>	6	4	86
651	chr5	99900280	99900261	-	14.95	10.75	>	6	4	86
652	chr8	11421350	11421331	-	14.945	26.12	>	6	4	86
653	chr19	4755748	4755729	+	14.93	24.55	>	6	4	86
654	chr10	110733540	110733521	-	14.914	16.5	>	6	4	86
655	chr5	67752088	67752069	+	14.89	18.31	>	6	4	86
656	chr9	77381774	77381755	-	14.85	26.45	>	6	4	86
657	chr18	81951830	81951811	-	14.76	34.06	>	6	4	86
658	chr1	86059644	86059625	+	14.734	30.22	>	6	4	86
659	chr1	52630636	52630617	-	14.734	9.89	>	6	4	86
660	chr2	174308107	174308088	+	14.69	14.67	>	6	4	86
661	chr11	99364649	99364630	-	14.6	16.03	>	6	4	86
662	chr13	109558424	109558405	+	14.49	16.98	>	6	4	86
663	chr12	58201405	58201386	-	14.48	6.883	>	6	4	86
664	chr7	137471937	137471918	+	14.445	28.83	>	6	4	86
665	chr17	26916803	26916784	+	14.414	25.05	>	6	4	86
666	chr5	87871626	87871607	-	14.414	20.39	>	6	4	86
667	chr2	125252443	125252424	+	14.414	25.9	>	6	4	86
668	chr1	9549185	9549166	+	14.414	19.5	>	6	4	86
669	chr11	11788608	11788589	-	14.38	31.97	>	6	4	86
670	chr7	43928727	43928708	+	14.36	11.45	>	6	4	86
671	chr10	60760656	60760637	-	14.31	36.9	>	6	4	86
672	chr6	17362958	17362939	+	14.31	3.076	>	6	4	86
673	chr1	136521528	136521509	-	14.305	21.69	>	6	4	86
674	chr2	153147934	153147915	+	14.28	18.94	>	6	4	86
675	chr8	61522313	61522294	+	14.266	28.28	>	6	4	86
676	chr18	56759303	56759284	+	14.266	12.61	>	6	4	86
677	chr14	115451146	115451127	-	14.234	4.215	>	6	4	86
678	chr1	176218428	176218409	+	14.195	14.99	>	6	4	86
679	chr15	97665520	97665501	-	14.18	30.02	>	6	4	86
680	chr13	20299620	20299601	+	14.18	33.25	>	6	4	86
681	chr9	59969601	59969582	-	14.14	17.69	>	6	4	86
682	chr16	57611975	57611956	+	14.055	18.66	>	6	4	86
683	chr12	15816144	15816125	+	13.984	8.52	>	6	4	86
684	chr15	82271381	82271362	-	13.95	28.55	>	6	4	86
685	chr7	74363644	74363625	-	13.95	40.8	>	6	4	86
686	chr3	73066293	73066274	+	13.95	16.86	>	6	4	86
687	chr1	118772515	118772496	-	13.945	30.34	>	6	4	86
688	chr4	110020493	110020474	-	13.94	26.28	>	6	4	86
689	chr3	34639420	34639401	-	13.94	14.87	>	6	4	86
690	chr2	131530224	131530205	-	13.92	25.86	>	6	4	86
691	chr4	20024128	20024109	+	13.91	12.516	>	6	4	86
692	chr8	74980870	74980851	-	13.81	30.2	>	6	4	86
693	chr18	75757719	75757700	+	13.734	18.78	>	6	4	86
694	chr7	89908147	89908128	-	13.72	13.79	>	6	4	86
695	chr4	150257406	150257387	+	13.72	23.58	>	6	4	86
696	chr2	55022781	55022762	-	13.664	7.77	>	6	4	86
697	chr18	64506771	64506752	-	13.63	18.4	>	6	4	86
698	chr14	123353156	123353137	-	13.61	11.6	>	6	4	86
699	chr4	139872794	139872775	+	13.59	35.75	>	6	4	86
700	chr13	51839869	51839850	+	13.586	21.19	>	6	4	86
701	chr5	146162789	146162770	+	13.516	23.42	>	6	4	86
702	chr9	83785201	83785182	+	13.49	14.66	>	6	4	86
703	chr3	59079480	59079461	+	13.44	28.77	>	6	4	86
704	chr10	11345312	11345293	-	13.375	5.086	>	6	4	86
705	chr11	46252188	46252169	-	13.34	28.12	>	6	4	86
706	chr4	85404971	85404952	+	13.32	14.11	>	6	4	86
707	chr4	130738774	130738755	+	13.31	16.47	>	6	4	86
708	chr5	86432914	86432895	+	13.305	16.02	>	6	4	86
709	chr3	22306829	22306810	+	13.266	18.6	>	6	4	86
710	chr2	91930225	91930206	-	13.25	19.55	>	6	4	86
711	chr6	108417714	108417695	+	13.234	10.66	>	6	4	86
712	chr12	17011790	17011771	-	13.16	20.73	>	6	4	86
713	chr5	87551137	87551118	-	13.15	21.52	>	6	4	86
714	chr4	106227683	106227664	-	13.14	14.38	>	6	4	86
715	chr4	139877472	139877453	+	13.1	27.4	>	6	4	86
716	chr1	88742593	88742574	-	13.086	17.75	>	6	4	86
717	chr3	52254088	52254069	+	13.02	34.16	>	6	4	86
718	chr9	73159469	73159450	+	12.99	27.5	>	6	4	86
719	chr7	29297253	29297234	-	12.984	28.8	>	6	4	86
720	chr13	116312336	116312317	-	12.93	10.21	>	6	4	86
721	chr2	157117146	157117127	-	12.91	21.92	>	6	4	86
722	chr9	60243712	60243693	+	12.89	13.59	>	6	4	86
723	chr1	179845066	179845047	-	12.88	17.89	>	6	4	86
724	chr11	103332754	103332735	+	12.875	24.97	>	6	4	86
725	chr1	53032774	53032755	-	12.87	13.05	>	6	4	86
726	chr8	45345197	45345178	+	12.81	16.72	>	6	4	86
727	chr12	113216133	113216114	+	12.74	53.7	>	6	4	86
728	chr15	36152194	36152175	-	12.72	16.9	>	6	4	86
729	chr1	72876274	72876255	+	12.69	17.11	>	6	4	86
730	chr9	14774009	14773990	+	12.664	9.0	>	6	4	86
731	chr12	74317197	74317178	-	12.664	11.76	>	6	4	86
732	chr7	107819649	107819630	-	12.64	16.3	>	6	4	86
733	chr13	55327907	55327888	+	12.64	17.61	>	6	4	86
734	chr3	54796015	54795996	+	12.63	22.77	>	6	4	86
735	chr6	60963937	60963918	+	12.61	7.094	>	6	4	86
736	chr8	21981891	21981872	-	12.61	17.33	>	6	4	86
737	chr10	38269349	38269330	-	12.52	19.28	>	6	4	86
738	chr6	51170619	51170600	-	12.5	20.02	>	6	4	86
739	chr2	148110356	148110337	-	12.43	16.03	>	6	4	86
740	chr1	88301823	88301804	-	12.42	19.61	>	6	4	86
741	chr6	115037959	115037940	-	12.33	15.375	>	6	4	86
742	chr16	11980974	11980955	+	12.33	3.668	>	6	4	86
743	chr15	44832771	44832752	-	12.31	24.2	>	6	4	86
744	chr19	26193888	26193869	-	12.29	7.65	>	6	4	86
745	chr17	8988263	8988244	-	12.29	10.71	>	6	4	86
746	chr14	66358860	66358841	+	12.28	18.22	>	6	4	86
747	chr12	40832432	40832413	-	12.26	13.56	>	6	4	86
748	chr2	53206958	53206939	-	12.18	12.55	>	6	4	86
749	chr16	42914617	42914598	+	12.16	7.133	>	6	4	86
750	chr11	111523686	111523667	-	12.14	23.53	>	6	4	86
751	chr6	121556678	121556659	+	12.11	18.8	>	6	4	86
752	chr7	43926199	43926180	-	12.1	21.69	>	6	4	86
753	chr3	3311028	3311009	+	12.09	10.74	>	6	4	86
754	chr12	17018680	17018661	+	12.04	21.19	>	6	4	86
755	chr18	33794794	33794775	+	11.97	24.89	>	6	4	86
756	chr15	73791915	73791896	+	11.96	24.61	>	6	4	86
757	chr12	82489256	82489237	+	11.945	11.805	>	6	4	86
758	chr19	37559803	37559784	+	11.91	21.4	>	6	4	86
759	chr12	36195155	36195136	-	11.91	7.07	>	6	4	86
760	chr3	30515246	30515227	-	11.875	11.664	>	6	4	86
761	chr19	27426681	27426662	-	11.81	11.945	>	6	4	86
762	chr2	75590427	75590408	-	11.75	21.66	>	6	4	86
763	chr2	17849498	17849479	+	11.75	6.633	>	6	4	86
764	chr9	83371155	83371136	-	11.75	6.18	>	6	4	86
765	chr9	30936846	30936827	-	11.734	17.67	>	6	4	86
766	chr15	94690037	94690018	+	11.73	23.03	>	6	4	86
767	chr2	147379133	147379114	+	11.69	9.875	>	6	4	86
768	chr4	121232314	121232295	-	11.664	7.945	>	6	4	86
769	chr18	56333219	56333200	-	11.64	4.934	>	6	4	86
770	chr16	25952209	25952190	-	11.64	6.688	>	6	4	86
771	chr13	94976326	94976307	+	11.63	16.62	>	6	4	86
772	chr2	30942898	30942879	-	11.57	22.28	>	6	4	86
773	chr6	104479441	104479422	+	11.55	10.57	>	6	4	86
774	chr5	113080039	113080020	-	11.52	26.94	>	6	4	86
775	chr16	30550607	30550588	-	11.52	17.62	>	6	4	86
776	chr1	160194976	160194957	+	11.51	18.28	>	6	4	86
777	chr11	56116782	56116763	-	11.48	30.47	>	6	4	86
778	chr6	112484521	112484502	-	11.48	12.14	>	6	4	86
779	chr14	21853546	21853527	-	11.445	30.66	>	6	4	86
780	chr9	58534993	58534974	+	11.414	20.97	>	6	4	86
781	chr17	73302318	73302299	+	11.414	39.62	>	6	4	86
782	chr1	85842459	85842440	-	11.41	14.02	>	6	4	86
783	chr17	16926410	16926391	-	11.35	2.584	>	6	4	86
784	chr12	29894861	29894842	+	11.31	16.72	>	6	4	86
785	chr2	127832989	127832970	+	11.22	7.293	>	6	4	86
786	chr16	20724653	20724634	+	11.18	15.11	>	6	4	86
787	chr1	180811112	180811093	-	11.164	28.33	>	6	4	86
788	chr13	109210611	109210592	-	11.16	17.5	>	6	4	86
789	chr18	5990207	5990188	-	11.14	3.14	>	6	4	86
790	chr18	12102268	12102249	-	11.125	23.38	>	6	4	86
791	chr19	59380193	59380174	+	11.08	23.9	>	6	4	86
792	chr2	101665476	101665457	+	11.055	26.06	>	6	4	86
793	chr12	108541242	108541223	-	11.02	27.9	>	6	4	86
794	chr2	32583648	32583629	+	11.016	30.19	>	6	4	86
795	chr1	181881807	181881788	-	10.98	11.91	>	6	4	86
796	chr5	117506576	117506557	+	10.94	40.06	>	6	4	86
797	chr1	38789153	38789134	+	10.89	22.95	>	6	4	86
798	chr10	102445139	102445120	-	10.875	19.4	>	6	4	86
799	chr12	81788941	81788922	+	10.87	12.51	>	6	4	86
800	chr9	78233462	78233443	-	10.86	15.93	>	6	4	86
801	chr10	96618527	96618508	+	10.86	3.014	>	6	4	86
802	chr8	84639419	84639400	-	10.85	34.7	>	6	4	86
803	chr17	8468905	8468886	+	10.85	20.27	>	6	4	86
804	chr2	67535551	67535532	+	10.83	7.83	>	6	4	86
805	chr18	52947340	52947321	+	10.82	10.15	>	6	4	86
806	chr13	72625410	72625391	-	10.78	6.715	>	6	4	86
807	chr11	31942449	31942430	+	10.69	22.72	>	6	4	86
808	chr1	6190743	6190724	-	10.63	7.344	>	6	4	86
809	chr7	74367549	74367530	+	10.6	15.16	>	6	4	86
810	chr4	22482970	22482951	+	10.58	4.45	>	6	4	86
811	chr13	20298018	20297999	+	10.56	24.86	>	6	4	86
812	chr16	75325511	75325492	-	10.484	5.44	>	6	4	86
813	chr6	54586377	54586358	+	10.44	8.14	>	6	4	86
814	chr14	59604211	59604192	-	10.375	15.664	>	6	4	86
815	chr2	107946040	107946021	-	10.31	11.08	>	6	4	86
816	chr1	62701219	62701200	-	10.3	12.74	>	6	4	86
817	chr7	75914120	75914101	+	10.266	24.1	>	6	4	86
818	chr5	98167679	98167660	+	10.26	12.875	>	6	4	86
819	chr9	99671799	99671780	+	10.23	22.52	>	6	4	86
820	chr1	179847901	179847882	+	10.16	11.88	>	6	4	86
821	chr15	80080817	80080798	-	10.15	32.28	>	6	4	86
822	chr6	137747756	137747737	-	10.09	27.12	>	6	4	86
823	chr6	77249625	77249606	-	10.09	6.945	>	6	4	86
824	chr5	149049190	149049171	-	10.08	15.81	>	6	4	86
825	chr18	32814407	32814388	-	10.07	2.566	>	6	4	86
826	chr11	46258405	46258386	-	10.06	20.3	>	6	4	86
827	chr11	81974830	81974811	-	10.01	5.44	>	6	4	86
828	chr19	48414047	48414028	+	9.99	12.77	>	6	4	86
829	chr11	34836484	34836465	+	9.86	20.75	>	6	4	86
830	chr17	24437345	24437326	-	9.81	19.33	>	6	4	86
831	chr6	59208753	59208734	-	9.734	12.92	>	6	4	86
832	chr13	37325694	37325675	-	9.734	20.84	>	6	4	86
833	chr11	43412967	43412948	-	9.72	22.2	>	6	4	86
834	chr13	49651342	49651323	-	9.71	2.496	>	6	4	86
835	chr7	143151380	143151361	+	9.69	18.05	>	6	4	86
836	chr16	4285478	4285459	-	9.67	7.94	>	6	4	86
837	chr11	29715017	29714998	-	9.664	9.12	>	6	4	86
838	chr3	134654263	134654244	+	9.62	3.898	>	6	4	86
839	chr8	28978824	28978805	-	9.57	7.504	>	6	4	86
840	chr13	54062269	54062250	-	9.55	10.02	>	6	4	86
841	chr9	32585514	32585495	+	9.516	12.72	>	6	4	86
842	chr7	73648212	73648193	-	9.484	13.375	>	6	4	86
843	chr19	27425889	27425870	-	9.44	11.26	>	6	4	86
844	chr13	100854377	100854358	-	9.42	17.78	>	6	4	86
845	chr5	140749784	140749765	-	9.414	22.17	>	6	4	86
846	chr4	127027444	127027425	+	9.4	22.48	>	6	4	86
847	chr11	109221866	109221847	-	9.3	9.67	>	6	4	86
848	chr16	16596794	16596775	+	9.28	5.977	>	6	4	86
849	chr2	128605294	128605275	-	9.25	9.07	>	6	4	86
850	chr2	61492265	61492246	+	9.25	6.99	>	6	4	86
851	chr10	74217479	74217460	+	9.22	7.7	>	6	4	86
852	chr9	68016722	68016703	+	9.2	8.305	>	6	4	86
853	chr6	144248136	144248117	+	9.19	7.742	>	6	4	86
854	chr13	51191948	51191929	+	9.17	5.492	>	6	4	86
855	chr2	103424848	103424829	-	9.164	12.29	>	6	4	86
856	chr7	64751734	64751715	-	9.13	16.66	>	6	4	86
857	chr7	27160004	27159985	+	9.125	14.17	>	6	4	86
858	chr13	95986545	95986526	+	9.08	13.76	>	6	4	86
859	chr5	135118653	135118634	+	9.08	29.22	>	6	4	86
860	chr10	49786914	49786895	-	9.07	0.785	>	6	4	86
861	chr1	51639072	51639053	+	9.02	3.22	>	6	4	86
862	chr14	105307894	105307875	+	8.95	2.453	>	6	4	86
863	chr19	40231990	40231971	-	8.95	19.89	>	6	4	86
864	chr10	69656526	69656507	+	8.95	12.99	>	6	4	86
865	chr7	142714879	142714860	-	8.945	27.2	>	6	4	86
866	chr6	129256260	129256241	-	8.93	14.53	>	6	4	86
867	chr5	138199783	138199764	+	8.9	8.414	>	6	4	86
868	chr8	36193738	36193719	+	8.89	10.43	>	6	4	86
869	chr11	49597354	49597335	+	8.87	6.92	>	6	4	86
870	chr1	139405977	139405958	-	8.86	4.043	>	6	4	86
871	chr3	124289118	124289099	-	8.84	12.69	>	6	4	86
872	chr9	13196005	13195986	-	8.83	30.6	>	6	4	86
873	chr14	115819240	115819221	+	8.83	10.71	>	6	4	86
874	chr5	146914595	146914576	+	8.82	39.7	>	6	4	86
875	chr4	119223866	119223847	-	8.766	16.34	>	6	4	86
876	chr15	85879204	85879185	-	8.76	17.27	>	6	4	86
877	chr4	124682485	124682466	+	8.7	17.45	>	6	4	86
878	chr17	34956526	34956507	+	8.695	22.17	>	6	4	86
879	chr12	39494054	39494035	-	8.65	2.455	>	6	4	86
880	chr9	34485824	34485805	-	8.625	10.6	>	6	4	86
881	chr2	180786948	180786929	+	8.57	17.27	>	6	4	86
882	chr4	62230989	62230970	+	8.57	12.25	>	6	4	86
883	chr2	16357480	16357461	+	8.55	2.205	>	6	4	86
884	chr17	9759516	9759497	+	8.54	11.53	>	6	4	86
885	chr10	13018670	13018651	+	8.54	19.64	>	6	4	86
886	chr4	32570820	32570801	-	8.52	6.645	>	6	4	86
887	chr9	86451919	86451900	-	8.49	16.77	>	6	4	86
888	chr7	139590495	139590476	+	8.49	20.39	>	6	4	86
889	chr16	31944169	31944150	+	8.445	14.11	>	6	4	86
890	chr3	104701211	104701192	-	8.44	24.84	>	6	4	86
891	chr2	160955546	160955527	-	8.414	14.05	>	6	4	86
892	chr18	32811889	32811870	+	8.4	4.918	>	6	4	86
893	chr14	115042240	115042221	-	8.4	14.734	>	6	4	86
894	chr2	28464119	28464100	-	8.33	19.16	>	6	4	86
895	chr2	76369931	76369912	+	8.28	9.1	>	6	4	86
896	chr3	107605512	107605493	+	8.28	12.57	>	6	4	86
897	chr14	121220891	121220872	-	8.23	10.8	>	6	4	86
898	chr1	103796539	103796520	+	8.22	10.74	>	6	4	86
899	chr16	23151589	23151570	+	8.21	3.11	>	6	4	86
900	chr5	33371346	33371327	-	8.19	15.74	>	6	4	86
901	chr13	103121088	103121069	-	8.18	6.016	>	6	4	86
902	chr10	60760529	60760510	+	8.14	24.72	>	6	4	86
903	chr1	169921787	169921768	+	8.12	12.62	>	6	4	86
904	chr13	42826816	42826797	-	8.11	17.0	>	6	4	86
905	chr6	72601930	72601911	+	8.11	24.06	>	6	4	86
906	chr7	81345319	81345300	-	7.99	7.87	>	6	4	86
907	chr11	33934471	33934452	+	7.98	18.27	>	6	4	86
908	chr18	77044808	77044789	-	7.97	11.42	>	6	4	86
909	chr7	67217278	67217259	+	7.926	7.28	>	6	4	86
910	chr2	164074027	164074008	+	7.906	10.22	>	6	4	86
911	chr3	45373410	45373391	+	7.855	1.438	>	6	4	86
912	chr1	152768355	152768336	-	7.84	9.35	>	6	4	86
913	chr11	102267665	102267646	-	7.81	17.44	>	6	4	86
914	chr11	43411664	43411645	-	7.81	21.72	>	6	4	86
915	chr2	129880054	129880035	+	7.805	6.484	>	6	4	86
916	chr11	81972241	81972222	+	7.797	9.07	>	6	4	86
917	chr9	65581143	65581124	-	7.793	11.17	>	6	4	86
918	chr4	106228720	106228701	+	7.727	13.9	>	6	4	86
919	chr6	119467876	119467857	+	7.703	18.1	>	6	4	86
920	chr10	122794511	122794492	+	7.695	15.734	>	6	4	86
921	chr14	34813484	34813465	-	7.69	11.805	>	6	4	86
922	chr15	19280629	19280610	+	7.68	3.066	>	6	4	86
923	chr13	38235597	38235578	-	7.676	11.836	>	6	4	86
924	chr13	21710105	21710086	+	7.67	14.95	>	6	4	86
925	chr11	104231353	104231334	-	7.67	18.38	>	6	4	86
926	chr6	86401304	86401285	-	7.64	23.28	>	6	4	86
927	chr4	24245320	24245301	-	7.633	3.027	>	6	4	86
928	chr9	29655082	29655063	+	7.613	20.11	>	6	4	86
929	chr9	58535957	58535938	-	7.605	16.9	>	6	4	86
930	chr5	112427478	112427459	-	7.598	9.93	>	6	4	86
931	chr4	140539353	140539334	-	7.58	22.9	>	6	4	86
932	chr14	105302910	105302891	+	7.57	4.605	>	6	4	86
933	chr7	19713404	19713385	-	7.543	26.19	>	6	4	86
934	chr1	127487367	127487348	-	7.52	14.33	>	6	4	86
935	chr19	56806125	56806106	-	7.504	5.934	>	6	4	86
936	chr19	47175662	47175643	-	7.46	21.67	>	6	4	86
937	chr2	150795624	150795605	-	7.44	6.633	>	6	4	86
938	chr2	137114826	137114807	+	7.438	4.08	>	6	4	86
939	chr10	119244230	119244211	+	7.434	4.305	>	6	4	86
940	chr5	117094622	117094603	+	7.42	22.22	>	6	4	86
941	chr11	67100384	67100365	-	7.42	22.83	>	6	4	86
942	chr5	30686988	30686969	+	7.41	18.64	>	6	4	86
943	chr8	105291139	105291120	-	7.41	11.78	>	6	4	86
944	chr7	143470174	143470155	-	7.39	17.94	>	6	4	86
945	chr15	8099290	8099271	-	7.35	8.336	>	6	4	86
946	chr7	119015949	119015930	+	7.34	17.75	>	6	4	86
947	chr17	56306039	56306020	-	7.305	16.48	>	6	4	86
948	chr1	134636895	134636876	+	7.3	5.97	>	6	4	86
949	chr17	65541217	65541198	+	7.258	9.125	>	6	4	86
950	chr14	49218880	49218861	+	7.25	8.47	>	6	4	86
951	chr1	25527154	25527135	+	7.2	7.453	>	6	4	86
952	chr1	146515575	146515556	+	7.18	3.11	>	6	4	86
953	chr9	44109578	44109559	+	7.176	33.9	>	6	4	86
954	chr11	108889358	108889339	+	7.15	8.016	>	6	4	86
955	chr7	138398615	138398596	+	7.117	4.707	>	6	4	86
956	chr5	32204842	32204823	+	7.11	6.15	>	6	4	86
957	chr8	14859581	14859562	+	7.1	5.27	>	6	4	86
958	chr11	95676507	95676488	-	7.09	14.555	>	6	4	86
959	chr6	85141186	85141167	+	7.08	33.56	>	6	4	86
960	chr14	20340404	20340385	-	7.04	15.81	>	6	4	86
961	chr1	193130339	193130320	-	7.023	5.71	>	6	4	86
962	chr9	98032882	98032863	+	6.992	4.73	>	6	4	86
963	chr7	143793289	143793270	+	6.98	21.42	>	6	4	86
964	chr12	32292312	32292293	-	6.895	8.26	>	6	4	86
965	chr17	45724453	45724434	-	6.89	12.125	>	6	4	86
966	chr14	102512314	102512295	+	6.89	1.602	>	6	4	86
967	chr8	11943038	11943019	+	6.88	5.47	>	6	4	86
968	chr7	83553561	83553542	+	6.867	8.27	>	6	4	86
969	chr9	64960779	64960760	-	6.85	16.31	>	6	4	86
970	chr9	30426996	30426977	+	6.832	15.31	>	6	4	86
971	chr11	119249183	119249164	+	6.785	23.48	>	6	4	86
972	chr8	90795542	90795523	+	6.77	10.67	>	6	4	86
973	chr2	113498926	113498907	-	6.766	9.86	>	6	4	86
974	chr13	62926662	62926643	+	6.75	4.73	>	6	4	86
975	chr1	127485025	127485006	+	6.715	16.44	>	6	4	86
976	chr17	78592615	78592596	+	6.715	8.945	>	6	4	86
977	chr2	118246134	118246115	-	6.668	13.72	>	6	4	86
978	chr2	92474875	92474856	-	6.652	13.95	>	6	4	86
979	chr7	17061423	17061404	+	6.645	15.1	>	6	4	86
980	chr10	122090678	122090659	+	6.63	8.38	>	6	4	86
981	chr13	64448147	64448128	+	6.594	17.92	>	6	4	86
982	chr2	34642611	34642592	-	6.562	14.51	>	6	4	86
983	chr5	117509743	117509724	+	6.54	26.92	>	6	4	86
984	chr7	131371109	131371090	+	6.516	4.71	>	6	4	86
985	chr6	94054143	94054124	-	6.5	13.34	>	6	4	86
986	chr14	20697228	20697209	+	6.465	17.88	>	6	4	86
987	chr10	122798121	122798102	+	6.46	15.23	>	6	4	86
988	chr13	14196604	14196585	+	6.45	1.613	>	6	4	86
989	chr3	118991976	118991957	+	6.438	8.26	>	6	4	86
990	chr9	107231295	107231276	-	6.434	7.414	>	6	4	86
991	chr15	24557016	24556997	-	6.418	3.371	>	6	4	86
992	chr2	178407758	178407739	+	6.414	11.43	>	6	4	86
993	chr9	90683476	90683457	-	6.38	1.322	>	6	4	86
994	chr6	22968335	22968316	-	6.34	6.418	>	6	4	86
995	chr12	67217811	67217792	+	6.336	1.95	>	6	4	86
996	chr10	82910438	82910419	+	6.277	10.99	>	6	4	86
997	chr7	49125716	49125697	+	6.258	16.88	>	6	4	86
998	chr11	119491305	119491286	-	6.215	10.81	>	6	4	86
999	chr11	32341308	32341289	-	6.21	14.555	>	6	4	86
1000	chr19	8713406	8713387	+	6.19	10.44	>	6	4	86
1001	chr4	48048044	48048025	+	6.152	6.21	>	6	4	86
1002	chr11	52764825	52764806	+	6.15	7.75	>	6	4	86
1003	chr13	20564636	20564617	-	6.145	4.82	>	6	4	86
1004	chr10	39105011	39104992	-	6.14	7.152	>	6	4	86
1005	chr11	98909856	98909837	-	6.117	18.95	>	6	4	86
1006	chr1	151025102	151025083	+	6.117	4.496	>	6	4	86
1007	chr5	98167777	98167758	-	6.113	9.555	>	6	4	86
1008	chr8	88118562	88118543	+	6.062	3.66	>	6	4	86
1009	chr16	92511934	92511915	+	6.035	16.34	>	6	4	86
1010	chr15	25792295	25792276	-	6.008	6.87	>	6	4	86
1011	chr13	92751194	92751175	+	5.938	12.68	>	6	4	86
1012	chr5	101688793	101688774	-	5.934	12.51	>	6	4	86
1013	chr7	112023252	112023233	+	5.93	8.26	>	6	4	86
1014	chr14	21854038	21854019	-	5.914	27.36	>	6	4	86
1015	chr8	32003733	32003714	-	5.9	2.012	>	6	4	86
1016	chr13	53095394	53095375	-	5.867	6.086	>	6	4	86
1017	chr1	182554179	182554160	+	5.836	10.15	>	6	4	86
1018	chr6	18381568	18381549	+	5.832	1.955	>	6	4	86
1019	chr9	77389590	77389571	+	5.832	5.68	>	6	4	86
1020	chr16	5254481	5254462	-	5.812	12.77	>	6	4	86
1021	chr2	93199625	93199606	+	5.797	14.08	>	6	4	86
1022	chr9	81631651	81631632	-	5.793	3.863	>	6	4	86
1023	chr2	152887412	152887393	-	5.78	4.652	>	6	4	86
1024	chr4	153481137	153481118	-	5.766	3.3	>	6	4	86
1025	chr8	72239706	72239687	-	5.754	5.32	>	6	4	86
1026	chr18	65750236	65750217	-	5.703	2.543	>	6	4	86
1027	chr6	61311882	61311863	-	5.68	7.43	>	6	4	86
1028	chr18	46143625	46143606	+	5.676	6.477	>	6	4	86
1029	chr6	120836118	120836099	+	5.64	7.797	>	6	4	86
1030	chr6	100563990	100563971	-	5.625	4.164	>	6	4	86
1031	chr3	13475098	13475079	-	5.61	1.948	>	6	4	86
1032	chr2	132262968	132262949	+	5.6	7.164	>	6	4	86
1033	chr11	103334169	103334150	+	5.594	12.02	>	6	4	86
1034	chr6	54255029	54255010	+	5.586	4.35	>	6	4	86
1035	chr13	101711018	101710999	+	5.543	9.15	>	6	4	86
1036	chr5	39644761	39644742	-	5.54	3.531	>	6	4	86
1037	chr8	90795201	90795182	-	5.516	4.996	>	6	4	86
1038	chr18	23162646	23162627	+	5.51	1.562	>	6	4	86
1039	chr16	78165563	78165544	+	5.477	7.39	>	6	4	86
1040	chr2	96584106	96584087	-	5.44	3.29	>	6	4	86
1041	chr12	72070473	72070454	+	5.426	11.336	>	6	4	86
1042	chr12	24708691	24708672	+	5.414	9.914	>	6	4	86
1043	chr8	92367135	92367116	-	5.406	6.984	>	6	4	86
1044	chr17	83866777	83866758	+	5.4	23.0	>	6	4	86
1045	chr13	55322636	55322617	-	5.4	7.0	>	6	4	86
1046	chr6	88893771	88893752	-	5.395	16.78	>	6	4	86
1047	chr19	8718731	8718712	-	5.383	8.6	>	6	4	86
1048	chr12	59220179	59220160	-	5.38	2.5	>	6	4	86
1049	chr14	60784526	60784507	+	5.367	16.06	>	6	4	86
1050	chr3	153658591	153658572	+	5.33	6.258	>	6	4	86
1051	chr9	77386949	77386930	-	5.312	12.24	>	6	4	86
1052	chr10	83219903	83219884	+	5.312	6.188	>	6	4	86
1053	chr6	15176967	15176948	-	5.31	2.947	>	6	4	86
1054	chr2	152604207	152604188	-	5.27	19.44	>	6	4	86
1055	chr2	39003369	39003350	-	5.26	1.671	>	6	4	86
1056	chr16	31425707	31425688	-	5.254	13.484	>	6	4	86
1057	chr5	137503018	137502999	-	5.227	3.691	>	6	4	86
1058	chr18	13973086	13973067	-	5.207	0.71	>	6	4	86
1059	chr17	68849016	68848997	-	5.2	1.891	>	6	4	86
1060	chr2	128408931	128408912	-	5.19	8.72	>	6	4	86
1061	chr14	97559790	97559771	-	5.16	2.041	>	6	4	86
1062	chr8	67903864	67903845	-	5.13	6.113	>	6	4	86
1063	chr14	56888181	56888162	-	5.125	3.316	>	6	4	86
1064	chr4	132198465	132198446	+	5.125	11.19	>	6	4	86
1065	chr2	39005861	39005842	-	5.12	3.883	>	6	4	86
1066	chr7	137471679	137471660	-	5.1	19.97	>	6	4	86
1067	chr6	64949075	64949056	+	5.09	5.168	>	6	4	86
1068	chr18	16821148	16821129	+	5.043	1.935	>	6	4	86
1069	chr2	93813566	93813547	+	5.04	13.086	>	6	4	86
1070	chr6	126481478	126481459	-	5.023	10.89	>	6	4	86
1071	chr1	181881093	181881074	-	4.984	10.19	>	6	4	86
1072	chr6	108065822	108065803	-	4.977	6.67	>	6	4	86
1073	chr4	88550373	88550354	+	4.938	4.04	>	6	4	86
1074	chr5	137502167	137502148	+	4.867	8.81	>	6	4	86
1075	chr8	77618148	77618129	-	4.86	4.188	>	6	4	86
1076	chr7	120098024	120098005	+	4.855	7.22	>	6	4	86
1077	chr2	75152706	75152687	-	4.824	10.55	>	6	4	86
1078	chr11	87950193	87950174	+	4.78	11.09	>	6	4	86
1079	chr11	94598936	94598917	-	4.746	10.49	>	6	4	86
1080	chr1	10229119	10229100	+	4.746	0.972	>	6	4	86
1081	chr7	143476888	143476869	+	4.746	8.89	>	6	4	86
1082	chr9	102607693	102607674	-	4.715	3.604	>	6	4	86
1083	chr8	32009749	32009730	+	4.71	6.785	>	6	4	86
1084	chr3	99262117	99262098	-	4.707	1.889	>	6	4	86
1085	chr18	75607987	75607968	+	4.664	23.11	>	6	4	86
1086	chr7	75380211	75380192	-	4.64	2.41	>	6	4	86
1087	chr3	135863108	135863089	+	4.64	3.164	>	6	4	86
1088	chr4	87369015	87368996	-	4.625	9.125	>	6	4	86
1089	chr8	84639535	84639516	+	4.605	13.88	>	6	4	86
1090	chr15	74524301	74524282	+	4.586	13.7	>	6	4	86
1091	chr17	57007316	57007297	-	4.582	9.42	>	6	4	86
1092	chr11	30893985	30893966	+	4.547	0.9004	>	6	4	86
1093	chr19	57360190	57360171	-	4.543	2.654	>	6	4	86
1094	chr8	110102657	110102638	-	4.53	9.24	>	6	4	86
1095	chr7	135389259	135389240	-	4.53	9.336	>	6	4	86
1096	chr4	152527530	152527511	+	4.516	13.99	>	6	4	86
1097	chr13	103710441	103710422	+	4.5	4.57	>	6	4	86
1098	chr10	120896053	120896034	+	4.5	2.322	>	6	4	86
1099	chr18	5155632	5155613	-	4.484	6.39	>	6	4	86
1100	chr12	80141693	80141674	-	4.45	17.05	>	6	4	86
1101	chr5	118763566	118763547	-	4.418	12.81	>	6	4	86
1102	chr12	14150175	14150156	+	4.406	3.688	>	6	4	86
1103	chr10	128990300	128990281	-	4.4	8.03	>	6	4	86
1104	chr10	30834038	30834019	-	4.37	4.473	>	6	4	86
1105	chr6	50618483	50618464	+	4.367	12.766	>	6	4	86
1106	chr15	9748972	9748953	-	4.36	3.496	>	6	4	86
1107	chr16	92308164	92308145	-	4.355	11.22	>	6	4	86
1108	chr2	9881964	9881945	-	4.355	2.918	>	6	4	86
1109	chr8	123106089	123106070	+	4.336	8.18	>	6	4	86
1110	chr5	98346264	98346245	+	4.324	2.342	>	6	4	86
1111	chr10	40249841	40249822	-	4.316	12.23	>	6	4	86
1112	chr3	141457685	141457666	+	4.312	4.707	>	6	4	86
1113	chr9	40192620	40192601	-	4.3	2.145	>	6	4	86
1114	chr9	72448248	72448229	+	4.29	7.78	>	6	4	86
1115	chr13	24316809	24316790	-	4.273	3.682	>	6	4	86
1116	chr1	50927249	50927230	+	4.258	4.5	>	6	4	86
1117	chr11	102690417	102690398	-	4.223	12.195	>	6	4	86
1118	chr4	116627141	116627122	+	4.207	6.52	>	6	4	86
1119	chr15	76198817	76198798	+	4.164	10.72	>	6	4	86
1120	chr15	12113620	12113601	-	4.156	3.312	>	6	4	86
1121	chr1	115675059	115675040	+	4.152	5.223	>	6	4	86
1122	chr2	34644807	34644788	-	4.15	8.266	>	6	4	86
1123	chr2	166084974	166084955	-	4.133	18.12	>	6	4	86
1124	chr11	21571906	21571887	-	4.13	2.105	>	6	4	86
1125	chr15	9449709	9449690	-	4.062	0.543	>	6	4	86
1126	chr5	92664520	92664501	-	4.055	3.326	>	6	4	86
1127	chr12	77001216	77001197	+	4.043	1.105	>	6	4	86
1128	chr6	93757507	93757488	-	4.01	5.273	>	6	4	86
1129	chr19	56302794	56302775	+	4.01	3.797	>	6	4	86
1130	chr13	71954038	71954019	-	4.008	1.19	>	6	4	86
1131	chr4	17852015	17851996	-	4.0	0.8535	>	6	4	86
1132	chr18	39136126	39136107	+	3.992	1.932	>	6	4	86
1133	chr1	153489234	153489215	-	3.99	7.715	>	6	4	86
1134	chr9	66136172	66136153	-	3.988	5.383	>	6	4	86
1135	chr11	109621431	109621412	-	3.979	11.484	>	6	4	86
1136	chr13	91723318	91723299	+	3.959	5.49	>	6	4	86
1137	chr13	3642291	3642272	-	3.959	4.75	>	6	4	86
1138	chr13	47304770	47304751	+	3.957	6.746	>	6	4	86
1139	chr2	121144456	121144437	+	3.953	4.504	>	6	4	86
1140	chr13	93772223	93772204	-	3.928	3.56	>	6	4	86
1141	chr10	70967079	70967060	+	3.916	4.88	>	6	4	86
1142	chr13	59417085	59417066	-	3.91	5.0	>	6	4	86
1143	chr7	102484972	102484953	-	3.883	7.0	>	6	4	86
1144	chr5	38235667	38235648	-	3.879	10.78	>	6	4	86
1145	chr14	56885401	56885382	+	3.87	2.412	>	6	4	86
1146	chr11	75170669	75170650	-	3.861	7.984	>	6	4	86
1147	chr11	77980417	77980398	+	3.846	9.5	>	6	4	86
1148	chr9	94738712	94738693	+	3.828	14.92	>	6	4	86
1149	chr6	140466500	140466481	-	3.816	3.785	>	6	4	86
1150	chr19	57361025	57361006	-	3.814	6.484	>	6	4	86
1151	chr12	58972459	58972440	+	3.777	2.135	>	6	4	86
1152	chr2	61490636	61490617	+	3.775	5.23	>	6	4	86
1153	chr4	44310651	44310632	+	3.762	4.973	>	6	4	86
1154	chr11	52766147	52766128	+	3.734	1.83	>	6	4	86
1155	chr13	72627587	72627568	-	3.717	4.066	>	6	4	86
1156	chr9	23012459	23012440	-	3.71	1.704	>	6	4	86
1157	chr16	31427924	31427905	-	3.705	3.383	>	6	4	86
1158	chr12	29895773	29895754	+	3.691	1.481	>	6	4	86
1159	chr9	73154557	73154538	+	3.666	9.1	>	6	4	86
1160	chr1	127484437	127484418	-	3.66	8.8	>	6	4	86
1161	chr9	107566236	107566217	+	3.656	7.098	>	6	4	86
1162	chr2	68118338	68118319	+	3.652	4.36	>	6	4	86
1163	chr11	11140836	11140817	-	3.629	13.69	>	6	4	86
1164	chr12	74014936	74014917	-	3.627	5.97	>	6	4	86
1165	chr7	138396301	138396282	-	3.621	0.934	>	6	4	86
1166	chr14	103534605	103534586	+	3.617	5.312	>	6	4	86
1167	chr10	115164112	115164093	-	3.613	3.031	>	6	4	86
1168	chr7	119019764	119019745	+	3.598	7.113	>	6	4	86
1169	chr13	96389525	96389506	-	3.588	1.339	>	6	4	86
1170	chr14	74723724	74723705	-	3.586	5.766	>	6	4	86
1171	chr14	55114114	55114095	-	3.57	7.387	>	6	4	86
1172	chr9	62784468	62784449	+	3.562	12.84	>	6	4	86
1173	chr10	127678167	127678148	-	3.541	2.129	>	6	4	86
1174	chr17	55948218	55948199	-	3.535	4.3	>	6	4	86
1175	chr11	78183263	78183244	-	3.525	12.305	>	6	4	86
1176	chr6	59207403	59207384	-	3.508	1.477	>	6	4	86
1177	chr6	135416919	135416900	+	3.498	4.027	>	6	4	86
1178	chr5	122104403	122104384	+	3.492	11.98	>	6	4	86
1179	chr13	37971068	37971049	-	3.482	3.088	>	6	4	86
1180	chr5	114612410	114612391	+	3.48	13.6	>	6	4	86
1181	chr10	114442226	114442207	+	3.46	2.104	>	6	4	86
1182	chr2	145655527	145655508	-	3.44	2.05	>	6	4	86
1183	chr7	109507351	109507332	-	3.418	1.832	>	6	4	86
1184	chr16	10009965	10009946	+	3.402	4.965	>	6	4	86
1185	chr14	67969032	67969013	-	3.385	5.523	>	6	4	86
1186	chr5	140744055	140744036	-	3.348	10.35	>	6	4	86
1187	chr1	56984334	56984315	+	3.338	2.584	>	6	4	86
1188	chr2	137110782	137110763	+	3.328	1.323	>	6	4	86
1189	chr16	22267525	22267506	+	3.322	1.262	>	6	4	86
1190	chr16	4884595	4884576	-	3.3	2.822	>	6	4	86
1191	chr5	19458406	19458387	-	3.291	6.625	>	6	4	86
1192	chr1	84697217	84697198	-	3.29	7.492	>	6	4	86
1193	chr14	122903088	122903069	-	3.29	2.205	>	6	4	86
1194	chr7	64056729	64056710	-	3.273	1.214	>	6	4	86
1195	chr9	71624061	71624042	-	3.273	15.39	>	6	4	86
1196	chr9	96885958	96885939	-	3.271	10.016	>	6	4	86
1197	chr18	46964733	46964714	-	3.266	8.555	>	6	4	86
1198	chr3	122638475	122638456	+	3.26	4.82	>	6	4	86
1199	chr9	94733848	94733829	+	3.256	3.768	>	6	4	86
1200	chr1	167938404	167938385	-	3.25	6.79	>	6	4	86
1201	chr1	180811841	180811822	+	3.244	6.383	>	6	4	86
1202	chr10	42760472	42760453	+	3.229	1.784	>	6	4	86
1203	chr18	20598347	20598328	+	3.213	4.758	>	6	4	86
1204	chr17	71909305	71909286	+	3.203	3.572	>	6	4	86
1205	chr1	34459898	34459879	+	3.193	3.389	>	6	4	86
1206	chr4	117202234	117202215	-	3.191	9.61	>	6	4	86
1207	chr15	101313974	101313955	-	3.178	2.96	>	6	4	86
1208	chr16	13438138	13438119	+	3.176	1.241	>	6	4	86
1209	chr7	114878499	114878480	+	3.174	1.604	>	6	4	86
1210	chr11	109866735	109866716	+	3.166	2.812	>	6	4	86
1211	chr3	123509329	123509310	+	3.162	5.67	>	6	4	86
1212	chr3	114085881	114085862	-	3.146	0.5283	>	6	4	86
1213	chr4	120149384	120149365	-	3.145	8.09	>	6	4	86
1214	chr16	4549594	4549575	-	3.137	11.12	>	6	4	86
1215	chr15	78872224	78872205	+	3.133	9.35	>	6	4	86
1216	chr12	57231261	57231242	-	3.127	3.32	>	6	4	86
1217	chr9	71624949	71624930	-	3.125	15.0	>	6	4	86
1218	chr4	18963859	18963840	-	3.12	4.01	>	6	4	86
1219	chr8	40913366	40913347	-	3.115	1.625	>	6	4	86
1220	chr5	21645240	21645221	-	3.11	1.259	>	6	4	86
1221	chr10	68357244	68357225	+	3.094	1.353	>	6	4	86
1222	chr2	93812077	93812058	-	3.06	11.82	>	6	4	86
1223	chr12	75669431	75669412	-	3.05	4.1	>	6	4	86
1224	chr1	12844023	12844004	+	3.033	4.33	>	6	4	86
1225	chr12	86697142	86697123	+	3.025	6.996	>	6	4	86
1226	chr9	98033678	98033659	+	3.021	1.525	>	6	4	86
1227	chr19	37946902	37946883	+	3.02	4.082	>	6	4	86
1228	chr9	75271676	75271657	+	3.01	4.42	>	6	4	86
1229	chr11	55162881	55162862	+	2.996	3.625	>	6	4	86
1230	chr17	25274339	25274320	-	2.984	4.45	>	6	4	86
1231	chr6	108065317	108065298	+	2.984	5.535	>	6	4	86
1232	chr7	5071749	5071730	-	2.928	2.754	>	6	4	86
1233	chr3	152477906	152477887	-	2.922	3.295	>	6	4	86
1234	chr5	28090770	28090751	-	2.922	2.412	>	6	4	86
1235	chr14	78282622	78282603	+	2.91	2.186	>	6	4	86
1236	chr14	88480122	88480103	-	2.906	3.236	>	6	4	86
1237	chr7	107569047	107569028	+	2.902	1.588	>	6	4	86
1238	chr3	83777088	83777069	-	2.879	3.992	>	6	4	86
1239	chr8	48550865	48550846	+	2.871	0.592	>	6	4	86
1240	chr7	132575955	132575936	-	2.855	4.473	>	6	4	86
1241	chr14	79769127	79769108	-	2.852	4.36	>	6	4	86
1242	chr17	69974245	69974226	-	2.799	1.284	>	6	4	86
1243	chr12	66284211	66284192	-	2.793	5.484	>	6	4	86
1244	chr6	83796902	83796883	-	2.785	3.35	>	6	4	86
1245	chr9	44108077	44108058	+	2.785	11.375	>	6	4	86
1246	chr11	116023924	116023905	+	2.777	6.906	>	6	4	86
1247	chr3	86779824	86779805	-	2.775	8.64	>	6	4	86
1248	chr19	46056202	46056183	+	2.77	5.27	>	6	4	86
1249	chr10	108210181	108210162	-	2.762	0.674	>	6	4	86
1250	chr8	27001386	27001367	+	0.4329	0.4077	>	6	4	86
1251	chr17	28338029	28338010	-	0.252	0.265	>	6	4	86
1252	chr11	76445826	76445807	-	0.2268	0.1863	>	6	4	86
1253	chr5	144244146	144244127	-	0.311	0.3691	>	6	4	86
1254	chr14	79768803	79768784	-	0.3076	0.2808	>	6	4	86
1255	chr9	26778623	26778604	-	1.299	0.6914	>	6	4	86
1256	chr7	25392052	25392033	+	0.2487	0.242	>	6	4	86
1257	chr3	101484879	101484860	-	0.3438	0.528	>	6	4	86
1258	chr2	69113988	69113969	+	0.2472	0.1981	>	6	4	86
1259	chr13	29852447	29852428	-	0.1781	0.1941	>	6	4	86
1260	chr2	60213231	60213212	-	0.1073	0.1628	>	6	4	86
1261	chr2	171418157	171418138	-	0.1407	0.2131	>	6	4	86
1262	chr7	64392050	64392031	-	0.514	0.2006	>	6	4	86
1263	chr15	36157434	36157415	-	0.7227	0.836	>	6	4	86
1264	chr4	49662357	49662338	-	0.4692	0.2915	>	6	4	86
1265	chr4	48422356	48422337	+	1.027	0.5225	>	6	4	86
1266	chr18	82720514	82720495	+	0.1605	0.1409	>	6	4	86
1267	chr1	172022686	172022667	+	0.1733	0.1764	>	6	4	86
1268	chr7	139595890	139595871	+	0.1575	0.2125	>	6	4	86
1269	chr12	73007842	73007823	-	0.345	0.2974	>	6	4	86
1270	chr17	27192928	27192909	-	0.1056	0.4468	>	6	4	86
1271	chr1	53698960	53698941	+	0.557	0.255	>	6	4	86
1272	chr18	12734380	12734361	+	0.207	0.1383	>	6	4	86
1273	chr6	126767488	126767469	-	0.2039	0.2483	>	6	4	86
1274	chr2	92856249	92856230	-	2.734	0.857	>	6	4	86
1275	chr11	74572851	74572832	+	0.2646	0.2705	>	6	4	86
1276	chr9	59675637	59675618	-	0.4082	0.744	>	6	4	86
1277	chr15	55025647	55025628	+	0.1847	0.1536	>	6	4	86
1278	chr4	120579150	120579131	-	0.33	0.264	>	6	4	86
1279	chr15	74525720	74525701	+	0.2172	0.2104	>	6	4	86
1280	chr1	88748095	88748076	+	0.1973	0.1881	>	6	4	86
1281	chr15	32239655	32239636	-	0.2822	0.1587	>	6	4	86
1282	chr7	36571183	36571164	+	0.1103	0.1942	>	6	4	86
1283	chr11	113855351	113855332	-	0.1613	0.1947	>	6	4	86
1284	chr6	90609163	90609144	+	2.127	1.159	>	6	4	86
1285	chr3	146181407	146181388	-	0.2034	0.3416	>	6	4	86
1286	chr10	69857222	69857203	-	0.3232	0.3599	>	6	4	86
1287	chr2	158361425	158361406	-	0.5625	0.2502	>	6	4	86
1288	chr5	136268179	136268160	-	0.1886	0.2153	>	6	4	86
1289	chr16	11983350	11983331	-	1.634	1.076	>	6	4	86
1290	chr2	84437773	84437754	+	0.2305	0.14	>	6	4	86
1291	chr18	24002018	24001999	-	0.133	0.1333	>	6	4	86
1292	chr1	130151533	130151514	-	0.4075	0.3347	>	6	4	86
1293	chr9	59675855	59675836	+	0.3367	0.2161	>	6	4	86
1294	chr11	116840251	116840232	-	0.3374	0.637	>	6	4	86
1295	chr2	155819963	155819944	+	0.07886	0.146	>	6	4	86
1296	chr14	105301632	105301613	+	0.206	0.2114	>	6	4	86
1297	chr12	9044592	9044573	+	0.1821	0.2019	>	6	4	86
1298	chr18	13971224	13971205	-	0.5337	0.3596	>	6	4	86
1299	chr5	136267600	136267581	-	0.2751	0.189	>	6	4	86
1300	chr5	33371430	33371411	+	0.3992	0.1644	>	6	4	86
1301	chr14	51090397	51090378	-	0.4153	0.243	>	6	4	86
1302	chr1	77935072	77935053	+	0.1814	0.1729	>	6	4	86
1303	chr11	119246049	119246030	-	0.204	0.3367	>	6	4	86
1304	chr17	50274949	50274930	-	0.441	0.1749	>	6	4	86
1305	chr8	108956442	108956423	+	0.5635	0.3044	>	6	4	86
1306	chr11	66885340	66885321	+	0.1636	0.169	>	6	4	86
1307	chr7	30099945	30099926	-	0.1979	0.1757	>	6	4	86
1308	chr15	99973159	99973140	-	0.1998	0.3345	>	6	4	86
1309	chr5	16308949	16308930	+	0.1567	0.1411	>	6	4	86
1310	chr6	119466578	119466559	-	0.9824	0.9795	>	6	4	86
1311	chr2	136886679	136886660	+	0.7764	0.2095	>	6	4	86
1312	chr14	79763594	79763575	-	0.2852	0.151	>	6	4	86
1313	chr2	170416012	170415993	+	0.1837	0.1256	>	6	4	86
1314	chr4	41015236	41015217	-	0.1882	0.1434	>	6	4	86
1315	chr11	70975109	70975090	+	0.713	0.3914	>	6	4	86
1316	chr5	122773202	122773183	+	0.11584	0.1375	>	6	4	86
1317	chr4	128588031	128588012	-	0.2659	0.1909	>	6	4	86
1318	chr8	122576186	122576167	-	0.11285	0.1545	>	6	4	86
1319	chr7	76383989	76383970	+	0.1553	0.154	>	6	4	86
1320	chr9	41467019	41467000	-	0.2223	0.1565	>	6	4	86
1321	chr1	32712246	32712227	-	0.05322	0.1516	>	6	4	86
1322	chr16	23974866	23974847	-	0.5283	0.3425	>	6	4	86
1323	chr15	84066194	84066175	-	0.6196	1.17	>	6	4	86
1324	chr11	40148920	40148901	-	1.272	0.642	>	6	4	86
1325	chr7	27166488	27166469	-	0.306	0.491	>	6	4	86
1326	chr11	30240273	30240254	+	0.4001	0.2556	>	6	4	86
1327	chr2	69115969	69115950	-	0.1754	0.1587	>	6	4	86
1328	chr9	113420569	113420550	-	0.2261	0.2178	>	6	4	86
1329	chr12	99882528	99882509	-	0.2617	0.1387	>	6	4	86
1330	chr5	77347648	77347629	-	0.3625	0.4211	>	6	4	86
1331	chr10	49780455	49780436	+	0.2179	0.1394	>	6	4	86
1332	chr5	75855263	75855244	-	0.6416	0.4326	>	6	4	86
1333	chr2	124087358	124087339	-	0.6436	0.2075	>	6	4	86
1334	chr14	49219056	49219037	+	0.678	0.694	>	6	4	86
1335	chr5	147938091	147938072	+	0.368	0.1842	>	6	4	86
1336	chr11	32340288	32340269	+	0.1792	0.1648	>	6	4	86
1337	chr16	50181579	50181560	+	0.2006	0.1838	>	6	4	86
1338	chr16	20496121	20496102	-	0.6714	0.1777	>	6	4	86
1339	chr8	76775680	76775661	+	0.135	0.1975	>	6	4	86
1340	chr14	65597676	65597657	+	0.6543	0.452	>	6	4	86
1341	chr7	64754771	64754752	+	0.1351	0.2295	>	6	4	86
1342	chr2	166083979	166083960	-	0.2964	0.2065	>	6	4	86
1343	chr16	44140440	44140421	+	0.4607	0.3381	>	6	4	86
1344	chr12	90524338	90524319	-	0.3223	0.2983	>	6	4	86
1345	chr5	89391716	89391697	+	0.1626	0.1418	>	6	4	86
1346	chr9	59675438	59675419	-	0.2104	0.1542	>	6	4	86
1347	chr19	16339103	16339084	-	0.1967	0.1177	>	6	4	86
1348	chr13	30545067	30545048	+	0.3672	0.2915	>	6	4	86
1349	chr1	92462681	92462662	+	0.3916	0.1832	>	6	4	86
1350	chr4	84066283	84066264	-	0.1898	0.1552	>	6	4	86
1351	chr9	83373922	83373903	-	0.2197	0.1434	>	6	4	86
1352	chr4	88773969	88773950	-	0.9507	8.01	>	6	4	86
1353	chr9	123132258	123132239	-	0.1687	0.1416	>	6	4	86
1354	chr17	34958843	34958824	-	0.2079	0.5464	>	6	4	86
1355	chr12	50946225	50946206	+	0.2341	0.157	>	6	4	86
1356	chr13	73647252	73647233	+	0.267	0.1704	>	6	4	86
1357	chr11	83279300	83279281	-	0.4434	0.2251	>	6	4	86
1358	chr17	8986048	8986029	-	0.3325	0.212	>	6	4	86
1359	chr4	14935721	14935702	-	0.7095	0.296	>	6	4	86
1360	chr4	75076699	75076680	+	0.09125	0.2014	>	6	4	86
1361	chr5	114610713	114610694	+	0.0985	0.1626	>	6	4	86
1362	chr9	83378273	83378254	-	0.471	0.2808	>	6	4	86
1363	chr9	107773182	107773163	-	0.1786	0.1414	>	6	4	86
1364	chr9	41218030	41218011	+	0.1323	0.1355	>	6	4	86
1365	chr9	105644718	105644699	+	0.4255	0.1808	>	6	4	86
1366	chr8	84264441	84264422	-	1.261	1.4795	>	6	4	86
1367	chr4	135959453	135959434	+	0.112	0.2223	>	6	4	86
1368	chr1	24684268	24684249	+	0.4001	0.1942	>	6	4	86
1369	chr3	87748577	87748558	-	0.7593	0.4382	>	6	4	86
1370	chr9	54690950	54690931	+	0.11566	0.136	>	6	4	86
1371	chr15	82277690	82277671	-	0.9043	0.4492	>	6	4	86
1372	chr5	115498528	115498509	-	0.2693	0.2164	>	6	4	86
1373	chr9	56621276	56621257	+	0.10846	0.253	>	6	4	86
1374	chr18	81956733	81956714	-	0.2815	0.2637	>	6	4	86
1375	chr10	22791401	22791382	-	0.1346	0.2358	>	6	4	86
1376	chr15	82271301	82271282	+	0.836	0.1838	>	6	4	86
1377	chr12	69946159	69946140	+	0.555	0.455	>	6	4	86
1378	chr14	101442800	101442781	+	0.2983	0.1344	>	6	4	86
1379	chr2	164777017	164776998	-	0.5176	0.361	>	6	4	86
1380	chr10	24631573	24631554	-	1.178	1.224	>	6	4	86
1381	chr1	136528510	136528491	-	1.761	0.7373	>	6	4	86
1382	chr10	19222118	19222099	-	1.411	0.8228	>	6	4	86
1383	chr14	56885508	56885489	-	2.348	4.004	>	6	4	86
1384	chr8	85060493	85060474	-	0.9688	0.437	>	6	4	86
1385	chr11	96075822	96075803	-	0.9316	0.4944	>	6	4	86
1386	chr11	77476535	77476516	+	0.1632	0.2383	>	6	4	86
1387	chr1	81294004	81293985	-	0.905	0.562	>	6	4	86
1388	chr12	15520954	15520935	+	0.7183	0.4033	>	6	4	86
1389	chr7	66397054	66397035	+	0.1594	0.2107	>	6	4	86
1390	chr12	74014582	74014563	-	0.2377	0.1973	>	6	4	86
1391	chr5	144242554	144242535	-	0.241	0.1987	>	6	4	86
1392	chr15	66894943	66894924	+	0.2703	0.2021	>	6	4	86
1393	chr6	126484995	126484976	-	0.4333	1.278	>	6	4	86
1394	chr4	48427148	48427129	+	0.678	0.3833	>	6	4	86
1395	chr15	71459211	71459192	+	0.252	0.1731	>	6	4	86
1396	chr3	19896435	19896416	-	0.2361	0.1467	>	6	4	86
1397	chr8	68268707	68268688	-	0.1398	0.1492	>	6	4	86
1398	chr1	182555580	182555561	-	0.1982	0.1915	>	6	4	86
1399	chr9	44413186	44413167	-	0.534	0.393	>	6	4	86
1400	chr14	70151716	70151697	+	0.3604	0.2382	>	6	4	86
1401	chr4	62478250	62478231	+	0.438	0.1328	>	6	4	86
1402	chr3	127561629	127561610	-	0.2183	0.12354	>	6	4	86
1403	chr3	69139614	69139595	-	0.397	0.2261	>	6	4	86
1404	chr17	17919616	17919597	+	0.1678	0.167	>	6	4	86
1405	chr4	139314214	139314195	-	0.2279	0.269	>	6	4	86
1406	chr18	61952763	61952744	-	0.2372	0.1731	>	6	4	86
1407	chr9	7599188	7599169	+	0.33	0.191	>	6	4	86
1408	chr10	120898341	120898322	-	0.3386	0.1467	>	6	4	86
1409	chr11	57469613	57469594	-	0.1846	0.2297	>	6	4	86
1410	chr18	58480198	58480179	-	0.2095	0.1665	>	6	4	86
1411	chr17	12380527	12380508	-	0.658	0.591	>	6	4	86
1412	chr2	107940173	107940154	+	0.11664	0.1351	>	6	4	86
1413	chr2	32580534	32580515	-	0.2605	0.4055	>	6	4	86
1414	chr15	98813480	98813461	+	0.3496	0.5376	>	6	4	86
1415	chr6	54253893	54253874	+	0.1663	0.1743	>	6	4	86
1416	chr1	135800865	135800846	+	0.1766	0.1665	>	6	4	86
1417	chr15	58426369	58426350	+	0.1996	0.1519	>	6	4	86
1418	chr4	87367775	87367756	+	0.3853	0.1472	>	6	4	86
1419	chr2	96583103	96583084	-	0.809	0.3242	>	6	4	86
1420	chr4	63366959	63366940	-	0.1979	0.1753	>	6	4	86
1421	chr4	59761293	59761274	-	0.3435	0.2113	>	6	4	86
1422	chr10	7832162	7832143	+	0.2646	0.1672	>	6	4	86
1423	chr7	89904213	89904194	-	0.2908	0.156	>	6	4	86
1424	chr1	30697342	30697323	+	0.1025	0.1263	>	6	4	86
1425	chr1	58987602	58987583	+	0.2202	0.1498	>	6	4	86
1426	chr15	7452190	7452171	+	0.1405	0.12085	>	6	4	86
1427	chr4	139877044	139877025	+	0.3875	0.2688	>	6	4	86
1428	chr3	83291887	83291868	-	0.0825	0.137	>	6	4	86
1429	chr15	68912907	68912888	-	0.5024	0.2024	>	6	4	86
1430	chr14	64593744	64593725	-	1.073	0.5703	>	6	4	86
1431	chr1	56980349	56980330	-	0.2778	0.2322	>	6	4	86
1432	chr14	75833620	75833601	-	0.6006	0.4543	>	6	4	86
1433	chr16	62904648	62904629	-	0.217	0.1924	>	6	4	86
1434	chr5	35991229	35991210	-	1.033	1.082	>	6	4	86
1435	chr5	44287418	44287399	-	0.248	0.155	>	6	4	86
1436	chr15	76199915	76199896	-	0.07776	0.3071	>	6	4	86
1437	chr4	131240262	131240243	-	0.241	0.206	>	6	4	86
1438	chr5	102147917	102147898	-	0.228	0.2458	>	6	4	86
1439	chr3	93086926	93086907	+	0.0978	0.1787	>	6	4	86
1440	chr6	126163382	126163363	+	2.373	1.376	>	6	4	86
1441	chr3	45375769	45375750	+	1.051	0.2544	>	6	4	86
1442	chr16	90306219	90306200	-	0.3647	0.3506	>	6	4	86
1443	chr17	3249270	3249251	-	0.1843	0.136	>	6	4	86
1444	chr4	143024421	143024402	-	0.087	0.1317	>	6	4	86
1445	chr19	47513892	47513873	-	0.2471	0.1393	>	6	4	86
1446	chr6	66534595	66534576	-	1.387	0.675	>	6	4	86
1447	chr6	134963172	134963153	-	0.6475	0.5996	>	6	4	86
1448	chr14	56369245	56369226	+	0.2401	0.1912	>	6	4	86
1449	chr18	53460219	53460200	+	0.1775	0.162	>	6	4	86
1450	chr7	89476922	89476903	-	0.2163	0.1522	>	6	4	86
1451	chr6	34273116	34273097	+	0.0673	0.1545	>	6	4	86
1452	chr7	142295608	142295589	-	1.062	6.32	>	6	4	86
1453	chr3	22302208	22302189	+	0.992	0.3848	>	6	4	86
1454	chr6	31045994	31045975	-	0.7534	0.959	>	6	4	86
1455	chr9	57143378	57143359	-	0.1816	0.2302	>	6	4	86
1456	chr6	101268340	101268321	+	0.2712	0.1924	>	6	4	86
1457	chr9	58897456	58897437	-	0.7163	0.4846	>	6	4	86
1458	chr17	79601068	79601049	+	0.2245	0.12476	>	6	4	86
1459	chr16	5254607	5254588	-	0.2883	0.22	>	6	4	86
1460	chr4	83595536	83595517	+	1.783	1.041	>	6	4	86
1461	chr9	51159881	51159862	-	0.6875	0.266	>	6	4	86
1462	chr14	66354429	66354410	+	0.1142	0.1388	>	6	4	86
1463	chr5	117090283	117090264	+	0.5806	0.4014	>	6	4	86
1464	chr2	168061425	168061406	-	0.1733	0.2051	>	6	4	86
1465	chr5	9169228	9169209	+	0.3306	0.1686	>	6	4	86
1466	chr6	28418701	28418682	-	0.4202	0.266	>	6	4	86
1467	chr12	105038443	105038424	-	0.1501	0.2063	>	6	4	86
1468	chr1	182558143	182558124	-	0.2264	0.1511	>	6	4	86
1469	chr8	47713300	47713281	-	1.078	1.646	>	6	4	86
1470	chr18	47357393	47357374	+	0.2007	0.1278	>	6	4	86
1471	chr1	118771083	118771064	-	0.1254	0.2006	>	6	4	86
1472	chr16	6493044	6493025	-	0.1927	0.1516	>	6	4	86
1473	chr9	42951005	42950986	-	0.3914	0.2078	>	6	4	86
1474	chr13	53430986	53430967	-	0.6504	0.3672	>	6	4	86
1475	chr13	67609268	67609249	+	2.162	0.826	>	6	4	86
1476	chr1	53035072	53035053	+	0.1465	0.1494	>	6	4	86
1477	chr7	99471824	99471805	-	0.3745	0.4907	>	6	4	86
1478	chr11	36543574	36543555	-	0.1156	0.1614	>	6	4	86
1479	chr5	124334258	124334239	-	0.3428	0.273	>	6	4	86
1480	chr10	76771414	76771395	-	0.1296	0.2047	>	6	4	86
1481	chr10	4386719	4386700	+	0.32	0.4492	>	6	4	86
1482	chr5	116554091	116554072	+	0.0876	0.1714	>	6	4	86
1483	chr10	41734858	41734839	+	0.1406	0.2605	>	6	4	86
1484	chr10	50906875	50906856	-	0.2361	0.1674	>	6	4	86
1485	chr11	31651668	31651649	+	0.07605	0.1534	>	6	4	86
1486	chr6	116193190	116193171	+	0.3687	0.372	>	6	4	86
1487	chr1	188976509	188976490	+	0.343	0.1833	>	6	4	86
1488	chr12	101976095	101976076	+	0.681	0.4116	>	6	4	86
1489	chr15	75925915	75925896	+	0.6084	0.9233	>	6	4	86
1490	chr1	4777287	4777268	-	0.9443	1.425	>	6	4	86
1491	chr18	86560230	86560211	+	0.7866	1.138	>	6	4	86
1492	chr7	43574878	43574859	+	1.292	1.347	>	6	4	86
1493	chr7	98200601	98200582	-	0.2927	0.1711	>	6	4	86
1494	chr4	143319849	143319830	+	0.2299	0.1525	>	6	4	86
1495	chr2	128601696	128601677	-	0.1208	0.207	>	6	4	86
1496	chr17	57004491	57004472	-	0.1467	0.2932	>	6	4	86
1497	chr2	35196541	35196522	-	1.081	0.3997	>	6	4	86
1498	chr5	29779371	29779352	+	0.1531	0.1671	>	6	4	86
1499	chr10	93038429	93038410	-	0.163	0.1875	>	6	4	86
0	chr4	87368268	87368249	+	90.56	65.75	>	6	5	85
1	chr11	109860827	109860808	-	89.2	47.97	>	6	5	85
2	chr3	22309188	22309169	+	81.5	60.4	>	6	5	85
3	chr10	5161770	5161751	-	79.2	55.88	>	6	5	85
4	chr16	71247702	71247683	+	68.56	43.2	>	6	5	85
5	chr16	72980067	72980048	-	68.3	56.7	>	6	5	85
6	chr6	60556001	60555982	+	67.7	40.38	>	6	5	85
7	chr5	7996919	7996900	-	66.06	59.4	>	6	5	85
8	chr14	12140114	12140095	-	65.1	51.62	>	6	5	85
9	chr13	81439574	81439555	+	64.94	46.94	>	6	5	85
10	chr9	103996726	103996707	-	64.9	51.25	>	6	5	85
11	chr15	56066340	56066321	+	63.97	42.94	>	6	5	85
12	chr10	106609250	106609231	+	63.97	42.62	>	6	5	85
13	chr1	144380222	144380203	-	63.4	48.44	>	6	5	85
14	chr10	8240468	8240449	-	62.34	45.88	>	6	5	85
15	chr12	77000269	77000250	+	62.22	54.97	>	6	5	85
16	chr1	44745882	44745863	+	62.12	40.25	>	6	5	85
17	chr4	81178889	81178870	+	62.03	50.0	>	6	5	85
18	chr9	10909768	10909749	+	61.12	47.94	>	6	5	85
19	chr6	64650119	64650100	-	60.56	60.88	>	6	5	85
20	chr15	32766485	32766466	-	60.56	46.62	>	6	5	85
21	chr4	9135983	9135964	+	60.03	34.12	>	6	5	85
22	chr7	118305013	118304994	+	59.5	47.62	>	6	5	85
23	chr10	39520570	39520551	-	58.34	40.5	>	6	5	85
24	chr1	78724658	78724639	+	58.25	47.28	>	6	5	85
25	chr2	160598038	160598019	+	57.94	55.8	>	6	5	85
26	chr18	33790258	33790239	-	57.72	56.3	>	6	5	85
27	chr12	40837750	40837731	+	57.5	46.25	>	6	5	85
28	chr8	41443763	41443744	+	57.34	56.06	>	6	5	85
29	chr14	68494314	68494295	-	56.94	24.97	>	6	5	85
30	chr1	11657910	11657891	+	56.8	43.62	>	6	5	85
31	chr11	77100337	77100318	+	55.88	49.25	>	6	5	85
32	chr16	41244935	41244916	-	55.72	48.0	>	6	5	85
33	chr14	87452291	87452272	-	55.72	63.0	>	6	5	85
34	chr18	16217050	16217031	+	54.9	26.8	>	6	5	85
35	chr11	53255133	53255114	-	54.8	39.5	>	6	5	85
36	chr9	7216447	7216428	+	54.56	27.64	>	6	5	85
37	chr8	35850598	35850579	-	54.5	50.94	>	6	5	85
38	chr8	102781131	102781112	-	54.44	41.34	>	6	5	85
39	chr5	49962010	49961991	-	54.16	50.88	>	6	5	85
40	chr7	90410162	90410143	-	54.06	39.75	>	6	5	85
41	chr4	15328717	15328698	+	54.03	40.72	>	6	5	85
42	chr11	31949616	31949597	-	54.0	41.44	>	6	5	85
43	chr1	120586671	120586652	+	53.8	57.06	>	6	5	85
44	chr13	19698921	19698902	+	53.16	40.8	>	6	5	85
45	chr12	57825950	57825931	+	53.03	34.38	>	6	5	85
46	chr16	72215933	72215914	-	52.7	45.56	>	6	5	85
47	chr9	15685402	15685383	+	52.62	45.03	>	6	5	85
48	chr10	10321327	10321308	-	52.47	23.97	>	6	5	85
49	chr9	49494135	49494116	+	52.4	51.5	>	6	5	85
50	chr3	50906169	50906150	-	52.12	57.06	>	6	5	85
51	chr11	57467973	57467954	-	52.03	54.47	>	6	5	85
52	chr11	113165316	113165297	-	51.88	57.94	>	6	5	85
53	chr9	51152608	51152589	-	51.8	48.22	>	6	5	85
54	chr16	58299658	58299639	+	51.56	30.08	>	6	5	85
55	chr16	22564783	22564764	+	51.44	49.16	>	6	5	85
56	chr8	36523135	36523116	-	51.4	44.44	>	6	5	85
57	chr14	34810941	34810922	+	51.3	52.97	>	6	5	85
58	chr6	101261740	101261721	-	51.0	49.47	>	6	5	85
59	chr7	132213694	132213675	-	50.8	38.62	>	6	5	85
60	chr2	48886271	48886252	-	50.28	44.53	>	6	5	85
61	chr12	54060974	54060955	-	50.12	27.78	>	6	5	85
62	chr1	5905019	5905000	-	50.06	44.22	>	6	5	85
63	chr9	26776375	26776356	-	50.0	53.88	>	6	5	85
64	chr1	103799519	103799500	+	49.53	56.44	>	6	5	85
65	chr9	88222188	88222169	-	49.5	40.1	>	6	5	85
66	chr18	58481884	58481865	-	49.28	39.28	>	6	5	85
67	chr13	100112788	100112769	+	49.16	37.22	>	6	5	85
68	chr3	14679394	14679375	+	49.06	29.97	>	6	5	85
69	chr16	37109459	37109440	+	48.75	19.0	>	6	5	85
70	chr3	153655318	153655299	-	48.72	48.28	>	6	5	85
71	chr16	89765698	89765679	-	48.38	54.0	>	6	5	85
72	chr13	89543228	89543209	-	48.3	56.84	>	6	5	85
73	chr11	40149509	40149490	-	48.28	36.34	>	6	5	85
74	chr3	113080940	113080921	-	48.2	53.4	>	6	5	85
75	chr10	70963797	70963778	-	47.53	51.97	>	6	5	85
76	chr6	66533480	66533461	-	47.34	41.22	>	6	5	85
77	chr18	57976815	57976796	+	47.28	41.3	>	6	5	85
78	chr12	92303388	92303369	+	47.12	48.12	>	6	5	85
79	chr6	43686140	43686121	+	47.1	34.0	>	6	5	85
80	chr15	11038687	11038668	+	47.06	40.16	>	6	5	85
81	chr6	13281064	13281045	-	47.06	44.4	>	6	5	85
82	chr4	25180081	25180062	-	46.94	22.34	>	6	5	85
83	chr2	110229883	110229864	+	46.8	37.2	>	6	5	85
84	chr2	118638293	118638274	+	46.34	48.4	>	6	5	85
85	chr14	67674858	67674839	-	46.2	40.62	>	6	5	85
86	chr1	179477262	179477243	-	45.97	54.9	>	6	5	85
87	chr12	78056191	78056172	+	45.84	48.03	>	6	5	85
88	chr15	44836402	44836383	+	45.7	45.75	>	6	5	85
89	chr9	80293262	80293243	+	45.3	48.66	>	6	5	85
90	chr1	21411405	21411386	+	45.28	35.97	>	6	5	85
91	chr8	80483379	80483360	-	45.28	32.34	>	6	5	85
92	chr16	55477026	55477007	-	44.9	60.88	>	6	5	85
93	chr9	122729759	122729740	-	44.72	40.56	>	6	5	85
94	chr2	17415581	17415562	-	44.56	38.03	>	6	5	85
95	chr4	13778049	13778030	-	44.5	20.47	>	6	5	85
96	chr16	64748455	64748436	-	44.47	52.25	>	6	5	85
97	chr6	57570627	57570608	-	44.28	34.06	>	6	5	85
98	chr16	13117421	13117402	+	44.28	48.25	>	6	5	85
99	chr1	54381475	54381456	-	44.12	34.1	>	6	5	85
100	chr15	40166896	40166877	+	44.03	40.53	>	6	5	85
101	chr17	83271696	83271677	+	44.0	39.2	>	6	5	85
102	chr9	63136063	63136044	+	43.94	32.22	>	6	5	85
103	chr3	68056550	68056531	+	43.88	35.0	>	6	5	85
104	chr3	25220822	25220803	-	43.8	23.62	>	6	5	85
105	chr7	118102455	118102436	-	43.53	59.94	>	6	5	85
106	chr9	51335485	51335466	+	43.47	26.75	>	6	5	85
107	chr16	96671807	96671788	-	43.4	27.66	>	6	5	85
108	chr2	113494904	113494885	+	43.34	43.28	>	6	5	85
109	chr1	55404561	55404542	+	43.25	39.06	>	6	5	85
110	chr3	80079969	80079950	+	43.0	35.7	>	6	5	85
111	chr11	25862989	25862970	-	42.66	37.9	>	6	5	85
112	chr13	109213188	109213169	-	42.6	60.5	>	6	5	85
113	chr8	58566283	58566264	+	42.56	33.8	>	6	5	85
114	chr16	72218227	72218208	+	42.38	47.1	>	6	5	85
115	chr14	102510640	102510621	-	42.34	35.9	>	6	5	85
116	chr7	143154010	143153991	+	42.16	43.66	>	6	5	85
117	chr6	143219585	143219566	+	42.1	41.62	>	6	5	85
118	chr17	86906334	86906315	-	41.97	47.25	>	6	5	85
119	chr8	62080400	62080381	+	41.97	30.6	>	6	5	85
120	chr3	57843985	57843966	+	41.94	43.75	>	6	5	85
121	chr18	3495634	3495615	+	41.62	36.03	>	6	5	85
122	chr7	125393847	125393828	-	41.56	47.0	>	6	5	85
123	chr7	86211564	86211545	-	41.56	46.4	>	6	5	85
124	chr9	60245127	60245108	+	41.38	43.16	>	6	5	85
125	chr6	131353859	131353840	-	41.3	15.89	>	6	5	85
126	chr15	98173991	98173972	-	41.25	24.88	>	6	5	85
127	chr17	88641249	88641230	-	41.12	34.25	>	6	5	85
128	chr9	87027908	87027889	+	41.1	38.34	>	6	5	85
129	chr4	70621553	70621534	-	40.97	48.38	>	6	5	85
130	chr12	41487236	41487217	-	40.88	35.94	>	6	5	85
131	chr4	127368548	127368529	+	40.8	49.72	>	6	5	85
132	chr8	50293750	50293731	-	40.75	48.2	>	6	5	85
133	chr16	27468981	27468962	+	40.75	34.62	>	6	5	85
134	chr7	121641354	121641335	-	40.7	30.69	>	6	5	85
135	chr3	29726795	29726776	-	40.7	30.42	>	6	5	85
136	chr14	29110872	29110853	-	40.66	51.22	>	6	5	85
137	chr13	116712427	116712408	-	40.62	33.1	>	6	5	85
138	chr18	19939562	19939543	-	40.47	45.7	>	6	5	85
139	chr15	80704533	80704514	-	40.28	46.53	>	6	5	85
140	chr18	50137074	50137055	+	40.28	37.62	>	6	5	85
141	chr13	15763212	15763193	-	40.25	29.53	>	6	5	85
142	chr19	50185486	50185467	+	40.22	44.2	>	6	5	85
143	chr12	74013965	74013946	-	40.22	40.8	>	6	5	85
144	chr1	138835543	138835524	+	40.06	20.81	>	6	5	85
145	chr15	55550924	55550905	-	40.06	37.12	>	6	5	85
146	chr1	61771439	61771420	-	40.06	23.55	>	6	5	85
147	chr12	34664961	34664942	+	40.0	19.7	>	6	5	85
148	chr14	78288101	78288082	-	39.8	38.8	>	6	5	85
149	chr2	4499416	4499397	+	39.78	33.88	>	6	5	85
150	chr13	30260132	30260113	-	39.75	32.75	>	6	5	85
151	chr9	68015271	68015252	+	39.2	39.0	>	6	5	85
152	chr1	126993502	126993483	-	39.06	47.2	>	6	5	85
153	chr16	25349824	25349805	-	39.0	41.2	>	6	5	85
154	chr1	14729249	14729230	-	38.94	39.3	>	6	5	85
155	chr15	59389427	59389408	+	38.7	46.34	>	6	5	85
156	chr6	100882590	100882571	+	38.66	49.44	>	6	5	85
157	chr3	9711121	9711102	+	38.62	35.47	>	6	5	85
158	chr6	21214019	21214000	-	38.47	24.2	>	6	5	85
159	chr17	42603617	42603598	-	38.47	42.5	>	6	5	85
160	chr4	80517548	80517529	-	38.47	41.4	>	6	5	85
161	chr9	85328584	85328565	-	38.28	30.06	>	6	5	85
162	chr17	44262001	44261982	+	38.22	44.16	>	6	5	85
163	chr10	102449665	102449646	+	38.2	48.84	>	6	5	85
164	chr17	14520745	14520726	-	38.12	30.45	>	6	5	85
165	chr13	51830925	51830906	+	38.0	56.0	>	6	5	85
166	chr12	83502436	83502417	-	37.97	34.4	>	6	5	85
167	chr5	75853265	75853246	-	37.94	27.88	>	6	5	85
168	chr13	110382742	110382723	+	37.88	61.84	>	6	5	85
169	chr5	62481159	62481140	-	37.8	35.4	>	6	5	85
170	chr7	49121503	49121484	-	37.7	29.61	>	6	5	85
171	chr15	11966575	11966556	-	37.66	34.72	>	6	5	85
172	chr3	31146135	31146116	+	37.53	44.5	>	6	5	85
173	chr2	37815879	37815860	+	37.47	39.2	>	6	5	85
174	chr5	33033442	33033423	-	37.44	48.28	>	6	5	85
175	chr9	7595466	7595447	-	37.4	28.72	>	6	5	85
176	chr5	21641153	21641134	-	37.3	33.66	>	6	5	85
177	chr14	48367302	48367283	-	37.12	39.88	>	6	5	85
178	chr17	14524624	14524605	+	37.1	38.88	>	6	5	85
179	chr4	84064835	84064816	+	37.06	23.38	>	6	5	85
180	chr4	63368786	63368767	+	37.06	51.6	>	6	5	85
181	chr5	102149680	102149661	+	37.03	38.97	>	6	5	85
182	chr12	32897684	32897665	-	36.88	40.9	>	6	5	85
183	chr16	91936532	91936513	+	36.72	43.06	>	6	5	85
184	chr6	37046379	37046360	-	36.72	47.7	>	6	5	85
185	chr18	59081896	59081877	+	36.7	37.34	>	6	5	85
186	chr6	103697552	103697533	-	36.3	43.6	>	6	5	85
187	chr18	19937930	19937911	+	36.3	37.56	>	6	5	85
188	chr6	93757594	93757575	+	36.28	18.31	>	6	5	85
189	chr17	9756371	9756352	+	36.28	21.2	>	6	5	85
190	chr2	96585854	96585835	+	36.25	26.84	>	6	5	85
191	chr11	82915176	82915157	+	36.2	36.34	>	6	5	85
192	chr6	6005837	6005818	+	36.03	35.2	>	6	5	85
193	chr1	98392238	98392219	-	36.03	38.97	>	6	5	85
194	chr7	48749384	48749365	+	35.94	38.3	>	6	5	85
195	chr11	105911812	105911793	-	35.9	37.8	>	6	5	85
196	chr10	45045486	45045467	-	35.8	35.22	>	6	5	85
197	chr2	4492748	4492729	-	35.75	19.97	>	6	5	85
198	chr6	18087397	18087378	+	35.75	40.84	>	6	5	85
199	chr5	90203341	90203322	+	35.7	41.12	>	6	5	85
200	chr7	136489148	136489129	+	35.62	28.06	>	6	5	85
201	chr9	109862620	109862601	-	35.6	34.12	>	6	5	85
202	chr15	59876355	59876336	+	35.3	32.16	>	6	5	85
203	chr14	76473612	76473593	-	35.25	45.66	>	6	5	85
204	chr3	128349320	128349301	+	35.03	41.75	>	6	5	85
205	chr3	45375963	45375944	+	35.03	23.92	>	6	5	85
206	chr3	133314669	133314650	+	34.97	39.0	>	6	5	85
207	chr1	96801850	96801831	-	34.84	30.55	>	6	5	85
208	chr7	115216958	115216939	+	34.62	30.45	>	6	5	85
209	chr9	59282577	59282558	-	34.62	26.88	>	6	5	85
210	chr2	148112135	148112116	-	34.5	31.5	>	6	5	85
211	chr18	52457916	52457897	-	34.47	28.2	>	6	5	85
212	chr6	56691454	56691435	-	34.34	42.2	>	6	5	85
213	chr13	20292580	20292561	-	34.3	38.5	>	6	5	85
214	chr13	57260119	57260100	-	34.25	52.66	>	6	5	85
215	chr13	113877615	113877596	+	34.25	36.75	>	6	5	85
216	chr13	116715029	116715010	-	34.1	31.72	>	6	5	85
217	chr4	83596692	83596673	-	34.1	52.75	>	6	5	85
218	chr8	64941619	64941600	-	34.06	33.75	>	6	5	85
219	chr3	51701488	51701469	+	34.03	22.56	>	6	5	85
220	chr14	120061322	120061303	-	33.84	29.2	>	6	5	85
221	chr7	75910166	75910147	+	33.8	57.6	>	6	5	85
222	chr4	98702698	98702679	-	33.78	31.62	>	6	5	85
223	chr3	146185137	146185118	+	33.62	52.6	>	6	5	85
224	chr4	151157152	151157133	+	33.53	59.38	>	6	5	85
225	chr5	43391861	43391842	-	33.5	21.5	>	6	5	85
226	chr11	93856511	93856492	-	33.47	26.19	>	6	5	85
227	chr14	59605843	59605824	+	33.47	40.3	>	6	5	85
228	chr14	84438580	84438561	+	33.44	23.31	>	6	5	85
229	chr12	50943824	50943805	-	33.28	38.56	>	6	5	85
230	chr7	83550335	83550316	-	33.2	30.12	>	6	5	85
231	chr6	117167008	117166989	+	33.03	30.3	>	6	5	85
232	chr4	12538791	12538772	+	33.0	21.84	>	6	5	85
233	chr18	47353079	47353060	+	32.84	24.58	>	6	5	85
234	chr5	12541496	12541477	-	32.72	22.56	>	6	5	85
235	chr2	60721127	60721108	+	32.72	22.53	>	6	5	85
236	chr11	78838251	78838232	+	32.72	51.5	>	6	5	85
237	chr8	73356225	73356206	+	32.62	23.39	>	6	5	85
238	chr12	10598567	10598548	+	32.5	41.56	>	6	5	85
239	chr19	20345158	20345139	-	32.25	47.94	>	6	5	85
240	chr17	58909486	58909467	-	32.16	39.4	>	6	5	85
241	chr10	69655037	69655018	-	32.12	36.56	>	6	5	85
242	chr4	3967733	3967714	-	32.12	41.75	>	6	5	85
243	chr16	21192795	21192776	-	32.06	38.78	>	6	5	85
244	chr11	12291593	12291574	-	32.0	15.54	>	6	5	85
245	chr11	117385082	117385063	+	31.83	36.6	>	6	5	85
246	chr12	32292095	32292076	+	31.73	20.83	>	6	5	85
247	chr4	64833096	64833077	+	31.69	34.34	>	6	5	85
248	chr13	47301245	47301226	+	31.67	43.9	>	6	5	85
249	chr1	89631957	89631938	-	31.56	45.38	>	6	5	85
250	chr9	69296601	69296582	-	31.53	38.66	>	6	5	85
251	chr3	53735364	53735345	+	31.28	24.5	>	6	5	85
252	chr10	45373471	45373452	-	31.2	37.7	>	6	5	85
253	chr8	91797725	91797706	+	31.19	30.23	>	6	5	85
254	chr4	88035662	88035643	+	31.06	19.66	>	6	5	85
255	chr2	75151187	75151168	-	31.05	37.9	>	6	5	85
256	chr14	66791971	66791952	-	31.02	32.1	>	6	5	85
257	chr2	93199062	93199043	-	30.9	51.25	>	6	5	85
258	chr2	73551006	73550987	+	30.86	53.72	>	6	5	85
259	chr12	89451144	89451125	-	30.81	40.1	>	6	5	85
260	chr16	66086729	66086710	-	30.81	33.7	>	6	5	85
261	chr14	114791647	114791628	-	30.72	37.2	>	6	5	85
262	chr4	43420547	43420528	-	30.61	34.5	>	6	5	85
263	chr1	87447687	87447668	+	30.56	32.53	>	6	5	85
264	chr15	55306471	55306452	+	30.56	24.06	>	6	5	85
265	chr15	97667578	97667559	+	30.52	37.12	>	6	5	85
266	chr2	16359548	16359529	+	30.47	16.92	>	6	5	85
267	chr14	8356099	8356080	+	30.42	51.06	>	6	5	85
268	chr3	19894816	19894797	-	30.38	33.66	>	6	5	85
269	chr12	43813750	43813731	-	30.34	24.06	>	6	5	85
270	chr2	27770378	27770359	+	30.12	46.8	>	6	5	85
271	chr16	48675836	48675817	-	30.12	28.97	>	6	5	85
272	chr10	13016733	13016714	+	30.1	53.44	>	6	5	85
273	chr2	76367359	76367340	+	30.05	30.6	>	6	5	85
274	chr2	115515230	115515211	+	30.05	12.29	>	6	5	85
275	chr19	16785108	16785089	-	30.03	27.4	>	6	5	85
276	chr3	78948444	78948425	+	30.03	29.16	>	6	5	85
277	chr1	37250876	37250857	-	29.94	25.45	>	6	5	85
278	chr18	74431409	74431390	+	29.94	28.48	>	6	5	85
279	chr1	38787652	38787633	-	29.89	46.22	>	6	5	85
280	chr3	14874584	14874565	+	29.88	22.88	>	6	5	85
281	chr9	69505778	69505759	+	29.88	30.58	>	6	5	85
282	chr10	84450913	84450894	-	29.77	31.7	>	6	5	85
283	chr2	172216047	172216028	-	29.77	65.06	>	6	5	85
284	chr10	97712895	97712876	+	29.72	22.83	>	6	5	85
285	chr1	4770074	4770055	+	29.72	39.66	>	6	5	85
286	chr12	50301580	50301561	-	29.69	16.55	>	6	5	85
287	chr15	85266923	85266904	+	29.69	42.06	>	6	5	85
288	chr4	85403030	85403011	+	29.62	27.23	>	6	5	85
289	chr6	97526370	97526351	-	29.53	31.17	>	6	5	85
290	chr8	112046096	112046077	+	29.5	62.6	>	6	5	85
291	chr12	96311368	96311349	-	29.48	23.8	>	6	5	85
292	chr1	93507239	93507220	-	29.45	32.5	>	6	5	85
293	chr13	21714927	21714908	+	29.4	37.72	>	6	5	85
294	chr6	49008180	49008161	+	29.38	27.1	>	6	5	85
295	chr17	17749545	17749526	-	29.36	32.88	>	6	5	85
296	chr6	145360253	145360234	+	29.34	33.62	>	6	5	85
297	chr7	17066630	17066611	-	29.27	41.75	>	6	5	85
298	chr12	81788850	81788831	-	29.25	32.47	>	6	5	85
299	chr7	129649172	129649153	+	29.19	42.88	>	6	5	85
300	chr14	104039053	104039034	+	29.17	41.16	>	6	5	85
301	chr13	41634744	41634725	-	29.08	40.84	>	6	5	85
302	chr7	138835232	138835213	-	29.02	47.88	>	6	5	85
303	chr15	97195797	97195778	+	28.92	38.5	>	6	5	85
304	chr1	119087737	119087718	+	28.89	50.28	>	6	5	85
305	chr4	85819373	85819354	-	28.86	29.28	>	6	5	85
306	chr11	30657307	30657288	-	28.86	6.477	>	6	5	85
307	chr5	49369245	49369226	+	28.66	27.94	>	6	5	85
308	chr6	106805067	106805048	+	28.61	20.38	>	6	5	85
309	chr6	31660958	31660939	+	28.53	52.9	>	6	5	85
310	chr12	8306749	8306730	-	28.48	47.94	>	6	5	85
311	chr13	42822785	42822766	-	28.47	44.4	>	6	5	85
312	chr15	34968778	34968759	+	28.4	27.94	>	6	5	85
313	chr7	68369859	68369840	+	28.38	58.97	>	6	5	85
314	chr15	80266443	80266424	+	28.33	34.62	>	6	5	85
315	chr6	102171110	102171091	+	28.19	24.06	>	6	5	85
316	chr16	72605273	72605254	-	28.11	17.7	>	6	5	85
317	chr18	65490506	65490487	+	28.06	33.94	>	6	5	85
318	chr3	55373775	55373756	+	28.0	19.75	>	6	5	85
319	chr1	53927814	53927795	-	27.97	28.48	>	6	5	85
320	chr2	160368066	160368047	-	27.95	21.97	>	6	5	85
321	chr10	42295232	42295213	-	27.94	37.8	>	6	5	85
322	chr7	116040411	116040392	-	27.9	26.19	>	6	5	85
323	chr10	116197535	116197516	-	27.81	28.58	>	6	5	85
324	chr5	20773533	20773514	-	27.81	20.77	>	6	5	85
325	chr12	80725012	80724993	-	27.73	38.97	>	6	5	85
326	chr15	66899881	66899862	-	27.6	21.5	>	6	5	85
327	chr18	16822208	16822189	-	27.56	13.28	>	6	5	85
328	chr18	14503254	14503235	-	27.55	19.48	>	6	5	85
329	chr5	98344786	98344767	+	27.44	28.3	>	6	5	85
330	chr10	77517236	77517217	+	27.39	30.44	>	6	5	85
331	chr1	44741472	44741453	-	27.38	6.344	>	6	5	85
332	chr6	127945983	127945964	-	27.28	24.97	>	6	5	85
333	chr16	42914955	42914936	-	27.27	20.78	>	6	5	85
334	chr18	39137558	39137539	+	27.11	15.805	>	6	5	85
335	chr13	42575907	42575888	+	27.11	22.34	>	6	5	85
336	chr2	13278209	13278190	+	27.06	48.53	>	6	5	85
337	chr18	43836585	43836566	-	27.06	22.66	>	6	5	85
338	chr4	114647896	114647877	+	27.05	26.58	>	6	5	85
339	chr16	44149214	44149195	-	27.03	37.28	>	6	5	85
340	chr13	109776299	109776280	+	27.02	27.47	>	6	5	85
341	chr19	30217515	30217496	+	27.0	44.25	>	6	5	85
342	chr6	61316075	61316056	+	26.94	38.16	>	6	5	85
343	chr17	78598832	78598813	+	26.92	37.16	>	6	5	85
344	chr2	117231457	117231438	-	26.88	23.62	>	6	5	85
345	chr4	115101816	115101797	+	26.84	34.88	>	6	5	85
346	chr10	57448131	57448112	-	26.8	44.97	>	6	5	85
347	chr13	113046665	113046646	+	26.77	22.72	>	6	5	85
348	chr4	110022447	110022428	-	26.58	43.47	>	6	5	85
349	chr7	101653829	101653810	+	26.5	47.97	>	6	5	85
350	chr5	67756338	67756319	+	26.5	26.55	>	6	5	85
351	chr3	62192717	62192698	-	26.5	17.1	>	6	5	85
352	chr10	17728146	17728127	-	26.45	14.96	>	6	5	85
353	chr5	37752557	37752538	-	26.33	30.73	>	6	5	85
354	chr1	60961316	60961297	-	26.3	26.22	>	6	5	85
355	chr17	68176981	68176962	+	26.27	18.84	>	6	5	85
356	chr7	37357871	37357852	-	26.2	67.6	>	6	5	85
357	chr4	32572316	32572297	-	26.16	44.75	>	6	5	85
358	chr4	96696741	96696722	+	26.12	32.22	>	6	5	85
359	chr4	109729491	109729472	-	26.06	50.3	>	6	5	85
360	chr10	111977780	111977761	+	25.78	32.1	>	6	5	85
361	chr5	45424489	45424470	-	25.73	30.9	>	6	5	85
362	chr2	61494577	61494558	-	25.72	22.25	>	6	5	85
363	chr6	13287046	13287027	+	25.69	21.62	>	6	5	85
364	chr9	116060829	116060810	+	25.66	36.5	>	6	5	85
365	chr8	17537753	17537734	-	25.64	36.44	>	6	5	85
366	chr9	77781636	77781617	-	25.62	27.94	>	6	5	85
367	chr15	5106460	5106441	-	25.56	29.45	>	6	5	85
368	chr17	93141334	93141315	-	25.53	33.03	>	6	5	85
369	chr6	97759520	97759501	+	25.52	17.88	>	6	5	85
370	chr8	119384750	119384731	-	25.47	45.94	>	6	5	85
371	chr6	88113322	88113303	+	25.38	41.75	>	6	5	85
372	chr15	101984527	101984508	-	25.38	56.7	>	6	5	85
373	chr8	54493335	54493316	-	25.34	39.7	>	6	5	85
374	chr9	24119622	24119603	+	25.33	14.83	>	6	5	85
375	chr3	50077169	50077150	-	25.31	24.22	>	6	5	85
376	chr4	47419767	47419748	+	25.23	44.03	>	6	5	85
377	chr2	76115910	76115891	+	25.22	28.97	>	6	5	85
378	chr15	67174759	67174740	+	25.2	12.74	>	6	5	85
379	chr8	125574509	125574490	+	25.17	12.85	>	6	5	85
380	chr1	161737065	161737046	-	25.11	39.75	>	6	5	85
381	chr3	85571455	85571436	-	25.1	9.7	>	6	5	85
382	chr18	19577078	19577059	-	25.02	27.28	>	6	5	85
383	chr19	36083087	36083068	-	25.0	29.4	>	6	5	85
384	chr8	115709616	115709597	-	24.98	9.14	>	6	5	85
385	chr10	126330794	126330775	-	24.84	24.02	>	6	5	85
386	chr15	25993551	25993532	+	24.81	33.28	>	6	5	85
387	chr5	131430355	131430336	-	24.78	45.44	>	6	5	85
388	chr1	9545352	9545333	-	24.78	38.06	>	6	5	85
389	chr19	28768445	28768426	-	24.75	36.44	>	6	5	85
390	chr10	24630876	24630857	+	24.72	22.94	>	6	5	85
391	chr17	54351102	54351083	+	24.53	15.79	>	6	5	85
392	chr16	20496806	20496787	+	24.47	28.86	>	6	5	85
393	chr12	109394024	109394005	-	24.44	15.02	>	6	5	85
394	chr13	21803288	21803269	-	24.42	40.1	>	6	5	85
395	chr3	103392995	103392976	+	24.38	33.9	>	6	5	85
396	chr15	25428758	25428739	+	24.31	24.08	>	6	5	85
397	chr3	135206860	135206841	-	24.3	9.21	>	6	5	85
398	chr8	65139261	65139242	+	24.3	33.56	>	6	5	85
399	chr9	29650850	29650831	-	24.23	35.72	>	6	5	85
400	chr3	127971093	127971074	+	24.2	46.1	>	6	5	85
401	chr2	104035038	104035019	+	24.16	33.7	>	6	5	85
402	chr9	81635302	81635283	+	24.11	12.08	>	6	5	85
403	chr6	95484597	95484578	+	24.03	13.41	>	6	5	85
404	chr14	72293991	72293972	-	23.83	34.2	>	6	5	85
405	chr18	65490035	65490016	-	23.72	29.94	>	6	5	85
406	chr12	38123788	38123769	-	23.66	16.0	>	6	5	85
407	chr18	70184838	70184819	-	23.66	11.39	>	6	5	85
408	chr3	152095252	152095233	-	23.53	23.67	>	6	5	85
409	chr8	32002994	32002975	-	23.5	23.94	>	6	5	85
410	chr11	22206830	22206811	-	23.48	11.1	>	6	5	85
411	chr5	76541051	76541032	-	23.44	19.22	>	6	5	85
412	chr10	52106337	52106318	+	23.38	22.61	>	6	5	85
413	chr1	84697462	84697443	-	23.38	25.22	>	6	5	85
414	chr1	67181385	67181366	+	23.34	35.0	>	6	5	85
415	chr6	101267027	101267008	+	23.31	12.77	>	6	5	85
416	chr6	129255175	129255156	-	23.25	41.8	>	6	5	85
417	chr4	115710017	115709998	-	23.19	25.83	>	6	5	85
418	chr2	118241614	118241595	-	23.19	37.16	>	6	5	85
419	chr8	71371784	71371765	+	23.11	28.11	>	6	5	85
420	chr7	73422670	73422651	-	23.11	37.7	>	6	5	85
421	chr5	33039602	33039583	+	23.05	27.48	>	6	5	85
422	chr2	153143004	153142985	-	23.02	20.31	>	6	5	85
423	chr14	98181824	98181805	-	23.0	7.93	>	6	5	85
424	chr2	136887058	136887039	-	22.97	12.49	>	6	5	85
425	chr1	135136701	135136682	-	22.88	42.44	>	6	5	85
426	chr5	4948481	4948462	-	22.86	27.0	>	6	5	85
427	chr10	71422814	71422795	+	22.81	51.25	>	6	5	85
428	chr8	64597251	64597232	-	22.66	30.06	>	6	5	85
429	chr1	162336834	162336815	-	22.45	14.914	>	6	5	85
430	chr9	94738996	94738977	+	22.42	42.94	>	6	5	85
431	chr17	53403136	53403117	+	22.4	18.28	>	6	5	85
432	chr2	155811920	155811901	-	22.36	51.28	>	6	5	85
433	chr12	52010769	52010750	+	22.33	16.6	>	6	5	85
434	chr3	44912870	44912851	-	22.31	11.58	>	6	5	85
435	chr5	98348848	98348829	+	22.25	34.97	>	6	5	85
436	chr15	80706301	80706282	+	22.25	25.52	>	6	5	85
437	chr1	167932285	167932266	-	22.22	36.66	>	6	5	85
438	chr14	121455709	121455690	-	22.2	25.7	>	6	5	85
439	chr4	98243714	98243695	-	22.16	26.34	>	6	5	85
440	chr4	143027468	143027449	+	22.14	29.11	>	6	5	85
441	chr2	153668926	153668907	+	22.14	25.36	>	6	5	85
442	chr9	41461929	41461910	-	22.14	12.42	>	6	5	85
443	chr4	109431143	109431124	-	22.1	22.34	>	6	5	85
444	chr5	44831505	44831486	-	22.08	22.05	>	6	5	85
445	chr8	119676601	119676582	-	22.03	33.06	>	6	5	85
446	chr17	40824060	40824041	-	22.02	34.28	>	6	5	85
447	chr15	37102366	37102347	-	22.0	13.84	>	6	5	85
448	chr1	119083862	119083843	-	21.92	45.47	>	6	5	85
449	chr5	41044703	41044684	-	21.78	28.61	>	6	5	85
450	chr19	24622032	24622013	+	21.77	22.19	>	6	5	85
451	chr3	58159626	58159607	-	21.75	32.1	>	6	5	85
452	chr1	38130140	38130121	-	21.75	23.66	>	6	5	85
453	chr2	129472129	129472110	-	21.73	30.17	>	6	5	85
454	chr9	15682043	15682024	-	21.73	11.22	>	6	5	85
455	chr9	69502720	69502701	-	21.7	34.7	>	6	5	85
456	chr14	21120676	21120657	+	21.69	43.16	>	6	5	85
457	chr7	110645588	110645569	-	21.69	43.56	>	6	5	85
458	chr16	78950579	78950560	-	21.64	3.295	>	6	5	85
459	chr7	131899517	131899498	+	21.56	16.44	>	6	5	85
460	chr8	106403484	106403465	-	21.53	20.23	>	6	5	85
461	chr17	73303429	73303410	+	21.48	50.6	>	6	5	85
462	chr1	83727325	83727306	+	21.48	26.81	>	6	5	85
463	chr13	29857603	29857584	+	21.42	9.836	>	6	5	85
464	chr14	104033786	104033767	+	21.34	21.16	>	6	5	85
465	chr7	119011391	119011372	+	21.31	35.56	>	6	5	85
466	chr1	69165377	69165358	+	21.31	25.0	>	6	5	85
467	chr1	192727176	192727157	+	21.28	21.9	>	6	5	85
468	chr9	50438293	50438274	-	21.2	27.17	>	6	5	85
469	chr15	46990407	46990388	-	21.14	10.516	>	6	5	85
470	chr13	73646874	73646855	+	21.14	37.5	>	6	5	85
471	chr16	67089956	67089937	+	21.12	15.94	>	6	5	85
472	chr2	83332995	83332976	-	21.02	18.14	>	6	5	85
473	chr8	10415030	10415011	+	21.0	37.3	>	6	5	85
474	chr1	35716149	35716130	-	20.89	18.69	>	6	5	85
475	chr7	43920039	43920020	-	20.83	34.3	>	6	5	85
476	chr8	15138726	15138707	+	20.81	41.03	>	6	5	85
477	chr13	6515705	6515686	+	20.8	28.08	>	6	5	85
478	chr2	64948996	64948977	-	20.72	23.2	>	6	5	85
479	chr19	20345737	20345718	+	20.7	55.44	>	6	5	85
480	chr5	33994851	33994832	+	20.64	14.97	>	6	5	85
481	chr14	76479953	76479934	+	20.62	37.16	>	6	5	85
482	chr3	144737048	144737029	+	20.58	28.33	>	6	5	85
483	chr2	13597223	13597204	-	20.5	12.72	>	6	5	85
484	chr9	118908437	118908418	-	20.5	27.45	>	6	5	85
485	chr4	153484615	153484596	-	20.39	17.89	>	6	5	85
486	chr19	12433211	12433192	+	20.36	28.34	>	6	5	85
487	chr15	31611224	31611205	+	20.34	11.17	>	6	5	85
488	chr3	107206198	107206179	+	20.34	39.22	>	6	5	85
489	chr17	86909946	86909927	+	20.31	22.38	>	6	5	85
490	chr7	89473669	89473650	-	20.22	24.19	>	6	5	85
491	chr6	35252603	35252584	+	20.22	32.56	>	6	5	85
492	chr6	126168001	126167982	-	20.17	8.76	>	6	5	85
493	chr16	42169942	42169923	+	20.12	43.34	>	6	5	85
494	chr6	90607354	90607335	+	20.11	24.86	>	6	5	85
495	chr6	31664664	31664645	+	20.11	41.5	>	6	5	85
496	chr13	100002039	100002020	+	20.02	21.73	>	6	5	85
497	chr6	97523337	97523318	-	19.97	25.72	>	6	5	85
498	chr4	123529452	123529433	-	19.95	17.69	>	6	5	85
499	chr18	53744741	53744722	-	19.94	29.1	>	6	5	85
500	chr9	13849232	13849213	+	19.9	15.484	>	6	5	85
501	chr15	14052128	14052109	-	19.89	12.375	>	6	5	85
502	chr3	68053761	68053742	-	19.88	27.33	>	6	5	85
503	chr14	50799990	50799971	+	19.83	30.28	>	6	5	85
504	chr8	50292348	50292329	+	19.83	31.36	>	6	5	85
505	chr19	52993242	52993223	-	19.81	45.25	>	6	5	85
506	chr8	24546435	24546416	-	19.8	56.1	>	6	5	85
507	chr2	166085186	166085167	+	19.78	40.2	>	6	5	85
508	chr15	80260893	80260874	-	19.75	33.7	>	6	5	85
509	chr18	75606699	75606680	+	19.72	50.94	>	6	5	85
510	chr2	135957961	135957942	-	19.69	27.1	>	6	5	85
511	chr11	75179118	75179099	+	19.67	22.83	>	6	5	85
512	chr6	77628987	77628968	+	19.66	40.56	>	6	5	85
513	chr4	82614384	82614365	-	19.62	15.836	>	6	5	85
514	chr17	27190013	27189994	+	19.5	26.89	>	6	5	85
515	chr14	121451301	121451282	-	19.45	26.11	>	6	5	85
516	chr9	69987821	69987802	-	19.44	12.234	>	6	5	85
517	chr6	40479902	40479883	+	19.42	24.72	>	6	5	85
518	chr4	82619779	82619760	-	19.42	11.22	>	6	5	85
519	chr2	160593235	160593216	-	19.4	45.8	>	6	5	85
520	chr4	48691990	48691971	+	19.4	34.88	>	6	5	85
521	chr1	11140123	11140104	-	19.39	7.324	>	6	5	85
522	chr6	67858160	67858141	+	19.36	18.55	>	6	5	85
523	chr1	91914028	91914009	+	19.36	22.06	>	6	5	85
524	chr15	76196896	76196877	+	19.33	35.8	>	6	5	85
525	chr11	43767011	43766992	+	19.27	27.44	>	6	5	85
526	chr17	8463677	8463658	+	19.23	31.38	>	6	5	85
527	chr2	60442102	60442083	-	19.22	10.555	>	6	5	85
528	chr10	8242562	8242543	+	19.2	18.4	>	6	5	85
529	chr15	8382407	8382388	+	19.16	11.64	>	6	5	85
530	chr19	11360302	11360283	+	19.14	15.06	>	6	5	85
531	chr12	79305335	79305316	+	19.11	29.94	>	6	5	85
532	chr13	38992697	38992678	+	19.03	12.445	>	6	5	85
533	chr8	91147955	91147936	-	19.0	26.05	>	6	5	85
534	chr13	64443476	64443457	+	19.0	35.6	>	6	5	85
535	chr8	117898214	117898195	+	18.92	34.16	>	6	5	85
536	chr11	42423473	42423454	-	18.77	18.48	>	6	5	85
537	chr9	114957195	114957176	-	18.77	27.38	>	6	5	85
538	chr5	149647926	149647907	+	18.72	23.06	>	6	5	85
539	chr5	128440068	128440049	-	18.69	40.7	>	6	5	85
540	chr6	90606762	90606743	-	18.67	32.6	>	6	5	85
541	chr10	58560031	58560012	+	18.67	23.25	>	6	5	85
542	chr18	25538443	25538424	+	18.66	23.94	>	6	5	85
543	chr11	22987510	22987491	+	18.56	23.83	>	6	5	85
544	chr13	57269837	57269818	-	18.55	36.6	>	6	5	85
545	chr13	53096854	53096835	-	18.55	32.88	>	6	5	85
546	chr7	124783020	124783001	-	18.55	23.44	>	6	5	85
547	chr7	40687242	40687223	-	18.52	26.28	>	6	5	85
548	chr4	109438113	109438094	+	18.45	31.61	>	6	5	85
549	chr13	46663777	46663758	-	18.45	5.215	>	6	5	85
550	chr2	21927862	21927843	-	18.45	17.72	>	6	5	85
551	chr11	72564476	72564457	-	18.39	17.95	>	6	5	85
552	chr14	57362951	57362932	-	18.3	10.125	>	6	5	85
553	chr13	54063511	54063492	-	18.3	12.516	>	6	5	85
554	chr8	127191530	127191511	+	18.27	39.03	>	6	5	85
555	chr4	24249781	24249762	+	18.25	8.38	>	6	5	85
556	chr1	175603551	175603532	-	18.2	12.0	>	6	5	85
557	chr7	131897479	131897460	+	18.19	16.34	>	6	5	85
558	chr2	125259455	125259436	-	18.17	32.72	>	6	5	85
559	chr8	11943262	11943243	-	18.0	20.05	>	6	5	85
560	chr13	74861814	74861795	+	17.98	11.664	>	6	5	85
561	chr3	37302880	37302861	-	17.98	17.84	>	6	5	85
562	chr2	165391753	165391734	+	17.95	20.97	>	6	5	85
563	chr1	167669968	167669949	-	17.94	39.3	>	6	5	85
564	chr14	24311319	24311300	+	17.89	24.48	>	6	5	85
565	chr6	125622660	125622641	+	17.86	24.67	>	6	5	85
566	chr16	91694897	91694878	+	17.83	21.03	>	6	5	85
567	chr7	100886752	100886733	-	17.8	33.3	>	6	5	85
568	chr2	165779092	165779073	+	17.7	43.9	>	6	5	85
569	chr4	118988734	118988715	-	17.7	12.37	>	6	5	85
570	chr9	111939788	111939769	+	17.64	16.92	>	6	5	85
571	chr9	40806571	40806552	+	17.64	39.78	>	6	5	85
572	chr19	21571392	21571373	+	17.64	11.9	>	6	5	85
573	chr10	49785057	49785038	-	17.56	2.498	>	6	5	85
574	chr3	84922220	84922201	+	17.47	28.94	>	6	5	85
575	chr12	7991018	7990999	+	17.47	17.66	>	6	5	85
576	chr8	106687694	106687675	+	17.45	42.0	>	6	5	85
577	chr19	15998346	15998327	+	17.33	27.56	>	6	5	85
578	chr10	30838389	30838370	+	17.3	7.543	>	6	5	85
579	chr2	6469364	6469345	-	17.28	15.65	>	6	5	85
580	chr9	59678540	59678521	-	17.28	29.06	>	6	5	85
581	chr18	60143536	60143517	-	17.25	6.348	>	6	5	85
582	chr2	76114972	76114953	-	17.25	26.88	>	6	5	85
583	chr1	192722361	192722342	-	17.23	36.0	>	6	5	85
584	chr13	6737153	6737134	+	17.23	24.25	>	6	5	85
585	chr10	116199232	116199213	+	17.23	24.89	>	6	5	85
586	chr18	6627309	6627290	+	17.06	30.4	>	6	5	85
587	chr7	117375969	117375950	-	17.03	13.42	>	6	5	85
588	chr11	7200225	7200206	+	17.03	39.34	>	6	5	85
589	chr3	152474817	152474798	+	16.98	9.51	>	6	5	85
590	chr12	4107565	4107546	+	16.97	22.11	>	6	5	85
591	chr18	78212287	78212268	-	16.83	18.31	>	6	5	85
592	chr2	17842170	17842151	-	16.81	6.844	>	6	5	85
593	chr5	112429191	112429172	-	16.78	14.19	>	6	5	85
594	chr9	54169687	54169668	+	16.73	16.64	>	6	5	85
595	chr9	78597063	78597044	+	16.73	17.98	>	6	5	85
596	chr2	125556029	125556010	+	16.69	19.19	>	6	5	85
597	chr4	86545837	86545818	-	16.69	26.34	>	6	5	85
598	chr11	34229190	34229171	+	16.55	19.56	>	6	5	85
599	chr13	60479163	60479144	+	16.52	1.697	>	6	5	85
600	chr11	57788119	57788100	+	16.36	29.88	>	6	5	85
601	chr5	117504639	117504620	+	16.36	53.34	>	6	5	85
602	chr1	128368923	128368904	+	16.28	14.01	>	6	5	85
603	chr14	51098507	51098488	-	16.28	41.22	>	6	5	85
604	chr10	14404268	14404249	+	16.23	20.66	>	6	5	85
605	chr18	65752297	65752278	-	16.1	16.11	>	6	5	85
606	chr3	59077498	59077479	+	16.1	40.72	>	6	5	85
607	chr1	119919473	119919454	+	16.06	20.62	>	6	5	85
608	chr1	86598699	86598680	+	16.03	48.72	>	6	5	85
609	chr1	80178208	80178189	-	16.0	17.12	>	6	5	85
610	chr15	64132164	64132145	+	15.96	15.336	>	6	5	85
611	chr2	4652218	4652199	-	15.91	22.83	>	6	5	85
612	chr9	40805489	40805470	-	15.86	35.53	>	6	5	85
613	chr13	30549079	30549060	-	15.805	25.34	>	6	5	85
614	chr3	82350530	82350511	-	15.805	7.78	>	6	5	85
615	chr7	81155234	81155215	-	15.805	19.0	>	6	5	85
616	chr4	107701325	107701306	-	15.8	18.55	>	6	5	85
617	chr11	76655250	76655231	+	15.8	25.19	>	6	5	85
618	chr7	122945377	122945358	+	15.72	20.64	>	6	5	85
619	chr16	32697312	32697293	+	15.695	24.02	>	6	5	85
620	chr13	114460825	114460806	-	15.65	8.25	>	6	5	85
621	chr19	59389409	59389390	+	15.65	31.4	>	6	5	85
622	chr7	45451495	45451476	+	15.64	35.4	>	6	5	85
623	chr15	85599066	85599047	+	15.625	30.86	>	6	5	85
624	chr10	9012998	9012979	+	15.6	21.77	>	6	5	85
625	chr13	24318872	24318853	-	15.58	11.58	>	6	5	85
626	chr3	123506917	123506898	-	15.53	17.17	>	6	5	85
627	chr13	101719731	101719712	-	15.48	25.34	>	6	5	85
628	chr12	12412898	12412879	-	15.43	30.47	>	6	5	85
629	chr10	127342496	127342477	-	15.4	29.73	>	6	5	85
630	chr7	28972871	28972852	+	15.39	21.2	>	6	5	85
631	chr5	130862481	130862462	+	15.33	29.22	>	6	5	85
632	chr13	53779354	53779335	+	15.31	23.8	>	6	5	85
633	chr11	51582940	51582921	-	15.305	26.1	>	6	5	85
634	chr3	34150257	34150238	+	15.3	17.19	>	6	5	85
635	chr9	30423156	30423137	-	15.29	30.31	>	6	5	85
636	chr1	55886585	55886566	+	15.29	16.73	>	6	5	85
637	chr8	121104251	121104232	+	15.28	31.56	>	6	5	85
638	chr2	31683894	31683875	+	15.27	30.73	>	6	5	85
639	chr9	121458682	121458663	+	15.27	42.72	>	6	5	85
640	chr13	111421545	111421526	+	15.22	27.25	>	6	5	85
641	chr18	56572965	56572946	+	15.22	32.7	>	6	5	85
642	chr18	42593315	42593296	+	15.2	8.75	>	6	5	85
643	chr8	118287683	118287664	+	15.2	7.145	>	6	5	85
644	chr14	47742843	47742824	+	15.18	9.65	>	6	5	85
645	chr1	184791312	184791293	-	15.164	27.39	>	6	5	85
646	chr6	106800166	106800147	-	15.1	18.75	>	6	5	85
647	chr11	12025880	12025861	+	15.06	18.02	>	6	5	85
648	chr5	129594341	129594322	-	15.03	29.4	>	6	5	85
649	chr13	16005724	16005705	+	15.016	13.71	>	6	5	85
650	chr14	65597230	65597211	+	15.016	14.01	>	6	5	85
651	chr5	99900280	99900261	-	14.95	10.75	>	6	5	85
652	chr8	11421350	11421331	-	14.945	26.12	>	6	5	85
653	chr19	4755748	4755729	+	14.93	24.55	>	6	5	85
654	chr10	110733540	110733521	-	14.914	16.5	>	6	5	85
655	chr5	67752088	67752069	+	14.89	18.31	>	6	5	85
656	chr9	77381774	77381755	-	14.85	26.45	>	6	5	85
657	chr18	81951830	81951811	-	14.76	34.06	>	6	5	85
658	chr1	86059644	86059625	+	14.734	30.22	>	6	5	85
659	chr1	52630636	52630617	-	14.734	9.89	>	6	5	85
660	chr2	174308107	174308088	+	14.69	14.67	>	6	5	85
661	chr11	99364649	99364630	-	14.6	16.03	>	6	5	85
662	chr13	109558424	109558405	+	14.49	16.98	>	6	5	85
663	chr12	58201405	58201386	-	14.48	6.883	>	6	5	85
664	chr7	137471937	137471918	+	14.445	28.83	>	6	5	85
665	chr17	26916803	26916784	+	14.414	25.05	>	6	5	85
666	chr5	87871626	87871607	-	14.414	20.39	>	6	5	85
667	chr2	125252443	125252424	+	14.414	25.9	>	6	5	85
668	chr1	9549185	9549166	+	14.414	19.5	>	6	5	85
669	chr11	11788608	11788589	-	14.38	31.97	>	6	5	85
670	chr7	43928727	43928708	+	14.36	11.45	>	6	5	85
671	chr10	60760656	60760637	-	14.31	36.9	>	6	5	85
672	chr6	17362958	17362939	+	14.31	3.076	>	6	5	85
673	chr1	136521528	136521509	-	14.305	21.69	>	6	5	85
674	chr2	153147934	153147915	+	14.28	18.94	>	6	5	85
675	chr8	61522313	61522294	+	14.266	28.28	>	6	5	85
676	chr18	56759303	56759284	+	14.266	12.61	>	6	5	85
677	chr14	115451146	115451127	-	14.234	4.215	>	6	5	85
678	chr1	176218428	176218409	+	14.195	14.99	>	6	5	85
679	chr15	97665520	97665501	-	14.18	30.02	>	6	5	85
680	chr13	20299620	20299601	+	14.18	33.25	>	6	5	85
681	chr9	59969601	59969582	-	14.14	17.69	>	6	5	85
682	chr16	57611975	57611956	+	14.055	18.66	>	6	5	85
683	chr12	15816144	15816125	+	13.984	8.52	>	6	5	85
684	chr15	82271381	82271362	-	13.95	28.55	>	6	5	85
685	chr7	74363644	74363625	-	13.95	40.8	>	6	5	85
686	chr3	73066293	73066274	+	13.95	16.86	>	6	5	85
687	chr1	118772515	118772496	-	13.945	30.34	>	6	5	85
688	chr4	110020493	110020474	-	13.94	26.28	>	6	5	85
689	chr3	34639420	34639401	-	13.94	14.87	>	6	5	85
690	chr2	131530224	131530205	-	13.92	25.86	>	6	5	85
691	chr4	20024128	20024109	+	13.91	12.516	>	6	5	85
692	chr8	74980870	74980851	-	13.81	30.2	>	6	5	85
693	chr18	75757719	75757700	+	13.734	18.78	>	6	5	85
694	chr7	89908147	89908128	-	13.72	13.79	>	6	5	85
695	chr4	150257406	150257387	+	13.72	23.58	>	6	5	85
696	chr2	55022781	55022762	-	13.664	7.77	>	6	5	85
697	chr18	64506771	64506752	-	13.63	18.4	>	6	5	85
698	chr14	123353156	123353137	-	13.61	11.6	>	6	5	85
699	chr4	139872794	139872775	+	13.59	35.75	>	6	5	85
700	chr13	51839869	51839850	+	13.586	21.19	>	6	5	85
701	chr5	146162789	146162770	+	13.516	23.42	>	6	5	85
702	chr9	83785201	83785182	+	13.49	14.66	>	6	5	85
703	chr3	59079480	59079461	+	13.44	28.77	>	6	5	85
704	chr10	11345312	11345293	-	13.375	5.086	>	6	5	85
705	chr11	46252188	46252169	-	13.34	28.12	>	6	5	85
706	chr4	85404971	85404952	+	13.32	14.11	>	6	5	85
707	chr4	130738774	130738755	+	13.31	16.47	>	6	5	85
708	chr5	86432914	86432895	+	13.305	16.02	>	6	5	85
709	chr3	22306829	22306810	+	13.266	18.6	>	6	5	85
710	chr2	91930225	91930206	-	13.25	19.55	>	6	5	85
711	chr6	108417714	108417695	+	13.234	10.66	>	6	5	85
712	chr12	17011790	17011771	-	13.16	20.73	>	6	5	85
713	chr5	87551137	87551118	-	13.15	21.52	>	6	5	85
714	chr4	106227683	106227664	-	13.14	14.38	>	6	5	85
715	chr4	139877472	139877453	+	13.1	27.4	>	6	5	85
716	chr1	88742593	88742574	-	13.086	17.75	>	6	5	85
717	chr3	52254088	52254069	+	13.02	34.16	>	6	5	85
718	chr9	73159469	73159450	+	12.99	27.5	>	6	5	85
719	chr7	29297253	29297234	-	12.984	28.8	>	6	5	85
720	chr13	116312336	116312317	-	12.93	10.21	>	6	5	85
721	chr2	157117146	157117127	-	12.91	21.92	>	6	5	85
722	chr9	60243712	60243693	+	12.89	13.59	>	6	5	85
723	chr1	179845066	179845047	-	12.88	17.89	>	6	5	85
724	chr11	103332754	103332735	+	12.875	24.97	>	6	5	85
725	chr1	53032774	53032755	-	12.87	13.05	>	6	5	85
726	chr8	45345197	45345178	+	12.81	16.72	>	6	5	85
727	chr12	113216133	113216114	+	12.74	53.7	>	6	5	85
728	chr15	36152194	36152175	-	12.72	16.9	>	6	5	85
729	chr1	72876274	72876255	+	12.69	17.11	>	6	5	85
730	chr9	14774009	14773990	+	12.664	9.0	>	6	5	85
731	chr12	74317197	74317178	-	12.664	11.76	>	6	5	85
732	chr7	107819649	107819630	-	12.64	16.3	>	6	5	85
733	chr13	55327907	55327888	+	12.64	17.61	>	6	5	85
734	chr3	54796015	54795996	+	12.63	22.77	>	6	5	85
735	chr6	60963937	60963918	+	12.61	7.094	>	6	5	85
736	chr8	21981891	21981872	-	12.61	17.33	>	6	5	85
737	chr10	38269349	38269330	-	12.52	19.28	>	6	5	85
738	chr6	51170619	51170600	-	12.5	20.02	>	6	5	85
739	chr2	148110356	148110337	-	12.43	16.03	>	6	5	85
740	chr1	88301823	88301804	-	12.42	19.61	>	6	5	85
741	chr6	115037959	115037940	-	12.33	15.375	>	6	5	85
742	chr16	11980974	11980955	+	12.33	3.668	>	6	5	85
743	chr15	44832771	44832752	-	12.31	24.2	>	6	5	85
744	chr19	26193888	26193869	-	12.29	7.65	>	6	5	85
745	chr17	8988263	8988244	-	12.29	10.71	>	6	5	85
746	chr14	66358860	66358841	+	12.28	18.22	>	6	5	85
747	chr12	40832432	40832413	-	12.26	13.56	>	6	5	85
748	chr2	53206958	53206939	-	12.18	12.55	>	6	5	85
749	chr16	42914617	42914598	+	12.16	7.133	>	6	5	85
750	chr11	111523686	111523667	-	12.14	23.53	>	6	5	85
751	chr6	121556678	121556659	+	12.11	18.8	>	6	5	85
752	chr7	43926199	43926180	-	12.1	21.69	>	6	5	85
753	chr3	3311028	3311009	+	12.09	10.74	>	6	5	85
754	chr12	17018680	17018661	+	12.04	21.19	>	6	5	85
755	chr18	33794794	33794775	+	11.97	24.89	>	6	5	85
756	chr15	73791915	73791896	+	11.96	24.61	>	6	5	85
757	chr12	82489256	82489237	+	11.945	11.805	>	6	5	85
758	chr19	37559803	37559784	+	11.91	21.4	>	6	5	85
759	chr12	36195155	36195136	-	11.91	7.07	>	6	5	85
760	chr3	30515246	30515227	-	11.875	11.664	>	6	5	85
761	chr19	27426681	27426662	-	11.81	11.945	>	6	5	85
762	chr2	75590427	75590408	-	11.75	21.66	>	6	5	85
763	chr2	17849498	17849479	+	11.75	6.633	>	6	5	85
764	chr9	83371155	83371136	-	11.75	6.18	>	6	5	85
765	chr9	30936846	30936827	-	11.734	17.67	>	6	5	85
766	chr15	94690037	94690018	+	11.73	23.03	>	6	5	85
767	chr2	147379133	147379114	+	11.69	9.875	>	6	5	85
768	chr4	121232314	121232295	-	11.664	7.945	>	6	5	85
769	chr18	56333219	56333200	-	11.64	4.934	>	6	5	85
770	chr16	25952209	25952190	-	11.64	6.688	>	6	5	85
771	chr13	94976326	94976307	+	11.63	16.62	>	6	5	85
772	chr2	30942898	30942879	-	11.57	22.28	>	6	5	85
773	chr6	104479441	104479422	+	11.55	10.57	>	6	5	85
774	chr5	113080039	113080020	-	11.52	26.94	>	6	5	85
775	chr16	30550607	30550588	-	11.52	17.62	>	6	5	85
776	chr1	160194976	160194957	+	11.51	18.28	>	6	5	85
777	chr11	56116782	56116763	-	11.48	30.47	>	6	5	85
778	chr6	112484521	112484502	-	11.48	12.14	>	6	5	85
779	chr14	21853546	21853527	-	11.445	30.66	>	6	5	85
780	chr9	58534993	58534974	+	11.414	20.97	>	6	5	85
781	chr17	73302318	73302299	+	11.414	39.62	>	6	5	85
782	chr1	85842459	85842440	-	11.41	14.02	>	6	5	85
783	chr17	16926410	16926391	-	11.35	2.584	>	6	5	85
784	chr12	29894861	29894842	+	11.31	16.72	>	6	5	85
785	chr2	127832989	127832970	+	11.22	7.293	>	6	5	85
786	chr16	20724653	20724634	+	11.18	15.11	>	6	5	85
787	chr1	180811112	180811093	-	11.164	28.33	>	6	5	85
788	chr13	109210611	109210592	-	11.16	17.5	>	6	5	85
789	chr18	5990207	5990188	-	11.14	3.14	>	6	5	85
790	chr18	12102268	12102249	-	11.125	23.38	>	6	5	85
791	chr19	59380193	59380174	+	11.08	23.9	>	6	5	85
792	chr2	101665476	101665457	+	11.055	26.06	>	6	5	85
793	chr12	108541242	108541223	-	11.02	27.9	>	6	5	85
794	chr2	32583648	32583629	+	11.016	30.19	>	6	5	85
795	chr1	181881807	181881788	-	10.98	11.91	>	6	5	85
796	chr5	117506576	117506557	+	10.94	40.06	>	6	5	85
797	chr1	38789153	38789134	+	10.89	22.95	>	6	5	85
798	chr10	102445139	102445120	-	10.875	19.4	>	6	5	85
799	chr12	81788941	81788922	+	10.87	12.51	>	6	5	85
800	chr9	78233462	78233443	-	10.86	15.93	>	6	5	85
801	chr10	96618527	96618508	+	10.86	3.014	>	6	5	85
802	chr8	84639419	84639400	-	10.85	34.7	>	6	5	85
803	chr17	8468905	8468886	+	10.85	20.27	>	6	5	85
804	chr2	67535551	67535532	+	10.83	7.83	>	6	5	85
805	chr18	52947340	52947321	+	10.82	10.15	>	6	5	85
806	chr13	72625410	72625391	-	10.78	6.715	>	6	5	85
807	chr11	31942449	31942430	+	10.69	22.72	>	6	5	85
808	chr1	6190743	6190724	-	10.63	7.344	>	6	5	85
809	chr7	74367549	74367530	+	10.6	15.16	>	6	5	85
810	chr4	22482970	22482951	+	10.58	4.45	>	6	5	85
811	chr13	20298018	20297999	+	10.56	24.86	>	6	5	85
812	chr16	75325511	75325492	-	10.484	5.44	>	6	5	85
813	chr6	54586377	54586358	+	10.44	8.14	>	6	5	85
814	chr14	59604211	59604192	-	10.375	15.664	>	6	5	85
815	chr2	107946040	107946021	-	10.31	11.08	>	6	5	85
816	chr1	62701219	62701200	-	10.3	12.74	>	6	5	85
817	chr7	75914120	75914101	+	10.266	24.1	>	6	5	85
818	chr5	98167679	98167660	+	10.26	12.875	>	6	5	85
819	chr9	99671799	99671780	+	10.23	22.52	>	6	5	85
820	chr1	179847901	179847882	+	10.16	11.88	>	6	5	85
821	chr15	80080817	80080798	-	10.15	32.28	>	6	5	85
822	chr6	137747756	137747737	-	10.09	27.12	>	6	5	85
823	chr6	77249625	77249606	-	10.09	6.945	>	6	5	85
824	chr5	149049190	149049171	-	10.08	15.81	>	6	5	85
825	chr18	32814407	32814388	-	10.07	2.566	>	6	5	85
826	chr11	46258405	46258386	-	10.06	20.3	>	6	5	85
827	chr11	81974830	81974811	-	10.01	5.44	>	6	5	85
828	chr19	48414047	48414028	+	9.99	12.77	>	6	5	85
829	chr11	34836484	34836465	+	9.86	20.75	>	6	5	85
830	chr17	24437345	24437326	-	9.81	19.33	>	6	5	85
831	chr6	59208753	59208734	-	9.734	12.92	>	6	5	85
832	chr13	37325694	37325675	-	9.734	20.84	>	6	5	85
833	chr11	43412967	43412948	-	9.72	22.2	>	6	5	85
834	chr13	49651342	49651323	-	9.71	2.496	>	6	5	85
835	chr7	143151380	143151361	+	9.69	18.05	>	6	5	85
836	chr16	4285478	4285459	-	9.67	7.94	>	6	5	85
837	chr11	29715017	29714998	-	9.664	9.12	>	6	5	85
838	chr3	134654263	134654244	+	9.62	3.898	>	6	5	85
839	chr8	28978824	28978805	-	9.57	7.504	>	6	5	85
840	chr13	54062269	54062250	-	9.55	10.02	>	6	5	85
841	chr9	32585514	32585495	+	9.516	12.72	>	6	5	85
842	chr7	73648212	73648193	-	9.484	13.375	>	6	5	85
843	chr19	27425889	27425870	-	9.44	11.26	>	6	5	85
844	chr13	100854377	100854358	-	9.42	17.78	>	6	5	85
845	chr5	140749784	140749765	-	9.414	22.17	>	6	5	85
846	chr4	127027444	127027425	+	9.4	22.48	>	6	5	85
847	chr11	109221866	109221847	-	9.3	9.67	>	6	5	85
848	chr16	16596794	16596775	+	9.28	5.977	>	6	5	85
849	chr2	128605294	128605275	-	9.25	9.07	>	6	5	85
850	chr2	61492265	61492246	+	9.25	6.99	>	6	5	85
851	chr10	74217479	74217460	+	9.22	7.7	>	6	5	85
852	chr9	68016722	68016703	+	9.2	8.305	>	6	5	85
853	chr6	144248136	144248117	+	9.19	7.742	>	6	5	85
854	chr13	51191948	51191929	+	9.17	5.492	>	6	5	85
855	chr2	103424848	103424829	-	9.164	12.29	>	6	5	85
856	chr7	64751734	64751715	-	9.13	16.66	>	6	5	85
857	chr7	27160004	27159985	+	9.125	14.17	>	6	5	85
858	chr13	95986545	95986526	+	9.08	13.76	>	6	5	85
859	chr5	135118653	135118634	+	9.08	29.22	>	6	5	85
860	chr10	49786914	49786895	-	9.07	0.785	>	6	5	85
861	chr1	51639072	51639053	+	9.02	3.22	>	6	5	85
862	chr14	105307894	105307875	+	8.95	2.453	>	6	5	85
863	chr19	40231990	40231971	-	8.95	19.89	>	6	5	85
864	chr10	69656526	69656507	+	8.95	12.99	>	6	5	85
865	chr7	142714879	142714860	-	8.945	27.2	>	6	5	85
866	chr6	129256260	129256241	-	8.93	14.53	>	6	5	85
867	chr5	138199783	138199764	+	8.9	8.414	>	6	5	85
868	chr8	36193738	36193719	+	8.89	10.43	>	6	5	85
869	chr11	49597354	49597335	+	8.87	6.92	>	6	5	85
870	chr1	139405977	139405958	-	8.86	4.043	>	6	5	85
871	chr3	124289118	124289099	-	8.84	12.69	>	6	5	85
872	chr9	13196005	13195986	-	8.83	30.6	>	6	5	85
873	chr14	115819240	115819221	+	8.83	10.71	>	6	5	85
874	chr5	146914595	146914576	+	8.82	39.7	>	6	5	85
875	chr4	119223866	119223847	-	8.766	16.34	>	6	5	85
876	chr15	85879204	85879185	-	8.76	17.27	>	6	5	85
877	chr4	124682485	124682466	+	8.7	17.45	>	6	5	85
878	chr17	34956526	34956507	+	8.695	22.17	>	6	5	85
879	chr12	39494054	39494035	-	8.65	2.455	>	6	5	85
880	chr9	34485824	34485805	-	8.625	10.6	>	6	5	85
881	chr2	180786948	180786929	+	8.57	17.27	>	6	5	85
882	chr4	62230989	62230970	+	8.57	12.25	>	6	5	85
883	chr2	16357480	16357461	+	8.55	2.205	>	6	5	85
884	chr17	9759516	9759497	+	8.54	11.53	>	6	5	85
885	chr10	13018670	13018651	+	8.54	19.64	>	6	5	85
886	chr4	32570820	32570801	-	8.52	6.645	>	6	5	85
887	chr9	86451919	86451900	-	8.49	16.77	>	6	5	85
888	chr7	139590495	139590476	+	8.49	20.39	>	6	5	85
889	chr16	31944169	31944150	+	8.445	14.11	>	6	5	85
890	chr3	104701211	104701192	-	8.44	24.84	>	6	5	85
891	chr2	160955546	160955527	-	8.414	14.05	>	6	5	85
892	chr18	32811889	32811870	+	8.4	4.918	>	6	5	85
893	chr14	115042240	115042221	-	8.4	14.734	>	6	5	85
894	chr2	28464119	28464100	-	8.33	19.16	>	6	5	85
895	chr2	76369931	76369912	+	8.28	9.1	>	6	5	85
896	chr3	107605512	107605493	+	8.28	12.57	>	6	5	85
897	chr14	121220891	121220872	-	8.23	10.8	>	6	5	85
898	chr1	103796539	103796520	+	8.22	10.74	>	6	5	85
899	chr16	23151589	23151570	+	8.21	3.11	>	6	5	85
900	chr5	33371346	33371327	-	8.19	15.74	>	6	5	85
901	chr13	103121088	103121069	-	8.18	6.016	>	6	5	85
902	chr10	60760529	60760510	+	8.14	24.72	>	6	5	85
903	chr1	169921787	169921768	+	8.12	12.62	>	6	5	85
904	chr13	42826816	42826797	-	8.11	17.0	>	6	5	85
905	chr6	72601930	72601911	+	8.11	24.06	>	6	5	85
906	chr7	81345319	81345300	-	7.99	7.87	>	6	5	85
907	chr11	33934471	33934452	+	7.98	18.27	>	6	5	85
908	chr18	77044808	77044789	-	7.97	11.42	>	6	5	85
909	chr7	67217278	67217259	+	7.926	7.28	>	6	5	85
910	chr2	164074027	164074008	+	7.906	10.22	>	6	5	85
911	chr3	45373410	45373391	+	7.855	1.438	>	6	5	85
912	chr1	152768355	152768336	-	7.84	9.35	>	6	5	85
913	chr11	102267665	102267646	-	7.81	17.44	>	6	5	85
914	chr11	43411664	43411645	-	7.81	21.72	>	6	5	85
915	chr2	129880054	129880035	+	7.805	6.484	>	6	5	85
916	chr11	81972241	81972222	+	7.797	9.07	>	6	5	85
917	chr9	65581143	65581124	-	7.793	11.17	>	6	5	85
918	chr4	106228720	106228701	+	7.727	13.9	>	6	5	85
919	chr6	119467876	119467857	+	7.703	18.1	>	6	5	85
920	chr10	122794511	122794492	+	7.695	15.734	>	6	5	85
921	chr14	34813484	34813465	-	7.69	11.805	>	6	5	85
922	chr15	19280629	19280610	+	7.68	3.066	>	6	5	85
923	chr13	38235597	38235578	-	7.676	11.836	>	6	5	85
924	chr13	21710105	21710086	+	7.67	14.95	>	6	5	85
925	chr11	104231353	104231334	-	7.67	18.38	>	6	5	85
926	chr6	86401304	86401285	-	7.64	23.28	>	6	5	85
927	chr4	24245320	24245301	-	7.633	3.027	>	6	5	85
928	chr9	29655082	29655063	+	7.613	20.11	>	6	5	85
929	chr9	58535957	58535938	-	7.605	16.9	>	6	5	85
930	chr5	112427478	112427459	-	7.598	9.93	>	6	5	85
931	chr4	140539353	140539334	-	7.58	22.9	>	6	5	85
932	chr14	105302910	105302891	+	7.57	4.605	>	6	5	85
933	chr7	19713404	19713385	-	7.543	26.19	>	6	5	85
934	chr1	127487367	127487348	-	7.52	14.33	>	6	5	85
935	chr19	56806125	56806106	-	7.504	5.934	>	6	5	85
936	chr19	47175662	47175643	-	7.46	21.67	>	6	5	85
937	chr2	150795624	150795605	-	7.44	6.633	>	6	5	85
938	chr2	137114826	137114807	+	7.438	4.08	>	6	5	85
939	chr10	119244230	119244211	+	7.434	4.305	>	6	5	85
940	chr5	117094622	117094603	+	7.42	22.22	>	6	5	85
941	chr11	67100384	67100365	-	7.42	22.83	>	6	5	85
942	chr5	30686988	30686969	+	7.41	18.64	>	6	5	85
943	chr8	105291139	105291120	-	7.41	11.78	>	6	5	85
944	chr7	143470174	143470155	-	7.39	17.94	>	6	5	85
945	chr15	8099290	8099271	-	7.35	8.336	>	6	5	85
946	chr7	119015949	119015930	+	7.34	17.75	>	6	5	85
947	chr17	56306039	56306020	-	7.305	16.48	>	6	5	85
948	chr1	134636895	134636876	+	7.3	5.97	>	6	5	85
949	chr17	65541217	65541198	+	7.258	9.125	>	6	5	85
950	chr14	49218880	49218861	+	7.25	8.47	>	6	5	85
951	chr1	25527154	25527135	+	7.2	7.453	>	6	5	85
952	chr1	146515575	146515556	+	7.18	3.11	>	6	5	85
953	chr9	44109578	44109559	+	7.176	33.9	>	6	5	85
954	chr11	108889358	108889339	+	7.15	8.016	>	6	5	85
955	chr7	138398615	138398596	+	7.117	4.707	>	6	5	85
956	chr5	32204842	32204823	+	7.11	6.15	>	6	5	85
957	chr8	14859581	14859562	+	7.1	5.27	>	6	5	85
958	chr11	95676507	95676488	-	7.09	14.555	>	6	5	85
959	chr6	85141186	85141167	+	7.08	33.56	>	6	5	85
960	chr14	20340404	20340385	-	7.04	15.81	>	6	5	85
961	chr1	193130339	193130320	-	7.023	5.71	>	6	5	85
962	chr9	98032882	98032863	+	6.992	4.73	>	6	5	85
963	chr7	143793289	143793270	+	6.98	21.42	>	6	5	85
964	chr12	32292312	32292293	-	6.895	8.26	>	6	5	85
965	chr17	45724453	45724434	-	6.89	12.125	>	6	5	85
966	chr14	102512314	102512295	+	6.89	1.602	>	6	5	85
967	chr8	11943038	11943019	+	6.88	5.47	>	6	5	85
968	chr7	83553561	83553542	+	6.867	8.27	>	6	5	85
969	chr9	64960779	64960760	-	6.85	16.31	>	6	5	85
970	chr9	30426996	30426977	+	6.832	15.31	>	6	5	85
971	chr11	119249183	119249164	+	6.785	23.48	>	6	5	85
972	chr8	90795542	90795523	+	6.77	10.67	>	6	5	85
973	chr2	113498926	113498907	-	6.766	9.86	>	6	5	85
974	chr13	62926662	62926643	+	6.75	4.73	>	6	5	85
975	chr1	127485025	127485006	+	6.715	16.44	>	6	5	85
976	chr17	78592615	78592596	+	6.715	8.945	>	6	5	85
977	chr2	118246134	118246115	-	6.668	13.72	>	6	5	85
978	chr2	92474875	92474856	-	6.652	13.95	>	6	5	85
979	chr7	17061423	17061404	+	6.645	15.1	>	6	5	85
980	chr10	122090678	122090659	+	6.63	8.38	>	6	5	85
981	chr13	64448147	64448128	+	6.594	17.92	>	6	5	85
982	chr2	34642611	34642592	-	6.562	14.51	>	6	5	85
983	chr5	117509743	117509724	+	6.54	26.92	>	6	5	85
984	chr7	131371109	131371090	+	6.516	4.71	>	6	5	85
985	chr6	94054143	94054124	-	6.5	13.34	>	6	5	85
986	chr14	20697228	20697209	+	6.465	17.88	>	6	5	85
987	chr10	122798121	122798102	+	6.46	15.23	>	6	5	85
988	chr13	14196604	14196585	+	6.45	1.613	>	6	5	85
989	chr3	118991976	118991957	+	6.438	8.26	>	6	5	85
990	chr9	107231295	107231276	-	6.434	7.414	>	6	5	85
991	chr15	24557016	24556997	-	6.418	3.371	>	6	5	85
992	chr2	178407758	178407739	+	6.414	11.43	>	6	5	85
993	chr9	90683476	90683457	-	6.38	1.322	>	6	5	85
994	chr6	22968335	22968316	-	6.34	6.418	>	6	5	85
995	chr12	67217811	67217792	+	6.336	1.95	>	6	5	85
996	chr10	82910438	82910419	+	6.277	10.99	>	6	5	85
997	chr7	49125716	49125697	+	6.258	16.88	>	6	5	85
998	chr11	119491305	119491286	-	6.215	10.81	>	6	5	85
999	chr11	32341308	32341289	-	6.21	14.555	>	6	5	85
1000	chr19	8713406	8713387	+	6.19	10.44	>	6	5	85
1001	chr4	48048044	48048025	+	6.152	6.21	>	6	5	85
1002	chr11	52764825	52764806	+	6.15	7.75	>	6	5	85
1003	chr13	20564636	20564617	-	6.145	4.82	>	6	5	85
1004	chr10	39105011	39104992	-	6.14	7.152	>	6	5	85
1005	chr11	98909856	98909837	-	6.117	18.95	>	6	5	85
1006	chr1	151025102	151025083	+	6.117	4.496	>	6	5	85
1007	chr5	98167777	98167758	-	6.113	9.555	>	6	5	85
1008	chr8	88118562	88118543	+	6.062	3.66	>	6	5	85
1009	chr16	92511934	92511915	+	6.035	16.34	>	6	5	85
1010	chr15	25792295	25792276	-	6.008	6.87	>	6	5	85
1011	chr13	92751194	92751175	+	5.938	12.68	>	6	5	85
1012	chr5	101688793	101688774	-	5.934	12.51	>	6	5	85
1013	chr7	112023252	112023233	+	5.93	8.26	>	6	5	85
1014	chr14	21854038	21854019	-	5.914	27.36	>	6	5	85
1015	chr8	32003733	32003714	-	5.9	2.012	>	6	5	85
1016	chr13	53095394	53095375	-	5.867	6.086	>	6	5	85
1017	chr1	182554179	182554160	+	5.836	10.15	>	6	5	85
1018	chr6	18381568	18381549	+	5.832	1.955	>	6	5	85
1019	chr9	77389590	77389571	+	5.832	5.68	>	6	5	85
1020	chr16	5254481	5254462	-	5.812	12.77	>	6	5	85
1021	chr2	93199625	93199606	+	5.797	14.08	>	6	5	85
1022	chr9	81631651	81631632	-	5.793	3.863	>	6	5	85
1023	chr2	152887412	152887393	-	5.78	4.652	>	6	5	85
1024	chr4	153481137	153481118	-	5.766	3.3	>	6	5	85
1025	chr8	72239706	72239687	-	5.754	5.32	>	6	5	85
1026	chr18	65750236	65750217	-	5.703	2.543	>	6	5	85
1027	chr6	61311882	61311863	-	5.68	7.43	>	6	5	85
1028	chr18	46143625	46143606	+	5.676	6.477	>	6	5	85
1029	chr6	120836118	120836099	+	5.64	7.797	>	6	5	85
1030	chr6	100563990	100563971	-	5.625	4.164	>	6	5	85
1031	chr3	13475098	13475079	-	5.61	1.948	>	6	5	85
1032	chr2	132262968	132262949	+	5.6	7.164	>	6	5	85
1033	chr11	103334169	103334150	+	5.594	12.02	>	6	5	85
1034	chr6	54255029	54255010	+	5.586	4.35	>	6	5	85
1035	chr13	101711018	101710999	+	5.543	9.15	>	6	5	85
1036	chr5	39644761	39644742	-	5.54	3.531	>	6	5	85
1037	chr8	90795201	90795182	-	5.516	4.996	>	6	5	85
1038	chr18	23162646	23162627	+	5.51	1.562	>	6	5	85
1039	chr16	78165563	78165544	+	5.477	7.39	>	6	5	85
1040	chr2	96584106	96584087	-	5.44	3.29	>	6	5	85
1041	chr12	72070473	72070454	+	5.426	11.336	>	6	5	85
1042	chr12	24708691	24708672	+	5.414	9.914	>	6	5	85
1043	chr8	92367135	92367116	-	5.406	6.984	>	6	5	85
1044	chr17	83866777	83866758	+	5.4	23.0	>	6	5	85
1045	chr13	55322636	55322617	-	5.4	7.0	>	6	5	85
1046	chr6	88893771	88893752	-	5.395	16.78	>	6	5	85
1047	chr19	8718731	8718712	-	5.383	8.6	>	6	5	85
1048	chr12	59220179	59220160	-	5.38	2.5	>	6	5	85
1049	chr14	60784526	60784507	+	5.367	16.06	>	6	5	85
1050	chr3	153658591	153658572	+	5.33	6.258	>	6	5	85
1051	chr9	77386949	77386930	-	5.312	12.24	>	6	5	85
1052	chr10	83219903	83219884	+	5.312	6.188	>	6	5	85
1053	chr6	15176967	15176948	-	5.31	2.947	>	6	5	85
1054	chr2	152604207	152604188	-	5.27	19.44	>	6	5	85
1055	chr2	39003369	39003350	-	5.26	1.671	>	6	5	85
1056	chr16	31425707	31425688	-	5.254	13.484	>	6	5	85
1057	chr5	137503018	137502999	-	5.227	3.691	>	6	5	85
1058	chr18	13973086	13973067	-	5.207	0.71	>	6	5	85
1059	chr17	68849016	68848997	-	5.2	1.891	>	6	5	85
1060	chr2	128408931	128408912	-	5.19	8.72	>	6	5	85
1061	chr14	97559790	97559771	-	5.16	2.041	>	6	5	85
1062	chr8	67903864	67903845	-	5.13	6.113	>	6	5	85
1063	chr14	56888181	56888162	-	5.125	3.316	>	6	5	85
1064	chr4	132198465	132198446	+	5.125	11.19	>	6	5	85
1065	chr2	39005861	39005842	-	5.12	3.883	>	6	5	85
1066	chr7	137471679	137471660	-	5.1	19.97	>	6	5	85
1067	chr6	64949075	64949056	+	5.09	5.168	>	6	5	85
1068	chr18	16821148	16821129	+	5.043	1.935	>	6	5	85
1069	chr2	93813566	93813547	+	5.04	13.086	>	6	5	85
1070	chr6	126481478	126481459	-	5.023	10.89	>	6	5	85
1071	chr1	181881093	181881074	-	4.984	10.19	>	6	5	85
1072	chr6	108065822	108065803	-	4.977	6.67	>	6	5	85
1073	chr4	88550373	88550354	+	4.938	4.04	>	6	5	85
1074	chr5	137502167	137502148	+	4.867	8.81	>	6	5	85
1075	chr8	77618148	77618129	-	4.86	4.188	>	6	5	85
1076	chr7	120098024	120098005	+	4.855	7.22	>	6	5	85
1077	chr2	75152706	75152687	-	4.824	10.55	>	6	5	85
1078	chr11	87950193	87950174	+	4.78	11.09	>	6	5	85
1079	chr11	94598936	94598917	-	4.746	10.49	>	6	5	85
1080	chr1	10229119	10229100	+	4.746	0.972	>	6	5	85
1081	chr7	143476888	143476869	+	4.746	8.89	>	6	5	85
1082	chr9	102607693	102607674	-	4.715	3.604	>	6	5	85
1083	chr8	32009749	32009730	+	4.71	6.785	>	6	5	85
1084	chr3	99262117	99262098	-	4.707	1.889	>	6	5	85
1085	chr18	75607987	75607968	+	4.664	23.11	>	6	5	85
1086	chr7	75380211	75380192	-	4.64	2.41	>	6	5	85
1087	chr3	135863108	135863089	+	4.64	3.164	>	6	5	85
1088	chr4	87369015	87368996	-	4.625	9.125	>	6	5	85
1089	chr8	84639535	84639516	+	4.605	13.88	>	6	5	85
1090	chr15	74524301	74524282	+	4.586	13.7	>	6	5	85
1091	chr17	57007316	57007297	-	4.582	9.42	>	6	5	85
1092	chr11	30893985	30893966	+	4.547	0.9004	>	6	5	85
1093	chr19	57360190	57360171	-	4.543	2.654	>	6	5	85
1094	chr8	110102657	110102638	-	4.53	9.24	>	6	5	85
1095	chr7	135389259	135389240	-	4.53	9.336	>	6	5	85
1096	chr4	152527530	152527511	+	4.516	13.99	>	6	5	85
1097	chr13	103710441	103710422	+	4.5	4.57	>	6	5	85
1098	chr10	120896053	120896034	+	4.5	2.322	>	6	5	85
1099	chr18	5155632	5155613	-	4.484	6.39	>	6	5	85
1100	chr12	80141693	80141674	-	4.45	17.05	>	6	5	85
1101	chr5	118763566	118763547	-	4.418	12.81	>	6	5	85
1102	chr12	14150175	14150156	+	4.406	3.688	>	6	5	85
1103	chr10	128990300	128990281	-	4.4	8.03	>	6	5	85
1104	chr10	30834038	30834019	-	4.37	4.473	>	6	5	85
1105	chr6	50618483	50618464	+	4.367	12.766	>	6	5	85
1106	chr15	9748972	9748953	-	4.36	3.496	>	6	5	85
1107	chr16	92308164	92308145	-	4.355	11.22	>	6	5	85
1108	chr2	9881964	9881945	-	4.355	2.918	>	6	5	85
1109	chr8	123106089	123106070	+	4.336	8.18	>	6	5	85
1110	chr5	98346264	98346245	+	4.324	2.342	>	6	5	85
1111	chr10	40249841	40249822	-	4.316	12.23	>	6	5	85
1112	chr3	141457685	141457666	+	4.312	4.707	>	6	5	85
1113	chr9	40192620	40192601	-	4.3	2.145	>	6	5	85
1114	chr9	72448248	72448229	+	4.29	7.78	>	6	5	85
1115	chr13	24316809	24316790	-	4.273	3.682	>	6	5	85
1116	chr1	50927249	50927230	+	4.258	4.5	>	6	5	85
1117	chr11	102690417	102690398	-	4.223	12.195	>	6	5	85
1118	chr4	116627141	116627122	+	4.207	6.52	>	6	5	85
1119	chr15	76198817	76198798	+	4.164	10.72	>	6	5	85
1120	chr15	12113620	12113601	-	4.156	3.312	>	6	5	85
1121	chr1	115675059	115675040	+	4.152	5.223	>	6	5	85
1122	chr2	34644807	34644788	-	4.15	8.266	>	6	5	85
1123	chr2	166084974	166084955	-	4.133	18.12	>	6	5	85
1124	chr11	21571906	21571887	-	4.13	2.105	>	6	5	85
1125	chr15	9449709	9449690	-	4.062	0.543	>	6	5	85
1126	chr5	92664520	92664501	-	4.055	3.326	>	6	5	85
1127	chr12	77001216	77001197	+	4.043	1.105	>	6	5	85
1128	chr6	93757507	93757488	-	4.01	5.273	>	6	5	85
1129	chr19	56302794	56302775	+	4.01	3.797	>	6	5	85
1130	chr13	71954038	71954019	-	4.008	1.19	>	6	5	85
1131	chr4	17852015	17851996	-	4.0	0.8535	>	6	5	85
1132	chr18	39136126	39136107	+	3.992	1.932	>	6	5	85
1133	chr1	153489234	153489215	-	3.99	7.715	>	6	5	85
1134	chr9	66136172	66136153	-	3.988	5.383	>	6	5	85
1135	chr11	109621431	109621412	-	3.979	11.484	>	6	5	85
1136	chr13	91723318	91723299	+	3.959	5.49	>	6	5	85
1137	chr13	3642291	3642272	-	3.959	4.75	>	6	5	85
1138	chr13	47304770	47304751	+	3.957	6.746	>	6	5	85
1139	chr2	121144456	121144437	+	3.953	4.504	>	6	5	85
1140	chr13	93772223	93772204	-	3.928	3.56	>	6	5	85
1141	chr10	70967079	70967060	+	3.916	4.88	>	6	5	85
1142	chr13	59417085	59417066	-	3.91	5.0	>	6	5	85
1143	chr7	102484972	102484953	-	3.883	7.0	>	6	5	85
1144	chr5	38235667	38235648	-	3.879	10.78	>	6	5	85
1145	chr14	56885401	56885382	+	3.87	2.412	>	6	5	85
1146	chr11	75170669	75170650	-	3.861	7.984	>	6	5	85
1147	chr11	77980417	77980398	+	3.846	9.5	>	6	5	85
1148	chr9	94738712	94738693	+	3.828	14.92	>	6	5	85
1149	chr6	140466500	140466481	-	3.816	3.785	>	6	5	85
1150	chr19	57361025	57361006	-	3.814	6.484	>	6	5	85
1151	chr12	58972459	58972440	+	3.777	2.135	>	6	5	85
1152	chr2	61490636	61490617	+	3.775	5.23	>	6	5	85
1153	chr4	44310651	44310632	+	3.762	4.973	>	6	5	85
1154	chr11	52766147	52766128	+	3.734	1.83	>	6	5	85
1155	chr13	72627587	72627568	-	3.717	4.066	>	6	5	85
1156	chr9	23012459	23012440	-	3.71	1.704	>	6	5	85
1157	chr16	31427924	31427905	-	3.705	3.383	>	6	5	85
1158	chr12	29895773	29895754	+	3.691	1.481	>	6	5	85
1159	chr9	73154557	73154538	+	3.666	9.1	>	6	5	85
1160	chr1	127484437	127484418	-	3.66	8.8	>	6	5	85
1161	chr9	107566236	107566217	+	3.656	7.098	>	6	5	85
1162	chr2	68118338	68118319	+	3.652	4.36	>	6	5	85
1163	chr11	11140836	11140817	-	3.629	13.69	>	6	5	85
1164	chr12	74014936	74014917	-	3.627	5.97	>	6	5	85
1165	chr7	138396301	138396282	-	3.621	0.934	>	6	5	85
1166	chr14	103534605	103534586	+	3.617	5.312	>	6	5	85
1167	chr10	115164112	115164093	-	3.613	3.031	>	6	5	85
1168	chr7	119019764	119019745	+	3.598	7.113	>	6	5	85
1169	chr13	96389525	96389506	-	3.588	1.339	>	6	5	85
1170	chr14	74723724	74723705	-	3.586	5.766	>	6	5	85
1171	chr14	55114114	55114095	-	3.57	7.387	>	6	5	85
1172	chr9	62784468	62784449	+	3.562	12.84	>	6	5	85
1173	chr10	127678167	127678148	-	3.541	2.129	>	6	5	85
1174	chr17	55948218	55948199	-	3.535	4.3	>	6	5	85
1175	chr11	78183263	78183244	-	3.525	12.305	>	6	5	85
1176	chr6	59207403	59207384	-	3.508	1.477	>	6	5	85
1177	chr6	135416919	135416900	+	3.498	4.027	>	6	5	85
1178	chr5	122104403	122104384	+	3.492	11.98	>	6	5	85
1179	chr13	37971068	37971049	-	3.482	3.088	>	6	5	85
1180	chr5	114612410	114612391	+	3.48	13.6	>	6	5	85
1181	chr10	114442226	114442207	+	3.46	2.104	>	6	5	85
1182	chr2	145655527	145655508	-	3.44	2.05	>	6	5	85
1183	chr7	109507351	109507332	-	3.418	1.832	>	6	5	85
1184	chr16	10009965	10009946	+	3.402	4.965	>	6	5	85
1185	chr14	67969032	67969013	-	3.385	5.523	>	6	5	85
1186	chr5	140744055	140744036	-	3.348	10.35	>	6	5	85
1187	chr1	56984334	56984315	+	3.338	2.584	>	6	5	85
1188	chr2	137110782	137110763	+	3.328	1.323	>	6	5	85
1189	chr16	22267525	22267506	+	3.322	1.262	>	6	5	85
1190	chr16	4884595	4884576	-	3.3	2.822	>	6	5	85
1191	chr5	19458406	19458387	-	3.291	6.625	>	6	5	85
1192	chr1	84697217	84697198	-	3.29	7.492	>	6	5	85
1193	chr14	122903088	122903069	-	3.29	2.205	>	6	5	85
1194	chr7	64056729	64056710	-	3.273	1.214	>	6	5	85
1195	chr9	71624061	71624042	-	3.273	15.39	>	6	5	85
1196	chr9	96885958	96885939	-	3.271	10.016	>	6	5	85
1197	chr18	46964733	46964714	-	3.266	8.555	>	6	5	85
1198	chr3	122638475	122638456	+	3.26	4.82	>	6	5	85
1199	chr9	94733848	94733829	+	3.256	3.768	>	6	5	85
1200	chr1	167938404	167938385	-	3.25	6.79	>	6	5	85
1201	chr1	180811841	180811822	+	3.244	6.383	>	6	5	85
1202	chr10	42760472	42760453	+	3.229	1.784	>	6	5	85
1203	chr18	20598347	20598328	+	3.213	4.758	>	6	5	85
1204	chr17	71909305	71909286	+	3.203	3.572	>	6	5	85
1205	chr1	34459898	34459879	+	3.193	3.389	>	6	5	85
1206	chr4	117202234	117202215	-	3.191	9.61	>	6	5	85
1207	chr15	101313974	101313955	-	3.178	2.96	>	6	5	85
1208	chr16	13438138	13438119	+	3.176	1.241	>	6	5	85
1209	chr7	114878499	114878480	+	3.174	1.604	>	6	5	85
1210	chr11	109866735	109866716	+	3.166	2.812	>	6	5	85
1211	chr3	123509329	123509310	+	3.162	5.67	>	6	5	85
1212	chr3	114085881	114085862	-	3.146	0.5283	>	6	5	85
1213	chr4	120149384	120149365	-	3.145	8.09	>	6	5	85
1214	chr16	4549594	4549575	-	3.137	11.12	>	6	5	85
1215	chr15	78872224	78872205	+	3.133	9.35	>	6	5	85
1216	chr12	57231261	57231242	-	3.127	3.32	>	6	5	85
1217	chr9	71624949	71624930	-	3.125	15.0	>	6	5	85
1218	chr4	18963859	18963840	-	3.12	4.01	>	6	5	85
1219	chr8	40913366	40913347	-	3.115	1.625	>	6	5	85
1220	chr5	21645240	21645221	-	3.11	1.259	>	6	5	85
1221	chr10	68357244	68357225	+	3.094	1.353	>	6	5	85
1222	chr2	93812077	93812058	-	3.06	11.82	>	6	5	85
1223	chr12	75669431	75669412	-	3.05	4.1	>	6	5	85
1224	chr1	12844023	12844004	+	3.033	4.33	>	6	5	85
1225	chr12	86697142	86697123	+	3.025	6.996	>	6	5	85
1226	chr9	98033678	98033659	+	3.021	1.525	>	6	5	85
1227	chr19	37946902	37946883	+	3.02	4.082	>	6	5	85
1228	chr9	75271676	75271657	+	3.01	4.42	>	6	5	85
1229	chr11	55162881	55162862	+	2.996	3.625	>	6	5	85
1230	chr17	25274339	25274320	-	2.984	4.45	>	6	5	85
1231	chr6	108065317	108065298	+	2.984	5.535	>	6	5	85
1232	chr7	5071749	5071730	-	2.928	2.754	>	6	5	85
1233	chr3	152477906	152477887	-	2.922	3.295	>	6	5	85
1234	chr5	28090770	28090751	-	2.922	2.412	>	6	5	85
1235	chr14	78282622	78282603	+	2.91	2.186	>	6	5	85
1236	chr14	88480122	88480103	-	2.906	3.236	>	6	5	85
1237	chr7	107569047	107569028	+	2.902	1.588	>	6	5	85
1238	chr3	83777088	83777069	-	2.879	3.992	>	6	5	85
1239	chr8	48550865	48550846	+	2.871	0.592	>	6	5	85
1240	chr7	132575955	132575936	-	2.855	4.473	>	6	5	85
1241	chr14	79769127	79769108	-	2.852	4.36	>	6	5	85
1242	chr17	69974245	69974226	-	2.799	1.284	>	6	5	85
1243	chr12	66284211	66284192	-	2.793	5.484	>	6	5	85
1244	chr6	83796902	83796883	-	2.785	3.35	>	6	5	85
1245	chr9	44108077	44108058	+	2.785	11.375	>	6	5	85
1246	chr11	116023924	116023905	+	2.777	6.906	>	6	5	85
1247	chr3	86779824	86779805	-	2.775	8.64	>	6	5	85
1248	chr19	46056202	46056183	+	2.77	5.27	>	6	5	85
1249	chr10	108210181	108210162	-	2.762	0.674	>	6	5	85
1250	chr8	27001386	27001367	+	0.4329	0.4077	>	6	5	85
1251	chr17	28338029	28338010	-	0.252	0.265	>	6	5	85
1252	chr11	76445826	76445807	-	0.2268	0.1863	>	6	5	85
1253	chr5	144244146	144244127	-	0.311	0.3691	>	6	5	85
1254	chr14	79768803	79768784	-	0.3076	0.2808	>	6	5	85
1255	chr9	26778623	26778604	-	1.299	0.6914	>	6	5	85
1256	chr7	25392052	25392033	+	0.2487	0.242	>	6	5	85
1257	chr3	101484879	101484860	-	0.3438	0.528	>	6	5	85
1258	chr2	69113988	69113969	+	0.2472	0.1981	>	6	5	85
1259	chr13	29852447	29852428	-	0.1781	0.1941	>	6	5	85
1260	chr2	60213231	60213212	-	0.1073	0.1628	>	6	5	85
1261	chr2	171418157	171418138	-	0.1407	0.2131	>	6	5	85
1262	chr7	64392050	64392031	-	0.514	0.2006	>	6	5	85
1263	chr15	36157434	36157415	-	0.7227	0.836	>	6	5	85
1264	chr4	49662357	49662338	-	0.4692	0.2915	>	6	5	85
1265	chr4	48422356	48422337	+	1.027	0.5225	>	6	5	85
1266	chr18	82720514	82720495	+	0.1605	0.1409	>	6	5	85
1267	chr1	172022686	172022667	+	0.1733	0.1764	>	6	5	85
1268	chr7	139595890	139595871	+	0.1575	0.2125	>	6	5	85
1269	chr12	73007842	73007823	-	0.345	0.2974	>	6	5	85
1270	chr17	27192928	27192909	-	0.1056	0.4468	>	6	5	85
1271	chr1	53698960	53698941	+	0.557	0.255	>	6	5	85
1272	chr18	12734380	12734361	+	0.207	0.1383	>	6	5	85
1273	chr6	126767488	126767469	-	0.2039	0.2483	>	6	5	85
1274	chr2	92856249	92856230	-	2.734	0.857	>	6	5	85
1275	chr11	74572851	74572832	+	0.2646	0.2705	>	6	5	85
1276	chr9	59675637	59675618	-	0.4082	0.744	>	6	5	85
1277	chr15	55025647	55025628	+	0.1847	0.1536	>	6	5	85
1278	chr4	120579150	120579131	-	0.33	0.264	>	6	5	85
1279	chr15	74525720	74525701	+	0.2172	0.2104	>	6	5	85
1280	chr1	88748095	88748076	+	0.1973	0.1881	>	6	5	85
1281	chr15	32239655	32239636	-	0.2822	0.1587	>	6	5	85
1282	chr7	36571183	36571164	+	0.1103	0.1942	>	6	5	85
1283	chr11	113855351	113855332	-	0.1613	0.1947	>	6	5	85
1284	chr6	90609163	90609144	+	2.127	1.159	>	6	5	85
1285	chr3	146181407	146181388	-	0.2034	0.3416	>	6	5	85
1286	chr10	69857222	69857203	-	0.3232	0.3599	>	6	5	85
1287	chr2	158361425	158361406	-	0.5625	0.2502	>	6	5	85
1288	chr5	136268179	136268160	-	0.1886	0.2153	>	6	5	85
1289	chr16	11983350	11983331	-	1.634	1.076	>	6	5	85
1290	chr2	84437773	84437754	+	0.2305	0.14	>	6	5	85
1291	chr18	24002018	24001999	-	0.133	0.1333	>	6	5	85
1292	chr1	130151533	130151514	-	0.4075	0.3347	>	6	5	85
1293	chr9	59675855	59675836	+	0.3367	0.2161	>	6	5	85
1294	chr11	116840251	116840232	-	0.3374	0.637	>	6	5	85
1295	chr2	155819963	155819944	+	0.07886	0.146	>	6	5	85
1296	chr14	105301632	105301613	+	0.206	0.2114	>	6	5	85
1297	chr12	9044592	9044573	+	0.1821	0.2019	>	6	5	85
1298	chr18	13971224	13971205	-	0.5337	0.3596	>	6	5	85
1299	chr5	136267600	136267581	-	0.2751	0.189	>	6	5	85
1300	chr5	33371430	33371411	+	0.3992	0.1644	>	6	5	85
1301	chr14	51090397	51090378	-	0.4153	0.243	>	6	5	85
1302	chr1	77935072	77935053	+	0.1814	0.1729	>	6	5	85
1303	chr11	119246049	119246030	-	0.204	0.3367	>	6	5	85
1304	chr17	50274949	50274930	-	0.441	0.1749	>	6	5	85
1305	chr8	108956442	108956423	+	0.5635	0.3044	>	6	5	85
1306	chr11	66885340	66885321	+	0.1636	0.169	>	6	5	85
1307	chr7	30099945	30099926	-	0.1979	0.1757	>	6	5	85
1308	chr15	99973159	99973140	-	0.1998	0.3345	>	6	5	85
1309	chr5	16308949	16308930	+	0.1567	0.1411	>	6	5	85
1310	chr6	119466578	119466559	-	0.9824	0.9795	>	6	5	85
1311	chr2	136886679	136886660	+	0.7764	0.2095	>	6	5	85
1312	chr14	79763594	79763575	-	0.2852	0.151	>	6	5	85
1313	chr2	170416012	170415993	+	0.1837	0.1256	>	6	5	85
1314	chr4	41015236	41015217	-	0.1882	0.1434	>	6	5	85
1315	chr11	70975109	70975090	+	0.713	0.3914	>	6	5	85
1316	chr5	122773202	122773183	+	0.11584	0.1375	>	6	5	85
1317	chr4	128588031	128588012	-	0.2659	0.1909	>	6	5	85
1318	chr8	122576186	122576167	-	0.11285	0.1545	>	6	5	85
1319	chr7	76383989	76383970	+	0.1553	0.154	>	6	5	85
1320	chr9	41467019	41467000	-	0.2223	0.1565	>	6	5	85
1321	chr1	32712246	32712227	-	0.05322	0.1516	>	6	5	85
1322	chr16	23974866	23974847	-	0.5283	0.3425	>	6	5	85
1323	chr15	84066194	84066175	-	0.6196	1.17	>	6	5	85
1324	chr11	40148920	40148901	-	1.272	0.642	>	6	5	85
1325	chr7	27166488	27166469	-	0.306	0.491	>	6	5	85
1326	chr11	30240273	30240254	+	0.4001	0.2556	>	6	5	85
1327	chr2	69115969	69115950	-	0.1754	0.1587	>	6	5	85
1328	chr9	113420569	113420550	-	0.2261	0.2178	>	6	5	85
1329	chr12	99882528	99882509	-	0.2617	0.1387	>	6	5	85
1330	chr5	77347648	77347629	-	0.3625	0.4211	>	6	5	85
1331	chr10	49780455	49780436	+	0.2179	0.1394	>	6	5	85
1332	chr5	75855263	75855244	-	0.6416	0.4326	>	6	5	85
1333	chr2	124087358	124087339	-	0.6436	0.2075	>	6	5	85
1334	chr14	49219056	49219037	+	0.678	0.694	>	6	5	85
1335	chr5	147938091	147938072	+	0.368	0.1842	>	6	5	85
1336	chr11	32340288	32340269	+	0.1792	0.1648	>	6	5	85
1337	chr16	50181579	50181560	+	0.2006	0.1838	>	6	5	85
1338	chr16	20496121	20496102	-	0.6714	0.1777	>	6	5	85
1339	chr8	76775680	76775661	+	0.135	0.1975	>	6	5	85
1340	chr14	65597676	65597657	+	0.6543	0.452	>	6	5	85
1341	chr7	64754771	64754752	+	0.1351	0.2295	>	6	5	85
1342	chr2	166083979	166083960	-	0.2964	0.2065	>	6	5	85
1343	chr16	44140440	44140421	+	0.4607	0.3381	>	6	5	85
1344	chr12	90524338	90524319	-	0.3223	0.2983	>	6	5	85
1345	chr5	89391716	89391697	+	0.1626	0.1418	>	6	5	85
1346	chr9	59675438	59675419	-	0.2104	0.1542	>	6	5	85
1347	chr19	16339103	16339084	-	0.1967	0.1177	>	6	5	85
1348	chr13	30545067	30545048	+	0.3672	0.2915	>	6	5	85
1349	chr1	92462681	92462662	+	0.3916	0.1832	>	6	5	85
1350	chr4	84066283	84066264	-	0.1898	0.1552	>	6	5	85
1351	chr9	83373922	83373903	-	0.2197	0.1434	>	6	5	85
1352	chr4	88773969	88773950	-	0.9507	8.01	>	6	5	85
1353	chr9	123132258	123132239	-	0.1687	0.1416	>	6	5	85
1354	chr17	34958843	34958824	-	0.2079	0.5464	>	6	5	85
1355	chr12	50946225	50946206	+	0.2341	0.157	>	6	5	85
1356	chr13	73647252	73647233	+	0.267	0.1704	>	6	5	85
1357	chr11	83279300	83279281	-	0.4434	0.2251	>	6	5	85
1358	chr17	8986048	8986029	-	0.3325	0.212	>	6	5	85
1359	chr4	14935721	14935702	-	0.7095	0.296	>	6	5	85
1360	chr4	75076699	75076680	+	0.09125	0.2014	>	6	5	85
1361	chr5	114610713	114610694	+	0.0985	0.1626	>	6	5	85
1362	chr9	83378273	83378254	-	0.471	0.2808	>	6	5	85
1363	chr9	107773182	107773163	-	0.1786	0.1414	>	6	5	85
1364	chr9	41218030	41218011	+	0.1323	0.1355	>	6	5	85
1365	chr9	105644718	105644699	+	0.4255	0.1808	>	6	5	85
1366	chr8	84264441	84264422	-	1.261	1.4795	>	6	5	85
1367	chr4	135959453	135959434	+	0.112	0.2223	>	6	5	85
1368	chr1	24684268	24684249	+	0.4001	0.1942	>	6	5	85
1369	chr3	87748577	87748558	-	0.7593	0.4382	>	6	5	85
1370	chr9	54690950	54690931	+	0.11566	0.136	>	6	5	85
1371	chr15	82277690	82277671	-	0.9043	0.4492	>	6	5	85
1372	chr5	115498528	115498509	-	0.2693	0.2164	>	6	5	85
1373	chr9	56621276	56621257	+	0.10846	0.253	>	6	5	85
1374	chr18	81956733	81956714	-	0.2815	0.2637	>	6	5	85
1375	chr10	22791401	22791382	-	0.1346	0.2358	>	6	5	85
1376	chr15	82271301	82271282	+	0.836	0.1838	>	6	5	85
1377	chr12	69946159	69946140	+	0.555	0.455	>	6	5	85
1378	chr14	101442800	101442781	+	0.2983	0.1344	>	6	5	85
1379	chr2	164777017	164776998	-	0.5176	0.361	>	6	5	85
1380	chr10	24631573	24631554	-	1.178	1.224	>	6	5	85
1381	chr1	136528510	136528491	-	1.761	0.7373	>	6	5	85
1382	chr10	19222118	19222099	-	1.411	0.8228	>	6	5	85
1383	chr14	56885508	56885489	-	2.348	4.004	>	6	5	85
1384	chr8	85060493	85060474	-	0.9688	0.437	>	6	5	85
1385	chr11	96075822	96075803	-	0.9316	0.4944	>	6	5	85
1386	chr11	77476535	77476516	+	0.1632	0.2383	>	6	5	85
1387	chr1	81294004	81293985	-	0.905	0.562	>	6	5	85
1388	chr12	15520954	15520935	+	0.7183	0.4033	>	6	5	85
1389	chr7	66397054	66397035	+	0.1594	0.2107	>	6	5	85
1390	chr12	74014582	74014563	-	0.2377	0.1973	>	6	5	85
1391	chr5	144242554	144242535	-	0.241	0.1987	>	6	5	85
1392	chr15	66894943	66894924	+	0.2703	0.2021	>	6	5	85
1393	chr6	126484995	126484976	-	0.4333	1.278	>	6	5	85
1394	chr4	48427148	48427129	+	0.678	0.3833	>	6	5	85
1395	chr15	71459211	71459192	+	0.252	0.1731	>	6	5	85
1396	chr3	19896435	19896416	-	0.2361	0.1467	>	6	5	85
1397	chr8	68268707	68268688	-	0.1398	0.1492	>	6	5	85
1398	chr1	182555580	182555561	-	0.1982	0.1915	>	6	5	85
1399	chr9	44413186	44413167	-	0.534	0.393	>	6	5	85
1400	chr14	70151716	70151697	+	0.3604	0.2382	>	6	5	85
1401	chr4	62478250	62478231	+	0.438	0.1328	>	6	5	85
1402	chr3	127561629	127561610	-	0.2183	0.12354	>	6	5	85
1403	chr3	69139614	69139595	-	0.397	0.2261	>	6	5	85
1404	chr17	17919616	17919597	+	0.1678	0.167	>	6	5	85
1405	chr4	139314214	139314195	-	0.2279	0.269	>	6	5	85
1406	chr18	61952763	61952744	-	0.2372	0.1731	>	6	5	85
1407	chr9	7599188	7599169	+	0.33	0.191	>	6	5	85
1408	chr10	120898341	120898322	-	0.3386	0.1467	>	6	5	85
1409	chr11	57469613	57469594	-	0.1846	0.2297	>	6	5	85
1410	chr18	58480198	58480179	-	0.2095	0.1665	>	6	5	85
1411	chr17	12380527	12380508	-	0.658	0.591	>	6	5	85
1412	chr2	107940173	107940154	+	0.11664	0.1351	>	6	5	85
1413	chr2	32580534	32580515	-	0.2605	0.4055	>	6	5	85
1414	chr15	98813480	98813461	+	0.3496	0.5376	>	6	5	85
1415	chr6	54253893	54253874	+	0.1663	0.1743	>	6	5	85
1416	chr1	135800865	135800846	+	0.1766	0.1665	>	6	5	85
1417	chr15	58426369	58426350	+	0.1996	0.1519	>	6	5	85
1418	chr4	87367775	87367756	+	0.3853	0.1472	>	6	5	85
1419	chr2	96583103	96583084	-	0.809	0.3242	>	6	5	85
1420	chr4	63366959	63366940	-	0.1979	0.1753	>	6	5	85
1421	chr4	59761293	59761274	-	0.3435	0.2113	>	6	5	85
1422	chr10	7832162	7832143	+	0.2646	0.1672	>	6	5	85
1423	chr7	89904213	89904194	-	0.2908	0.156	>	6	5	85
1424	chr1	30697342	30697323	+	0.1025	0.1263	>	6	5	85
1425	chr1	58987602	58987583	+	0.2202	0.1498	>	6	5	85
1426	chr15	7452190	7452171	+	0.1405	0.12085	>	6	5	85
1427	chr4	139877044	139877025	+	0.3875	0.2688	>	6	5	85
1428	chr3	83291887	83291868	-	0.0825	0.137	>	6	5	85
1429	chr15	68912907	68912888	-	0.5024	0.2024	>	6	5	85
1430	chr14	64593744	64593725	-	1.073	0.5703	>	6	5	85
1431	chr1	56980349	56980330	-	0.2778	0.2322	>	6	5	85
1432	chr14	75833620	75833601	-	0.6006	0.4543	>	6	5	85
1433	chr16	62904648	62904629	-	0.217	0.1924	>	6	5	85
1434	chr5	35991229	35991210	-	1.033	1.082	>	6	5	85
1435	chr5	44287418	44287399	-	0.248	0.155	>	6	5	85
1436	chr15	76199915	76199896	-	0.07776	0.3071	>	6	5	85
1437	chr4	131240262	131240243	-	0.241	0.206	>	6	5	85
1438	chr5	102147917	102147898	-	0.228	0.2458	>	6	5	85
1439	chr3	93086926	93086907	+	0.0978	0.1787	>	6	5	85
1440	chr6	126163382	126163363	+	2.373	1.376	>	6	5	85
1441	chr3	45375769	45375750	+	1.051	0.2544	>	6	5	85
1442	chr16	90306219	90306200	-	0.3647	0.3506	>	6	5	85
1443	chr17	3249270	3249251	-	0.1843	0.136	>	6	5	85
1444	chr4	143024421	143024402	-	0.087	0.1317	>	6	5	85
1445	chr19	47513892	47513873	-	0.2471	0.1393	>	6	5	85
1446	chr6	66534595	66534576	-	1.387	0.675	>	6	5	85
1447	chr6	134963172	134963153	-	0.6475	0.5996	>	6	5	85
1448	chr14	56369245	56369226	+	0.2401	0.1912	>	6	5	85
1449	chr18	53460219	53460200	+	0.1775	0.162	>	6	5	85
1450	chr7	89476922	89476903	-	0.2163	0.1522	>	6	5	85
1451	chr6	34273116	34273097	+	0.0673	0.1545	>	6	5	85
1452	chr7	142295608	142295589	-	1.062	6.32	>	6	5	85
1453	chr3	22302208	22302189	+	0.992	0.3848	>	6	5	85
1454	chr6	31045994	31045975	-	0.7534	0.959	>	6	5	85
1455	chr9	57143378	57143359	-	0.1816	0.2302	>	6	5	85
1456	chr6	101268340	101268321	+	0.2712	0.1924	>	6	5	85
1457	chr9	58897456	58897437	-	0.7163	0.4846	>	6	5	85
1458	chr17	79601068	79601049	+	0.2245	0.12476	>	6	5	85
1459	chr16	5254607	5254588	-	0.2883	0.22	>	6	5	85
1460	chr4	83595536	83595517	+	1.783	1.041	>	6	5	85
1461	chr9	51159881	51159862	-	0.6875	0.266	>	6	5	85
1462	chr14	66354429	66354410	+	0.1142	0.1388	>	6	5	85
1463	chr5	117090283	117090264	+	0.5806	0.4014	>	6	5	85
1464	chr2	168061425	168061406	-	0.1733	0.2051	>	6	5	85
1465	chr5	9169228	9169209	+	0.3306	0.1686	>	6	5	85
1466	chr6	28418701	28418682	-	0.4202	0.266	>	6	5	85
1467	chr12	105038443	105038424	-	0.1501	0.2063	>	6	5	85
1468	chr1	182558143	182558124	-	0.2264	0.1511	>	6	5	85
1469	chr8	47713300	47713281	-	1.078	1.646	>	6	5	85
1470	chr18	47357393	47357374	+	0.2007	0.1278	>	6	5	85
1471	chr1	118771083	118771064	-	0.1254	0.2006	>	6	5	85
1472	chr16	6493044	6493025	-	0.1927	0.1516	>	6	5	85
1473	chr9	42951005	42950986	-	0.3914	0.2078	>	6	5	85
1474	chr13	53430986	53430967	-	0.6504	0.3672	>	6	5	85
1475	chr13	67609268	67609249	+	2.162	0.826	>	6	5	85
1476	chr1	53035072	53035053	+	0.1465	0.1494	>	6	5	85
1477	chr7	99471824	99471805	-	0.3745	0.4907	>	6	5	85
1478	chr11	36543574	36543555	-	0.1156	0.1614	>	6	5	85
1479	chr5	124334258	124334239	-	0.3428	0.273	>	6	5	85
1480	chr10	76771414	76771395	-	0.1296	0.2047	>	6	5	85
1481	chr10	4386719	4386700	+	0.32	0.4492	>	6	5	85
1482	chr5	116554091	116554072	+	0.0876	0.1714	>	6	5	85
1483	chr10	41734858	41734839	+	0.1406	0.2605	>	6	5	85
1484	chr10	50906875	50906856	-	0.2361	0.1674	>	6	5	85
1485	chr11	31651668	31651649	+	0.07605	0.1534	>	6	5	85
1486	chr6	116193190	116193171	+	0.3687	0.372	>	6	5	85
1487	chr1	188976509	188976490	+	0.343	0.1833	>	6	5	85
1488	chr12	101976095	101976076	+	0.681	0.4116	>	6	5	85
1489	chr15	75925915	75925896	+	0.6084	0.9233	>	6	5	85
1490	chr1	4777287	4777268	-	0.9443	1.425	>	6	5	85
1491	chr18	86560230	86560211	+	0.7866	1.138	>	6	5	85
1492	chr7	43574878	43574859	+	1.292	1.347	>	6	5	85
1493	chr7	98200601	98200582	-	0.2927	0.1711	>	6	5	85
1494	chr4	143319849	143319830	+	0.2299	0.1525	>	6	5	85
1495	chr2	128601696	128601677	-	0.1208	0.207	>	6	5	85
1496	chr17	57004491	57004472	-	0.1467	0.2932	>	6	5	85
1497	chr2	35196541	35196522	-	1.081	0.3997	>	6	5	85
1498	chr5	29779371	29779352	+	0.1531	0.1671	>	6	5	85
1499	chr10	93038429	93038410	-	0.163	0.1875	>	6	5	85
0	chr4	87368268	87368249	+	90.56	65.75	>	6	6	84
1	chr11	109860827	109860808	-	89.2	47.97	>	6	6	84
2	chr3	22309188	22309169	+	81.5	60.4	>	6	6	84
3	chr10	5161770	5161751	-	79.2	55.88	>	6	6	84
4	chr16	71247702	71247683	+	68.56	43.2	>	6	6	84
5	chr16	72980067	72980048	-	68.3	56.7	>	6	6	84
6	chr6	60556001	60555982	+	67.7	40.38	>	6	6	84
7	chr5	7996919	7996900	-	66.06	59.4	>	6	6	84
8	chr14	12140114	12140095	-	65.1	51.62	>	6	6	84
9	chr13	81439574	81439555	+	64.94	46.94	>	6	6	84
10	chr9	103996726	103996707	-	64.9	51.25	>	6	6	84
11	chr15	56066340	56066321	+	63.97	42.94	>	6	6	84
12	chr10	106609250	106609231	+	63.97	42.62	>	6	6	84
13	chr1	144380222	144380203	-	63.4	48.44	>	6	6	84
14	chr10	8240468	8240449	-	62.34	45.88	>	6	6	84
15	chr12	77000269	77000250	+	62.22	54.97	>	6	6	84
16	chr1	44745882	44745863	+	62.12	40.25	>	6	6	84
17	chr4	81178889	81178870	+	62.03	50.0	>	6	6	84
18	chr9	10909768	10909749	+	61.12	47.94	>	6	6	84
19	chr6	64650119	64650100	-	60.56	60.88	>	6	6	84
20	chr15	32766485	32766466	-	60.56	46.62	>	6	6	84
21	chr4	9135983	9135964	+	60.03	34.12	>	6	6	84
22	chr7	118305013	118304994	+	59.5	47.62	>	6	6	84
23	chr10	39520570	39520551	-	58.34	40.5	>	6	6	84
24	chr1	78724658	78724639	+	58.25	47.28	>	6	6	84
25	chr2	160598038	160598019	+	57.94	55.8	>	6	6	84
26	chr18	33790258	33790239	-	57.72	56.3	>	6	6	84
27	chr12	40837750	40837731	+	57.5	46.25	>	6	6	84
28	chr8	41443763	41443744	+	57.34	56.06	>	6	6	84
29	chr14	68494314	68494295	-	56.94	24.97	>	6	6	84
30	chr1	11657910	11657891	+	56.8	43.62	>	6	6	84
31	chr11	77100337	77100318	+	55.88	49.25	>	6	6	84
32	chr16	41244935	41244916	-	55.72	48.0	>	6	6	84
33	chr14	87452291	87452272	-	55.72	63.0	>	6	6	84
34	chr18	16217050	16217031	+	54.9	26.8	>	6	6	84
35	chr11	53255133	53255114	-	54.8	39.5	>	6	6	84
36	chr9	7216447	7216428	+	54.56	27.64	>	6	6	84
37	chr8	35850598	35850579	-	54.5	50.94	>	6	6	84
38	chr8	102781131	102781112	-	54.44	41.34	>	6	6	84
39	chr5	49962010	49961991	-	54.16	50.88	>	6	6	84
40	chr7	90410162	90410143	-	54.06	39.75	>	6	6	84
41	chr4	15328717	15328698	+	54.03	40.72	>	6	6	84
42	chr11	31949616	31949597	-	54.0	41.44	>	6	6	84
43	chr1	120586671	120586652	+	53.8	57.06	>	6	6	84
44	chr13	19698921	19698902	+	53.16	40.8	>	6	6	84
45	chr12	57825950	57825931	+	53.03	34.38	>	6	6	84
46	chr16	72215933	72215914	-	52.7	45.56	>	6	6	84
47	chr9	15685402	15685383	+	52.62	45.03	>	6	6	84
48	chr10	10321327	10321308	-	52.47	23.97	>	6	6	84
49	chr9	49494135	49494116	+	52.4	51.5	>	6	6	84
50	chr3	50906169	50906150	-	52.12	57.06	>	6	6	84
51	chr11	57467973	57467954	-	52.03	54.47	>	6	6	84
52	chr11	113165316	113165297	-	51.88	57.94	>	6	6	84
53	chr9	51152608	51152589	-	51.8	48.22	>	6	6	84
54	chr16	58299658	58299639	+	51.56	30.08	>	6	6	84
55	chr16	22564783	22564764	+	51.44	49.16	>	6	6	84
56	chr8	36523135	36523116	-	51.4	44.44	>	6	6	84
57	chr14	34810941	34810922	+	51.3	52.97	>	6	6	84
58	chr6	101261740	101261721	-	51.0	49.47	>	6	6	84
59	chr7	132213694	132213675	-	50.8	38.62	>	6	6	84
60	chr2	48886271	48886252	-	50.28	44.53	>	6	6	84
61	chr12	54060974	54060955	-	50.12	27.78	>	6	6	84
62	chr1	5905019	5905000	-	50.06	44.22	>	6	6	84
63	chr9	26776375	26776356	-	50.0	53.88	>	6	6	84
64	chr1	103799519	103799500	+	49.53	56.44	>	6	6	84
65	chr9	88222188	88222169	-	49.5	40.1	>	6	6	84
66	chr18	58481884	58481865	-	49.28	39.28	>	6	6	84
67	chr13	100112788	100112769	+	49.16	37.22	>	6	6	84
68	chr3	14679394	14679375	+	49.06	29.97	>	6	6	84
69	chr16	37109459	37109440	+	48.75	19.0	>	6	6	84
70	chr3	153655318	153655299	-	48.72	48.28	>	6	6	84
71	chr16	89765698	89765679	-	48.38	54.0	>	6	6	84
72	chr13	89543228	89543209	-	48.3	56.84	>	6	6	84
73	chr11	40149509	40149490	-	48.28	36.34	>	6	6	84
74	chr3	113080940	113080921	-	48.2	53.4	>	6	6	84
75	chr10	70963797	70963778	-	47.53	51.97	>	6	6	84
76	chr6	66533480	66533461	-	47.34	41.22	>	6	6	84
77	chr18	57976815	57976796	+	47.28	41.3	>	6	6	84
78	chr12	92303388	92303369	+	47.12	48.12	>	6	6	84
79	chr6	43686140	43686121	+	47.1	34.0	>	6	6	84
80	chr15	11038687	11038668	+	47.06	40.16	>	6	6	84
81	chr6	13281064	13281045	-	47.06	44.4	>	6	6	84
82	chr4	25180081	25180062	-	46.94	22.34	>	6	6	84
83	chr2	110229883	110229864	+	46.8	37.2	>	6	6	84
84	chr2	118638293	118638274	+	46.34	48.4	>	6	6	84
85	chr14	67674858	67674839	-	46.2	40.62	>	6	6	84
86	chr1	179477262	179477243	-	45.97	54.9	>	6	6	84
87	chr12	78056191	78056172	+	45.84	48.03	>	6	6	84
88	chr15	44836402	44836383	+	45.7	45.75	>	6	6	84
89	chr9	80293262	80293243	+	45.3	48.66	>	6	6	84
90	chr1	21411405	21411386	+	45.28	35.97	>	6	6	84
91	chr8	80483379	80483360	-	45.28	32.34	>	6	6	84
92	chr16	55477026	55477007	-	44.9	60.88	>	6	6	84
93	chr9	122729759	122729740	-	44.72	40.56	>	6	6	84
94	chr2	17415581	17415562	-	44.56	38.03	>	6	6	84
95	chr4	13778049	13778030	-	44.5	20.47	>	6	6	84
96	chr16	64748455	64748436	-	44.47	52.25	>	6	6	84
97	chr6	57570627	57570608	-	44.28	34.06	>	6	6	84
98	chr16	13117421	13117402	+	44.28	48.25	>	6	6	84
99	chr1	54381475	54381456	-	44.12	34.1	>	6	6	84
100	chr15	40166896	40166877	+	44.03	40.53	>	6	6	84
101	chr17	83271696	83271677	+	44.0	39.2	>	6	6	84
102	chr9	63136063	63136044	+	43.94	32.22	>	6	6	84
103	chr3	68056550	68056531	+	43.88	35.0	>	6	6	84
104	chr3	25220822	25220803	-	43.8	23.62	>	6	6	84
105	chr7	118102455	118102436	-	43.53	59.94	>	6	6	84
106	chr9	51335485	51335466	+	43.47	26.75	>	6	6	84
107	chr16	96671807	96671788	-	43.4	27.66	>	6	6	84
108	chr2	113494904	113494885	+	43.34	43.28	>	6	6	84
109	chr1	55404561	55404542	+	43.25	39.06	>	6	6	84
110	chr3	80079969	80079950	+	43.0	35.7	>	6	6	84
111	chr11	25862989	25862970	-	42.66	37.9	>	6	6	84
112	chr13	109213188	109213169	-	42.6	60.5	>	6	6	84
113	chr8	58566283	58566264	+	42.56	33.8	>	6	6	84
114	chr16	72218227	72218208	+	42.38	47.1	>	6	6	84
115	chr14	102510640	102510621	-	42.34	35.9	>	6	6	84
116	chr7	143154010	143153991	+	42.16	43.66	>	6	6	84
117	chr6	143219585	143219566	+	42.1	41.62	>	6	6	84
118	chr17	86906334	86906315	-	41.97	47.25	>	6	6	84
119	chr8	62080400	62080381	+	41.97	30.6	>	6	6	84
120	chr3	57843985	57843966	+	41.94	43.75	>	6	6	84
121	chr18	3495634	3495615	+	41.62	36.03	>	6	6	84
122	chr7	125393847	125393828	-	41.56	47.0	>	6	6	84
123	chr7	86211564	86211545	-	41.56	46.4	>	6	6	84
124	chr9	60245127	60245108	+	41.38	43.16	>	6	6	84
125	chr6	131353859	131353840	-	41.3	15.89	>	6	6	84
126	chr15	98173991	98173972	-	41.25	24.88	>	6	6	84
127	chr17	88641249	88641230	-	41.12	34.25	>	6	6	84
128	chr9	87027908	87027889	+	41.1	38.34	>	6	6	84
129	chr4	70621553	70621534	-	40.97	48.38	>	6	6	84
130	chr12	41487236	41487217	-	40.88	35.94	>	6	6	84
131	chr4	127368548	127368529	+	40.8	49.72	>	6	6	84
132	chr8	50293750	50293731	-	40.75	48.2	>	6	6	84
133	chr16	27468981	27468962	+	40.75	34.62	>	6	6	84
134	chr7	121641354	121641335	-	40.7	30.69	>	6	6	84
135	chr3	29726795	29726776	-	40.7	30.42	>	6	6	84
136	chr14	29110872	29110853	-	40.66	51.22	>	6	6	84
137	chr13	116712427	116712408	-	40.62	33.1	>	6	6	84
138	chr18	19939562	19939543	-	40.47	45.7	>	6	6	84
139	chr15	80704533	80704514	-	40.28	46.53	>	6	6	84
140	chr18	50137074	50137055	+	40.28	37.62	>	6	6	84
141	chr13	15763212	15763193	-	40.25	29.53	>	6	6	84
142	chr19	50185486	50185467	+	40.22	44.2	>	6	6	84
143	chr12	74013965	74013946	-	40.22	40.8	>	6	6	84
144	chr1	138835543	138835524	+	40.06	20.81	>	6	6	84
145	chr15	55550924	55550905	-	40.06	37.12	>	6	6	84
146	chr1	61771439	61771420	-	40.06	23.55	>	6	6	84
147	chr12	34664961	34664942	+	40.0	19.7	>	6	6	84
148	chr14	78288101	78288082	-	39.8	38.8	>	6	6	84
149	chr2	4499416	4499397	+	39.78	33.88	>	6	6	84
150	chr13	30260132	30260113	-	39.75	32.75	>	6	6	84
151	chr9	68015271	68015252	+	39.2	39.0	>	6	6	84
152	chr1	126993502	126993483	-	39.06	47.2	>	6	6	84
153	chr16	25349824	25349805	-	39.0	41.2	>	6	6	84
154	chr1	14729249	14729230	-	38.94	39.3	>	6	6	84
155	chr15	59389427	59389408	+	38.7	46.34	>	6	6	84
156	chr6	100882590	100882571	+	38.66	49.44	>	6	6	84
157	chr3	9711121	9711102	+	38.62	35.47	>	6	6	84
158	chr6	21214019	21214000	-	38.47	24.2	>	6	6	84
159	chr17	42603617	42603598	-	38.47	42.5	>	6	6	84
160	chr4	80517548	80517529	-	38.47	41.4	>	6	6	84
161	chr9	85328584	85328565	-	38.28	30.06	>	6	6	84
162	chr17	44262001	44261982	+	38.22	44.16	>	6	6	84
163	chr10	102449665	102449646	+	38.2	48.84	>	6	6	84
164	chr17	14520745	14520726	-	38.12	30.45	>	6	6	84
165	chr13	51830925	51830906	+	38.0	56.0	>	6	6	84
166	chr12	83502436	83502417	-	37.97	34.4	>	6	6	84
167	chr5	75853265	75853246	-	37.94	27.88	>	6	6	84
168	chr13	110382742	110382723	+	37.88	61.84	>	6	6	84
169	chr5	62481159	62481140	-	37.8	35.4	>	6	6	84
170	chr7	49121503	49121484	-	37.7	29.61	>	6	6	84
171	chr15	11966575	11966556	-	37.66	34.72	>	6	6	84
172	chr3	31146135	31146116	+	37.53	44.5	>	6	6	84
173	chr2	37815879	37815860	+	37.47	39.2	>	6	6	84
174	chr5	33033442	33033423	-	37.44	48.28	>	6	6	84
175	chr9	7595466	7595447	-	37.4	28.72	>	6	6	84
176	chr5	21641153	21641134	-	37.3	33.66	>	6	6	84
177	chr14	48367302	48367283	-	37.12	39.88	>	6	6	84
178	chr17	14524624	14524605	+	37.1	38.88	>	6	6	84
179	chr4	84064835	84064816	+	37.06	23.38	>	6	6	84
180	chr4	63368786	63368767	+	37.06	51.6	>	6	6	84
181	chr5	102149680	102149661	+	37.03	38.97	>	6	6	84
182	chr12	32897684	32897665	-	36.88	40.9	>	6	6	84
183	chr16	91936532	91936513	+	36.72	43.06	>	6	6	84
184	chr6	37046379	37046360	-	36.72	47.7	>	6	6	84
185	chr18	59081896	59081877	+	36.7	37.34	>	6	6	84
186	chr6	103697552	103697533	-	36.3	43.6	>	6	6	84
187	chr18	19937930	19937911	+	36.3	37.56	>	6	6	84
188	chr6	93757594	93757575	+	36.28	18.31	>	6	6	84
189	chr17	9756371	9756352	+	36.28	21.2	>	6	6	84
190	chr2	96585854	96585835	+	36.25	26.84	>	6	6	84
191	chr11	82915176	82915157	+	36.2	36.34	>	6	6	84
192	chr6	6005837	6005818	+	36.03	35.2	>	6	6	84
193	chr1	98392238	98392219	-	36.03	38.97	>	6	6	84
194	chr7	48749384	48749365	+	35.94	38.3	>	6	6	84
195	chr11	105911812	105911793	-	35.9	37.8	>	6	6	84
196	chr10	45045486	45045467	-	35.8	35.22	>	6	6	84
197	chr2	4492748	4492729	-	35.75	19.97	>	6	6	84
198	chr6	18087397	18087378	+	35.75	40.84	>	6	6	84
199	chr5	90203341	90203322	+	35.7	41.12	>	6	6	84
200	chr7	136489148	136489129	+	35.62	28.06	>	6	6	84
201	chr9	109862620	109862601	-	35.6	34.12	>	6	6	84
202	chr15	59876355	59876336	+	35.3	32.16	>	6	6	84
203	chr14	76473612	76473593	-	35.25	45.66	>	6	6	84
204	chr3	128349320	128349301	+	35.03	41.75	>	6	6	84
205	chr3	45375963	45375944	+	35.03	23.92	>	6	6	84
206	chr3	133314669	133314650	+	34.97	39.0	>	6	6	84
207	chr1	96801850	96801831	-	34.84	30.55	>	6	6	84
208	chr7	115216958	115216939	+	34.62	30.45	>	6	6	84
209	chr9	59282577	59282558	-	34.62	26.88	>	6	6	84
210	chr2	148112135	148112116	-	34.5	31.5	>	6	6	84
211	chr18	52457916	52457897	-	34.47	28.2	>	6	6	84
212	chr6	56691454	56691435	-	34.34	42.2	>	6	6	84
213	chr13	20292580	20292561	-	34.3	38.5	>	6	6	84
214	chr13	57260119	57260100	-	34.25	52.66	>	6	6	84
215	chr13	113877615	113877596	+	34.25	36.75	>	6	6	84
216	chr13	116715029	116715010	-	34.1	31.72	>	6	6	84
217	chr4	83596692	83596673	-	34.1	52.75	>	6	6	84
218	chr8	64941619	64941600	-	34.06	33.75	>	6	6	84
219	chr3	51701488	51701469	+	34.03	22.56	>	6	6	84
220	chr14	120061322	120061303	-	33.84	29.2	>	6	6	84
221	chr7	75910166	75910147	+	33.8	57.6	>	6	6	84
222	chr4	98702698	98702679	-	33.78	31.62	>	6	6	84
223	chr3	146185137	146185118	+	33.62	52.6	>	6	6	84
224	chr4	151157152	151157133	+	33.53	59.38	>	6	6	84
225	chr5	43391861	43391842	-	33.5	21.5	>	6	6	84
226	chr11	93856511	93856492	-	33.47	26.19	>	6	6	84
227	chr14	59605843	59605824	+	33.47	40.3	>	6	6	84
228	chr14	84438580	84438561	+	33.44	23.31	>	6	6	84
229	chr12	50943824	50943805	-	33.28	38.56	>	6	6	84
230	chr7	83550335	83550316	-	33.2	30.12	>	6	6	84
231	chr6	117167008	117166989	+	33.03	30.3	>	6	6	84
232	chr4	12538791	12538772	+	33.0	21.84	>	6	6	84
233	chr18	47353079	47353060	+	32.84	24.58	>	6	6	84
234	chr5	12541496	12541477	-	32.72	22.56	>	6	6	84
235	chr2	60721127	60721108	+	32.72	22.53	>	6	6	84
236	chr11	78838251	78838232	+	32.72	51.5	>	6	6	84
237	chr8	73356225	73356206	+	32.62	23.39	>	6	6	84
238	chr12	10598567	10598548	+	32.5	41.56	>	6	6	84
239	chr19	20345158	20345139	-	32.25	47.94	>	6	6	84
240	chr17	58909486	58909467	-	32.16	39.4	>	6	6	84
241	chr10	69655037	69655018	-	32.12	36.56	>	6	6	84
242	chr4	3967733	3967714	-	32.12	41.75	>	6	6	84
243	chr16	21192795	21192776	-	32.06	38.78	>	6	6	84
244	chr11	12291593	12291574	-	32.0	15.54	>	6	6	84
245	chr11	117385082	117385063	+	31.83	36.6	>	6	6	84
246	chr12	32292095	32292076	+	31.73	20.83	>	6	6	84
247	chr4	64833096	64833077	+	31.69	34.34	>	6	6	84
248	chr13	47301245	47301226	+	31.67	43.9	>	6	6	84
249	chr1	89631957	89631938	-	31.56	45.38	>	6	6	84
250	chr9	69296601	69296582	-	31.53	38.66	>	6	6	84
251	chr3	53735364	53735345	+	31.28	24.5	>	6	6	84
252	chr10	45373471	45373452	-	31.2	37.7	>	6	6	84
253	chr8	91797725	91797706	+	31.19	30.23	>	6	6	84
254	chr4	88035662	88035643	+	31.06	19.66	>	6	6	84
255	chr2	75151187	75151168	-	31.05	37.9	>	6	6	84
256	chr14	66791971	66791952	-	31.02	32.1	>	6	6	84
257	chr2	93199062	93199043	-	30.9	51.25	>	6	6	84
258	chr2	73551006	73550987	+	30.86	53.72	>	6	6	84
259	chr12	89451144	89451125	-	30.81	40.1	>	6	6	84
260	chr16	66086729	66086710	-	30.81	33.7	>	6	6	84
261	chr14	114791647	114791628	-	30.72	37.2	>	6	6	84
262	chr4	43420547	43420528	-	30.61	34.5	>	6	6	84
263	chr1	87447687	87447668	+	30.56	32.53	>	6	6	84
264	chr15	55306471	55306452	+	30.56	24.06	>	6	6	84
265	chr15	97667578	97667559	+	30.52	37.12	>	6	6	84
266	chr2	16359548	16359529	+	30.47	16.92	>	6	6	84
267	chr14	8356099	8356080	+	30.42	51.06	>	6	6	84
268	chr3	19894816	19894797	-	30.38	33.66	>	6	6	84
269	chr12	43813750	43813731	-	30.34	24.06	>	6	6	84
270	chr2	27770378	27770359	+	30.12	46.8	>	6	6	84
271	chr16	48675836	48675817	-	30.12	28.97	>	6	6	84
272	chr10	13016733	13016714	+	30.1	53.44	>	6	6	84
273	chr2	76367359	76367340	+	30.05	30.6	>	6	6	84
274	chr2	115515230	115515211	+	30.05	12.29	>	6	6	84
275	chr19	16785108	16785089	-	30.03	27.4	>	6	6	84
276	chr3	78948444	78948425	+	30.03	29.16	>	6	6	84
277	chr1	37250876	37250857	-	29.94	25.45	>	6	6	84
278	chr18	74431409	74431390	+	29.94	28.48	>	6	6	84
279	chr1	38787652	38787633	-	29.89	46.22	>	6	6	84
280	chr3	14874584	14874565	+	29.88	22.88	>	6	6	84
281	chr9	69505778	69505759	+	29.88	30.58	>	6	6	84
282	chr10	84450913	84450894	-	29.77	31.7	>	6	6	84
283	chr2	172216047	172216028	-	29.77	65.06	>	6	6	84
284	chr10	97712895	97712876	+	29.72	22.83	>	6	6	84
285	chr1	4770074	4770055	+	29.72	39.66	>	6	6	84
286	chr12	50301580	50301561	-	29.69	16.55	>	6	6	84
287	chr15	85266923	85266904	+	29.69	42.06	>	6	6	84
288	chr4	85403030	85403011	+	29.62	27.23	>	6	6	84
289	chr6	97526370	97526351	-	29.53	31.17	>	6	6	84
290	chr8	112046096	112046077	+	29.5	62.6	>	6	6	84
291	chr12	96311368	96311349	-	29.48	23.8	>	6	6	84
292	chr1	93507239	93507220	-	29.45	32.5	>	6	6	84
293	chr13	21714927	21714908	+	29.4	37.72	>	6	6	84
294	chr6	49008180	49008161	+	29.38	27.1	>	6	6	84
295	chr17	17749545	17749526	-	29.36	32.88	>	6	6	84
296	chr6	145360253	145360234	+	29.34	33.62	>	6	6	84
297	chr7	17066630	17066611	-	29.27	41.75	>	6	6	84
298	chr12	81788850	81788831	-	29.25	32.47	>	6	6	84
299	chr7	129649172	129649153	+	29.19	42.88	>	6	6	84
300	chr14	104039053	104039034	+	29.17	41.16	>	6	6	84
301	chr13	41634744	41634725	-	29.08	40.84	>	6	6	84
302	chr7	138835232	138835213	-	29.02	47.88	>	6	6	84
303	chr15	97195797	97195778	+	28.92	38.5	>	6	6	84
304	chr1	119087737	119087718	+	28.89	50.28	>	6	6	84
305	chr4	85819373	85819354	-	28.86	29.28	>	6	6	84
306	chr11	30657307	30657288	-	28.86	6.477	>	6	6	84
307	chr5	49369245	49369226	+	28.66	27.94	>	6	6	84
308	chr6	106805067	106805048	+	28.61	20.38	>	6	6	84
309	chr6	31660958	31660939	+	28.53	52.9	>	6	6	84
310	chr12	8306749	8306730	-	28.48	47.94	>	6	6	84
311	chr13	42822785	42822766	-	28.47	44.4	>	6	6	84
312	chr15	34968778	34968759	+	28.4	27.94	>	6	6	84
313	chr7	68369859	68369840	+	28.38	58.97	>	6	6	84
314	chr15	80266443	80266424	+	28.33	34.62	>	6	6	84
315	chr6	102171110	102171091	+	28.19	24.06	>	6	6	84
316	chr16	72605273	72605254	-	28.11	17.7	>	6	6	84
317	chr18	65490506	65490487	+	28.06	33.94	>	6	6	84
318	chr3	55373775	55373756	+	28.0	19.75	>	6	6	84
319	chr1	53927814	53927795	-	27.97	28.48	>	6	6	84
320	chr2	160368066	160368047	-	27.95	21.97	>	6	6	84
321	chr10	42295232	42295213	-	27.94	37.8	>	6	6	84
322	chr7	116040411	116040392	-	27.9	26.19	>	6	6	84
323	chr10	116197535	116197516	-	27.81	28.58	>	6	6	84
324	chr5	20773533	20773514	-	27.81	20.77	>	6	6	84
325	chr12	80725012	80724993	-	27.73	38.97	>	6	6	84
326	chr15	66899881	66899862	-	27.6	21.5	>	6	6	84
327	chr18	16822208	16822189	-	27.56	13.28	>	6	6	84
328	chr18	14503254	14503235	-	27.55	19.48	>	6	6	84
329	chr5	98344786	98344767	+	27.44	28.3	>	6	6	84
330	chr10	77517236	77517217	+	27.39	30.44	>	6	6	84
331	chr1	44741472	44741453	-	27.38	6.344	>	6	6	84
332	chr6	127945983	127945964	-	27.28	24.97	>	6	6	84
333	chr16	42914955	42914936	-	27.27	20.78	>	6	6	84
334	chr18	39137558	39137539	+	27.11	15.805	>	6	6	84
335	chr13	42575907	42575888	+	27.11	22.34	>	6	6	84
336	chr2	13278209	13278190	+	27.06	48.53	>	6	6	84
337	chr18	43836585	43836566	-	27.06	22.66	>	6	6	84
338	chr4	114647896	114647877	+	27.05	26.58	>	6	6	84
339	chr16	44149214	44149195	-	27.03	37.28	>	6	6	84
340	chr13	109776299	109776280	+	27.02	27.47	>	6	6	84
341	chr19	30217515	30217496	+	27.0	44.25	>	6	6	84
342	chr6	61316075	61316056	+	26.94	38.16	>	6	6	84
343	chr17	78598832	78598813	+	26.92	37.16	>	6	6	84
344	chr2	117231457	117231438	-	26.88	23.62	>	6	6	84
345	chr4	115101816	115101797	+	26.84	34.88	>	6	6	84
346	chr10	57448131	57448112	-	26.8	44.97	>	6	6	84
347	chr13	113046665	113046646	+	26.77	22.72	>	6	6	84
348	chr4	110022447	110022428	-	26.58	43.47	>	6	6	84
349	chr7	101653829	101653810	+	26.5	47.97	>	6	6	84
350	chr5	67756338	67756319	+	26.5	26.55	>	6	6	84
351	chr3	62192717	62192698	-	26.5	17.1	>	6	6	84
352	chr10	17728146	17728127	-	26.45	14.96	>	6	6	84
353	chr5	37752557	37752538	-	26.33	30.73	>	6	6	84
354	chr1	60961316	60961297	-	26.3	26.22	>	6	6	84
355	chr17	68176981	68176962	+	26.27	18.84	>	6	6	84
356	chr7	37357871	37357852	-	26.2	67.6	>	6	6	84
357	chr4	32572316	32572297	-	26.16	44.75	>	6	6	84
358	chr4	96696741	96696722	+	26.12	32.22	>	6	6	84
359	chr4	109729491	109729472	-	26.06	50.3	>	6	6	84
360	chr10	111977780	111977761	+	25.78	32.1	>	6	6	84
361	chr5	45424489	45424470	-	25.73	30.9	>	6	6	84
362	chr2	61494577	61494558	-	25.72	22.25	>	6	6	84
363	chr6	13287046	13287027	+	25.69	21.62	>	6	6	84
364	chr9	116060829	116060810	+	25.66	36.5	>	6	6	84
365	chr8	17537753	17537734	-	25.64	36.44	>	6	6	84
366	chr9	77781636	77781617	-	25.62	27.94	>	6	6	84
367	chr15	5106460	5106441	-	25.56	29.45	>	6	6	84
368	chr17	93141334	93141315	-	25.53	33.03	>	6	6	84
369	chr6	97759520	97759501	+	25.52	17.88	>	6	6	84
370	chr8	119384750	119384731	-	25.47	45.94	>	6	6	84
371	chr6	88113322	88113303	+	25.38	41.75	>	6	6	84
372	chr15	101984527	101984508	-	25.38	56.7	>	6	6	84
373	chr8	54493335	54493316	-	25.34	39.7	>	6	6	84
374	chr9	24119622	24119603	+	25.33	14.83	>	6	6	84
375	chr3	50077169	50077150	-	25.31	24.22	>	6	6	84
376	chr4	47419767	47419748	+	25.23	44.03	>	6	6	84
377	chr2	76115910	76115891	+	25.22	28.97	>	6	6	84
378	chr15	67174759	67174740	+	25.2	12.74	>	6	6	84
379	chr8	125574509	125574490	+	25.17	12.85	>	6	6	84
380	chr1	161737065	161737046	-	25.11	39.75	>	6	6	84
381	chr3	85571455	85571436	-	25.1	9.7	>	6	6	84
382	chr18	19577078	19577059	-	25.02	27.28	>	6	6	84
383	chr19	36083087	36083068	-	25.0	29.4	>	6	6	84
384	chr8	115709616	115709597	-	24.98	9.14	>	6	6	84
385	chr10	126330794	126330775	-	24.84	24.02	>	6	6	84
386	chr15	25993551	25993532	+	24.81	33.28	>	6	6	84
387	chr5	131430355	131430336	-	24.78	45.44	>	6	6	84
388	chr1	9545352	9545333	-	24.78	38.06	>	6	6	84
389	chr19	28768445	28768426	-	24.75	36.44	>	6	6	84
390	chr10	24630876	24630857	+	24.72	22.94	>	6	6	84
391	chr17	54351102	54351083	+	24.53	15.79	>	6	6	84
392	chr16	20496806	20496787	+	24.47	28.86	>	6	6	84
393	chr12	109394024	109394005	-	24.44	15.02	>	6	6	84
394	chr13	21803288	21803269	-	24.42	40.1	>	6	6	84
395	chr3	103392995	103392976	+	24.38	33.9	>	6	6	84
396	chr15	25428758	25428739	+	24.31	24.08	>	6	6	84
397	chr3	135206860	135206841	-	24.3	9.21	>	6	6	84
398	chr8	65139261	65139242	+	24.3	33.56	>	6	6	84
399	chr9	29650850	29650831	-	24.23	35.72	>	6	6	84
400	chr3	127971093	127971074	+	24.2	46.1	>	6	6	84
401	chr2	104035038	104035019	+	24.16	33.7	>	6	6	84
402	chr9	81635302	81635283	+	24.11	12.08	>	6	6	84
403	chr6	95484597	95484578	+	24.03	13.41	>	6	6	84
404	chr14	72293991	72293972	-	23.83	34.2	>	6	6	84
405	chr18	65490035	65490016	-	23.72	29.94	>	6	6	84
406	chr12	38123788	38123769	-	23.66	16.0	>	6	6	84
407	chr18	70184838	70184819	-	23.66	11.39	>	6	6	84
408	chr3	152095252	152095233	-	23.53	23.67	>	6	6	84
409	chr8	32002994	32002975	-	23.5	23.94	>	6	6	84
410	chr11	22206830	22206811	-	23.48	11.1	>	6	6	84
411	chr5	76541051	76541032	-	23.44	19.22	>	6	6	84
412	chr10	52106337	52106318	+	23.38	22.61	>	6	6	84
413	chr1	84697462	84697443	-	23.38	25.22	>	6	6	84
414	chr1	67181385	67181366	+	23.34	35.0	>	6	6	84
415	chr6	101267027	101267008	+	23.31	12.77	>	6	6	84
416	chr6	129255175	129255156	-	23.25	41.8	>	6	6	84
417	chr4	115710017	115709998	-	23.19	25.83	>	6	6	84
418	chr2	118241614	118241595	-	23.19	37.16	>	6	6	84
419	chr8	71371784	71371765	+	23.11	28.11	>	6	6	84
420	chr7	73422670	73422651	-	23.11	37.7	>	6	6	84
421	chr5	33039602	33039583	+	23.05	27.48	>	6	6	84
422	chr2	153143004	153142985	-	23.02	20.31	>	6	6	84
423	chr14	98181824	98181805	-	23.0	7.93	>	6	6	84
424	chr2	136887058	136887039	-	22.97	12.49	>	6	6	84
425	chr1	135136701	135136682	-	22.88	42.44	>	6	6	84
426	chr5	4948481	4948462	-	22.86	27.0	>	6	6	84
427	chr10	71422814	71422795	+	22.81	51.25	>	6	6	84
428	chr8	64597251	64597232	-	22.66	30.06	>	6	6	84
429	chr1	162336834	162336815	-	22.45	14.914	>	6	6	84
430	chr9	94738996	94738977	+	22.42	42.94	>	6	6	84
431	chr17	53403136	53403117	+	22.4	18.28	>	6	6	84
432	chr2	155811920	155811901	-	22.36	51.28	>	6	6	84
433	chr12	52010769	52010750	+	22.33	16.6	>	6	6	84
434	chr3	44912870	44912851	-	22.31	11.58	>	6	6	84
435	chr5	98348848	98348829	+	22.25	34.97	>	6	6	84
436	chr15	80706301	80706282	+	22.25	25.52	>	6	6	84
437	chr1	167932285	167932266	-	22.22	36.66	>	6	6	84
438	chr14	121455709	121455690	-	22.2	25.7	>	6	6	84
439	chr4	98243714	98243695	-	22.16	26.34	>	6	6	84
440	chr4	143027468	143027449	+	22.14	29.11	>	6	6	84
441	chr2	153668926	153668907	+	22.14	25.36	>	6	6	84
442	chr9	41461929	41461910	-	22.14	12.42	>	6	6	84
443	chr4	109431143	109431124	-	22.1	22.34	>	6	6	84
444	chr5	44831505	44831486	-	22.08	22.05	>	6	6	84
445	chr8	119676601	119676582	-	22.03	33.06	>	6	6	84
446	chr17	40824060	40824041	-	22.02	34.28	>	6	6	84
447	chr15	37102366	37102347	-	22.0	13.84	>	6	6	84
448	chr1	119083862	119083843	-	21.92	45.47	>	6	6	84
449	chr5	41044703	41044684	-	21.78	28.61	>	6	6	84
450	chr19	24622032	24622013	+	21.77	22.19	>	6	6	84
451	chr3	58159626	58159607	-	21.75	32.1	>	6	6	84
452	chr1	38130140	38130121	-	21.75	23.66	>	6	6	84
453	chr2	129472129	129472110	-	21.73	30.17	>	6	6	84
454	chr9	15682043	15682024	-	21.73	11.22	>	6	6	84
455	chr9	69502720	69502701	-	21.7	34.7	>	6	6	84
456	chr14	21120676	21120657	+	21.69	43.16	>	6	6	84
457	chr7	110645588	110645569	-	21.69	43.56	>	6	6	84
458	chr16	78950579	78950560	-	21.64	3.295	>	6	6	84
459	chr7	131899517	131899498	+	21.56	16.44	>	6	6	84
460	chr8	106403484	106403465	-	21.53	20.23	>	6	6	84
461	chr17	73303429	73303410	+	21.48	50.6	>	6	6	84
462	chr1	83727325	83727306	+	21.48	26.81	>	6	6	84
463	chr13	29857603	29857584	+	21.42	9.836	>	6	6	84
464	chr14	104033786	104033767	+	21.34	21.16	>	6	6	84
465	chr7	119011391	119011372	+	21.31	35.56	>	6	6	84
466	chr1	69165377	69165358	+	21.31	25.0	>	6	6	84
467	chr1	192727176	192727157	+	21.28	21.9	>	6	6	84
468	chr9	50438293	50438274	-	21.2	27.17	>	6	6	84
469	chr15	46990407	46990388	-	21.14	10.516	>	6	6	84
470	chr13	73646874	73646855	+	21.14	37.5	>	6	6	84
471	chr16	67089956	67089937	+	21.12	15.94	>	6	6	84
472	chr2	83332995	83332976	-	21.02	18.14	>	6	6	84
473	chr8	10415030	10415011	+	21.0	37.3	>	6	6	84
474	chr1	35716149	35716130	-	20.89	18.69	>	6	6	84
475	chr7	43920039	43920020	-	20.83	34.3	>	6	6	84
476	chr8	15138726	15138707	+	20.81	41.03	>	6	6	84
477	chr13	6515705	6515686	+	20.8	28.08	>	6	6	84
478	chr2	64948996	64948977	-	20.72	23.2	>	6	6	84
479	chr19	20345737	20345718	+	20.7	55.44	>	6	6	84
480	chr5	33994851	33994832	+	20.64	14.97	>	6	6	84
481	chr14	76479953	76479934	+	20.62	37.16	>	6	6	84
482	chr3	144737048	144737029	+	20.58	28.33	>	6	6	84
483	chr2	13597223	13597204	-	20.5	12.72	>	6	6	84
484	chr9	118908437	118908418	-	20.5	27.45	>	6	6	84
485	chr4	153484615	153484596	-	20.39	17.89	>	6	6	84
486	chr19	12433211	12433192	+	20.36	28.34	>	6	6	84
487	chr15	31611224	31611205	+	20.34	11.17	>	6	6	84
488	chr3	107206198	107206179	+	20.34	39.22	>	6	6	84
489	chr17	86909946	86909927	+	20.31	22.38	>	6	6	84
490	chr7	89473669	89473650	-	20.22	24.19	>	6	6	84
491	chr6	35252603	35252584	+	20.22	32.56	>	6	6	84
492	chr6	126168001	126167982	-	20.17	8.76	>	6	6	84
493	chr16	42169942	42169923	+	20.12	43.34	>	6	6	84
494	chr6	90607354	90607335	+	20.11	24.86	>	6	6	84
495	chr6	31664664	31664645	+	20.11	41.5	>	6	6	84
496	chr13	100002039	100002020	+	20.02	21.73	>	6	6	84
497	chr6	97523337	97523318	-	19.97	25.72	>	6	6	84
498	chr4	123529452	123529433	-	19.95	17.69	>	6	6	84
499	chr18	53744741	53744722	-	19.94	29.1	>	6	6	84
500	chr9	13849232	13849213	+	19.9	15.484	>	6	6	84
501	chr15	14052128	14052109	-	19.89	12.375	>	6	6	84
502	chr3	68053761	68053742	-	19.88	27.33	>	6	6	84
503	chr14	50799990	50799971	+	19.83	30.28	>	6	6	84
504	chr8	50292348	50292329	+	19.83	31.36	>	6	6	84
505	chr19	52993242	52993223	-	19.81	45.25	>	6	6	84
506	chr8	24546435	24546416	-	19.8	56.1	>	6	6	84
507	chr2	166085186	166085167	+	19.78	40.2	>	6	6	84
508	chr15	80260893	80260874	-	19.75	33.7	>	6	6	84
509	chr18	75606699	75606680	+	19.72	50.94	>	6	6	84
510	chr2	135957961	135957942	-	19.69	27.1	>	6	6	84
511	chr11	75179118	75179099	+	19.67	22.83	>	6	6	84
512	chr6	77628987	77628968	+	19.66	40.56	>	6	6	84
513	chr4	82614384	82614365	-	19.62	15.836	>	6	6	84
514	chr17	27190013	27189994	+	19.5	26.89	>	6	6	84
515	chr14	121451301	121451282	-	19.45	26.11	>	6	6	84
516	chr9	69987821	69987802	-	19.44	12.234	>	6	6	84
517	chr6	40479902	40479883	+	19.42	24.72	>	6	6	84
518	chr4	82619779	82619760	-	19.42	11.22	>	6	6	84
519	chr2	160593235	160593216	-	19.4	45.8	>	6	6	84
520	chr4	48691990	48691971	+	19.4	34.88	>	6	6	84
521	chr1	11140123	11140104	-	19.39	7.324	>	6	6	84
522	chr6	67858160	67858141	+	19.36	18.55	>	6	6	84
523	chr1	91914028	91914009	+	19.36	22.06	>	6	6	84
524	chr15	76196896	76196877	+	19.33	35.8	>	6	6	84
525	chr11	43767011	43766992	+	19.27	27.44	>	6	6	84
526	chr17	8463677	8463658	+	19.23	31.38	>	6	6	84
527	chr2	60442102	60442083	-	19.22	10.555	>	6	6	84
528	chr10	8242562	8242543	+	19.2	18.4	>	6	6	84
529	chr15	8382407	8382388	+	19.16	11.64	>	6	6	84
530	chr19	11360302	11360283	+	19.14	15.06	>	6	6	84
531	chr12	79305335	79305316	+	19.11	29.94	>	6	6	84
532	chr13	38992697	38992678	+	19.03	12.445	>	6	6	84
533	chr8	91147955	91147936	-	19.0	26.05	>	6	6	84
534	chr13	64443476	64443457	+	19.0	35.6	>	6	6	84
535	chr8	117898214	117898195	+	18.92	34.16	>	6	6	84
536	chr11	42423473	42423454	-	18.77	18.48	>	6	6	84
537	chr9	114957195	114957176	-	18.77	27.38	>	6	6	84
538	chr5	149647926	149647907	+	18.72	23.06	>	6	6	84
539	chr5	128440068	128440049	-	18.69	40.7	>	6	6	84
540	chr6	90606762	90606743	-	18.67	32.6	>	6	6	84
541	chr10	58560031	58560012	+	18.67	23.25	>	6	6	84
542	chr18	25538443	25538424	+	18.66	23.94	>	6	6	84
543	chr11	22987510	22987491	+	18.56	23.83	>	6	6	84
544	chr13	57269837	57269818	-	18.55	36.6	>	6	6	84
545	chr13	53096854	53096835	-	18.55	32.88	>	6	6	84
546	chr7	124783020	124783001	-	18.55	23.44	>	6	6	84
547	chr7	40687242	40687223	-	18.52	26.28	>	6	6	84
548	chr4	109438113	109438094	+	18.45	31.61	>	6	6	84
549	chr13	46663777	46663758	-	18.45	5.215	>	6	6	84
550	chr2	21927862	21927843	-	18.45	17.72	>	6	6	84
551	chr11	72564476	72564457	-	18.39	17.95	>	6	6	84
552	chr14	57362951	57362932	-	18.3	10.125	>	6	6	84
553	chr13	54063511	54063492	-	18.3	12.516	>	6	6	84
554	chr8	127191530	127191511	+	18.27	39.03	>	6	6	84
555	chr4	24249781	24249762	+	18.25	8.38	>	6	6	84
556	chr1	175603551	175603532	-	18.2	12.0	>	6	6	84
557	chr7	131897479	131897460	+	18.19	16.34	>	6	6	84
558	chr2	125259455	125259436	-	18.17	32.72	>	6	6	84
559	chr8	11943262	11943243	-	18.0	20.05	>	6	6	84
560	chr13	74861814	74861795	+	17.98	11.664	>	6	6	84
561	chr3	37302880	37302861	-	17.98	17.84	>	6	6	84
562	chr2	165391753	165391734	+	17.95	20.97	>	6	6	84
563	chr1	167669968	167669949	-	17.94	39.3	>	6	6	84
564	chr14	24311319	24311300	+	17.89	24.48	>	6	6	84
565	chr6	125622660	125622641	+	17.86	24.67	>	6	6	84
566	chr16	91694897	91694878	+	17.83	21.03	>	6	6	84
567	chr7	100886752	100886733	-	17.8	33.3	>	6	6	84
568	chr2	165779092	165779073	+	17.7	43.9	>	6	6	84
569	chr4	118988734	118988715	-	17.7	12.37	>	6	6	84
570	chr9	111939788	111939769	+	17.64	16.92	>	6	6	84
571	chr9	40806571	40806552	+	17.64	39.78	>	6	6	84
572	chr19	21571392	21571373	+	17.64	11.9	>	6	6	84
573	chr10	49785057	49785038	-	17.56	2.498	>	6	6	84
574	chr3	84922220	84922201	+	17.47	28.94	>	6	6	84
575	chr12	7991018	7990999	+	17.47	17.66	>	6	6	84
576	chr8	106687694	106687675	+	17.45	42.0	>	6	6	84
577	chr19	15998346	15998327	+	17.33	27.56	>	6	6	84
578	chr10	30838389	30838370	+	17.3	7.543	>	6	6	84
579	chr2	6469364	6469345	-	17.28	15.65	>	6	6	84
580	chr9	59678540	59678521	-	17.28	29.06	>	6	6	84
581	chr18	60143536	60143517	-	17.25	6.348	>	6	6	84
582	chr2	76114972	76114953	-	17.25	26.88	>	6	6	84
583	chr1	192722361	192722342	-	17.23	36.0	>	6	6	84
584	chr13	6737153	6737134	+	17.23	24.25	>	6	6	84
585	chr10	116199232	116199213	+	17.23	24.89	>	6	6	84
586	chr18	6627309	6627290	+	17.06	30.4	>	6	6	84
587	chr7	117375969	117375950	-	17.03	13.42	>	6	6	84
588	chr11	7200225	7200206	+	17.03	39.34	>	6	6	84
589	chr3	152474817	152474798	+	16.98	9.51	>	6	6	84
590	chr12	4107565	4107546	+	16.97	22.11	>	6	6	84
591	chr18	78212287	78212268	-	16.83	18.31	>	6	6	84
592	chr2	17842170	17842151	-	16.81	6.844	>	6	6	84
593	chr5	112429191	112429172	-	16.78	14.19	>	6	6	84
594	chr9	54169687	54169668	+	16.73	16.64	>	6	6	84
595	chr9	78597063	78597044	+	16.73	17.98	>	6	6	84
596	chr2	125556029	125556010	+	16.69	19.19	>	6	6	84
597	chr4	86545837	86545818	-	16.69	26.34	>	6	6	84
598	chr11	34229190	34229171	+	16.55	19.56	>	6	6	84
599	chr13	60479163	60479144	+	16.52	1.697	>	6	6	84
600	chr11	57788119	57788100	+	16.36	29.88	>	6	6	84
601	chr5	117504639	117504620	+	16.36	53.34	>	6	6	84
602	chr1	128368923	128368904	+	16.28	14.01	>	6	6	84
603	chr14	51098507	51098488	-	16.28	41.22	>	6	6	84
604	chr10	14404268	14404249	+	16.23	20.66	>	6	6	84
605	chr18	65752297	65752278	-	16.1	16.11	>	6	6	84
606	chr3	59077498	59077479	+	16.1	40.72	>	6	6	84
607	chr1	119919473	119919454	+	16.06	20.62	>	6	6	84
608	chr1	86598699	86598680	+	16.03	48.72	>	6	6	84
609	chr1	80178208	80178189	-	16.0	17.12	>	6	6	84
610	chr15	64132164	64132145	+	15.96	15.336	>	6	6	84
611	chr2	4652218	4652199	-	15.91	22.83	>	6	6	84
612	chr9	40805489	40805470	-	15.86	35.53	>	6	6	84
613	chr13	30549079	30549060	-	15.805	25.34	>	6	6	84
614	chr3	82350530	82350511	-	15.805	7.78	>	6	6	84
615	chr7	81155234	81155215	-	15.805	19.0	>	6	6	84
616	chr4	107701325	107701306	-	15.8	18.55	>	6	6	84
617	chr11	76655250	76655231	+	15.8	25.19	>	6	6	84
618	chr7	122945377	122945358	+	15.72	20.64	>	6	6	84
619	chr16	32697312	32697293	+	15.695	24.02	>	6	6	84
620	chr13	114460825	114460806	-	15.65	8.25	>	6	6	84
621	chr19	59389409	59389390	+	15.65	31.4	>	6	6	84
622	chr7	45451495	45451476	+	15.64	35.4	>	6	6	84
623	chr15	85599066	85599047	+	15.625	30.86	>	6	6	84
624	chr10	9012998	9012979	+	15.6	21.77	>	6	6	84
625	chr13	24318872	24318853	-	15.58	11.58	>	6	6	84
626	chr3	123506917	123506898	-	15.53	17.17	>	6	6	84
627	chr13	101719731	101719712	-	15.48	25.34	>	6	6	84
628	chr12	12412898	12412879	-	15.43	30.47	>	6	6	84
629	chr10	127342496	127342477	-	15.4	29.73	>	6	6	84
630	chr7	28972871	28972852	+	15.39	21.2	>	6	6	84
631	chr5	130862481	130862462	+	15.33	29.22	>	6	6	84
632	chr13	53779354	53779335	+	15.31	23.8	>	6	6	84
633	chr11	51582940	51582921	-	15.305	26.1	>	6	6	84
634	chr3	34150257	34150238	+	15.3	17.19	>	6	6	84
635	chr9	30423156	30423137	-	15.29	30.31	>	6	6	84
636	chr1	55886585	55886566	+	15.29	16.73	>	6	6	84
637	chr8	121104251	121104232	+	15.28	31.56	>	6	6	84
638	chr2	31683894	31683875	+	15.27	30.73	>	6	6	84
639	chr9	121458682	121458663	+	15.27	42.72	>	6	6	84
640	chr13	111421545	111421526	+	15.22	27.25	>	6	6	84
641	chr18	56572965	56572946	+	15.22	32.7	>	6	6	84
642	chr18	42593315	42593296	+	15.2	8.75	>	6	6	84
643	chr8	118287683	118287664	+	15.2	7.145	>	6	6	84
644	chr14	47742843	47742824	+	15.18	9.65	>	6	6	84
645	chr1	184791312	184791293	-	15.164	27.39	>	6	6	84
646	chr6	106800166	106800147	-	15.1	18.75	>	6	6	84
647	chr11	12025880	12025861	+	15.06	18.02	>	6	6	84
648	chr5	129594341	129594322	-	15.03	29.4	>	6	6	84
649	chr13	16005724	16005705	+	15.016	13.71	>	6	6	84
650	chr14	65597230	65597211	+	15.016	14.01	>	6	6	84
651	chr5	99900280	99900261	-	14.95	10.75	>	6	6	84
652	chr8	11421350	11421331	-	14.945	26.12	>	6	6	84
653	chr19	4755748	4755729	+	14.93	24.55	>	6	6	84
654	chr10	110733540	110733521	-	14.914	16.5	>	6	6	84
655	chr5	67752088	67752069	+	14.89	18.31	>	6	6	84
656	chr9	77381774	77381755	-	14.85	26.45	>	6	6	84
657	chr18	81951830	81951811	-	14.76	34.06	>	6	6	84
658	chr1	86059644	86059625	+	14.734	30.22	>	6	6	84
659	chr1	52630636	52630617	-	14.734	9.89	>	6	6	84
660	chr2	174308107	174308088	+	14.69	14.67	>	6	6	84
661	chr11	99364649	99364630	-	14.6	16.03	>	6	6	84
662	chr13	109558424	109558405	+	14.49	16.98	>	6	6	84
663	chr12	58201405	58201386	-	14.48	6.883	>	6	6	84
664	chr7	137471937	137471918	+	14.445	28.83	>	6	6	84
665	chr17	26916803	26916784	+	14.414	25.05	>	6	6	84
666	chr5	87871626	87871607	-	14.414	20.39	>	6	6	84
667	chr2	125252443	125252424	+	14.414	25.9	>	6	6	84
668	chr1	9549185	9549166	+	14.414	19.5	>	6	6	84
669	chr11	11788608	11788589	-	14.38	31.97	>	6	6	84
670	chr7	43928727	43928708	+	14.36	11.45	>	6	6	84
671	chr10	60760656	60760637	-	14.31	36.9	>	6	6	84
672	chr6	17362958	17362939	+	14.31	3.076	>	6	6	84
673	chr1	136521528	136521509	-	14.305	21.69	>	6	6	84
674	chr2	153147934	153147915	+	14.28	18.94	>	6	6	84
675	chr8	61522313	61522294	+	14.266	28.28	>	6	6	84
676	chr18	56759303	56759284	+	14.266	12.61	>	6	6	84
677	chr14	115451146	115451127	-	14.234	4.215	>	6	6	84
678	chr1	176218428	176218409	+	14.195	14.99	>	6	6	84
679	chr15	97665520	97665501	-	14.18	30.02	>	6	6	84
680	chr13	20299620	20299601	+	14.18	33.25	>	6	6	84
681	chr9	59969601	59969582	-	14.14	17.69	>	6	6	84
682	chr16	57611975	57611956	+	14.055	18.66	>	6	6	84
683	chr12	15816144	15816125	+	13.984	8.52	>	6	6	84
684	chr15	82271381	82271362	-	13.95	28.55	>	6	6	84
685	chr7	74363644	74363625	-	13.95	40.8	>	6	6	84
686	chr3	73066293	73066274	+	13.95	16.86	>	6	6	84
687	chr1	118772515	118772496	-	13.945	30.34	>	6	6	84
688	chr4	110020493	110020474	-	13.94	26.28	>	6	6	84
689	chr3	34639420	34639401	-	13.94	14.87	>	6	6	84
690	chr2	131530224	131530205	-	13.92	25.86	>	6	6	84
691	chr4	20024128	20024109	+	13.91	12.516	>	6	6	84
692	chr8	74980870	74980851	-	13.81	30.2	>	6	6	84
693	chr18	75757719	75757700	+	13.734	18.78	>	6	6	84
694	chr7	89908147	89908128	-	13.72	13.79	>	6	6	84
695	chr4	150257406	150257387	+	13.72	23.58	>	6	6	84
696	chr2	55022781	55022762	-	13.664	7.77	>	6	6	84
697	chr18	64506771	64506752	-	13.63	18.4	>	6	6	84
698	chr14	123353156	123353137	-	13.61	11.6	>	6	6	84
699	chr4	139872794	139872775	+	13.59	35.75	>	6	6	84
700	chr13	51839869	51839850	+	13.586	21.19	>	6	6	84
701	chr5	146162789	146162770	+	13.516	23.42	>	6	6	84
702	chr9	83785201	83785182	+	13.49	14.66	>	6	6	84
703	chr3	59079480	59079461	+	13.44	28.77	>	6	6	84
704	chr10	11345312	11345293	-	13.375	5.086	>	6	6	84
705	chr11	46252188	46252169	-	13.34	28.12	>	6	6	84
706	chr4	85404971	85404952	+	13.32	14.11	>	6	6	84
707	chr4	130738774	130738755	+	13.31	16.47	>	6	6	84
708	chr5	86432914	86432895	+	13.305	16.02	>	6	6	84
709	chr3	22306829	22306810	+	13.266	18.6	>	6	6	84
710	chr2	91930225	91930206	-	13.25	19.55	>	6	6	84
711	chr6	108417714	108417695	+	13.234	10.66	>	6	6	84
712	chr12	17011790	17011771	-	13.16	20.73	>	6	6	84
713	chr5	87551137	87551118	-	13.15	21.52	>	6	6	84
714	chr4	106227683	106227664	-	13.14	14.38	>	6	6	84
715	chr4	139877472	139877453	+	13.1	27.4	>	6	6	84
716	chr1	88742593	88742574	-	13.086	17.75	>	6	6	84
717	chr3	52254088	52254069	+	13.02	34.16	>	6	6	84
718	chr9	73159469	73159450	+	12.99	27.5	>	6	6	84
719	chr7	29297253	29297234	-	12.984	28.8	>	6	6	84
720	chr13	116312336	116312317	-	12.93	10.21	>	6	6	84
721	chr2	157117146	157117127	-	12.91	21.92	>	6	6	84
722	chr9	60243712	60243693	+	12.89	13.59	>	6	6	84
723	chr1	179845066	179845047	-	12.88	17.89	>	6	6	84
724	chr11	103332754	103332735	+	12.875	24.97	>	6	6	84
725	chr1	53032774	53032755	-	12.87	13.05	>	6	6	84
726	chr8	45345197	45345178	+	12.81	16.72	>	6	6	84
727	chr12	113216133	113216114	+	12.74	53.7	>	6	6	84
728	chr15	36152194	36152175	-	12.72	16.9	>	6	6	84
729	chr1	72876274	72876255	+	12.69	17.11	>	6	6	84
730	chr9	14774009	14773990	+	12.664	9.0	>	6	6	84
731	chr12	74317197	74317178	-	12.664	11.76	>	6	6	84
732	chr7	107819649	107819630	-	12.64	16.3	>	6	6	84
733	chr13	55327907	55327888	+	12.64	17.61	>	6	6	84
734	chr3	54796015	54795996	+	12.63	22.77	>	6	6	84
735	chr6	60963937	60963918	+	12.61	7.094	>	6	6	84
736	chr8	21981891	21981872	-	12.61	17.33	>	6	6	84
737	chr10	38269349	38269330	-	12.52	19.28	>	6	6	84
738	chr6	51170619	51170600	-	12.5	20.02	>	6	6	84
739	chr2	148110356	148110337	-	12.43	16.03	>	6	6	84
740	chr1	88301823	88301804	-	12.42	19.61	>	6	6	84
741	chr6	115037959	115037940	-	12.33	15.375	>	6	6	84
742	chr16	11980974	11980955	+	12.33	3.668	>	6	6	84
743	chr15	44832771	44832752	-	12.31	24.2	>	6	6	84
744	chr19	26193888	26193869	-	12.29	7.65	>	6	6	84
745	chr17	8988263	8988244	-	12.29	10.71	>	6	6	84
746	chr14	66358860	66358841	+	12.28	18.22	>	6	6	84
747	chr12	40832432	40832413	-	12.26	13.56	>	6	6	84
748	chr2	53206958	53206939	-	12.18	12.55	>	6	6	84
749	chr16	42914617	42914598	+	12.16	7.133	>	6	6	84
750	chr11	111523686	111523667	-	12.14	23.53	>	6	6	84
751	chr6	121556678	121556659	+	12.11	18.8	>	6	6	84
752	chr7	43926199	43926180	-	12.1	21.69	>	6	6	84
753	chr3	3311028	3311009	+	12.09	10.74	>	6	6	84
754	chr12	17018680	17018661	+	12.04	21.19	>	6	6	84
755	chr18	33794794	33794775	+	11.97	24.89	>	6	6	84
756	chr15	73791915	73791896	+	11.96	24.61	>	6	6	84
757	chr12	82489256	82489237	+	11.945	11.805	>	6	6	84
758	chr19	37559803	37559784	+	11.91	21.4	>	6	6	84
759	chr12	36195155	36195136	-	11.91	7.07	>	6	6	84
760	chr3	30515246	30515227	-	11.875	11.664	>	6	6	84
761	chr19	27426681	27426662	-	11.81	11.945	>	6	6	84
762	chr2	75590427	75590408	-	11.75	21.66	>	6	6	84
763	chr2	17849498	17849479	+	11.75	6.633	>	6	6	84
764	chr9	83371155	83371136	-	11.75	6.18	>	6	6	84
765	chr9	30936846	30936827	-	11.734	17.67	>	6	6	84
766	chr15	94690037	94690018	+	11.73	23.03	>	6	6	84
767	chr2	147379133	147379114	+	11.69	9.875	>	6	6	84
768	chr4	121232314	121232295	-	11.664	7.945	>	6	6	84
769	chr18	56333219	56333200	-	11.64	4.934	>	6	6	84
770	chr16	25952209	25952190	-	11.64	6.688	>	6	6	84
771	chr13	94976326	94976307	+	11.63	16.62	>	6	6	84
772	chr2	30942898	30942879	-	11.57	22.28	>	6	6	84
773	chr6	104479441	104479422	+	11.55	10.57	>	6	6	84
774	chr5	113080039	113080020	-	11.52	26.94	>	6	6	84
775	chr16	30550607	30550588	-	11.52	17.62	>	6	6	84
776	chr1	160194976	160194957	+	11.51	18.28	>	6	6	84
777	chr11	56116782	56116763	-	11.48	30.47	>	6	6	84
778	chr6	112484521	112484502	-	11.48	12.14	>	6	6	84
779	chr14	21853546	21853527	-	11.445	30.66	>	6	6	84
780	chr9	58534993	58534974	+	11.414	20.97	>	6	6	84
781	chr17	73302318	73302299	+	11.414	39.62	>	6	6	84
782	chr1	85842459	85842440	-	11.41	14.02	>	6	6	84
783	chr17	16926410	16926391	-	11.35	2.584	>	6	6	84
784	chr12	29894861	29894842	+	11.31	16.72	>	6	6	84
785	chr2	127832989	127832970	+	11.22	7.293	>	6	6	84
786	chr16	20724653	20724634	+	11.18	15.11	>	6	6	84
787	chr1	180811112	180811093	-	11.164	28.33	>	6	6	84
788	chr13	109210611	109210592	-	11.16	17.5	>	6	6	84
789	chr18	5990207	5990188	-	11.14	3.14	>	6	6	84
790	chr18	12102268	12102249	-	11.125	23.38	>	6	6	84
791	chr19	59380193	59380174	+	11.08	23.9	>	6	6	84
792	chr2	101665476	101665457	+	11.055	26.06	>	6	6	84
793	chr12	108541242	108541223	-	11.02	27.9	>	6	6	84
794	chr2	32583648	32583629	+	11.016	30.19	>	6	6	84
795	chr1	181881807	181881788	-	10.98	11.91	>	6	6	84
796	chr5	117506576	117506557	+	10.94	40.06	>	6	6	84
797	chr1	38789153	38789134	+	10.89	22.95	>	6	6	84
798	chr10	102445139	102445120	-	10.875	19.4	>	6	6	84
799	chr12	81788941	81788922	+	10.87	12.51	>	6	6	84
800	chr9	78233462	78233443	-	10.86	15.93	>	6	6	84
801	chr10	96618527	96618508	+	10.86	3.014	>	6	6	84
802	chr8	84639419	84639400	-	10.85	34.7	>	6	6	84
803	chr17	8468905	8468886	+	10.85	20.27	>	6	6	84
804	chr2	67535551	67535532	+	10.83	7.83	>	6	6	84
805	chr18	52947340	52947321	+	10.82	10.15	>	6	6	84
806	chr13	72625410	72625391	-	10.78	6.715	>	6	6	84
807	chr11	31942449	31942430	+	10.69	22.72	>	6	6	84
808	chr1	6190743	6190724	-	10.63	7.344	>	6	6	84
809	chr7	74367549	74367530	+	10.6	15.16	>	6	6	84
810	chr4	22482970	22482951	+	10.58	4.45	>	6	6	84
811	chr13	20298018	20297999	+	10.56	24.86	>	6	6	84
812	chr16	75325511	75325492	-	10.484	5.44	>	6	6	84
813	chr6	54586377	54586358	+	10.44	8.14	>	6	6	84
814	chr14	59604211	59604192	-	10.375	15.664	>	6	6	84
815	chr2	107946040	107946021	-	10.31	11.08	>	6	6	84
816	chr1	62701219	62701200	-	10.3	12.74	>	6	6	84
817	chr7	75914120	75914101	+	10.266	24.1	>	6	6	84
818	chr5	98167679	98167660	+	10.26	12.875	>	6	6	84
819	chr9	99671799	99671780	+	10.23	22.52	>	6	6	84
820	chr1	179847901	179847882	+	10.16	11.88	>	6	6	84
821	chr15	80080817	80080798	-	10.15	32.28	>	6	6	84
822	chr6	137747756	137747737	-	10.09	27.12	>	6	6	84
823	chr6	77249625	77249606	-	10.09	6.945	>	6	6	84
824	chr5	149049190	149049171	-	10.08	15.81	>	6	6	84
825	chr18	32814407	32814388	-	10.07	2.566	>	6	6	84
826	chr11	46258405	46258386	-	10.06	20.3	>	6	6	84
827	chr11	81974830	81974811	-	10.01	5.44	>	6	6	84
828	chr19	48414047	48414028	+	9.99	12.77	>	6	6	84
829	chr11	34836484	34836465	+	9.86	20.75	>	6	6	84
830	chr17	24437345	24437326	-	9.81	19.33	>	6	6	84
831	chr6	59208753	59208734	-	9.734	12.92	>	6	6	84
832	chr13	37325694	37325675	-	9.734	20.84	>	6	6	84
833	chr11	43412967	43412948	-	9.72	22.2	>	6	6	84
834	chr13	49651342	49651323	-	9.71	2.496	>	6	6	84
835	chr7	143151380	143151361	+	9.69	18.05	>	6	6	84
836	chr16	4285478	4285459	-	9.67	7.94	>	6	6	84
837	chr11	29715017	29714998	-	9.664	9.12	>	6	6	84
838	chr3	134654263	134654244	+	9.62	3.898	>	6	6	84
839	chr8	28978824	28978805	-	9.57	7.504	>	6	6	84
840	chr13	54062269	54062250	-	9.55	10.02	>	6	6	84
841	chr9	32585514	32585495	+	9.516	12.72	>	6	6	84
842	chr7	73648212	73648193	-	9.484	13.375	>	6	6	84
843	chr19	27425889	27425870	-	9.44	11.26	>	6	6	84
844	chr13	100854377	100854358	-	9.42	17.78	>	6	6	84
845	chr5	140749784	140749765	-	9.414	22.17	>	6	6	84
846	chr4	127027444	127027425	+	9.4	22.48	>	6	6	84
847	chr11	109221866	109221847	-	9.3	9.67	>	6	6	84
848	chr16	16596794	16596775	+	9.28	5.977	>	6	6	84
849	chr2	128605294	128605275	-	9.25	9.07	>	6	6	84
850	chr2	61492265	61492246	+	9.25	6.99	>	6	6	84
851	chr10	74217479	74217460	+	9.22	7.7	>	6	6	84
852	chr9	68016722	68016703	+	9.2	8.305	>	6	6	84
853	chr6	144248136	144248117	+	9.19	7.742	>	6	6	84
854	chr13	51191948	51191929	+	9.17	5.492	>	6	6	84
855	chr2	103424848	103424829	-	9.164	12.29	>	6	6	84
856	chr7	64751734	64751715	-	9.13	16.66	>	6	6	84
857	chr7	27160004	27159985	+	9.125	14.17	>	6	6	84
858	chr13	95986545	95986526	+	9.08	13.76	>	6	6	84
859	chr5	135118653	135118634	+	9.08	29.22	>	6	6	84
860	chr10	49786914	49786895	-	9.07	0.785	>	6	6	84
861	chr1	51639072	51639053	+	9.02	3.22	>	6	6	84
862	chr14	105307894	105307875	+	8.95	2.453	>	6	6	84
863	chr19	40231990	40231971	-	8.95	19.89	>	6	6	84
864	chr10	69656526	69656507	+	8.95	12.99	>	6	6	84
865	chr7	142714879	142714860	-	8.945	27.2	>	6	6	84
866	chr6	129256260	129256241	-	8.93	14.53	>	6	6	84
867	chr5	138199783	138199764	+	8.9	8.414	>	6	6	84
868	chr8	36193738	36193719	+	8.89	10.43	>	6	6	84
869	chr11	49597354	49597335	+	8.87	6.92	>	6	6	84
870	chr1	139405977	139405958	-	8.86	4.043	>	6	6	84
871	chr3	124289118	124289099	-	8.84	12.69	>	6	6	84
872	chr9	13196005	13195986	-	8.83	30.6	>	6	6	84
873	chr14	115819240	115819221	+	8.83	10.71	>	6	6	84
874	chr5	146914595	146914576	+	8.82	39.7	>	6	6	84
875	chr4	119223866	119223847	-	8.766	16.34	>	6	6	84
876	chr15	85879204	85879185	-	8.76	17.27	>	6	6	84
877	chr4	124682485	124682466	+	8.7	17.45	>	6	6	84
878	chr17	34956526	34956507	+	8.695	22.17	>	6	6	84
879	chr12	39494054	39494035	-	8.65	2.455	>	6	6	84
880	chr9	34485824	34485805	-	8.625	10.6	>	6	6	84
881	chr2	180786948	180786929	+	8.57	17.27	>	6	6	84
882	chr4	62230989	62230970	+	8.57	12.25	>	6	6	84
883	chr2	16357480	16357461	+	8.55	2.205	>	6	6	84
884	chr17	9759516	9759497	+	8.54	11.53	>	6	6	84
885	chr10	13018670	13018651	+	8.54	19.64	>	6	6	84
886	chr4	32570820	32570801	-	8.52	6.645	>	6	6	84
887	chr9	86451919	86451900	-	8.49	16.77	>	6	6	84
888	chr7	139590495	139590476	+	8.49	20.39	>	6	6	84
889	chr16	31944169	31944150	+	8.445	14.11	>	6	6	84
890	chr3	104701211	104701192	-	8.44	24.84	>	6	6	84
891	chr2	160955546	160955527	-	8.414	14.05	>	6	6	84
892	chr18	32811889	32811870	+	8.4	4.918	>	6	6	84
893	chr14	115042240	115042221	-	8.4	14.734	>	6	6	84
894	chr2	28464119	28464100	-	8.33	19.16	>	6	6	84
895	chr2	76369931	76369912	+	8.28	9.1	>	6	6	84
896	chr3	107605512	107605493	+	8.28	12.57	>	6	6	84
897	chr14	121220891	121220872	-	8.23	10.8	>	6	6	84
898	chr1	103796539	103796520	+	8.22	10.74	>	6	6	84
899	chr16	23151589	23151570	+	8.21	3.11	>	6	6	84
900	chr5	33371346	33371327	-	8.19	15.74	>	6	6	84
901	chr13	103121088	103121069	-	8.18	6.016	>	6	6	84
902	chr10	60760529	60760510	+	8.14	24.72	>	6	6	84
903	chr1	169921787	169921768	+	8.12	12.62	>	6	6	84
904	chr13	42826816	42826797	-	8.11	17.0	>	6	6	84
905	chr6	72601930	72601911	+	8.11	24.06	>	6	6	84
906	chr7	81345319	81345300	-	7.99	7.87	>	6	6	84
907	chr11	33934471	33934452	+	7.98	18.27	>	6	6	84
908	chr18	77044808	77044789	-	7.97	11.42	>	6	6	84
909	chr7	67217278	67217259	+	7.926	7.28	>	6	6	84
910	chr2	164074027	164074008	+	7.906	10.22	>	6	6	84
911	chr3	45373410	45373391	+	7.855	1.438	>	6	6	84
912	chr1	152768355	152768336	-	7.84	9.35	>	6	6	84
913	chr11	102267665	102267646	-	7.81	17.44	>	6	6	84
914	chr11	43411664	43411645	-	7.81	21.72	>	6	6	84
915	chr2	129880054	129880035	+	7.805	6.484	>	6	6	84
916	chr11	81972241	81972222	+	7.797	9.07	>	6	6	84
917	chr9	65581143	65581124	-	7.793	11.17	>	6	6	84
918	chr4	106228720	106228701	+	7.727	13.9	>	6	6	84
919	chr6	119467876	119467857	+	7.703	18.1	>	6	6	84
920	chr10	122794511	122794492	+	7.695	15.734	>	6	6	84
921	chr14	34813484	34813465	-	7.69	11.805	>	6	6	84
922	chr15	19280629	19280610	+	7.68	3.066	>	6	6	84
923	chr13	38235597	38235578	-	7.676	11.836	>	6	6	84
924	chr13	21710105	21710086	+	7.67	14.95	>	6	6	84
925	chr11	104231353	104231334	-	7.67	18.38	>	6	6	84
926	chr6	86401304	86401285	-	7.64	23.28	>	6	6	84
927	chr4	24245320	24245301	-	7.633	3.027	>	6	6	84
928	chr9	29655082	29655063	+	7.613	20.11	>	6	6	84
929	chr9	58535957	58535938	-	7.605	16.9	>	6	6	84
930	chr5	112427478	112427459	-	7.598	9.93	>	6	6	84
931	chr4	140539353	140539334	-	7.58	22.9	>	6	6	84
932	chr14	105302910	105302891	+	7.57	4.605	>	6	6	84
933	chr7	19713404	19713385	-	7.543	26.19	>	6	6	84
934	chr1	127487367	127487348	-	7.52	14.33	>	6	6	84
935	chr19	56806125	56806106	-	7.504	5.934	>	6	6	84
936	chr19	47175662	47175643	-	7.46	21.67	>	6	6	84
937	chr2	150795624	150795605	-	7.44	6.633	>	6	6	84
938	chr2	137114826	137114807	+	7.438	4.08	>	6	6	84
939	chr10	119244230	119244211	+	7.434	4.305	>	6	6	84
940	chr5	117094622	117094603	+	7.42	22.22	>	6	6	84
941	chr11	67100384	67100365	-	7.42	22.83	>	6	6	84
942	chr5	30686988	30686969	+	7.41	18.64	>	6	6	84
943	chr8	105291139	105291120	-	7.41	11.78	>	6	6	84
944	chr7	143470174	143470155	-	7.39	17.94	>	6	6	84
945	chr15	8099290	8099271	-	7.35	8.336	>	6	6	84
946	chr7	119015949	119015930	+	7.34	17.75	>	6	6	84
947	chr17	56306039	56306020	-	7.305	16.48	>	6	6	84
948	chr1	134636895	134636876	+	7.3	5.97	>	6	6	84
949	chr17	65541217	65541198	+	7.258	9.125	>	6	6	84
950	chr14	49218880	49218861	+	7.25	8.47	>	6	6	84
951	chr1	25527154	25527135	+	7.2	7.453	>	6	6	84
952	chr1	146515575	146515556	+	7.18	3.11	>	6	6	84
953	chr9	44109578	44109559	+	7.176	33.9	>	6	6	84
954	chr11	108889358	108889339	+	7.15	8.016	>	6	6	84
955	chr7	138398615	138398596	+	7.117	4.707	>	6	6	84
956	chr5	32204842	32204823	+	7.11	6.15	>	6	6	84
957	chr8	14859581	14859562	+	7.1	5.27	>	6	6	84
958	chr11	95676507	95676488	-	7.09	14.555	>	6	6	84
959	chr6	85141186	85141167	+	7.08	33.56	>	6	6	84
960	chr14	20340404	20340385	-	7.04	15.81	>	6	6	84
961	chr1	193130339	193130320	-	7.023	5.71	>	6	6	84
962	chr9	98032882	98032863	+	6.992	4.73	>	6	6	84
963	chr7	143793289	143793270	+	6.98	21.42	>	6	6	84
964	chr12	32292312	32292293	-	6.895	8.26	>	6	6	84
965	chr17	45724453	45724434	-	6.89	12.125	>	6	6	84
966	chr14	102512314	102512295	+	6.89	1.602	>	6	6	84
967	chr8	11943038	11943019	+	6.88	5.47	>	6	6	84
968	chr7	83553561	83553542	+	6.867	8.27	>	6	6	84
969	chr9	64960779	64960760	-	6.85	16.31	>	6	6	84
970	chr9	30426996	30426977	+	6.832	15.31	>	6	6	84
971	chr11	119249183	119249164	+	6.785	23.48	>	6	6	84
972	chr8	90795542	90795523	+	6.77	10.67	>	6	6	84
973	chr2	113498926	113498907	-	6.766	9.86	>	6	6	84
974	chr13	62926662	62926643	+	6.75	4.73	>	6	6	84
975	chr1	127485025	127485006	+	6.715	16.44	>	6	6	84
976	chr17	78592615	78592596	+	6.715	8.945	>	6	6	84
977	chr2	118246134	118246115	-	6.668	13.72	>	6	6	84
978	chr2	92474875	92474856	-	6.652	13.95	>	6	6	84
979	chr7	17061423	17061404	+	6.645	15.1	>	6	6	84
980	chr10	122090678	122090659	+	6.63	8.38	>	6	6	84
981	chr13	64448147	64448128	+	6.594	17.92	>	6	6	84
982	chr2	34642611	34642592	-	6.562	14.51	>	6	6	84
983	chr5	117509743	117509724	+	6.54	26.92	>	6	6	84
984	chr7	131371109	131371090	+	6.516	4.71	>	6	6	84
985	chr6	94054143	94054124	-	6.5	13.34	>	6	6	84
986	chr14	20697228	20697209	+	6.465	17.88	>	6	6	84
987	chr10	122798121	122798102	+	6.46	15.23	>	6	6	84
988	chr13	14196604	14196585	+	6.45	1.613	>	6	6	84
989	chr3	118991976	118991957	+	6.438	8.26	>	6	6	84
990	chr9	107231295	107231276	-	6.434	7.414	>	6	6	84
991	chr15	24557016	24556997	-	6.418	3.371	>	6	6	84
992	chr2	178407758	178407739	+	6.414	11.43	>	6	6	84
993	chr9	90683476	90683457	-	6.38	1.322	>	6	6	84
994	chr6	22968335	22968316	-	6.34	6.418	>	6	6	84
995	chr12	67217811	67217792	+	6.336	1.95	>	6	6	84
996	chr10	82910438	82910419	+	6.277	10.99	>	6	6	84
997	chr7	49125716	49125697	+	6.258	16.88	>	6	6	84
998	chr11	119491305	119491286	-	6.215	10.81	>	6	6	84
999	chr11	32341308	32341289	-	6.21	14.555	>	6	6	84
1000	chr19	8713406	8713387	+	6.19	10.44	>	6	6	84
1001	chr4	48048044	48048025	+	6.152	6.21	>	6	6	84
1002	chr11	52764825	52764806	+	6.15	7.75	>	6	6	84
1003	chr13	20564636	20564617	-	6.145	4.82	>	6	6	84
1004	chr10	39105011	39104992	-	6.14	7.152	>	6	6	84
1005	chr11	98909856	98909837	-	6.117	18.95	>	6	6	84
1006	chr1	151025102	151025083	+	6.117	4.496	>	6	6	84
1007	chr5	98167777	98167758	-	6.113	9.555	>	6	6	84
1008	chr8	88118562	88118543	+	6.062	3.66	>	6	6	84
1009	chr16	92511934	92511915	+	6.035	16.34	>	6	6	84
1010	chr15	25792295	25792276	-	6.008	6.87	>	6	6	84
1011	chr13	92751194	92751175	+	5.938	12.68	>	6	6	84
1012	chr5	101688793	101688774	-	5.934	12.51	>	6	6	84
1013	chr7	112023252	112023233	+	5.93	8.26	>	6	6	84
1014	chr14	21854038	21854019	-	5.914	27.36	>	6	6	84
1015	chr8	32003733	32003714	-	5.9	2.012	>	6	6	84
1016	chr13	53095394	53095375	-	5.867	6.086	>	6	6	84
1017	chr1	182554179	182554160	+	5.836	10.15	>	6	6	84
1018	chr6	18381568	18381549	+	5.832	1.955	>	6	6	84
1019	chr9	77389590	77389571	+	5.832	5.68	>	6	6	84
1020	chr16	5254481	5254462	-	5.812	12.77	>	6	6	84
1021	chr2	93199625	93199606	+	5.797	14.08	>	6	6	84
1022	chr9	81631651	81631632	-	5.793	3.863	>	6	6	84
1023	chr2	152887412	152887393	-	5.78	4.652	>	6	6	84
1024	chr4	153481137	153481118	-	5.766	3.3	>	6	6	84
1025	chr8	72239706	72239687	-	5.754	5.32	>	6	6	84
1026	chr18	65750236	65750217	-	5.703	2.543	>	6	6	84
1027	chr6	61311882	61311863	-	5.68	7.43	>	6	6	84
1028	chr18	46143625	46143606	+	5.676	6.477	>	6	6	84
1029	chr6	120836118	120836099	+	5.64	7.797	>	6	6	84
1030	chr6	100563990	100563971	-	5.625	4.164	>	6	6	84
1031	chr3	13475098	13475079	-	5.61	1.948	>	6	6	84
1032	chr2	132262968	132262949	+	5.6	7.164	>	6	6	84
1033	chr11	103334169	103334150	+	5.594	12.02	>	6	6	84
1034	chr6	54255029	54255010	+	5.586	4.35	>	6	6	84
1035	chr13	101711018	101710999	+	5.543	9.15	>	6	6	84
1036	chr5	39644761	39644742	-	5.54	3.531	>	6	6	84
1037	chr8	90795201	90795182	-	5.516	4.996	>	6	6	84
1038	chr18	23162646	23162627	+	5.51	1.562	>	6	6	84
1039	chr16	78165563	78165544	+	5.477	7.39	>	6	6	84
1040	chr2	96584106	96584087	-	5.44	3.29	>	6	6	84
1041	chr12	72070473	72070454	+	5.426	11.336	>	6	6	84
1042	chr12	24708691	24708672	+	5.414	9.914	>	6	6	84
1043	chr8	92367135	92367116	-	5.406	6.984	>	6	6	84
1044	chr17	83866777	83866758	+	5.4	23.0	>	6	6	84
1045	chr13	55322636	55322617	-	5.4	7.0	>	6	6	84
1046	chr6	88893771	88893752	-	5.395	16.78	>	6	6	84
1047	chr19	8718731	8718712	-	5.383	8.6	>	6	6	84
1048	chr12	59220179	59220160	-	5.38	2.5	>	6	6	84
1049	chr14	60784526	60784507	+	5.367	16.06	>	6	6	84
1050	chr3	153658591	153658572	+	5.33	6.258	>	6	6	84
1051	chr9	77386949	77386930	-	5.312	12.24	>	6	6	84
1052	chr10	83219903	83219884	+	5.312	6.188	>	6	6	84
1053	chr6	15176967	15176948	-	5.31	2.947	>	6	6	84
1054	chr2	152604207	152604188	-	5.27	19.44	>	6	6	84
1055	chr2	39003369	39003350	-	5.26	1.671	>	6	6	84
1056	chr16	31425707	31425688	-	5.254	13.484	>	6	6	84
1057	chr5	137503018	137502999	-	5.227	3.691	>	6	6	84
1058	chr18	13973086	13973067	-	5.207	0.71	>	6	6	84
1059	chr17	68849016	68848997	-	5.2	1.891	>	6	6	84
1060	chr2	128408931	128408912	-	5.19	8.72	>	6	6	84
1061	chr14	97559790	97559771	-	5.16	2.041	>	6	6	84
1062	chr8	67903864	67903845	-	5.13	6.113	>	6	6	84
1063	chr14	56888181	56888162	-	5.125	3.316	>	6	6	84
1064	chr4	132198465	132198446	+	5.125	11.19	>	6	6	84
1065	chr2	39005861	39005842	-	5.12	3.883	>	6	6	84
1066	chr7	137471679	137471660	-	5.1	19.97	>	6	6	84
1067	chr6	64949075	64949056	+	5.09	5.168	>	6	6	84
1068	chr18	16821148	16821129	+	5.043	1.935	>	6	6	84
1069	chr2	93813566	93813547	+	5.04	13.086	>	6	6	84
1070	chr6	126481478	126481459	-	5.023	10.89	>	6	6	84
1071	chr1	181881093	181881074	-	4.984	10.19	>	6	6	84
1072	chr6	108065822	108065803	-	4.977	6.67	>	6	6	84
1073	chr4	88550373	88550354	+	4.938	4.04	>	6	6	84
1074	chr5	137502167	137502148	+	4.867	8.81	>	6	6	84
1075	chr8	77618148	77618129	-	4.86	4.188	>	6	6	84
1076	chr7	120098024	120098005	+	4.855	7.22	>	6	6	84
1077	chr2	75152706	75152687	-	4.824	10.55	>	6	6	84
1078	chr11	87950193	87950174	+	4.78	11.09	>	6	6	84
1079	chr11	94598936	94598917	-	4.746	10.49	>	6	6	84
1080	chr1	10229119	10229100	+	4.746	0.972	>	6	6	84
1081	chr7	143476888	143476869	+	4.746	8.89	>	6	6	84
1082	chr9	102607693	102607674	-	4.715	3.604	>	6	6	84
1083	chr8	32009749	32009730	+	4.71	6.785	>	6	6	84
1084	chr3	99262117	99262098	-	4.707	1.889	>	6	6	84
1085	chr18	75607987	75607968	+	4.664	23.11	>	6	6	84
1086	chr7	75380211	75380192	-	4.64	2.41	>	6	6	84
1087	chr3	135863108	135863089	+	4.64	3.164	>	6	6	84
1088	chr4	87369015	87368996	-	4.625	9.125	>	6	6	84
1089	chr8	84639535	84639516	+	4.605	13.88	>	6	6	84
1090	chr15	74524301	74524282	+	4.586	13.7	>	6	6	84
1091	chr17	57007316	57007297	-	4.582	9.42	>	6	6	84
1092	chr11	30893985	30893966	+	4.547	0.9004	>	6	6	84
1093	chr19	57360190	57360171	-	4.543	2.654	>	6	6	84
1094	chr8	110102657	110102638	-	4.53	9.24	>	6	6	84
1095	chr7	135389259	135389240	-	4.53	9.336	>	6	6	84
1096	chr4	152527530	152527511	+	4.516	13.99	>	6	6	84
1097	chr13	103710441	103710422	+	4.5	4.57	>	6	6	84
1098	chr10	120896053	120896034	+	4.5	2.322	>	6	6	84
1099	chr18	5155632	5155613	-	4.484	6.39	>	6	6	84
1100	chr12	80141693	80141674	-	4.45	17.05	>	6	6	84
1101	chr5	118763566	118763547	-	4.418	12.81	>	6	6	84
1102	chr12	14150175	14150156	+	4.406	3.688	>	6	6	84
1103	chr10	128990300	128990281	-	4.4	8.03	>	6	6	84
1104	chr10	30834038	30834019	-	4.37	4.473	>	6	6	84
1105	chr6	50618483	50618464	+	4.367	12.766	>	6	6	84
1106	chr15	9748972	9748953	-	4.36	3.496	>	6	6	84
1107	chr16	92308164	92308145	-	4.355	11.22	>	6	6	84
1108	chr2	9881964	9881945	-	4.355	2.918	>	6	6	84
1109	chr8	123106089	123106070	+	4.336	8.18	>	6	6	84
1110	chr5	98346264	98346245	+	4.324	2.342	>	6	6	84
1111	chr10	40249841	40249822	-	4.316	12.23	>	6	6	84
1112	chr3	141457685	141457666	+	4.312	4.707	>	6	6	84
1113	chr9	40192620	40192601	-	4.3	2.145	>	6	6	84
1114	chr9	72448248	72448229	+	4.29	7.78	>	6	6	84
1115	chr13	24316809	24316790	-	4.273	3.682	>	6	6	84
1116	chr1	50927249	50927230	+	4.258	4.5	>	6	6	84
1117	chr11	102690417	102690398	-	4.223	12.195	>	6	6	84
1118	chr4	116627141	116627122	+	4.207	6.52	>	6	6	84
1119	chr15	76198817	76198798	+	4.164	10.72	>	6	6	84
1120	chr15	12113620	12113601	-	4.156	3.312	>	6	6	84
1121	chr1	115675059	115675040	+	4.152	5.223	>	6	6	84
1122	chr2	34644807	34644788	-	4.15	8.266	>	6	6	84
1123	chr2	166084974	166084955	-	4.133	18.12	>	6	6	84
1124	chr11	21571906	21571887	-	4.13	2.105	>	6	6	84
1125	chr15	9449709	9449690	-	4.062	0.543	>	6	6	84
1126	chr5	92664520	92664501	-	4.055	3.326	>	6	6	84
1127	chr12	77001216	77001197	+	4.043	1.105	>	6	6	84
1128	chr6	93757507	93757488	-	4.01	5.273	>	6	6	84
1129	chr19	56302794	56302775	+	4.01	3.797	>	6	6	84
1130	chr13	71954038	71954019	-	4.008	1.19	>	6	6	84
1131	chr4	17852015	17851996	-	4.0	0.8535	>	6	6	84
1132	chr18	39136126	39136107	+	3.992	1.932	>	6	6	84
1133	chr1	153489234	153489215	-	3.99	7.715	>	6	6	84
1134	chr9	66136172	66136153	-	3.988	5.383	>	6	6	84
1135	chr11	109621431	109621412	-	3.979	11.484	>	6	6	84
1136	chr13	91723318	91723299	+	3.959	5.49	>	6	6	84
1137	chr13	3642291	3642272	-	3.959	4.75	>	6	6	84
1138	chr13	47304770	47304751	+	3.957	6.746	>	6	6	84
1139	chr2	121144456	121144437	+	3.953	4.504	>	6	6	84
1140	chr13	93772223	93772204	-	3.928	3.56	>	6	6	84
1141	chr10	70967079	70967060	+	3.916	4.88	>	6	6	84
1142	chr13	59417085	59417066	-	3.91	5.0	>	6	6	84
1143	chr7	102484972	102484953	-	3.883	7.0	>	6	6	84
1144	chr5	38235667	38235648	-	3.879	10.78	>	6	6	84
1145	chr14	56885401	56885382	+	3.87	2.412	>	6	6	84
1146	chr11	75170669	75170650	-	3.861	7.984	>	6	6	84
1147	chr11	77980417	77980398	+	3.846	9.5	>	6	6	84
1148	chr9	94738712	94738693	+	3.828	14.92	>	6	6	84
1149	chr6	140466500	140466481	-	3.816	3.785	>	6	6	84
1150	chr19	57361025	57361006	-	3.814	6.484	>	6	6	84
1151	chr12	58972459	58972440	+	3.777	2.135	>	6	6	84
1152	chr2	61490636	61490617	+	3.775	5.23	>	6	6	84
1153	chr4	44310651	44310632	+	3.762	4.973	>	6	6	84
1154	chr11	52766147	52766128	+	3.734	1.83	>	6	6	84
1155	chr13	72627587	72627568	-	3.717	4.066	>	6	6	84
1156	chr9	23012459	23012440	-	3.71	1.704	>	6	6	84
1157	chr16	31427924	31427905	-	3.705	3.383	>	6	6	84
1158	chr12	29895773	29895754	+	3.691	1.481	>	6	6	84
1159	chr9	73154557	73154538	+	3.666	9.1	>	6	6	84
1160	chr1	127484437	127484418	-	3.66	8.8	>	6	6	84
1161	chr9	107566236	107566217	+	3.656	7.098	>	6	6	84
1162	chr2	68118338	68118319	+	3.652	4.36	>	6	6	84
1163	chr11	11140836	11140817	-	3.629	13.69	>	6	6	84
1164	chr12	74014936	74014917	-	3.627	5.97	>	6	6	84
1165	chr7	138396301	138396282	-	3.621	0.934	>	6	6	84
1166	chr14	103534605	103534586	+	3.617	5.312	>	6	6	84
1167	chr10	115164112	115164093	-	3.613	3.031	>	6	6	84
1168	chr7	119019764	119019745	+	3.598	7.113	>	6	6	84
1169	chr13	96389525	96389506	-	3.588	1.339	>	6	6	84
1170	chr14	74723724	74723705	-	3.586	5.766	>	6	6	84
1171	chr14	55114114	55114095	-	3.57	7.387	>	6	6	84
1172	chr9	62784468	62784449	+	3.562	12.84	>	6	6	84
1173	chr10	127678167	127678148	-	3.541	2.129	>	6	6	84
1174	chr17	55948218	55948199	-	3.535	4.3	>	6	6	84
1175	chr11	78183263	78183244	-	3.525	12.305	>	6	6	84
1176	chr6	59207403	59207384	-	3.508	1.477	>	6	6	84
1177	chr6	135416919	135416900	+	3.498	4.027	>	6	6	84
1178	chr5	122104403	122104384	+	3.492	11.98	>	6	6	84
1179	chr13	37971068	37971049	-	3.482	3.088	>	6	6	84
1180	chr5	114612410	114612391	+	3.48	13.6	>	6	6	84
1181	chr10	114442226	114442207	+	3.46	2.104	>	6	6	84
1182	chr2	145655527	145655508	-	3.44	2.05	>	6	6	84
1183	chr7	109507351	109507332	-	3.418	1.832	>	6	6	84
1184	chr16	10009965	10009946	+	3.402	4.965	>	6	6	84
1185	chr14	67969032	67969013	-	3.385	5.523	>	6	6	84
1186	chr5	140744055	140744036	-	3.348	10.35	>	6	6	84
1187	chr1	56984334	56984315	+	3.338	2.584	>	6	6	84
1188	chr2	137110782	137110763	+	3.328	1.323	>	6	6	84
1189	chr16	22267525	22267506	+	3.322	1.262	>	6	6	84
1190	chr16	4884595	4884576	-	3.3	2.822	>	6	6	84
1191	chr5	19458406	19458387	-	3.291	6.625	>	6	6	84
1192	chr1	84697217	84697198	-	3.29	7.492	>	6	6	84
1193	chr14	122903088	122903069	-	3.29	2.205	>	6	6	84
1194	chr7	64056729	64056710	-	3.273	1.214	>	6	6	84
1195	chr9	71624061	71624042	-	3.273	15.39	>	6	6	84
1196	chr9	96885958	96885939	-	3.271	10.016	>	6	6	84
1197	chr18	46964733	46964714	-	3.266	8.555	>	6	6	84
1198	chr3	122638475	122638456	+	3.26	4.82	>	6	6	84
1199	chr9	94733848	94733829	+	3.256	3.768	>	6	6	84
1200	chr1	167938404	167938385	-	3.25	6.79	>	6	6	84
1201	chr1	180811841	180811822	+	3.244	6.383	>	6	6	84
1202	chr10	42760472	42760453	+	3.229	1.784	>	6	6	84
1203	chr18	20598347	20598328	+	3.213	4.758	>	6	6	84
1204	chr17	71909305	71909286	+	3.203	3.572	>	6	6	84
1205	chr1	34459898	34459879	+	3.193	3.389	>	6	6	84
1206	chr4	117202234	117202215	-	3.191	9.61	>	6	6	84
1207	chr15	101313974	101313955	-	3.178	2.96	>	6	6	84
1208	chr16	13438138	13438119	+	3.176	1.241	>	6	6	84
1209	chr7	114878499	114878480	+	3.174	1.604	>	6	6	84
1210	chr11	109866735	109866716	+	3.166	2.812	>	6	6	84
1211	chr3	123509329	123509310	+	3.162	5.67	>	6	6	84
1212	chr3	114085881	114085862	-	3.146	0.5283	>	6	6	84
1213	chr4	120149384	120149365	-	3.145	8.09	>	6	6	84
1214	chr16	4549594	4549575	-	3.137	11.12	>	6	6	84
1215	chr15	78872224	78872205	+	3.133	9.35	>	6	6	84
1216	chr12	57231261	57231242	-	3.127	3.32	>	6	6	84
1217	chr9	71624949	71624930	-	3.125	15.0	>	6	6	84
1218	chr4	18963859	18963840	-	3.12	4.01	>	6	6	84
1219	chr8	40913366	40913347	-	3.115	1.625	>	6	6	84
1220	chr5	21645240	21645221	-	3.11	1.259	>	6	6	84
1221	chr10	68357244	68357225	+	3.094	1.353	>	6	6	84
1222	chr2	93812077	93812058	-	3.06	11.82	>	6	6	84
1223	chr12	75669431	75669412	-	3.05	4.1	>	6	6	84
1224	chr1	12844023	12844004	+	3.033	4.33	>	6	6	84
1225	chr12	86697142	86697123	+	3.025	6.996	>	6	6	84
1226	chr9	98033678	98033659	+	3.021	1.525	>	6	6	84
1227	chr19	37946902	37946883	+	3.02	4.082	>	6	6	84
1228	chr9	75271676	75271657	+	3.01	4.42	>	6	6	84
1229	chr11	55162881	55162862	+	2.996	3.625	>	6	6	84
1230	chr17	25274339	25274320	-	2.984	4.45	>	6	6	84
1231	chr6	108065317	108065298	+	2.984	5.535	>	6	6	84
1232	chr7	5071749	5071730	-	2.928	2.754	>	6	6	84
1233	chr3	152477906	152477887	-	2.922	3.295	>	6	6	84
1234	chr5	28090770	28090751	-	2.922	2.412	>	6	6	84
1235	chr14	78282622	78282603	+	2.91	2.186	>	6	6	84
1236	chr14	88480122	88480103	-	2.906	3.236	>	6	6	84
1237	chr7	107569047	107569028	+	2.902	1.588	>	6	6	84
1238	chr3	83777088	83777069	-	2.879	3.992	>	6	6	84
1239	chr8	48550865	48550846	+	2.871	0.592	>	6	6	84
1240	chr7	132575955	132575936	-	2.855	4.473	>	6	6	84
1241	chr14	79769127	79769108	-	2.852	4.36	>	6	6	84
1242	chr17	69974245	69974226	-	2.799	1.284	>	6	6	84
1243	chr12	66284211	66284192	-	2.793	5.484	>	6	6	84
1244	chr6	83796902	83796883	-	2.785	3.35	>	6	6	84
1245	chr9	44108077	44108058	+	2.785	11.375	>	6	6	84
1246	chr11	116023924	116023905	+	2.777	6.906	>	6	6	84
1247	chr3	86779824	86779805	-	2.775	8.64	>	6	6	84
1248	chr19	46056202	46056183	+	2.77	5.27	>	6	6	84
1249	chr10	108210181	108210162	-	2.762	0.674	>	6	6	84
1250	chr8	27001386	27001367	+	0.4329	0.4077	>	6	6	84
1251	chr17	28338029	28338010	-	0.252	0.265	>	6	6	84
1252	chr11	76445826	76445807	-	0.2268	0.1863	>	6	6	84
1253	chr5	144244146	144244127	-	0.311	0.3691	>	6	6	84
1254	chr14	79768803	79768784	-	0.3076	0.2808	>	6	6	84
1255	chr9	26778623	26778604	-	1.299	0.6914	>	6	6	84
1256	chr7	25392052	25392033	+	0.2487	0.242	>	6	6	84
1257	chr3	101484879	101484860	-	0.3438	0.528	>	6	6	84
1258	chr2	69113988	69113969	+	0.2472	0.1981	>	6	6	84
1259	chr13	29852447	29852428	-	0.1781	0.1941	>	6	6	84
1260	chr2	60213231	60213212	-	0.1073	0.1628	>	6	6	84
1261	chr2	171418157	171418138	-	0.1407	0.2131	>	6	6	84
1262	chr7	64392050	64392031	-	0.514	0.2006	>	6	6	84
1263	chr15	36157434	36157415	-	0.7227	0.836	>	6	6	84
1264	chr4	49662357	49662338	-	0.4692	0.2915	>	6	6	84
1265	chr4	48422356	48422337	+	1.027	0.5225	>	6	6	84
1266	chr18	82720514	82720495	+	0.1605	0.1409	>	6	6	84
1267	chr1	172022686	172022667	+	0.1733	0.1764	>	6	6	84
1268	chr7	139595890	139595871	+	0.1575	0.2125	>	6	6	84
1269	chr12	73007842	73007823	-	0.345	0.2974	>	6	6	84
1270	chr17	27192928	27192909	-	0.1056	0.4468	>	6	6	84
1271	chr1	53698960	53698941	+	0.557	0.255	>	6	6	84
1272	chr18	12734380	12734361	+	0.207	0.1383	>	6	6	84
1273	chr6	126767488	126767469	-	0.2039	0.2483	>	6	6	84
1274	chr2	92856249	92856230	-	2.734	0.857	>	6	6	84
1275	chr11	74572851	74572832	+	0.2646	0.2705	>	6	6	84
1276	chr9	59675637	59675618	-	0.4082	0.744	>	6	6	84
1277	chr15	55025647	55025628	+	0.1847	0.1536	>	6	6	84
1278	chr4	120579150	120579131	-	0.33	0.264	>	6	6	84
1279	chr15	74525720	74525701	+	0.2172	0.2104	>	6	6	84
1280	chr1	88748095	88748076	+	0.1973	0.1881	>	6	6	84
1281	chr15	32239655	32239636	-	0.2822	0.1587	>	6	6	84
1282	chr7	36571183	36571164	+	0.1103	0.1942	>	6	6	84
1283	chr11	113855351	113855332	-	0.1613	0.1947	>	6	6	84
1284	chr6	90609163	90609144	+	2.127	1.159	>	6	6	84
1285	chr3	146181407	146181388	-	0.2034	0.3416	>	6	6	84
1286	chr10	69857222	69857203	-	0.3232	0.3599	>	6	6	84
1287	chr2	158361425	158361406	-	0.5625	0.2502	>	6	6	84
1288	chr5	136268179	136268160	-	0.1886	0.2153	>	6	6	84
1289	chr16	11983350	11983331	-	1.634	1.076	>	6	6	84
1290	chr2	84437773	84437754	+	0.2305	0.14	>	6	6	84
1291	chr18	24002018	24001999	-	0.133	0.1333	>	6	6	84
1292	chr1	130151533	130151514	-	0.4075	0.3347	>	6	6	84
1293	chr9	59675855	59675836	+	0.3367	0.2161	>	6	6	84
1294	chr11	116840251	116840232	-	0.3374	0.637	>	6	6	84
1295	chr2	155819963	155819944	+	0.07886	0.146	>	6	6	84
1296	chr14	105301632	105301613	+	0.206	0.2114	>	6	6	84
1297	chr12	9044592	9044573	+	0.1821	0.2019	>	6	6	84
1298	chr18	13971224	13971205	-	0.5337	0.3596	>	6	6	84
1299	chr5	136267600	136267581	-	0.2751	0.189	>	6	6	84
1300	chr5	33371430	33371411	+	0.3992	0.1644	>	6	6	84
1301	chr14	51090397	51090378	-	0.4153	0.243	>	6	6	84
1302	chr1	77935072	77935053	+	0.1814	0.1729	>	6	6	84
1303	chr11	119246049	119246030	-	0.204	0.3367	>	6	6	84
1304	chr17	50274949	50274930	-	0.441	0.1749	>	6	6	84
1305	chr8	108956442	108956423	+	0.5635	0.3044	>	6	6	84
1306	chr11	66885340	66885321	+	0.1636	0.169	>	6	6	84
1307	chr7	30099945	30099926	-	0.1979	0.1757	>	6	6	84
1308	chr15	99973159	99973140	-	0.1998	0.3345	>	6	6	84
1309	chr5	16308949	16308930	+	0.1567	0.1411	>	6	6	84
1310	chr6	119466578	119466559	-	0.9824	0.9795	>	6	6	84
1311	chr2	136886679	136886660	+	0.7764	0.2095	>	6	6	84
1312	chr14	79763594	79763575	-	0.2852	0.151	>	6	6	84
1313	chr2	170416012	170415993	+	0.1837	0.1256	>	6	6	84
1314	chr4	41015236	41015217	-	0.1882	0.1434	>	6	6	84
1315	chr11	70975109	70975090	+	0.713	0.3914	>	6	6	84
1316	chr5	122773202	122773183	+	0.11584	0.1375	>	6	6	84
1317	chr4	128588031	128588012	-	0.2659	0.1909	>	6	6	84
1318	chr8	122576186	122576167	-	0.11285	0.1545	>	6	6	84
1319	chr7	76383989	76383970	+	0.1553	0.154	>	6	6	84
1320	chr9	41467019	41467000	-	0.2223	0.1565	>	6	6	84
1321	chr1	32712246	32712227	-	0.05322	0.1516	>	6	6	84
1322	chr16	23974866	23974847	-	0.5283	0.3425	>	6	6	84
1323	chr15	84066194	84066175	-	0.6196	1.17	>	6	6	84
1324	chr11	40148920	40148901	-	1.272	0.642	>	6	6	84
1325	chr7	27166488	27166469	-	0.306	0.491	>	6	6	84
1326	chr11	30240273	30240254	+	0.4001	0.2556	>	6	6	84
1327	chr2	69115969	69115950	-	0.1754	0.1587	>	6	6	84
1328	chr9	113420569	113420550	-	0.2261	0.2178	>	6	6	84
1329	chr12	99882528	99882509	-	0.2617	0.1387	>	6	6	84
1330	chr5	77347648	77347629	-	0.3625	0.4211	>	6	6	84
1331	chr10	49780455	49780436	+	0.2179	0.1394	>	6	6	84
1332	chr5	75855263	75855244	-	0.6416	0.4326	>	6	6	84
1333	chr2	124087358	124087339	-	0.6436	0.2075	>	6	6	84
1334	chr14	49219056	49219037	+	0.678	0.694	>	6	6	84
1335	chr5	147938091	147938072	+	0.368	0.1842	>	6	6	84
1336	chr11	32340288	32340269	+	0.1792	0.1648	>	6	6	84
1337	chr16	50181579	50181560	+	0.2006	0.1838	>	6	6	84
1338	chr16	20496121	20496102	-	0.6714	0.1777	>	6	6	84
1339	chr8	76775680	76775661	+	0.135	0.1975	>	6	6	84
1340	chr14	65597676	65597657	+	0.6543	0.452	>	6	6	84
1341	chr7	64754771	64754752	+	0.1351	0.2295	>	6	6	84
1342	chr2	166083979	166083960	-	0.2964	0.2065	>	6	6	84
1343	chr16	44140440	44140421	+	0.4607	0.3381	>	6	6	84
1344	chr12	90524338	90524319	-	0.3223	0.2983	>	6	6	84
1345	chr5	89391716	89391697	+	0.1626	0.1418	>	6	6	84
1346	chr9	59675438	59675419	-	0.2104	0.1542	>	6	6	84
1347	chr19	16339103	16339084	-	0.1967	0.1177	>	6	6	84
1348	chr13	30545067	30545048	+	0.3672	0.2915	>	6	6	84
1349	chr1	92462681	92462662	+	0.3916	0.1832	>	6	6	84
1350	chr4	84066283	84066264	-	0.1898	0.1552	>	6	6	84
1351	chr9	83373922	83373903	-	0.2197	0.1434	>	6	6	84
1352	chr4	88773969	88773950	-	0.9507	8.01	>	6	6	84
1353	chr9	123132258	123132239	-	0.1687	0.1416	>	6	6	84
1354	chr17	34958843	34958824	-	0.2079	0.5464	>	6	6	84
1355	chr12	50946225	50946206	+	0.2341	0.157	>	6	6	84
1356	chr13	73647252	73647233	+	0.267	0.1704	>	6	6	84
1357	chr11	83279300	83279281	-	0.4434	0.2251	>	6	6	84
1358	chr17	8986048	8986029	-	0.3325	0.212	>	6	6	84
1359	chr4	14935721	14935702	-	0.7095	0.296	>	6	6	84
1360	chr4	75076699	75076680	+	0.09125	0.2014	>	6	6	84
1361	chr5	114610713	114610694	+	0.0985	0.1626	>	6	6	84
1362	chr9	83378273	83378254	-	0.471	0.2808	>	6	6	84
1363	chr9	107773182	107773163	-	0.1786	0.1414	>	6	6	84
1364	chr9	41218030	41218011	+	0.1323	0.1355	>	6	6	84
1365	chr9	105644718	105644699	+	0.4255	0.1808	>	6	6	84
1366	chr8	84264441	84264422	-	1.261	1.4795	>	6	6	84
1367	chr4	135959453	135959434	+	0.112	0.2223	>	6	6	84
1368	chr1	24684268	24684249	+	0.4001	0.1942	>	6	6	84
1369	chr3	87748577	87748558	-	0.7593	0.4382	>	6	6	84
1370	chr9	54690950	54690931	+	0.11566	0.136	>	6	6	84
1371	chr15	82277690	82277671	-	0.9043	0.4492	>	6	6	84
1372	chr5	115498528	115498509	-	0.2693	0.2164	>	6	6	84
1373	chr9	56621276	56621257	+	0.10846	0.253	>	6	6	84
1374	chr18	81956733	81956714	-	0.2815	0.2637	>	6	6	84
1375	chr10	22791401	22791382	-	0.1346	0.2358	>	6	6	84
1376	chr15	82271301	82271282	+	0.836	0.1838	>	6	6	84
1377	chr12	69946159	69946140	+	0.555	0.455	>	6	6	84
1378	chr14	101442800	101442781	+	0.2983	0.1344	>	6	6	84
1379	chr2	164777017	164776998	-	0.5176	0.361	>	6	6	84
1380	chr10	24631573	24631554	-	1.178	1.224	>	6	6	84
1381	chr1	136528510	136528491	-	1.761	0.7373	>	6	6	84
1382	chr10	19222118	19222099	-	1.411	0.8228	>	6	6	84
1383	chr14	56885508	56885489	-	2.348	4.004	>	6	6	84
1384	chr8	85060493	85060474	-	0.9688	0.437	>	6	6	84
1385	chr11	96075822	96075803	-	0.9316	0.4944	>	6	6	84
1386	chr11	77476535	77476516	+	0.1632	0.2383	>	6	6	84
1387	chr1	81294004	81293985	-	0.905	0.562	>	6	6	84
1388	chr12	15520954	15520935	+	0.7183	0.4033	>	6	6	84
1389	chr7	66397054	66397035	+	0.1594	0.2107	>	6	6	84
1390	chr12	74014582	74014563	-	0.2377	0.1973	>	6	6	84
1391	chr5	144242554	144242535	-	0.241	0.1987	>	6	6	84
1392	chr15	66894943	66894924	+	0.2703	0.2021	>	6	6	84
1393	chr6	126484995	126484976	-	0.4333	1.278	>	6	6	84
1394	chr4	48427148	48427129	+	0.678	0.3833	>	6	6	84
1395	chr15	71459211	71459192	+	0.252	0.1731	>	6	6	84
1396	chr3	19896435	19896416	-	0.2361	0.1467	>	6	6	84
1397	chr8	68268707	68268688	-	0.1398	0.1492	>	6	6	84
1398	chr1	182555580	182555561	-	0.1982	0.1915	>	6	6	84
1399	chr9	44413186	44413167	-	0.534	0.393	>	6	6	84
1400	chr14	70151716	70151697	+	0.3604	0.2382	>	6	6	84
1401	chr4	62478250	62478231	+	0.438	0.1328	>	6	6	84
1402	chr3	127561629	127561610	-	0.2183	0.12354	>	6	6	84
1403	chr3	69139614	69139595	-	0.397	0.2261	>	6	6	84
1404	chr17	17919616	17919597	+	0.1678	0.167	>	6	6	84
1405	chr4	139314214	139314195	-	0.2279	0.269	>	6	6	84
1406	chr18	61952763	61952744	-	0.2372	0.1731	>	6	6	84
1407	chr9	7599188	7599169	+	0.33	0.191	>	6	6	84
1408	chr10	120898341	120898322	-	0.3386	0.1467	>	6	6	84
1409	chr11	57469613	57469594	-	0.1846	0.2297	>	6	6	84
1410	chr18	58480198	58480179	-	0.2095	0.1665	>	6	6	84
1411	chr17	12380527	12380508	-	0.658	0.591	>	6	6	84
1412	chr2	107940173	107940154	+	0.11664	0.1351	>	6	6	84
1413	chr2	32580534	32580515	-	0.2605	0.4055	>	6	6	84
1414	chr15	98813480	98813461	+	0.3496	0.5376	>	6	6	84
1415	chr6	54253893	54253874	+	0.1663	0.1743	>	6	6	84
1416	chr1	135800865	135800846	+	0.1766	0.1665	>	6	6	84
1417	chr15	58426369	58426350	+	0.1996	0.1519	>	6	6	84
1418	chr4	87367775	87367756	+	0.3853	0.1472	>	6	6	84
1419	chr2	96583103	96583084	-	0.809	0.3242	>	6	6	84
1420	chr4	63366959	63366940	-	0.1979	0.1753	>	6	6	84
1421	chr4	59761293	59761274	-	0.3435	0.2113	>	6	6	84
1422	chr10	7832162	7832143	+	0.2646	0.1672	>	6	6	84
1423	chr7	89904213	89904194	-	0.2908	0.156	>	6	6	84
1424	chr1	30697342	30697323	+	0.1025	0.1263	>	6	6	84
1425	chr1	58987602	58987583	+	0.2202	0.1498	>	6	6	84
1426	chr15	7452190	7452171	+	0.1405	0.12085	>	6	6	84
1427	chr4	139877044	139877025	+	0.3875	0.2688	>	6	6	84
1428	chr3	83291887	83291868	-	0.0825	0.137	>	6	6	84
1429	chr15	68912907	68912888	-	0.5024	0.2024	>	6	6	84
1430	chr14	64593744	64593725	-	1.073	0.5703	>	6	6	84
1431	chr1	56980349	56980330	-	0.2778	0.2322	>	6	6	84
1432	chr14	75833620	75833601	-	0.6006	0.4543	>	6	6	84
1433	chr16	62904648	62904629	-	0.217	0.1924	>	6	6	84
1434	chr5	35991229	35991210	-	1.033	1.082	>	6	6	84
1435	chr5	44287418	44287399	-	0.248	0.155	>	6	6	84
1436	chr15	76199915	76199896	-	0.07776	0.3071	>	6	6	84
1437	chr4	131240262	131240243	-	0.241	0.206	>	6	6	84
1438	chr5	102147917	102147898	-	0.228	0.2458	>	6	6	84
1439	chr3	93086926	93086907	+	0.0978	0.1787	>	6	6	84
1440	chr6	126163382	126163363	+	2.373	1.376	>	6	6	84
1441	chr3	45375769	45375750	+	1.051	0.2544	>	6	6	84
1442	chr16	90306219	90306200	-	0.3647	0.3506	>	6	6	84
1443	chr17	3249270	3249251	-	0.1843	0.136	>	6	6	84
1444	chr4	143024421	143024402	-	0.087	0.1317	>	6	6	84
1445	chr19	47513892	47513873	-	0.2471	0.1393	>	6	6	84
1446	chr6	66534595	66534576	-	1.387	0.675	>	6	6	84
1447	chr6	134963172	134963153	-	0.6475	0.5996	>	6	6	84
1448	chr14	56369245	56369226	+	0.2401	0.1912	>	6	6	84
1449	chr18	53460219	53460200	+	0.1775	0.162	>	6	6	84
1450	chr7	89476922	89476903	-	0.2163	0.1522	>	6	6	84
1451	chr6	34273116	34273097	+	0.0673	0.1545	>	6	6	84
1452	chr7	142295608	142295589	-	1.062	6.32	>	6	6	84
1453	chr3	22302208	22302189	+	0.992	0.3848	>	6	6	84
1454	chr6	31045994	31045975	-	0.7534	0.959	>	6	6	84
1455	chr9	57143378	57143359	-	0.1816	0.2302	>	6	6	84
1456	chr6	101268340	101268321	+	0.2712	0.1924	>	6	6	84
1457	chr9	58897456	58897437	-	0.7163	0.4846	>	6	6	84
1458	chr17	79601068	79601049	+	0.2245	0.12476	>	6	6	84
1459	chr16	5254607	5254588	-	0.2883	0.22	>	6	6	84
1460	chr4	83595536	83595517	+	1.783	1.041	>	6	6	84
1461	chr9	51159881	51159862	-	0.6875	0.266	>	6	6	84
1462	chr14	66354429	66354410	+	0.1142	0.1388	>	6	6	84
1463	chr5	117090283	117090264	+	0.5806	0.4014	>	6	6	84
1464	chr2	168061425	168061406	-	0.1733	0.2051	>	6	6	84
1465	chr5	9169228	9169209	+	0.3306	0.1686	>	6	6	84
1466	chr6	28418701	28418682	-	0.4202	0.266	>	6	6	84
1467	chr12	105038443	105038424	-	0.1501	0.2063	>	6	6	84
1468	chr1	182558143	182558124	-	0.2264	0.1511	>	6	6	84
1469	chr8	47713300	47713281	-	1.078	1.646	>	6	6	84
1470	chr18	47357393	47357374	+	0.2007	0.1278	>	6	6	84
1471	chr1	118771083	118771064	-	0.1254	0.2006	>	6	6	84
1472	chr16	6493044	6493025	-	0.1927	0.1516	>	6	6	84
1473	chr9	42951005	42950986	-	0.3914	0.2078	>	6	6	84
1474	chr13	53430986	53430967	-	0.6504	0.3672	>	6	6	84
1475	chr13	67609268	67609249	+	2.162	0.826	>	6	6	84
1476	chr1	53035072	53035053	+	0.1465	0.1494	>	6	6	84
1477	chr7	99471824	99471805	-	0.3745	0.4907	>	6	6	84
1478	chr11	36543574	36543555	-	0.1156	0.1614	>	6	6	84
1479	chr5	124334258	124334239	-	0.3428	0.273	>	6	6	84
1480	chr10	76771414	76771395	-	0.1296	0.2047	>	6	6	84
1481	chr10	4386719	4386700	+	0.32	0.4492	>	6	6	84
1482	chr5	116554091	116554072	+	0.0876	0.1714	>	6	6	84
1483	chr10	41734858	41734839	+	0.1406	0.2605	>	6	6	84
1484	chr10	50906875	50906856	-	0.2361	0.1674	>	6	6	84
1485	chr11	31651668	31651649	+	0.07605	0.1534	>	6	6	84
1486	chr6	116193190	116193171	+	0.3687	0.372	>	6	6	84
1487	chr1	188976509	188976490	+	0.343	0.1833	>	6	6	84
1488	chr12	101976095	101976076	+	0.681	0.4116	>	6	6	84
1489	chr15	75925915	75925896	+	0.6084	0.9233	>	6	6	84
1490	chr1	4777287	4777268	-	0.9443	1.425	>	6	6	84
1491	chr18	86560230	86560211	+	0.7866	1.138	>	6	6	84
1492	chr7	43574878	43574859	+	1.292	1.347	>	6	6	84
1493	chr7	98200601	98200582	-	0.2927	0.1711	>	6	6	84
1494	chr4	143319849	143319830	+	0.2299	0.1525	>	6	6	84
1495	chr2	128601696	128601677	-	0.1208	0.207	>	6	6	84
1496	chr17	57004491	57004472	-	0.1467	0.2932	>	6	6	84
1497	chr2	35196541	35196522	-	1.081	0.3997	>	6	6	84
1498	chr5	29779371	29779352	+	0.1531	0.1671	>	6	6	84
1499	chr10	93038429	93038410	-	0.163	0.1875	>	6	6	84
0	chr4	87368268	87368249	+	90.56	65.75	>	6	7	83
1	chr11	109860827	109860808	-	89.2	47.97	>	6	7	83
2	chr3	22309188	22309169	+	81.5	60.4	>	6	7	83
3	chr10	5161770	5161751	-	79.2	55.88	>	6	7	83
4	chr16	71247702	71247683	+	68.56	43.2	>	6	7	83
5	chr16	72980067	72980048	-	68.3	56.7	>	6	7	83
6	chr6	60556001	60555982	+	67.7	40.38	>	6	7	83
7	chr5	7996919	7996900	-	66.06	59.4	>	6	7	83
8	chr14	12140114	12140095	-	65.1	51.62	>	6	7	83
9	chr13	81439574	81439555	+	64.94	46.94	>	6	7	83
10	chr9	103996726	103996707	-	64.9	51.25	>	6	7	83
11	chr15	56066340	56066321	+	63.97	42.94	>	6	7	83
12	chr10	106609250	106609231	+	63.97	42.62	>	6	7	83
13	chr1	144380222	144380203	-	63.4	48.44	>	6	7	83
14	chr10	8240468	8240449	-	62.34	45.88	>	6	7	83
15	chr12	77000269	77000250	+	62.22	54.97	>	6	7	83
16	chr1	44745882	44745863	+	62.12	40.25	>	6	7	83
17	chr4	81178889	81178870	+	62.03	50.0	>	6	7	83
18	chr9	10909768	10909749	+	61.12	47.94	>	6	7	83
19	chr6	64650119	64650100	-	60.56	60.88	>	6	7	83
20	chr15	32766485	32766466	-	60.56	46.62	>	6	7	83
21	chr4	9135983	9135964	+	60.03	34.12	>	6	7	83
22	chr7	118305013	118304994	+	59.5	47.62	>	6	7	83
23	chr10	39520570	39520551	-	58.34	40.5	>	6	7	83
24	chr1	78724658	78724639	+	58.25	47.28	>	6	7	83
25	chr2	160598038	160598019	+	57.94	55.8	>	6	7	83
26	chr18	33790258	33790239	-	57.72	56.3	>	6	7	83
27	chr12	40837750	40837731	+	57.5	46.25	>	6	7	83
28	chr8	41443763	41443744	+	57.34	56.06	>	6	7	83
29	chr14	68494314	68494295	-	56.94	24.97	>	6	7	83
30	chr1	11657910	11657891	+	56.8	43.62	>	6	7	83
31	chr11	77100337	77100318	+	55.88	49.25	>	6	7	83
32	chr16	41244935	41244916	-	55.72	48.0	>	6	7	83
33	chr14	87452291	87452272	-	55.72	63.0	>	6	7	83
34	chr18	16217050	16217031	+	54.9	26.8	>	6	7	83
35	chr11	53255133	53255114	-	54.8	39.5	>	6	7	83
36	chr9	7216447	7216428	+	54.56	27.64	>	6	7	83
37	chr8	35850598	35850579	-	54.5	50.94	>	6	7	83
38	chr8	102781131	102781112	-	54.44	41.34	>	6	7	83
39	chr5	49962010	49961991	-	54.16	50.88	>	6	7	83
40	chr7	90410162	90410143	-	54.06	39.75	>	6	7	83
41	chr4	15328717	15328698	+	54.03	40.72	>	6	7	83
42	chr11	31949616	31949597	-	54.0	41.44	>	6	7	83
43	chr1	120586671	120586652	+	53.8	57.06	>	6	7	83
44	chr13	19698921	19698902	+	53.16	40.8	>	6	7	83
45	chr12	57825950	57825931	+	53.03	34.38	>	6	7	83
46	chr16	72215933	72215914	-	52.7	45.56	>	6	7	83
47	chr9	15685402	15685383	+	52.62	45.03	>	6	7	83
48	chr10	10321327	10321308	-	52.47	23.97	>	6	7	83
49	chr9	49494135	49494116	+	52.4	51.5	>	6	7	83
50	chr3	50906169	50906150	-	52.12	57.06	>	6	7	83
51	chr11	57467973	57467954	-	52.03	54.47	>	6	7	83
52	chr11	113165316	113165297	-	51.88	57.94	>	6	7	83
53	chr9	51152608	51152589	-	51.8	48.22	>	6	7	83
54	chr16	58299658	58299639	+	51.56	30.08	>	6	7	83
55	chr16	22564783	22564764	+	51.44	49.16	>	6	7	83
56	chr8	36523135	36523116	-	51.4	44.44	>	6	7	83
57	chr14	34810941	34810922	+	51.3	52.97	>	6	7	83
58	chr6	101261740	101261721	-	51.0	49.47	>	6	7	83
59	chr7	132213694	132213675	-	50.8	38.62	>	6	7	83
60	chr2	48886271	48886252	-	50.28	44.53	>	6	7	83
61	chr12	54060974	54060955	-	50.12	27.78	>	6	7	83
62	chr1	5905019	5905000	-	50.06	44.22	>	6	7	83
63	chr9	26776375	26776356	-	50.0	53.88	>	6	7	83
64	chr1	103799519	103799500	+	49.53	56.44	>	6	7	83
65	chr9	88222188	88222169	-	49.5	40.1	>	6	7	83
66	chr18	58481884	58481865	-	49.28	39.28	>	6	7	83
67	chr13	100112788	100112769	+	49.16	37.22	>	6	7	83
68	chr3	14679394	14679375	+	49.06	29.97	>	6	7	83
69	chr16	37109459	37109440	+	48.75	19.0	>	6	7	83
70	chr3	153655318	153655299	-	48.72	48.28	>	6	7	83
71	chr16	89765698	89765679	-	48.38	54.0	>	6	7	83
72	chr13	89543228	89543209	-	48.3	56.84	>	6	7	83
73	chr11	40149509	40149490	-	48.28	36.34	>	6	7	83
74	chr3	113080940	113080921	-	48.2	53.4	>	6	7	83
75	chr10	70963797	70963778	-	47.53	51.97	>	6	7	83
76	chr6	66533480	66533461	-	47.34	41.22	>	6	7	83
77	chr18	57976815	57976796	+	47.28	41.3	>	6	7	83
78	chr12	92303388	92303369	+	47.12	48.12	>	6	7	83
79	chr6	43686140	43686121	+	47.1	34.0	>	6	7	83
80	chr15	11038687	11038668	+	47.06	40.16	>	6	7	83
81	chr6	13281064	13281045	-	47.06	44.4	>	6	7	83
82	chr4	25180081	25180062	-	46.94	22.34	>	6	7	83
83	chr2	110229883	110229864	+	46.8	37.2	>	6	7	83
84	chr2	118638293	118638274	+	46.34	48.4	>	6	7	83
85	chr14	67674858	67674839	-	46.2	40.62	>	6	7	83
86	chr1	179477262	179477243	-	45.97	54.9	>	6	7	83
87	chr12	78056191	78056172	+	45.84	48.03	>	6	7	83
88	chr15	44836402	44836383	+	45.7	45.75	>	6	7	83
89	chr9	80293262	80293243	+	45.3	48.66	>	6	7	83
90	chr1	21411405	21411386	+	45.28	35.97	>	6	7	83
91	chr8	80483379	80483360	-	45.28	32.34	>	6	7	83
92	chr16	55477026	55477007	-	44.9	60.88	>	6	7	83
93	chr9	122729759	122729740	-	44.72	40.56	>	6	7	83
94	chr2	17415581	17415562	-	44.56	38.03	>	6	7	83
95	chr4	13778049	13778030	-	44.5	20.47	>	6	7	83
96	chr16	64748455	64748436	-	44.47	52.25	>	6	7	83
97	chr6	57570627	57570608	-	44.28	34.06	>	6	7	83
98	chr16	13117421	13117402	+	44.28	48.25	>	6	7	83
99	chr1	54381475	54381456	-	44.12	34.1	>	6	7	83
100	chr15	40166896	40166877	+	44.03	40.53	>	6	7	83
101	chr17	83271696	83271677	+	44.0	39.2	>	6	7	83
102	chr9	63136063	63136044	+	43.94	32.22	>	6	7	83
103	chr3	68056550	68056531	+	43.88	35.0	>	6	7	83
104	chr3	25220822	25220803	-	43.8	23.62	>	6	7	83
105	chr7	118102455	118102436	-	43.53	59.94	>	6	7	83
106	chr9	51335485	51335466	+	43.47	26.75	>	6	7	83
107	chr16	96671807	96671788	-	43.4	27.66	>	6	7	83
108	chr2	113494904	113494885	+	43.34	43.28	>	6	7	83
109	chr1	55404561	55404542	+	43.25	39.06	>	6	7	83
110	chr3	80079969	80079950	+	43.0	35.7	>	6	7	83
111	chr11	25862989	25862970	-	42.66	37.9	>	6	7	83
112	chr13	109213188	109213169	-	42.6	60.5	>	6	7	83
113	chr8	58566283	58566264	+	42.56	33.8	>	6	7	83
114	chr16	72218227	72218208	+	42.38	47.1	>	6	7	83
115	chr14	102510640	102510621	-	42.34	35.9	>	6	7	83
116	chr7	143154010	143153991	+	42.16	43.66	>	6	7	83
117	chr6	143219585	143219566	+	42.1	41.62	>	6	7	83
118	chr17	86906334	86906315	-	41.97	47.25	>	6	7	83
119	chr8	62080400	62080381	+	41.97	30.6	>	6	7	83
120	chr3	57843985	57843966	+	41.94	43.75	>	6	7	83
121	chr18	3495634	3495615	+	41.62	36.03	>	6	7	83
122	chr7	125393847	125393828	-	41.56	47.0	>	6	7	83
123	chr7	86211564	86211545	-	41.56	46.4	>	6	7	83
124	chr9	60245127	60245108	+	41.38	43.16	>	6	7	83
125	chr6	131353859	131353840	-	41.3	15.89	>	6	7	83
126	chr15	98173991	98173972	-	41.25	24.88	>	6	7	83
127	chr17	88641249	88641230	-	41.12	34.25	>	6	7	83
128	chr9	87027908	87027889	+	41.1	38.34	>	6	7	83
129	chr4	70621553	70621534	-	40.97	48.38	>	6	7	83
130	chr12	41487236	41487217	-	40.88	35.94	>	6	7	83
131	chr4	127368548	127368529	+	40.8	49.72	>	6	7	83
132	chr8	50293750	50293731	-	40.75	48.2	>	6	7	83
133	chr16	27468981	27468962	+	40.75	34.62	>	6	7	83
134	chr7	121641354	121641335	-	40.7	30.69	>	6	7	83
135	chr3	29726795	29726776	-	40.7	30.42	>	6	7	83
136	chr14	29110872	29110853	-	40.66	51.22	>	6	7	83
137	chr13	116712427	116712408	-	40.62	33.1	>	6	7	83
138	chr18	19939562	19939543	-	40.47	45.7	>	6	7	83
139	chr15	80704533	80704514	-	40.28	46.53	>	6	7	83
140	chr18	50137074	50137055	+	40.28	37.62	>	6	7	83
141	chr13	15763212	15763193	-	40.25	29.53	>	6	7	83
142	chr19	50185486	50185467	+	40.22	44.2	>	6	7	83
143	chr12	74013965	74013946	-	40.22	40.8	>	6	7	83
144	chr1	138835543	138835524	+	40.06	20.81	>	6	7	83
145	chr15	55550924	55550905	-	40.06	37.12	>	6	7	83
146	chr1	61771439	61771420	-	40.06	23.55	>	6	7	83
147	chr12	34664961	34664942	+	40.0	19.7	>	6	7	83
148	chr14	78288101	78288082	-	39.8	38.8	>	6	7	83
149	chr2	4499416	4499397	+	39.78	33.88	>	6	7	83
150	chr13	30260132	30260113	-	39.75	32.75	>	6	7	83
151	chr9	68015271	68015252	+	39.2	39.0	>	6	7	83
152	chr1	126993502	126993483	-	39.06	47.2	>	6	7	83
153	chr16	25349824	25349805	-	39.0	41.2	>	6	7	83
154	chr1	14729249	14729230	-	38.94	39.3	>	6	7	83
155	chr15	59389427	59389408	+	38.7	46.34	>	6	7	83
156	chr6	100882590	100882571	+	38.66	49.44	>	6	7	83
157	chr3	9711121	9711102	+	38.62	35.47	>	6	7	83
158	chr6	21214019	21214000	-	38.47	24.2	>	6	7	83
159	chr17	42603617	42603598	-	38.47	42.5	>	6	7	83
160	chr4	80517548	80517529	-	38.47	41.4	>	6	7	83
161	chr9	85328584	85328565	-	38.28	30.06	>	6	7	83
162	chr17	44262001	44261982	+	38.22	44.16	>	6	7	83
163	chr10	102449665	102449646	+	38.2	48.84	>	6	7	83
164	chr17	14520745	14520726	-	38.12	30.45	>	6	7	83
165	chr13	51830925	51830906	+	38.0	56.0	>	6	7	83
166	chr12	83502436	83502417	-	37.97	34.4	>	6	7	83
167	chr5	75853265	75853246	-	37.94	27.88	>	6	7	83
168	chr13	110382742	110382723	+	37.88	61.84	>	6	7	83
169	chr5	62481159	62481140	-	37.8	35.4	>	6	7	83
170	chr7	49121503	49121484	-	37.7	29.61	>	6	7	83
171	chr15	11966575	11966556	-	37.66	34.72	>	6	7	83
172	chr3	31146135	31146116	+	37.53	44.5	>	6	7	83
173	chr2	37815879	37815860	+	37.47	39.2	>	6	7	83
174	chr5	33033442	33033423	-	37.44	48.28	>	6	7	83
175	chr9	7595466	7595447	-	37.4	28.72	>	6	7	83
176	chr5	21641153	21641134	-	37.3	33.66	>	6	7	83
177	chr14	48367302	48367283	-	37.12	39.88	>	6	7	83
178	chr17	14524624	14524605	+	37.1	38.88	>	6	7	83
179	chr4	84064835	84064816	+	37.06	23.38	>	6	7	83
180	chr4	63368786	63368767	+	37.06	51.6	>	6	7	83
181	chr5	102149680	102149661	+	37.03	38.97	>	6	7	83
182	chr12	32897684	32897665	-	36.88	40.9	>	6	7	83
183	chr16	91936532	91936513	+	36.72	43.06	>	6	7	83
184	chr6	37046379	37046360	-	36.72	47.7	>	6	7	83
185	chr18	59081896	59081877	+	36.7	37.34	>	6	7	83
186	chr6	103697552	103697533	-	36.3	43.6	>	6	7	83
187	chr18	19937930	19937911	+	36.3	37.56	>	6	7	83
188	chr6	93757594	93757575	+	36.28	18.31	>	6	7	83
189	chr17	9756371	9756352	+	36.28	21.2	>	6	7	83
190	chr2	96585854	96585835	+	36.25	26.84	>	6	7	83
191	chr11	82915176	82915157	+	36.2	36.34	>	6	7	83
192	chr6	6005837	6005818	+	36.03	35.2	>	6	7	83
193	chr1	98392238	98392219	-	36.03	38.97	>	6	7	83
194	chr7	48749384	48749365	+	35.94	38.3	>	6	7	83
195	chr11	105911812	105911793	-	35.9	37.8	>	6	7	83
196	chr10	45045486	45045467	-	35.8	35.22	>	6	7	83
197	chr2	4492748	4492729	-	35.75	19.97	>	6	7	83
198	chr6	18087397	18087378	+	35.75	40.84	>	6	7	83
199	chr5	90203341	90203322	+	35.7	41.12	>	6	7	83
200	chr7	136489148	136489129	+	35.62	28.06	>	6	7	83
201	chr9	109862620	109862601	-	35.6	34.12	>	6	7	83
202	chr15	59876355	59876336	+	35.3	32.16	>	6	7	83
203	chr14	76473612	76473593	-	35.25	45.66	>	6	7	83
204	chr3	128349320	128349301	+	35.03	41.75	>	6	7	83
205	chr3	45375963	45375944	+	35.03	23.92	>	6	7	83
206	chr3	133314669	133314650	+	34.97	39.0	>	6	7	83
207	chr1	96801850	96801831	-	34.84	30.55	>	6	7	83
208	chr7	115216958	115216939	+	34.62	30.45	>	6	7	83
209	chr9	59282577	59282558	-	34.62	26.88	>	6	7	83
210	chr2	148112135	148112116	-	34.5	31.5	>	6	7	83
211	chr18	52457916	52457897	-	34.47	28.2	>	6	7	83
212	chr6	56691454	56691435	-	34.34	42.2	>	6	7	83
213	chr13	20292580	20292561	-	34.3	38.5	>	6	7	83
214	chr13	57260119	57260100	-	34.25	52.66	>	6	7	83
215	chr13	113877615	113877596	+	34.25	36.75	>	6	7	83
216	chr13	116715029	116715010	-	34.1	31.72	>	6	7	83
217	chr4	83596692	83596673	-	34.1	52.75	>	6	7	83
218	chr8	64941619	64941600	-	34.06	33.75	>	6	7	83
219	chr3	51701488	51701469	+	34.03	22.56	>	6	7	83
220	chr14	120061322	120061303	-	33.84	29.2	>	6	7	83
221	chr7	75910166	75910147	+	33.8	57.6	>	6	7	83
222	chr4	98702698	98702679	-	33.78	31.62	>	6	7	83
223	chr3	146185137	146185118	+	33.62	52.6	>	6	7	83
224	chr4	151157152	151157133	+	33.53	59.38	>	6	7	83
225	chr5	43391861	43391842	-	33.5	21.5	>	6	7	83
226	chr11	93856511	93856492	-	33.47	26.19	>	6	7	83
227	chr14	59605843	59605824	+	33.47	40.3	>	6	7	83
228	chr14	84438580	84438561	+	33.44	23.31	>	6	7	83
229	chr12	50943824	50943805	-	33.28	38.56	>	6	7	83
230	chr7	83550335	83550316	-	33.2	30.12	>	6	7	83
231	chr6	117167008	117166989	+	33.03	30.3	>	6	7	83
232	chr4	12538791	12538772	+	33.0	21.84	>	6	7	83
233	chr18	47353079	47353060	+	32.84	24.58	>	6	7	83
234	chr5	12541496	12541477	-	32.72	22.56	>	6	7	83
235	chr2	60721127	60721108	+	32.72	22.53	>	6	7	83
236	chr11	78838251	78838232	+	32.72	51.5	>	6	7	83
237	chr8	73356225	73356206	+	32.62	23.39	>	6	7	83
238	chr12	10598567	10598548	+	32.5	41.56	>	6	7	83
239	chr19	20345158	20345139	-	32.25	47.94	>	6	7	83
240	chr17	58909486	58909467	-	32.16	39.4	>	6	7	83
241	chr10	69655037	69655018	-	32.12	36.56	>	6	7	83
242	chr4	3967733	3967714	-	32.12	41.75	>	6	7	83
243	chr16	21192795	21192776	-	32.06	38.78	>	6	7	83
244	chr11	12291593	12291574	-	32.0	15.54	>	6	7	83
245	chr11	117385082	117385063	+	31.83	36.6	>	6	7	83
246	chr12	32292095	32292076	+	31.73	20.83	>	6	7	83
247	chr4	64833096	64833077	+	31.69	34.34	>	6	7	83
248	chr13	47301245	47301226	+	31.67	43.9	>	6	7	83
249	chr1	89631957	89631938	-	31.56	45.38	>	6	7	83
250	chr9	69296601	69296582	-	31.53	38.66	>	6	7	83
251	chr3	53735364	53735345	+	31.28	24.5	>	6	7	83
252	chr10	45373471	45373452	-	31.2	37.7	>	6	7	83
253	chr8	91797725	91797706	+	31.19	30.23	>	6	7	83
254	chr4	88035662	88035643	+	31.06	19.66	>	6	7	83
255	chr2	75151187	75151168	-	31.05	37.9	>	6	7	83
256	chr14	66791971	66791952	-	31.02	32.1	>	6	7	83
257	chr2	93199062	93199043	-	30.9	51.25	>	6	7	83
258	chr2	73551006	73550987	+	30.86	53.72	>	6	7	83
259	chr12	89451144	89451125	-	30.81	40.1	>	6	7	83
260	chr16	66086729	66086710	-	30.81	33.7	>	6	7	83
261	chr14	114791647	114791628	-	30.72	37.2	>	6	7	83
262	chr4	43420547	43420528	-	30.61	34.5	>	6	7	83
263	chr1	87447687	87447668	+	30.56	32.53	>	6	7	83
264	chr15	55306471	55306452	+	30.56	24.06	>	6	7	83
265	chr15	97667578	97667559	+	30.52	37.12	>	6	7	83
266	chr2	16359548	16359529	+	30.47	16.92	>	6	7	83
267	chr14	8356099	8356080	+	30.42	51.06	>	6	7	83
268	chr3	19894816	19894797	-	30.38	33.66	>	6	7	83
269	chr12	43813750	43813731	-	30.34	24.06	>	6	7	83
270	chr2	27770378	27770359	+	30.12	46.8	>	6	7	83
271	chr16	48675836	48675817	-	30.12	28.97	>	6	7	83
272	chr10	13016733	13016714	+	30.1	53.44	>	6	7	83
273	chr2	76367359	76367340	+	30.05	30.6	>	6	7	83
274	chr2	115515230	115515211	+	30.05	12.29	>	6	7	83
275	chr19	16785108	16785089	-	30.03	27.4	>	6	7	83
276	chr3	78948444	78948425	+	30.03	29.16	>	6	7	83
277	chr1	37250876	37250857	-	29.94	25.45	>	6	7	83
278	chr18	74431409	74431390	+	29.94	28.48	>	6	7	83
279	chr1	38787652	38787633	-	29.89	46.22	>	6	7	83
280	chr3	14874584	14874565	+	29.88	22.88	>	6	7	83
281	chr9	69505778	69505759	+	29.88	30.58	>	6	7	83
282	chr10	84450913	84450894	-	29.77	31.7	>	6	7	83
283	chr2	172216047	172216028	-	29.77	65.06	>	6	7	83
284	chr10	97712895	97712876	+	29.72	22.83	>	6	7	83
285	chr1	4770074	4770055	+	29.72	39.66	>	6	7	83
286	chr12	50301580	50301561	-	29.69	16.55	>	6	7	83
287	chr15	85266923	85266904	+	29.69	42.06	>	6	7	83
288	chr4	85403030	85403011	+	29.62	27.23	>	6	7	83
289	chr6	97526370	97526351	-	29.53	31.17	>	6	7	83
290	chr8	112046096	112046077	+	29.5	62.6	>	6	7	83
291	chr12	96311368	96311349	-	29.48	23.8	>	6	7	83
292	chr1	93507239	93507220	-	29.45	32.5	>	6	7	83
293	chr13	21714927	21714908	+	29.4	37.72	>	6	7	83
294	chr6	49008180	49008161	+	29.38	27.1	>	6	7	83
295	chr17	17749545	17749526	-	29.36	32.88	>	6	7	83
296	chr6	145360253	145360234	+	29.34	33.62	>	6	7	83
297	chr7	17066630	17066611	-	29.27	41.75	>	6	7	83
298	chr12	81788850	81788831	-	29.25	32.47	>	6	7	83
299	chr7	129649172	129649153	+	29.19	42.88	>	6	7	83
300	chr14	104039053	104039034	+	29.17	41.16	>	6	7	83
301	chr13	41634744	41634725	-	29.08	40.84	>	6	7	83
302	chr7	138835232	138835213	-	29.02	47.88	>	6	7	83
303	chr15	97195797	97195778	+	28.92	38.5	>	6	7	83
304	chr1	119087737	119087718	+	28.89	50.28	>	6	7	83
305	chr4	85819373	85819354	-	28.86	29.28	>	6	7	83
306	chr11	30657307	30657288	-	28.86	6.477	>	6	7	83
307	chr5	49369245	49369226	+	28.66	27.94	>	6	7	83
308	chr6	106805067	106805048	+	28.61	20.38	>	6	7	83
309	chr6	31660958	31660939	+	28.53	52.9	>	6	7	83
310	chr12	8306749	8306730	-	28.48	47.94	>	6	7	83
311	chr13	42822785	42822766	-	28.47	44.4	>	6	7	83
312	chr15	34968778	34968759	+	28.4	27.94	>	6	7	83
313	chr7	68369859	68369840	+	28.38	58.97	>	6	7	83
314	chr15	80266443	80266424	+	28.33	34.62	>	6	7	83
315	chr6	102171110	102171091	+	28.19	24.06	>	6	7	83
316	chr16	72605273	72605254	-	28.11	17.7	>	6	7	83
317	chr18	65490506	65490487	+	28.06	33.94	>	6	7	83
318	chr3	55373775	55373756	+	28.0	19.75	>	6	7	83
319	chr1	53927814	53927795	-	27.97	28.48	>	6	7	83
320	chr2	160368066	160368047	-	27.95	21.97	>	6	7	83
321	chr10	42295232	42295213	-	27.94	37.8	>	6	7	83
322	chr7	116040411	116040392	-	27.9	26.19	>	6	7	83
323	chr10	116197535	116197516	-	27.81	28.58	>	6	7	83
324	chr5	20773533	20773514	-	27.81	20.77	>	6	7	83
325	chr12	80725012	80724993	-	27.73	38.97	>	6	7	83
326	chr15	66899881	66899862	-	27.6	21.5	>	6	7	83
327	chr18	16822208	16822189	-	27.56	13.28	>	6	7	83
328	chr18	14503254	14503235	-	27.55	19.48	>	6	7	83
329	chr5	98344786	98344767	+	27.44	28.3	>	6	7	83
330	chr10	77517236	77517217	+	27.39	30.44	>	6	7	83
331	chr1	44741472	44741453	-	27.38	6.344	>	6	7	83
332	chr6	127945983	127945964	-	27.28	24.97	>	6	7	83
333	chr16	42914955	42914936	-	27.27	20.78	>	6	7	83
334	chr18	39137558	39137539	+	27.11	15.805	>	6	7	83
335	chr13	42575907	42575888	+	27.11	22.34	>	6	7	83
336	chr2	13278209	13278190	+	27.06	48.53	>	6	7	83
337	chr18	43836585	43836566	-	27.06	22.66	>	6	7	83
338	chr4	114647896	114647877	+	27.05	26.58	>	6	7	83
339	chr16	44149214	44149195	-	27.03	37.28	>	6	7	83
340	chr13	109776299	109776280	+	27.02	27.47	>	6	7	83
341	chr19	30217515	30217496	+	27.0	44.25	>	6	7	83
342	chr6	61316075	61316056	+	26.94	38.16	>	6	7	83
343	chr17	78598832	78598813	+	26.92	37.16	>	6	7	83
344	chr2	117231457	117231438	-	26.88	23.62	>	6	7	83
345	chr4	115101816	115101797	+	26.84	34.88	>	6	7	83
346	chr10	57448131	57448112	-	26.8	44.97	>	6	7	83
347	chr13	113046665	113046646	+	26.77	22.72	>	6	7	83
348	chr4	110022447	110022428	-	26.58	43.47	>	6	7	83
349	chr7	101653829	101653810	+	26.5	47.97	>	6	7	83
350	chr5	67756338	67756319	+	26.5	26.55	>	6	7	83
351	chr3	62192717	62192698	-	26.5	17.1	>	6	7	83
352	chr10	17728146	17728127	-	26.45	14.96	>	6	7	83
353	chr5	37752557	37752538	-	26.33	30.73	>	6	7	83
354	chr1	60961316	60961297	-	26.3	26.22	>	6	7	83
355	chr17	68176981	68176962	+	26.27	18.84	>	6	7	83
356	chr7	37357871	37357852	-	26.2	67.6	>	6	7	83
357	chr4	32572316	32572297	-	26.16	44.75	>	6	7	83
358	chr4	96696741	96696722	+	26.12	32.22	>	6	7	83
359	chr4	109729491	109729472	-	26.06	50.3	>	6	7	83
360	chr10	111977780	111977761	+	25.78	32.1	>	6	7	83
361	chr5	45424489	45424470	-	25.73	30.9	>	6	7	83
362	chr2	61494577	61494558	-	25.72	22.25	>	6	7	83
363	chr6	13287046	13287027	+	25.69	21.62	>	6	7	83
364	chr9	116060829	116060810	+	25.66	36.5	>	6	7	83
365	chr8	17537753	17537734	-	25.64	36.44	>	6	7	83
366	chr9	77781636	77781617	-	25.62	27.94	>	6	7	83
367	chr15	5106460	5106441	-	25.56	29.45	>	6	7	83
368	chr17	93141334	93141315	-	25.53	33.03	>	6	7	83
369	chr6	97759520	97759501	+	25.52	17.88	>	6	7	83
370	chr8	119384750	119384731	-	25.47	45.94	>	6	7	83
371	chr6	88113322	88113303	+	25.38	41.75	>	6	7	83
372	chr15	101984527	101984508	-	25.38	56.7	>	6	7	83
373	chr8	54493335	54493316	-	25.34	39.7	>	6	7	83
374	chr9	24119622	24119603	+	25.33	14.83	>	6	7	83
375	chr3	50077169	50077150	-	25.31	24.22	>	6	7	83
376	chr4	47419767	47419748	+	25.23	44.03	>	6	7	83
377	chr2	76115910	76115891	+	25.22	28.97	>	6	7	83
378	chr15	67174759	67174740	+	25.2	12.74	>	6	7	83
379	chr8	125574509	125574490	+	25.17	12.85	>	6	7	83
380	chr1	161737065	161737046	-	25.11	39.75	>	6	7	83
381	chr3	85571455	85571436	-	25.1	9.7	>	6	7	83
382	chr18	19577078	19577059	-	25.02	27.28	>	6	7	83
383	chr19	36083087	36083068	-	25.0	29.4	>	6	7	83
384	chr8	115709616	115709597	-	24.98	9.14	>	6	7	83
385	chr10	126330794	126330775	-	24.84	24.02	>	6	7	83
386	chr15	25993551	25993532	+	24.81	33.28	>	6	7	83
387	chr5	131430355	131430336	-	24.78	45.44	>	6	7	83
388	chr1	9545352	9545333	-	24.78	38.06	>	6	7	83
389	chr19	28768445	28768426	-	24.75	36.44	>	6	7	83
390	chr10	24630876	24630857	+	24.72	22.94	>	6	7	83
391	chr17	54351102	54351083	+	24.53	15.79	>	6	7	83
392	chr16	20496806	20496787	+	24.47	28.86	>	6	7	83
393	chr12	109394024	109394005	-	24.44	15.02	>	6	7	83
394	chr13	21803288	21803269	-	24.42	40.1	>	6	7	83
395	chr3	103392995	103392976	+	24.38	33.9	>	6	7	83
396	chr15	25428758	25428739	+	24.31	24.08	>	6	7	83
397	chr3	135206860	135206841	-	24.3	9.21	>	6	7	83
398	chr8	65139261	65139242	+	24.3	33.56	>	6	7	83
399	chr9	29650850	29650831	-	24.23	35.72	>	6	7	83
400	chr3	127971093	127971074	+	24.2	46.1	>	6	7	83
401	chr2	104035038	104035019	+	24.16	33.7	>	6	7	83
402	chr9	81635302	81635283	+	24.11	12.08	>	6	7	83
403	chr6	95484597	95484578	+	24.03	13.41	>	6	7	83
404	chr14	72293991	72293972	-	23.83	34.2	>	6	7	83
405	chr18	65490035	65490016	-	23.72	29.94	>	6	7	83
406	chr12	38123788	38123769	-	23.66	16.0	>	6	7	83
407	chr18	70184838	70184819	-	23.66	11.39	>	6	7	83
408	chr3	152095252	152095233	-	23.53	23.67	>	6	7	83
409	chr8	32002994	32002975	-	23.5	23.94	>	6	7	83
410	chr11	22206830	22206811	-	23.48	11.1	>	6	7	83
411	chr5	76541051	76541032	-	23.44	19.22	>	6	7	83
412	chr10	52106337	52106318	+	23.38	22.61	>	6	7	83
413	chr1	84697462	84697443	-	23.38	25.22	>	6	7	83
414	chr1	67181385	67181366	+	23.34	35.0	>	6	7	83
415	chr6	101267027	101267008	+	23.31	12.77	>	6	7	83
416	chr6	129255175	129255156	-	23.25	41.8	>	6	7	83
417	chr4	115710017	115709998	-	23.19	25.83	>	6	7	83
418	chr2	118241614	118241595	-	23.19	37.16	>	6	7	83
419	chr8	71371784	71371765	+	23.11	28.11	>	6	7	83
420	chr7	73422670	73422651	-	23.11	37.7	>	6	7	83
421	chr5	33039602	33039583	+	23.05	27.48	>	6	7	83
422	chr2	153143004	153142985	-	23.02	20.31	>	6	7	83
423	chr14	98181824	98181805	-	23.0	7.93	>	6	7	83
424	chr2	136887058	136887039	-	22.97	12.49	>	6	7	83
425	chr1	135136701	135136682	-	22.88	42.44	>	6	7	83
426	chr5	4948481	4948462	-	22.86	27.0	>	6	7	83
427	chr10	71422814	71422795	+	22.81	51.25	>	6	7	83
428	chr8	64597251	64597232	-	22.66	30.06	>	6	7	83
429	chr1	162336834	162336815	-	22.45	14.914	>	6	7	83
430	chr9	94738996	94738977	+	22.42	42.94	>	6	7	83
431	chr17	53403136	53403117	+	22.4	18.28	>	6	7	83
432	chr2	155811920	155811901	-	22.36	51.28	>	6	7	83
433	chr12	52010769	52010750	+	22.33	16.6	>	6	7	83
434	chr3	44912870	44912851	-	22.31	11.58	>	6	7	83
435	chr5	98348848	98348829	+	22.25	34.97	>	6	7	83
436	chr15	80706301	80706282	+	22.25	25.52	>	6	7	83
437	chr1	167932285	167932266	-	22.22	36.66	>	6	7	83
438	chr14	121455709	121455690	-	22.2	25.7	>	6	7	83
439	chr4	98243714	98243695	-	22.16	26.34	>	6	7	83
440	chr4	143027468	143027449	+	22.14	29.11	>	6	7	83
441	chr2	153668926	153668907	+	22.14	25.36	>	6	7	83
442	chr9	41461929	41461910	-	22.14	12.42	>	6	7	83
443	chr4	109431143	109431124	-	22.1	22.34	>	6	7	83
444	chr5	44831505	44831486	-	22.08	22.05	>	6	7	83
445	chr8	119676601	119676582	-	22.03	33.06	>	6	7	83
446	chr17	40824060	40824041	-	22.02	34.28	>	6	7	83
447	chr15	37102366	37102347	-	22.0	13.84	>	6	7	83
448	chr1	119083862	119083843	-	21.92	45.47	>	6	7	83
449	chr5	41044703	41044684	-	21.78	28.61	>	6	7	83
450	chr19	24622032	24622013	+	21.77	22.19	>	6	7	83
451	chr3	58159626	58159607	-	21.75	32.1	>	6	7	83
452	chr1	38130140	38130121	-	21.75	23.66	>	6	7	83
453	chr2	129472129	129472110	-	21.73	30.17	>	6	7	83
454	chr9	15682043	15682024	-	21.73	11.22	>	6	7	83
455	chr9	69502720	69502701	-	21.7	34.7	>	6	7	83
456	chr14	21120676	21120657	+	21.69	43.16	>	6	7	83
457	chr7	110645588	110645569	-	21.69	43.56	>	6	7	83
458	chr16	78950579	78950560	-	21.64	3.295	>	6	7	83
459	chr7	131899517	131899498	+	21.56	16.44	>	6	7	83
460	chr8	106403484	106403465	-	21.53	20.23	>	6	7	83
461	chr17	73303429	73303410	+	21.48	50.6	>	6	7	83
462	chr1	83727325	83727306	+	21.48	26.81	>	6	7	83
463	chr13	29857603	29857584	+	21.42	9.836	>	6	7	83
464	chr14	104033786	104033767	+	21.34	21.16	>	6	7	83
465	chr7	119011391	119011372	+	21.31	35.56	>	6	7	83
466	chr1	69165377	69165358	+	21.31	25.0	>	6	7	83
467	chr1	192727176	192727157	+	21.28	21.9	>	6	7	83
468	chr9	50438293	50438274	-	21.2	27.17	>	6	7	83
469	chr15	46990407	46990388	-	21.14	10.516	>	6	7	83
470	chr13	73646874	73646855	+	21.14	37.5	>	6	7	83
471	chr16	67089956	67089937	+	21.12	15.94	>	6	7	83
472	chr2	83332995	83332976	-	21.02	18.14	>	6	7	83
473	chr8	10415030	10415011	+	21.0	37.3	>	6	7	83
474	chr1	35716149	35716130	-	20.89	18.69	>	6	7	83
475	chr7	43920039	43920020	-	20.83	34.3	>	6	7	83
476	chr8	15138726	15138707	+	20.81	41.03	>	6	7	83
477	chr13	6515705	6515686	+	20.8	28.08	>	6	7	83
478	chr2	64948996	64948977	-	20.72	23.2	>	6	7	83
479	chr19	20345737	20345718	+	20.7	55.44	>	6	7	83
480	chr5	33994851	33994832	+	20.64	14.97	>	6	7	83
481	chr14	76479953	76479934	+	20.62	37.16	>	6	7	83
482	chr3	144737048	144737029	+	20.58	28.33	>	6	7	83
483	chr2	13597223	13597204	-	20.5	12.72	>	6	7	83
484	chr9	118908437	118908418	-	20.5	27.45	>	6	7	83
485	chr4	153484615	153484596	-	20.39	17.89	>	6	7	83
486	chr19	12433211	12433192	+	20.36	28.34	>	6	7	83
487	chr15	31611224	31611205	+	20.34	11.17	>	6	7	83
488	chr3	107206198	107206179	+	20.34	39.22	>	6	7	83
489	chr17	86909946	86909927	+	20.31	22.38	>	6	7	83
490	chr7	89473669	89473650	-	20.22	24.19	>	6	7	83
491	chr6	35252603	35252584	+	20.22	32.56	>	6	7	83
492	chr6	126168001	126167982	-	20.17	8.76	>	6	7	83
493	chr16	42169942	42169923	+	20.12	43.34	>	6	7	83
494	chr6	90607354	90607335	+	20.11	24.86	>	6	7	83
495	chr6	31664664	31664645	+	20.11	41.5	>	6	7	83
496	chr13	100002039	100002020	+	20.02	21.73	>	6	7	83
497	chr6	97523337	97523318	-	19.97	25.72	>	6	7	83
498	chr4	123529452	123529433	-	19.95	17.69	>	6	7	83
499	chr18	53744741	53744722	-	19.94	29.1	>	6	7	83
500	chr9	13849232	13849213	+	19.9	15.484	>	6	7	83
501	chr15	14052128	14052109	-	19.89	12.375	>	6	7	83
502	chr3	68053761	68053742	-	19.88	27.33	>	6	7	83
503	chr14	50799990	50799971	+	19.83	30.28	>	6	7	83
504	chr8	50292348	50292329	+	19.83	31.36	>	6	7	83
505	chr19	52993242	52993223	-	19.81	45.25	>	6	7	83
506	chr8	24546435	24546416	-	19.8	56.1	>	6	7	83
507	chr2	166085186	166085167	+	19.78	40.2	>	6	7	83
508	chr15	80260893	80260874	-	19.75	33.7	>	6	7	83
509	chr18	75606699	75606680	+	19.72	50.94	>	6	7	83
510	chr2	135957961	135957942	-	19.69	27.1	>	6	7	83
511	chr11	75179118	75179099	+	19.67	22.83	>	6	7	83
512	chr6	77628987	77628968	+	19.66	40.56	>	6	7	83
513	chr4	82614384	82614365	-	19.62	15.836	>	6	7	83
514	chr17	27190013	27189994	+	19.5	26.89	>	6	7	83
515	chr14	121451301	121451282	-	19.45	26.11	>	6	7	83
516	chr9	69987821	69987802	-	19.44	12.234	>	6	7	83
517	chr6	40479902	40479883	+	19.42	24.72	>	6	7	83
518	chr4	82619779	82619760	-	19.42	11.22	>	6	7	83
519	chr2	160593235	160593216	-	19.4	45.8	>	6	7	83
520	chr4	48691990	48691971	+	19.4	34.88	>	6	7	83
521	chr1	11140123	11140104	-	19.39	7.324	>	6	7	83
522	chr6	67858160	67858141	+	19.36	18.55	>	6	7	83
523	chr1	91914028	91914009	+	19.36	22.06	>	6	7	83
524	chr15	76196896	76196877	+	19.33	35.8	>	6	7	83
525	chr11	43767011	43766992	+	19.27	27.44	>	6	7	83
526	chr17	8463677	8463658	+	19.23	31.38	>	6	7	83
527	chr2	60442102	60442083	-	19.22	10.555	>	6	7	83
528	chr10	8242562	8242543	+	19.2	18.4	>	6	7	83
529	chr15	8382407	8382388	+	19.16	11.64	>	6	7	83
530	chr19	11360302	11360283	+	19.14	15.06	>	6	7	83
531	chr12	79305335	79305316	+	19.11	29.94	>	6	7	83
532	chr13	38992697	38992678	+	19.03	12.445	>	6	7	83
533	chr8	91147955	91147936	-	19.0	26.05	>	6	7	83
534	chr13	64443476	64443457	+	19.0	35.6	>	6	7	83
535	chr8	117898214	117898195	+	18.92	34.16	>	6	7	83
536	chr11	42423473	42423454	-	18.77	18.48	>	6	7	83
537	chr9	114957195	114957176	-	18.77	27.38	>	6	7	83
538	chr5	149647926	149647907	+	18.72	23.06	>	6	7	83
539	chr5	128440068	128440049	-	18.69	40.7	>	6	7	83
540	chr6	90606762	90606743	-	18.67	32.6	>	6	7	83
541	chr10	58560031	58560012	+	18.67	23.25	>	6	7	83
542	chr18	25538443	25538424	+	18.66	23.94	>	6	7	83
543	chr11	22987510	22987491	+	18.56	23.83	>	6	7	83
544	chr13	57269837	57269818	-	18.55	36.6	>	6	7	83
545	chr13	53096854	53096835	-	18.55	32.88	>	6	7	83
546	chr7	124783020	124783001	-	18.55	23.44	>	6	7	83
547	chr7	40687242	40687223	-	18.52	26.28	>	6	7	83
548	chr4	109438113	109438094	+	18.45	31.61	>	6	7	83
549	chr13	46663777	46663758	-	18.45	5.215	>	6	7	83
550	chr2	21927862	21927843	-	18.45	17.72	>	6	7	83
551	chr11	72564476	72564457	-	18.39	17.95	>	6	7	83
552	chr14	57362951	57362932	-	18.3	10.125	>	6	7	83
553	chr13	54063511	54063492	-	18.3	12.516	>	6	7	83
554	chr8	127191530	127191511	+	18.27	39.03	>	6	7	83
555	chr4	24249781	24249762	+	18.25	8.38	>	6	7	83
556	chr1	175603551	175603532	-	18.2	12.0	>	6	7	83
557	chr7	131897479	131897460	+	18.19	16.34	>	6	7	83
558	chr2	125259455	125259436	-	18.17	32.72	>	6	7	83
559	chr8	11943262	11943243	-	18.0	20.05	>	6	7	83
560	chr13	74861814	74861795	+	17.98	11.664	>	6	7	83
561	chr3	37302880	37302861	-	17.98	17.84	>	6	7	83
562	chr2	165391753	165391734	+	17.95	20.97	>	6	7	83
563	chr1	167669968	167669949	-	17.94	39.3	>	6	7	83
564	chr14	24311319	24311300	+	17.89	24.48	>	6	7	83
565	chr6	125622660	125622641	+	17.86	24.67	>	6	7	83
566	chr16	91694897	91694878	+	17.83	21.03	>	6	7	83
567	chr7	100886752	100886733	-	17.8	33.3	>	6	7	83
568	chr2	165779092	165779073	+	17.7	43.9	>	6	7	83
569	chr4	118988734	118988715	-	17.7	12.37	>	6	7	83
570	chr9	111939788	111939769	+	17.64	16.92	>	6	7	83
571	chr9	40806571	40806552	+	17.64	39.78	>	6	7	83
572	chr19	21571392	21571373	+	17.64	11.9	>	6	7	83
573	chr10	49785057	49785038	-	17.56	2.498	>	6	7	83
574	chr3	84922220	84922201	+	17.47	28.94	>	6	7	83
575	chr12	7991018	7990999	+	17.47	17.66	>	6	7	83
576	chr8	106687694	106687675	+	17.45	42.0	>	6	7	83
577	chr19	15998346	15998327	+	17.33	27.56	>	6	7	83
578	chr10	30838389	30838370	+	17.3	7.543	>	6	7	83
579	chr2	6469364	6469345	-	17.28	15.65	>	6	7	83
580	chr9	59678540	59678521	-	17.28	29.06	>	6	7	83
581	chr18	60143536	60143517	-	17.25	6.348	>	6	7	83
582	chr2	76114972	76114953	-	17.25	26.88	>	6	7	83
583	chr1	192722361	192722342	-	17.23	36.0	>	6	7	83
584	chr13	6737153	6737134	+	17.23	24.25	>	6	7	83
585	chr10	116199232	116199213	+	17.23	24.89	>	6	7	83
586	chr18	6627309	6627290	+	17.06	30.4	>	6	7	83
587	chr7	117375969	117375950	-	17.03	13.42	>	6	7	83
588	chr11	7200225	7200206	+	17.03	39.34	>	6	7	83
589	chr3	152474817	152474798	+	16.98	9.51	>	6	7	83
590	chr12	4107565	4107546	+	16.97	22.11	>	6	7	83
591	chr18	78212287	78212268	-	16.83	18.31	>	6	7	83
592	chr2	17842170	17842151	-	16.81	6.844	>	6	7	83
593	chr5	112429191	112429172	-	16.78	14.19	>	6	7	83
594	chr9	54169687	54169668	+	16.73	16.64	>	6	7	83
595	chr9	78597063	78597044	+	16.73	17.98	>	6	7	83
596	chr2	125556029	125556010	+	16.69	19.19	>	6	7	83
597	chr4	86545837	86545818	-	16.69	26.34	>	6	7	83
598	chr11	34229190	34229171	+	16.55	19.56	>	6	7	83
599	chr13	60479163	60479144	+	16.52	1.697	>	6	7	83
600	chr11	57788119	57788100	+	16.36	29.88	>	6	7	83
601	chr5	117504639	117504620	+	16.36	53.34	>	6	7	83
602	chr1	128368923	128368904	+	16.28	14.01	>	6	7	83
603	chr14	51098507	51098488	-	16.28	41.22	>	6	7	83
604	chr10	14404268	14404249	+	16.23	20.66	>	6	7	83
605	chr18	65752297	65752278	-	16.1	16.11	>	6	7	83
606	chr3	59077498	59077479	+	16.1	40.72	>	6	7	83
607	chr1	119919473	119919454	+	16.06	20.62	>	6	7	83
608	chr1	86598699	86598680	+	16.03	48.72	>	6	7	83
609	chr1	80178208	80178189	-	16.0	17.12	>	6	7	83
610	chr15	64132164	64132145	+	15.96	15.336	>	6	7	83
611	chr2	4652218	4652199	-	15.91	22.83	>	6	7	83
612	chr9	40805489	40805470	-	15.86	35.53	>	6	7	83
613	chr13	30549079	30549060	-	15.805	25.34	>	6	7	83
614	chr3	82350530	82350511	-	15.805	7.78	>	6	7	83
615	chr7	81155234	81155215	-	15.805	19.0	>	6	7	83
616	chr4	107701325	107701306	-	15.8	18.55	>	6	7	83
617	chr11	76655250	76655231	+	15.8	25.19	>	6	7	83
618	chr7	122945377	122945358	+	15.72	20.64	>	6	7	83
619	chr16	32697312	32697293	+	15.695	24.02	>	6	7	83
620	chr13	114460825	114460806	-	15.65	8.25	>	6	7	83
621	chr19	59389409	59389390	+	15.65	31.4	>	6	7	83
622	chr7	45451495	45451476	+	15.64	35.4	>	6	7	83
623	chr15	85599066	85599047	+	15.625	30.86	>	6	7	83
624	chr10	9012998	9012979	+	15.6	21.77	>	6	7	83
625	chr13	24318872	24318853	-	15.58	11.58	>	6	7	83
626	chr3	123506917	123506898	-	15.53	17.17	>	6	7	83
627	chr13	101719731	101719712	-	15.48	25.34	>	6	7	83
628	chr12	12412898	12412879	-	15.43	30.47	>	6	7	83
629	chr10	127342496	127342477	-	15.4	29.73	>	6	7	83
630	chr7	28972871	28972852	+	15.39	21.2	>	6	7	83
631	chr5	130862481	130862462	+	15.33	29.22	>	6	7	83
632	chr13	53779354	53779335	+	15.31	23.8	>	6	7	83
633	chr11	51582940	51582921	-	15.305	26.1	>	6	7	83
634	chr3	34150257	34150238	+	15.3	17.19	>	6	7	83
635	chr9	30423156	30423137	-	15.29	30.31	>	6	7	83
636	chr1	55886585	55886566	+	15.29	16.73	>	6	7	83
637	chr8	121104251	121104232	+	15.28	31.56	>	6	7	83
638	chr2	31683894	31683875	+	15.27	30.73	>	6	7	83
639	chr9	121458682	121458663	+	15.27	42.72	>	6	7	83
640	chr13	111421545	111421526	+	15.22	27.25	>	6	7	83
641	chr18	56572965	56572946	+	15.22	32.7	>	6	7	83
642	chr18	42593315	42593296	+	15.2	8.75	>	6	7	83
643	chr8	118287683	118287664	+	15.2	7.145	>	6	7	83
644	chr14	47742843	47742824	+	15.18	9.65	>	6	7	83
645	chr1	184791312	184791293	-	15.164	27.39	>	6	7	83
646	chr6	106800166	106800147	-	15.1	18.75	>	6	7	83
647	chr11	12025880	12025861	+	15.06	18.02	>	6	7	83
648	chr5	129594341	129594322	-	15.03	29.4	>	6	7	83
649	chr13	16005724	16005705	+	15.016	13.71	>	6	7	83
650	chr14	65597230	65597211	+	15.016	14.01	>	6	7	83
651	chr5	99900280	99900261	-	14.95	10.75	>	6	7	83
652	chr8	11421350	11421331	-	14.945	26.12	>	6	7	83
653	chr19	4755748	4755729	+	14.93	24.55	>	6	7	83
654	chr10	110733540	110733521	-	14.914	16.5	>	6	7	83
655	chr5	67752088	67752069	+	14.89	18.31	>	6	7	83
656	chr9	77381774	77381755	-	14.85	26.45	>	6	7	83
657	chr18	81951830	81951811	-	14.76	34.06	>	6	7	83
658	chr1	86059644	86059625	+	14.734	30.22	>	6	7	83
659	chr1	52630636	52630617	-	14.734	9.89	>	6	7	83
660	chr2	174308107	174308088	+	14.69	14.67	>	6	7	83
661	chr11	99364649	99364630	-	14.6	16.03	>	6	7	83
662	chr13	109558424	109558405	+	14.49	16.98	>	6	7	83
663	chr12	58201405	58201386	-	14.48	6.883	>	6	7	83
664	chr7	137471937	137471918	+	14.445	28.83	>	6	7	83
665	chr17	26916803	26916784	+	14.414	25.05	>	6	7	83
666	chr5	87871626	87871607	-	14.414	20.39	>	6	7	83
667	chr2	125252443	125252424	+	14.414	25.9	>	6	7	83
668	chr1	9549185	9549166	+	14.414	19.5	>	6	7	83
669	chr11	11788608	11788589	-	14.38	31.97	>	6	7	83
670	chr7	43928727	43928708	+	14.36	11.45	>	6	7	83
671	chr10	60760656	60760637	-	14.31	36.9	>	6	7	83
672	chr6	17362958	17362939	+	14.31	3.076	>	6	7	83
673	chr1	136521528	136521509	-	14.305	21.69	>	6	7	83
674	chr2	153147934	153147915	+	14.28	18.94	>	6	7	83
675	chr8	61522313	61522294	+	14.266	28.28	>	6	7	83
676	chr18	56759303	56759284	+	14.266	12.61	>	6	7	83
677	chr14	115451146	115451127	-	14.234	4.215	>	6	7	83
678	chr1	176218428	176218409	+	14.195	14.99	>	6	7	83
679	chr15	97665520	97665501	-	14.18	30.02	>	6	7	83
680	chr13	20299620	20299601	+	14.18	33.25	>	6	7	83
681	chr9	59969601	59969582	-	14.14	17.69	>	6	7	83
682	chr16	57611975	57611956	+	14.055	18.66	>	6	7	83
683	chr12	15816144	15816125	+	13.984	8.52	>	6	7	83
684	chr15	82271381	82271362	-	13.95	28.55	>	6	7	83
685	chr7	74363644	74363625	-	13.95	40.8	>	6	7	83
686	chr3	73066293	73066274	+	13.95	16.86	>	6	7	83
687	chr1	118772515	118772496	-	13.945	30.34	>	6	7	83
688	chr4	110020493	110020474	-	13.94	26.28	>	6	7	83
689	chr3	34639420	34639401	-	13.94	14.87	>	6	7	83
690	chr2	131530224	131530205	-	13.92	25.86	>	6	7	83
691	chr4	20024128	20024109	+	13.91	12.516	>	6	7	83
692	chr8	74980870	74980851	-	13.81	30.2	>	6	7	83
693	chr18	75757719	75757700	+	13.734	18.78	>	6	7	83
694	chr7	89908147	89908128	-	13.72	13.79	>	6	7	83
695	chr4	150257406	150257387	+	13.72	23.58	>	6	7	83
696	chr2	55022781	55022762	-	13.664	7.77	>	6	7	83
697	chr18	64506771	64506752	-	13.63	18.4	>	6	7	83
698	chr14	123353156	123353137	-	13.61	11.6	>	6	7	83
699	chr4	139872794	139872775	+	13.59	35.75	>	6	7	83
700	chr13	51839869	51839850	+	13.586	21.19	>	6	7	83
701	chr5	146162789	146162770	+	13.516	23.42	>	6	7	83
702	chr9	83785201	83785182	+	13.49	14.66	>	6	7	83
703	chr3	59079480	59079461	+	13.44	28.77	>	6	7	83
704	chr10	11345312	11345293	-	13.375	5.086	>	6	7	83
705	chr11	46252188	46252169	-	13.34	28.12	>	6	7	83
706	chr4	85404971	85404952	+	13.32	14.11	>	6	7	83
707	chr4	130738774	130738755	+	13.31	16.47	>	6	7	83
708	chr5	86432914	86432895	+	13.305	16.02	>	6	7	83
709	chr3	22306829	22306810	+	13.266	18.6	>	6	7	83
710	chr2	91930225	91930206	-	13.25	19.55	>	6	7	83
711	chr6	108417714	108417695	+	13.234	10.66	>	6	7	83
712	chr12	17011790	17011771	-	13.16	20.73	>	6	7	83
713	chr5	87551137	87551118	-	13.15	21.52	>	6	7	83
714	chr4	106227683	106227664	-	13.14	14.38	>	6	7	83
715	chr4	139877472	139877453	+	13.1	27.4	>	6	7	83
716	chr1	88742593	88742574	-	13.086	17.75	>	6	7	83
717	chr3	52254088	52254069	+	13.02	34.16	>	6	7	83
718	chr9	73159469	73159450	+	12.99	27.5	>	6	7	83
719	chr7	29297253	29297234	-	12.984	28.8	>	6	7	83
720	chr13	116312336	116312317	-	12.93	10.21	>	6	7	83
721	chr2	157117146	157117127	-	12.91	21.92	>	6	7	83
722	chr9	60243712	60243693	+	12.89	13.59	>	6	7	83
723	chr1	179845066	179845047	-	12.88	17.89	>	6	7	83
724	chr11	103332754	103332735	+	12.875	24.97	>	6	7	83
725	chr1	53032774	53032755	-	12.87	13.05	>	6	7	83
726	chr8	45345197	45345178	+	12.81	16.72	>	6	7	83
727	chr12	113216133	113216114	+	12.74	53.7	>	6	7	83
728	chr15	36152194	36152175	-	12.72	16.9	>	6	7	83
729	chr1	72876274	72876255	+	12.69	17.11	>	6	7	83
730	chr9	14774009	14773990	+	12.664	9.0	>	6	7	83
731	chr12	74317197	74317178	-	12.664	11.76	>	6	7	83
732	chr7	107819649	107819630	-	12.64	16.3	>	6	7	83
733	chr13	55327907	55327888	+	12.64	17.61	>	6	7	83
734	chr3	54796015	54795996	+	12.63	22.77	>	6	7	83
735	chr6	60963937	60963918	+	12.61	7.094	>	6	7	83
736	chr8	21981891	21981872	-	12.61	17.33	>	6	7	83
737	chr10	38269349	38269330	-	12.52	19.28	>	6	7	83
738	chr6	51170619	51170600	-	12.5	20.02	>	6	7	83
739	chr2	148110356	148110337	-	12.43	16.03	>	6	7	83
740	chr1	88301823	88301804	-	12.42	19.61	>	6	7	83
741	chr6	115037959	115037940	-	12.33	15.375	>	6	7	83
742	chr16	11980974	11980955	+	12.33	3.668	>	6	7	83
743	chr15	44832771	44832752	-	12.31	24.2	>	6	7	83
744	chr19	26193888	26193869	-	12.29	7.65	>	6	7	83
745	chr17	8988263	8988244	-	12.29	10.71	>	6	7	83
746	chr14	66358860	66358841	+	12.28	18.22	>	6	7	83
747	chr12	40832432	40832413	-	12.26	13.56	>	6	7	83
748	chr2	53206958	53206939	-	12.18	12.55	>	6	7	83
749	chr16	42914617	42914598	+	12.16	7.133	>	6	7	83
750	chr11	111523686	111523667	-	12.14	23.53	>	6	7	83
751	chr6	121556678	121556659	+	12.11	18.8	>	6	7	83
752	chr7	43926199	43926180	-	12.1	21.69	>	6	7	83
753	chr3	3311028	3311009	+	12.09	10.74	>	6	7	83
754	chr12	17018680	17018661	+	12.04	21.19	>	6	7	83
755	chr18	33794794	33794775	+	11.97	24.89	>	6	7	83
756	chr15	73791915	73791896	+	11.96	24.61	>	6	7	83
757	chr12	82489256	82489237	+	11.945	11.805	>	6	7	83
758	chr19	37559803	37559784	+	11.91	21.4	>	6	7	83
759	chr12	36195155	36195136	-	11.91	7.07	>	6	7	83
760	chr3	30515246	30515227	-	11.875	11.664	>	6	7	83
761	chr19	27426681	27426662	-	11.81	11.945	>	6	7	83
762	chr2	75590427	75590408	-	11.75	21.66	>	6	7	83
763	chr2	17849498	17849479	+	11.75	6.633	>	6	7	83
764	chr9	83371155	83371136	-	11.75	6.18	>	6	7	83
765	chr9	30936846	30936827	-	11.734	17.67	>	6	7	83
766	chr15	94690037	94690018	+	11.73	23.03	>	6	7	83
767	chr2	147379133	147379114	+	11.69	9.875	>	6	7	83
768	chr4	121232314	121232295	-	11.664	7.945	>	6	7	83
769	chr18	56333219	56333200	-	11.64	4.934	>	6	7	83
770	chr16	25952209	25952190	-	11.64	6.688	>	6	7	83
771	chr13	94976326	94976307	+	11.63	16.62	>	6	7	83
772	chr2	30942898	30942879	-	11.57	22.28	>	6	7	83
773	chr6	104479441	104479422	+	11.55	10.57	>	6	7	83
774	chr5	113080039	113080020	-	11.52	26.94	>	6	7	83
775	chr16	30550607	30550588	-	11.52	17.62	>	6	7	83
776	chr1	160194976	160194957	+	11.51	18.28	>	6	7	83
777	chr11	56116782	56116763	-	11.48	30.47	>	6	7	83
778	chr6	112484521	112484502	-	11.48	12.14	>	6	7	83
779	chr14	21853546	21853527	-	11.445	30.66	>	6	7	83
780	chr9	58534993	58534974	+	11.414	20.97	>	6	7	83
781	chr17	73302318	73302299	+	11.414	39.62	>	6	7	83
782	chr1	85842459	85842440	-	11.41	14.02	>	6	7	83
783	chr17	16926410	16926391	-	11.35	2.584	>	6	7	83
784	chr12	29894861	29894842	+	11.31	16.72	>	6	7	83
785	chr2	127832989	127832970	+	11.22	7.293	>	6	7	83
786	chr16	20724653	20724634	+	11.18	15.11	>	6	7	83
787	chr1	180811112	180811093	-	11.164	28.33	>	6	7	83
788	chr13	109210611	109210592	-	11.16	17.5	>	6	7	83
789	chr18	5990207	5990188	-	11.14	3.14	>	6	7	83
790	chr18	12102268	12102249	-	11.125	23.38	>	6	7	83
791	chr19	59380193	59380174	+	11.08	23.9	>	6	7	83
792	chr2	101665476	101665457	+	11.055	26.06	>	6	7	83
793	chr12	108541242	108541223	-	11.02	27.9	>	6	7	83
794	chr2	32583648	32583629	+	11.016	30.19	>	6	7	83
795	chr1	181881807	181881788	-	10.98	11.91	>	6	7	83
796	chr5	117506576	117506557	+	10.94	40.06	>	6	7	83
797	chr1	38789153	38789134	+	10.89	22.95	>	6	7	83
798	chr10	102445139	102445120	-	10.875	19.4	>	6	7	83
799	chr12	81788941	81788922	+	10.87	12.51	>	6	7	83
800	chr9	78233462	78233443	-	10.86	15.93	>	6	7	83
801	chr10	96618527	96618508	+	10.86	3.014	>	6	7	83
802	chr8	84639419	84639400	-	10.85	34.7	>	6	7	83
803	chr17	8468905	8468886	+	10.85	20.27	>	6	7	83
804	chr2	67535551	67535532	+	10.83	7.83	>	6	7	83
805	chr18	52947340	52947321	+	10.82	10.15	>	6	7	83
806	chr13	72625410	72625391	-	10.78	6.715	>	6	7	83
807	chr11	31942449	31942430	+	10.69	22.72	>	6	7	83
808	chr1	6190743	6190724	-	10.63	7.344	>	6	7	83
809	chr7	74367549	74367530	+	10.6	15.16	>	6	7	83
810	chr4	22482970	22482951	+	10.58	4.45	>	6	7	83
811	chr13	20298018	20297999	+	10.56	24.86	>	6	7	83
812	chr16	75325511	75325492	-	10.484	5.44	>	6	7	83
813	chr6	54586377	54586358	+	10.44	8.14	>	6	7	83
814	chr14	59604211	59604192	-	10.375	15.664	>	6	7	83
815	chr2	107946040	107946021	-	10.31	11.08	>	6	7	83
816	chr1	62701219	62701200	-	10.3	12.74	>	6	7	83
817	chr7	75914120	75914101	+	10.266	24.1	>	6	7	83
818	chr5	98167679	98167660	+	10.26	12.875	>	6	7	83
819	chr9	99671799	99671780	+	10.23	22.52	>	6	7	83
820	chr1	179847901	179847882	+	10.16	11.88	>	6	7	83
821	chr15	80080817	80080798	-	10.15	32.28	>	6	7	83
822	chr6	137747756	137747737	-	10.09	27.12	>	6	7	83
823	chr6	77249625	77249606	-	10.09	6.945	>	6	7	83
824	chr5	149049190	149049171	-	10.08	15.81	>	6	7	83
825	chr18	32814407	32814388	-	10.07	2.566	>	6	7	83
826	chr11	46258405	46258386	-	10.06	20.3	>	6	7	83
827	chr11	81974830	81974811	-	10.01	5.44	>	6	7	83
828	chr19	48414047	48414028	+	9.99	12.77	>	6	7	83
829	chr11	34836484	34836465	+	9.86	20.75	>	6	7	83
830	chr17	24437345	24437326	-	9.81	19.33	>	6	7	83
831	chr6	59208753	59208734	-	9.734	12.92	>	6	7	83
832	chr13	37325694	37325675	-	9.734	20.84	>	6	7	83
833	chr11	43412967	43412948	-	9.72	22.2	>	6	7	83
834	chr13	49651342	49651323	-	9.71	2.496	>	6	7	83
835	chr7	143151380	143151361	+	9.69	18.05	>	6	7	83
836	chr16	4285478	4285459	-	9.67	7.94	>	6	7	83
837	chr11	29715017	29714998	-	9.664	9.12	>	6	7	83
838	chr3	134654263	134654244	+	9.62	3.898	>	6	7	83
839	chr8	28978824	28978805	-	9.57	7.504	>	6	7	83
840	chr13	54062269	54062250	-	9.55	10.02	>	6	7	83
841	chr9	32585514	32585495	+	9.516	12.72	>	6	7	83
842	chr7	73648212	73648193	-	9.484	13.375	>	6	7	83
843	chr19	27425889	27425870	-	9.44	11.26	>	6	7	83
844	chr13	100854377	100854358	-	9.42	17.78	>	6	7	83
845	chr5	140749784	140749765	-	9.414	22.17	>	6	7	83
846	chr4	127027444	127027425	+	9.4	22.48	>	6	7	83
847	chr11	109221866	109221847	-	9.3	9.67	>	6	7	83
848	chr16	16596794	16596775	+	9.28	5.977	>	6	7	83
849	chr2	128605294	128605275	-	9.25	9.07	>	6	7	83
850	chr2	61492265	61492246	+	9.25	6.99	>	6	7	83
851	chr10	74217479	74217460	+	9.22	7.7	>	6	7	83
852	chr9	68016722	68016703	+	9.2	8.305	>	6	7	83
853	chr6	144248136	144248117	+	9.19	7.742	>	6	7	83
854	chr13	51191948	51191929	+	9.17	5.492	>	6	7	83
855	chr2	103424848	103424829	-	9.164	12.29	>	6	7	83
856	chr7	64751734	64751715	-	9.13	16.66	>	6	7	83
857	chr7	27160004	27159985	+	9.125	14.17	>	6	7	83
858	chr13	95986545	95986526	+	9.08	13.76	>	6	7	83
859	chr5	135118653	135118634	+	9.08	29.22	>	6	7	83
860	chr10	49786914	49786895	-	9.07	0.785	>	6	7	83
861	chr1	51639072	51639053	+	9.02	3.22	>	6	7	83
862	chr14	105307894	105307875	+	8.95	2.453	>	6	7	83
863	chr19	40231990	40231971	-	8.95	19.89	>	6	7	83
864	chr10	69656526	69656507	+	8.95	12.99	>	6	7	83
865	chr7	142714879	142714860	-	8.945	27.2	>	6	7	83
866	chr6	129256260	129256241	-	8.93	14.53	>	6	7	83
867	chr5	138199783	138199764	+	8.9	8.414	>	6	7	83
868	chr8	36193738	36193719	+	8.89	10.43	>	6	7	83
869	chr11	49597354	49597335	+	8.87	6.92	>	6	7	83
870	chr1	139405977	139405958	-	8.86	4.043	>	6	7	83
871	chr3	124289118	124289099	-	8.84	12.69	>	6	7	83
872	chr9	13196005	13195986	-	8.83	30.6	>	6	7	83
873	chr14	115819240	115819221	+	8.83	10.71	>	6	7	83
874	chr5	146914595	146914576	+	8.82	39.7	>	6	7	83
875	chr4	119223866	119223847	-	8.766	16.34	>	6	7	83
876	chr15	85879204	85879185	-	8.76	17.27	>	6	7	83
877	chr4	124682485	124682466	+	8.7	17.45	>	6	7	83
878	chr17	34956526	34956507	+	8.695	22.17	>	6	7	83
879	chr12	39494054	39494035	-	8.65	2.455	>	6	7	83
880	chr9	34485824	34485805	-	8.625	10.6	>	6	7	83
881	chr2	180786948	180786929	+	8.57	17.27	>	6	7	83
882	chr4	62230989	62230970	+	8.57	12.25	>	6	7	83
883	chr2	16357480	16357461	+	8.55	2.205	>	6	7	83
884	chr17	9759516	9759497	+	8.54	11.53	>	6	7	83
885	chr10	13018670	13018651	+	8.54	19.64	>	6	7	83
886	chr4	32570820	32570801	-	8.52	6.645	>	6	7	83
887	chr9	86451919	86451900	-	8.49	16.77	>	6	7	83
888	chr7	139590495	139590476	+	8.49	20.39	>	6	7	83
889	chr16	31944169	31944150	+	8.445	14.11	>	6	7	83
890	chr3	104701211	104701192	-	8.44	24.84	>	6	7	83
891	chr2	160955546	160955527	-	8.414	14.05	>	6	7	83
892	chr18	32811889	32811870	+	8.4	4.918	>	6	7	83
893	chr14	115042240	115042221	-	8.4	14.734	>	6	7	83
894	chr2	28464119	28464100	-	8.33	19.16	>	6	7	83
895	chr2	76369931	76369912	+	8.28	9.1	>	6	7	83
896	chr3	107605512	107605493	+	8.28	12.57	>	6	7	83
897	chr14	121220891	121220872	-	8.23	10.8	>	6	7	83
898	chr1	103796539	103796520	+	8.22	10.74	>	6	7	83
899	chr16	23151589	23151570	+	8.21	3.11	>	6	7	83
900	chr5	33371346	33371327	-	8.19	15.74	>	6	7	83
901	chr13	103121088	103121069	-	8.18	6.016	>	6	7	83
902	chr10	60760529	60760510	+	8.14	24.72	>	6	7	83
903	chr1	169921787	169921768	+	8.12	12.62	>	6	7	83
904	chr13	42826816	42826797	-	8.11	17.0	>	6	7	83
905	chr6	72601930	72601911	+	8.11	24.06	>	6	7	83
906	chr7	81345319	81345300	-	7.99	7.87	>	6	7	83
907	chr11	33934471	33934452	+	7.98	18.27	>	6	7	83
908	chr18	77044808	77044789	-	7.97	11.42	>	6	7	83
909	chr7	67217278	67217259	+	7.926	7.28	>	6	7	83
910	chr2	164074027	164074008	+	7.906	10.22	>	6	7	83
911	chr3	45373410	45373391	+	7.855	1.438	>	6	7	83
912	chr1	152768355	152768336	-	7.84	9.35	>	6	7	83
913	chr11	102267665	102267646	-	7.81	17.44	>	6	7	83
914	chr11	43411664	43411645	-	7.81	21.72	>	6	7	83
915	chr2	129880054	129880035	+	7.805	6.484	>	6	7	83
916	chr11	81972241	81972222	+	7.797	9.07	>	6	7	83
917	chr9	65581143	65581124	-	7.793	11.17	>	6	7	83
918	chr4	106228720	106228701	+	7.727	13.9	>	6	7	83
919	chr6	119467876	119467857	+	7.703	18.1	>	6	7	83
920	chr10	122794511	122794492	+	7.695	15.734	>	6	7	83
921	chr14	34813484	34813465	-	7.69	11.805	>	6	7	83
922	chr15	19280629	19280610	+	7.68	3.066	>	6	7	83
923	chr13	38235597	38235578	-	7.676	11.836	>	6	7	83
924	chr13	21710105	21710086	+	7.67	14.95	>	6	7	83
925	chr11	104231353	104231334	-	7.67	18.38	>	6	7	83
926	chr6	86401304	86401285	-	7.64	23.28	>	6	7	83
927	chr4	24245320	24245301	-	7.633	3.027	>	6	7	83
928	chr9	29655082	29655063	+	7.613	20.11	>	6	7	83
929	chr9	58535957	58535938	-	7.605	16.9	>	6	7	83
930	chr5	112427478	112427459	-	7.598	9.93	>	6	7	83
931	chr4	140539353	140539334	-	7.58	22.9	>	6	7	83
932	chr14	105302910	105302891	+	7.57	4.605	>	6	7	83
933	chr7	19713404	19713385	-	7.543	26.19	>	6	7	83
934	chr1	127487367	127487348	-	7.52	14.33	>	6	7	83
935	chr19	56806125	56806106	-	7.504	5.934	>	6	7	83
936	chr19	47175662	47175643	-	7.46	21.67	>	6	7	83
937	chr2	150795624	150795605	-	7.44	6.633	>	6	7	83
938	chr2	137114826	137114807	+	7.438	4.08	>	6	7	83
939	chr10	119244230	119244211	+	7.434	4.305	>	6	7	83
940	chr5	117094622	117094603	+	7.42	22.22	>	6	7	83
941	chr11	67100384	67100365	-	7.42	22.83	>	6	7	83
942	chr5	30686988	30686969	+	7.41	18.64	>	6	7	83
943	chr8	105291139	105291120	-	7.41	11.78	>	6	7	83
944	chr7	143470174	143470155	-	7.39	17.94	>	6	7	83
945	chr15	8099290	8099271	-	7.35	8.336	>	6	7	83
946	chr7	119015949	119015930	+	7.34	17.75	>	6	7	83
947	chr17	56306039	56306020	-	7.305	16.48	>	6	7	83
948	chr1	134636895	134636876	+	7.3	5.97	>	6	7	83
949	chr17	65541217	65541198	+	7.258	9.125	>	6	7	83
950	chr14	49218880	49218861	+	7.25	8.47	>	6	7	83
951	chr1	25527154	25527135	+	7.2	7.453	>	6	7	83
952	chr1	146515575	146515556	+	7.18	3.11	>	6	7	83
953	chr9	44109578	44109559	+	7.176	33.9	>	6	7	83
954	chr11	108889358	108889339	+	7.15	8.016	>	6	7	83
955	chr7	138398615	138398596	+	7.117	4.707	>	6	7	83
956	chr5	32204842	32204823	+	7.11	6.15	>	6	7	83
957	chr8	14859581	14859562	+	7.1	5.27	>	6	7	83
958	chr11	95676507	95676488	-	7.09	14.555	>	6	7	83
959	chr6	85141186	85141167	+	7.08	33.56	>	6	7	83
960	chr14	20340404	20340385	-	7.04	15.81	>	6	7	83
961	chr1	193130339	193130320	-	7.023	5.71	>	6	7	83
962	chr9	98032882	98032863	+	6.992	4.73	>	6	7	83
963	chr7	143793289	143793270	+	6.98	21.42	>	6	7	83
964	chr12	32292312	32292293	-	6.895	8.26	>	6	7	83
965	chr17	45724453	45724434	-	6.89	12.125	>	6	7	83
966	chr14	102512314	102512295	+	6.89	1.602	>	6	7	83
967	chr8	11943038	11943019	+	6.88	5.47	>	6	7	83
968	chr7	83553561	83553542	+	6.867	8.27	>	6	7	83
969	chr9	64960779	64960760	-	6.85	16.31	>	6	7	83
970	chr9	30426996	30426977	+	6.832	15.31	>	6	7	83
971	chr11	119249183	119249164	+	6.785	23.48	>	6	7	83
972	chr8	90795542	90795523	+	6.77	10.67	>	6	7	83
973	chr2	113498926	113498907	-	6.766	9.86	>	6	7	83
974	chr13	62926662	62926643	+	6.75	4.73	>	6	7	83
975	chr1	127485025	127485006	+	6.715	16.44	>	6	7	83
976	chr17	78592615	78592596	+	6.715	8.945	>	6	7	83
977	chr2	118246134	118246115	-	6.668	13.72	>	6	7	83
978	chr2	92474875	92474856	-	6.652	13.95	>	6	7	83
979	chr7	17061423	17061404	+	6.645	15.1	>	6	7	83
980	chr10	122090678	122090659	+	6.63	8.38	>	6	7	83
981	chr13	64448147	64448128	+	6.594	17.92	>	6	7	83
982	chr2	34642611	34642592	-	6.562	14.51	>	6	7	83
983	chr5	117509743	117509724	+	6.54	26.92	>	6	7	83
984	chr7	131371109	131371090	+	6.516	4.71	>	6	7	83
985	chr6	94054143	94054124	-	6.5	13.34	>	6	7	83
986	chr14	20697228	20697209	+	6.465	17.88	>	6	7	83
987	chr10	122798121	122798102	+	6.46	15.23	>	6	7	83
988	chr13	14196604	14196585	+	6.45	1.613	>	6	7	83
989	chr3	118991976	118991957	+	6.438	8.26	>	6	7	83
990	chr9	107231295	107231276	-	6.434	7.414	>	6	7	83
991	chr15	24557016	24556997	-	6.418	3.371	>	6	7	83
992	chr2	178407758	178407739	+	6.414	11.43	>	6	7	83
993	chr9	90683476	90683457	-	6.38	1.322	>	6	7	83
994	chr6	22968335	22968316	-	6.34	6.418	>	6	7	83
995	chr12	67217811	67217792	+	6.336	1.95	>	6	7	83
996	chr10	82910438	82910419	+	6.277	10.99	>	6	7	83
997	chr7	49125716	49125697	+	6.258	16.88	>	6	7	83
998	chr11	119491305	119491286	-	6.215	10.81	>	6	7	83
999	chr11	32341308	32341289	-	6.21	14.555	>	6	7	83
1000	chr19	8713406	8713387	+	6.19	10.44	>	6	7	83
1001	chr4	48048044	48048025	+	6.152	6.21	>	6	7	83
1002	chr11	52764825	52764806	+	6.15	7.75	>	6	7	83
1003	chr13	20564636	20564617	-	6.145	4.82	>	6	7	83
1004	chr10	39105011	39104992	-	6.14	7.152	>	6	7	83
1005	chr11	98909856	98909837	-	6.117	18.95	>	6	7	83
1006	chr1	151025102	151025083	+	6.117	4.496	>	6	7	83
1007	chr5	98167777	98167758	-	6.113	9.555	>	6	7	83
1008	chr8	88118562	88118543	+	6.062	3.66	>	6	7	83
1009	chr16	92511934	92511915	+	6.035	16.34	>	6	7	83
1010	chr15	25792295	25792276	-	6.008	6.87	>	6	7	83
1011	chr13	92751194	92751175	+	5.938	12.68	>	6	7	83
1012	chr5	101688793	101688774	-	5.934	12.51	>	6	7	83
1013	chr7	112023252	112023233	+	5.93	8.26	>	6	7	83
1014	chr14	21854038	21854019	-	5.914	27.36	>	6	7	83
1015	chr8	32003733	32003714	-	5.9	2.012	>	6	7	83
1016	chr13	53095394	53095375	-	5.867	6.086	>	6	7	83
1017	chr1	182554179	182554160	+	5.836	10.15	>	6	7	83
1018	chr6	18381568	18381549	+	5.832	1.955	>	6	7	83
1019	chr9	77389590	77389571	+	5.832	5.68	>	6	7	83
1020	chr16	5254481	5254462	-	5.812	12.77	>	6	7	83
1021	chr2	93199625	93199606	+	5.797	14.08	>	6	7	83
1022	chr9	81631651	81631632	-	5.793	3.863	>	6	7	83
1023	chr2	152887412	152887393	-	5.78	4.652	>	6	7	83
1024	chr4	153481137	153481118	-	5.766	3.3	>	6	7	83
1025	chr8	72239706	72239687	-	5.754	5.32	>	6	7	83
1026	chr18	65750236	65750217	-	5.703	2.543	>	6	7	83
1027	chr6	61311882	61311863	-	5.68	7.43	>	6	7	83
1028	chr18	46143625	46143606	+	5.676	6.477	>	6	7	83
1029	chr6	120836118	120836099	+	5.64	7.797	>	6	7	83
1030	chr6	100563990	100563971	-	5.625	4.164	>	6	7	83
1031	chr3	13475098	13475079	-	5.61	1.948	>	6	7	83
1032	chr2	132262968	132262949	+	5.6	7.164	>	6	7	83
1033	chr11	103334169	103334150	+	5.594	12.02	>	6	7	83
1034	chr6	54255029	54255010	+	5.586	4.35	>	6	7	83
1035	chr13	101711018	101710999	+	5.543	9.15	>	6	7	83
1036	chr5	39644761	39644742	-	5.54	3.531	>	6	7	83
1037	chr8	90795201	90795182	-	5.516	4.996	>	6	7	83
1038	chr18	23162646	23162627	+	5.51	1.562	>	6	7	83
1039	chr16	78165563	78165544	+	5.477	7.39	>	6	7	83
1040	chr2	96584106	96584087	-	5.44	3.29	>	6	7	83
1041	chr12	72070473	72070454	+	5.426	11.336	>	6	7	83
1042	chr12	24708691	24708672	+	5.414	9.914	>	6	7	83
1043	chr8	92367135	92367116	-	5.406	6.984	>	6	7	83
1044	chr17	83866777	83866758	+	5.4	23.0	>	6	7	83
1045	chr13	55322636	55322617	-	5.4	7.0	>	6	7	83
1046	chr6	88893771	88893752	-	5.395	16.78	>	6	7	83
1047	chr19	8718731	8718712	-	5.383	8.6	>	6	7	83
1048	chr12	59220179	59220160	-	5.38	2.5	>	6	7	83
1049	chr14	60784526	60784507	+	5.367	16.06	>	6	7	83
1050	chr3	153658591	153658572	+	5.33	6.258	>	6	7	83
1051	chr9	77386949	77386930	-	5.312	12.24	>	6	7	83
1052	chr10	83219903	83219884	+	5.312	6.188	>	6	7	83
1053	chr6	15176967	15176948	-	5.31	2.947	>	6	7	83
1054	chr2	152604207	152604188	-	5.27	19.44	>	6	7	83
1055	chr2	39003369	39003350	-	5.26	1.671	>	6	7	83
1056	chr16	31425707	31425688	-	5.254	13.484	>	6	7	83
1057	chr5	137503018	137502999	-	5.227	3.691	>	6	7	83
1058	chr18	13973086	13973067	-	5.207	0.71	>	6	7	83
1059	chr17	68849016	68848997	-	5.2	1.891	>	6	7	83
1060	chr2	128408931	128408912	-	5.19	8.72	>	6	7	83
1061	chr14	97559790	97559771	-	5.16	2.041	>	6	7	83
1062	chr8	67903864	67903845	-	5.13	6.113	>	6	7	83
1063	chr14	56888181	56888162	-	5.125	3.316	>	6	7	83
1064	chr4	132198465	132198446	+	5.125	11.19	>	6	7	83
1065	chr2	39005861	39005842	-	5.12	3.883	>	6	7	83
1066	chr7	137471679	137471660	-	5.1	19.97	>	6	7	83
1067	chr6	64949075	64949056	+	5.09	5.168	>	6	7	83
1068	chr18	16821148	16821129	+	5.043	1.935	>	6	7	83
1069	chr2	93813566	93813547	+	5.04	13.086	>	6	7	83
1070	chr6	126481478	126481459	-	5.023	10.89	>	6	7	83
1071	chr1	181881093	181881074	-	4.984	10.19	>	6	7	83
1072	chr6	108065822	108065803	-	4.977	6.67	>	6	7	83
1073	chr4	88550373	88550354	+	4.938	4.04	>	6	7	83
1074	chr5	137502167	137502148	+	4.867	8.81	>	6	7	83
1075	chr8	77618148	77618129	-	4.86	4.188	>	6	7	83
1076	chr7	120098024	120098005	+	4.855	7.22	>	6	7	83
1077	chr2	75152706	75152687	-	4.824	10.55	>	6	7	83
1078	chr11	87950193	87950174	+	4.78	11.09	>	6	7	83
1079	chr11	94598936	94598917	-	4.746	10.49	>	6	7	83
1080	chr1	10229119	10229100	+	4.746	0.972	>	6	7	83
1081	chr7	143476888	143476869	+	4.746	8.89	>	6	7	83
1082	chr9	102607693	102607674	-	4.715	3.604	>	6	7	83
1083	chr8	32009749	32009730	+	4.71	6.785	>	6	7	83
1084	chr3	99262117	99262098	-	4.707	1.889	>	6	7	83
1085	chr18	75607987	75607968	+	4.664	23.11	>	6	7	83
1086	chr7	75380211	75380192	-	4.64	2.41	>	6	7	83
1087	chr3	135863108	135863089	+	4.64	3.164	>	6	7	83
1088	chr4	87369015	87368996	-	4.625	9.125	>	6	7	83
1089	chr8	84639535	84639516	+	4.605	13.88	>	6	7	83
1090	chr15	74524301	74524282	+	4.586	13.7	>	6	7	83
1091	chr17	57007316	57007297	-	4.582	9.42	>	6	7	83
1092	chr11	30893985	30893966	+	4.547	0.9004	>	6	7	83
1093	chr19	57360190	57360171	-	4.543	2.654	>	6	7	83
1094	chr8	110102657	110102638	-	4.53	9.24	>	6	7	83
1095	chr7	135389259	135389240	-	4.53	9.336	>	6	7	83
1096	chr4	152527530	152527511	+	4.516	13.99	>	6	7	83
1097	chr13	103710441	103710422	+	4.5	4.57	>	6	7	83
1098	chr10	120896053	120896034	+	4.5	2.322	>	6	7	83
1099	chr18	5155632	5155613	-	4.484	6.39	>	6	7	83
1100	chr12	80141693	80141674	-	4.45	17.05	>	6	7	83
1101	chr5	118763566	118763547	-	4.418	12.81	>	6	7	83
1102	chr12	14150175	14150156	+	4.406	3.688	>	6	7	83
1103	chr10	128990300	128990281	-	4.4	8.03	>	6	7	83
1104	chr10	30834038	30834019	-	4.37	4.473	>	6	7	83
1105	chr6	50618483	50618464	+	4.367	12.766	>	6	7	83
1106	chr15	9748972	9748953	-	4.36	3.496	>	6	7	83
1107	chr16	92308164	92308145	-	4.355	11.22	>	6	7	83
1108	chr2	9881964	9881945	-	4.355	2.918	>	6	7	83
1109	chr8	123106089	123106070	+	4.336	8.18	>	6	7	83
1110	chr5	98346264	98346245	+	4.324	2.342	>	6	7	83
1111	chr10	40249841	40249822	-	4.316	12.23	>	6	7	83
1112	chr3	141457685	141457666	+	4.312	4.707	>	6	7	83
1113	chr9	40192620	40192601	-	4.3	2.145	>	6	7	83
1114	chr9	72448248	72448229	+	4.29	7.78	>	6	7	83
1115	chr13	24316809	24316790	-	4.273	3.682	>	6	7	83
1116	chr1	50927249	50927230	+	4.258	4.5	>	6	7	83
1117	chr11	102690417	102690398	-	4.223	12.195	>	6	7	83
1118	chr4	116627141	116627122	+	4.207	6.52	>	6	7	83
1119	chr15	76198817	76198798	+	4.164	10.72	>	6	7	83
1120	chr15	12113620	12113601	-	4.156	3.312	>	6	7	83
1121	chr1	115675059	115675040	+	4.152	5.223	>	6	7	83
1122	chr2	34644807	34644788	-	4.15	8.266	>	6	7	83
1123	chr2	166084974	166084955	-	4.133	18.12	>	6	7	83
1124	chr11	21571906	21571887	-	4.13	2.105	>	6	7	83
1125	chr15	9449709	9449690	-	4.062	0.543	>	6	7	83
1126	chr5	92664520	92664501	-	4.055	3.326	>	6	7	83
1127	chr12	77001216	77001197	+	4.043	1.105	>	6	7	83
1128	chr6	93757507	93757488	-	4.01	5.273	>	6	7	83
1129	chr19	56302794	56302775	+	4.01	3.797	>	6	7	83
1130	chr13	71954038	71954019	-	4.008	1.19	>	6	7	83
1131	chr4	17852015	17851996	-	4.0	0.8535	>	6	7	83
1132	chr18	39136126	39136107	+	3.992	1.932	>	6	7	83
1133	chr1	153489234	153489215	-	3.99	7.715	>	6	7	83
1134	chr9	66136172	66136153	-	3.988	5.383	>	6	7	83
1135	chr11	109621431	109621412	-	3.979	11.484	>	6	7	83
1136	chr13	91723318	91723299	+	3.959	5.49	>	6	7	83
1137	chr13	3642291	3642272	-	3.959	4.75	>	6	7	83
1138	chr13	47304770	47304751	+	3.957	6.746	>	6	7	83
1139	chr2	121144456	121144437	+	3.953	4.504	>	6	7	83
1140	chr13	93772223	93772204	-	3.928	3.56	>	6	7	83
1141	chr10	70967079	70967060	+	3.916	4.88	>	6	7	83
1142	chr13	59417085	59417066	-	3.91	5.0	>	6	7	83
1143	chr7	102484972	102484953	-	3.883	7.0	>	6	7	83
1144	chr5	38235667	38235648	-	3.879	10.78	>	6	7	83
1145	chr14	56885401	56885382	+	3.87	2.412	>	6	7	83
1146	chr11	75170669	75170650	-	3.861	7.984	>	6	7	83
1147	chr11	77980417	77980398	+	3.846	9.5	>	6	7	83
1148	chr9	94738712	94738693	+	3.828	14.92	>	6	7	83
1149	chr6	140466500	140466481	-	3.816	3.785	>	6	7	83
1150	chr19	57361025	57361006	-	3.814	6.484	>	6	7	83
1151	chr12	58972459	58972440	+	3.777	2.135	>	6	7	83
1152	chr2	61490636	61490617	+	3.775	5.23	>	6	7	83
1153	chr4	44310651	44310632	+	3.762	4.973	>	6	7	83
1154	chr11	52766147	52766128	+	3.734	1.83	>	6	7	83
1155	chr13	72627587	72627568	-	3.717	4.066	>	6	7	83
1156	chr9	23012459	23012440	-	3.71	1.704	>	6	7	83
1157	chr16	31427924	31427905	-	3.705	3.383	>	6	7	83
1158	chr12	29895773	29895754	+	3.691	1.481	>	6	7	83
1159	chr9	73154557	73154538	+	3.666	9.1	>	6	7	83
1160	chr1	127484437	127484418	-	3.66	8.8	>	6	7	83
1161	chr9	107566236	107566217	+	3.656	7.098	>	6	7	83
1162	chr2	68118338	68118319	+	3.652	4.36	>	6	7	83
1163	chr11	11140836	11140817	-	3.629	13.69	>	6	7	83
1164	chr12	74014936	74014917	-	3.627	5.97	>	6	7	83
1165	chr7	138396301	138396282	-	3.621	0.934	>	6	7	83
1166	chr14	103534605	103534586	+	3.617	5.312	>	6	7	83
1167	chr10	115164112	115164093	-	3.613	3.031	>	6	7	83
1168	chr7	119019764	119019745	+	3.598	7.113	>	6	7	83
1169	chr13	96389525	96389506	-	3.588	1.339	>	6	7	83
1170	chr14	74723724	74723705	-	3.586	5.766	>	6	7	83
1171	chr14	55114114	55114095	-	3.57	7.387	>	6	7	83
1172	chr9	62784468	62784449	+	3.562	12.84	>	6	7	83
1173	chr10	127678167	127678148	-	3.541	2.129	>	6	7	83
1174	chr17	55948218	55948199	-	3.535	4.3	>	6	7	83
1175	chr11	78183263	78183244	-	3.525	12.305	>	6	7	83
1176	chr6	59207403	59207384	-	3.508	1.477	>	6	7	83
1177	chr6	135416919	135416900	+	3.498	4.027	>	6	7	83
1178	chr5	122104403	122104384	+	3.492	11.98	>	6	7	83
1179	chr13	37971068	37971049	-	3.482	3.088	>	6	7	83
1180	chr5	114612410	114612391	+	3.48	13.6	>	6	7	83
1181	chr10	114442226	114442207	+	3.46	2.104	>	6	7	83
1182	chr2	145655527	145655508	-	3.44	2.05	>	6	7	83
1183	chr7	109507351	109507332	-	3.418	1.832	>	6	7	83
1184	chr16	10009965	10009946	+	3.402	4.965	>	6	7	83
1185	chr14	67969032	67969013	-	3.385	5.523	>	6	7	83
1186	chr5	140744055	140744036	-	3.348	10.35	>	6	7	83
1187	chr1	56984334	56984315	+	3.338	2.584	>	6	7	83
1188	chr2	137110782	137110763	+	3.328	1.323	>	6	7	83
1189	chr16	22267525	22267506	+	3.322	1.262	>	6	7	83
1190	chr16	4884595	4884576	-	3.3	2.822	>	6	7	83
1191	chr5	19458406	19458387	-	3.291	6.625	>	6	7	83
1192	chr1	84697217	84697198	-	3.29	7.492	>	6	7	83
1193	chr14	122903088	122903069	-	3.29	2.205	>	6	7	83
1194	chr7	64056729	64056710	-	3.273	1.214	>	6	7	83
1195	chr9	71624061	71624042	-	3.273	15.39	>	6	7	83
1196	chr9	96885958	96885939	-	3.271	10.016	>	6	7	83
1197	chr18	46964733	46964714	-	3.266	8.555	>	6	7	83
1198	chr3	122638475	122638456	+	3.26	4.82	>	6	7	83
1199	chr9	94733848	94733829	+	3.256	3.768	>	6	7	83
1200	chr1	167938404	167938385	-	3.25	6.79	>	6	7	83
1201	chr1	180811841	180811822	+	3.244	6.383	>	6	7	83
1202	chr10	42760472	42760453	+	3.229	1.784	>	6	7	83
1203	chr18	20598347	20598328	+	3.213	4.758	>	6	7	83
1204	chr17	71909305	71909286	+	3.203	3.572	>	6	7	83
1205	chr1	34459898	34459879	+	3.193	3.389	>	6	7	83
1206	chr4	117202234	117202215	-	3.191	9.61	>	6	7	83
1207	chr15	101313974	101313955	-	3.178	2.96	>	6	7	83
1208	chr16	13438138	13438119	+	3.176	1.241	>	6	7	83
1209	chr7	114878499	114878480	+	3.174	1.604	>	6	7	83
1210	chr11	109866735	109866716	+	3.166	2.812	>	6	7	83
1211	chr3	123509329	123509310	+	3.162	5.67	>	6	7	83
1212	chr3	114085881	114085862	-	3.146	0.5283	>	6	7	83
1213	chr4	120149384	120149365	-	3.145	8.09	>	6	7	83
1214	chr16	4549594	4549575	-	3.137	11.12	>	6	7	83
1215	chr15	78872224	78872205	+	3.133	9.35	>	6	7	83
1216	chr12	57231261	57231242	-	3.127	3.32	>	6	7	83
1217	chr9	71624949	71624930	-	3.125	15.0	>	6	7	83
1218	chr4	18963859	18963840	-	3.12	4.01	>	6	7	83
1219	chr8	40913366	40913347	-	3.115	1.625	>	6	7	83
1220	chr5	21645240	21645221	-	3.11	1.259	>	6	7	83
1221	chr10	68357244	68357225	+	3.094	1.353	>	6	7	83
1222	chr2	93812077	93812058	-	3.06	11.82	>	6	7	83
1223	chr12	75669431	75669412	-	3.05	4.1	>	6	7	83
1224	chr1	12844023	12844004	+	3.033	4.33	>	6	7	83
1225	chr12	86697142	86697123	+	3.025	6.996	>	6	7	83
1226	chr9	98033678	98033659	+	3.021	1.525	>	6	7	83
1227	chr19	37946902	37946883	+	3.02	4.082	>	6	7	83
1228	chr9	75271676	75271657	+	3.01	4.42	>	6	7	83
1229	chr11	55162881	55162862	+	2.996	3.625	>	6	7	83
1230	chr17	25274339	25274320	-	2.984	4.45	>	6	7	83
1231	chr6	108065317	108065298	+	2.984	5.535	>	6	7	83
1232	chr7	5071749	5071730	-	2.928	2.754	>	6	7	83
1233	chr3	152477906	152477887	-	2.922	3.295	>	6	7	83
1234	chr5	28090770	28090751	-	2.922	2.412	>	6	7	83
1235	chr14	78282622	78282603	+	2.91	2.186	>	6	7	83
1236	chr14	88480122	88480103	-	2.906	3.236	>	6	7	83
1237	chr7	107569047	107569028	+	2.902	1.588	>	6	7	83
1238	chr3	83777088	83777069	-	2.879	3.992	>	6	7	83
1239	chr8	48550865	48550846	+	2.871	0.592	>	6	7	83
1240	chr7	132575955	132575936	-	2.855	4.473	>	6	7	83
1241	chr14	79769127	79769108	-	2.852	4.36	>	6	7	83
1242	chr17	69974245	69974226	-	2.799	1.284	>	6	7	83
1243	chr12	66284211	66284192	-	2.793	5.484	>	6	7	83
1244	chr6	83796902	83796883	-	2.785	3.35	>	6	7	83
1245	chr9	44108077	44108058	+	2.785	11.375	>	6	7	83
1246	chr11	116023924	116023905	+	2.777	6.906	>	6	7	83
1247	chr3	86779824	86779805	-	2.775	8.64	>	6	7	83
1248	chr19	46056202	46056183	+	2.77	5.27	>	6	7	83
1249	chr10	108210181	108210162	-	2.762	0.674	>	6	7	83
1250	chr8	27001386	27001367	+	0.4329	0.4077	>	6	7	83
1251	chr17	28338029	28338010	-	0.252	0.265	>	6	7	83
1252	chr11	76445826	76445807	-	0.2268	0.1863	>	6	7	83
1253	chr5	144244146	144244127	-	0.311	0.3691	>	6	7	83
1254	chr14	79768803	79768784	-	0.3076	0.2808	>	6	7	83
1255	chr9	26778623	26778604	-	1.299	0.6914	>	6	7	83
1256	chr7	25392052	25392033	+	0.2487	0.242	>	6	7	83
1257	chr3	101484879	101484860	-	0.3438	0.528	>	6	7	83
1258	chr2	69113988	69113969	+	0.2472	0.1981	>	6	7	83
1259	chr13	29852447	29852428	-	0.1781	0.1941	>	6	7	83
1260	chr2	60213231	60213212	-	0.1073	0.1628	>	6	7	83
1261	chr2	171418157	171418138	-	0.1407	0.2131	>	6	7	83
1262	chr7	64392050	64392031	-	0.514	0.2006	>	6	7	83
1263	chr15	36157434	36157415	-	0.7227	0.836	>	6	7	83
1264	chr4	49662357	49662338	-	0.4692	0.2915	>	6	7	83
1265	chr4	48422356	48422337	+	1.027	0.5225	>	6	7	83
1266	chr18	82720514	82720495	+	0.1605	0.1409	>	6	7	83
1267	chr1	172022686	172022667	+	0.1733	0.1764	>	6	7	83
1268	chr7	139595890	139595871	+	0.1575	0.2125	>	6	7	83
1269	chr12	73007842	73007823	-	0.345	0.2974	>	6	7	83
1270	chr17	27192928	27192909	-	0.1056	0.4468	>	6	7	83
1271	chr1	53698960	53698941	+	0.557	0.255	>	6	7	83
1272	chr18	12734380	12734361	+	0.207	0.1383	>	6	7	83
1273	chr6	126767488	126767469	-	0.2039	0.2483	>	6	7	83
1274	chr2	92856249	92856230	-	2.734	0.857	>	6	7	83
1275	chr11	74572851	74572832	+	0.2646	0.2705	>	6	7	83
1276	chr9	59675637	59675618	-	0.4082	0.744	>	6	7	83
1277	chr15	55025647	55025628	+	0.1847	0.1536	>	6	7	83
1278	chr4	120579150	120579131	-	0.33	0.264	>	6	7	83
1279	chr15	74525720	74525701	+	0.2172	0.2104	>	6	7	83
1280	chr1	88748095	88748076	+	0.1973	0.1881	>	6	7	83
1281	chr15	32239655	32239636	-	0.2822	0.1587	>	6	7	83
1282	chr7	36571183	36571164	+	0.1103	0.1942	>	6	7	83
1283	chr11	113855351	113855332	-	0.1613	0.1947	>	6	7	83
1284	chr6	90609163	90609144	+	2.127	1.159	>	6	7	83
1285	chr3	146181407	146181388	-	0.2034	0.3416	>	6	7	83
1286	chr10	69857222	69857203	-	0.3232	0.3599	>	6	7	83
1287	chr2	158361425	158361406	-	0.5625	0.2502	>	6	7	83
1288	chr5	136268179	136268160	-	0.1886	0.2153	>	6	7	83
1289	chr16	11983350	11983331	-	1.634	1.076	>	6	7	83
1290	chr2	84437773	84437754	+	0.2305	0.14	>	6	7	83
1291	chr18	24002018	24001999	-	0.133	0.1333	>	6	7	83
1292	chr1	130151533	130151514	-	0.4075	0.3347	>	6	7	83
1293	chr9	59675855	59675836	+	0.3367	0.2161	>	6	7	83
1294	chr11	116840251	116840232	-	0.3374	0.637	>	6	7	83
1295	chr2	155819963	155819944	+	0.07886	0.146	>	6	7	83
1296	chr14	105301632	105301613	+	0.206	0.2114	>	6	7	83
1297	chr12	9044592	9044573	+	0.1821	0.2019	>	6	7	83
1298	chr18	13971224	13971205	-	0.5337	0.3596	>	6	7	83
1299	chr5	136267600	136267581	-	0.2751	0.189	>	6	7	83
1300	chr5	33371430	33371411	+	0.3992	0.1644	>	6	7	83
1301	chr14	51090397	51090378	-	0.4153	0.243	>	6	7	83
1302	chr1	77935072	77935053	+	0.1814	0.1729	>	6	7	83
1303	chr11	119246049	119246030	-	0.204	0.3367	>	6	7	83
1304	chr17	50274949	50274930	-	0.441	0.1749	>	6	7	83
1305	chr8	108956442	108956423	+	0.5635	0.3044	>	6	7	83
1306	chr11	66885340	66885321	+	0.1636	0.169	>	6	7	83
1307	chr7	30099945	30099926	-	0.1979	0.1757	>	6	7	83
1308	chr15	99973159	99973140	-	0.1998	0.3345	>	6	7	83
1309	chr5	16308949	16308930	+	0.1567	0.1411	>	6	7	83
1310	chr6	119466578	119466559	-	0.9824	0.9795	>	6	7	83
1311	chr2	136886679	136886660	+	0.7764	0.2095	>	6	7	83
1312	chr14	79763594	79763575	-	0.2852	0.151	>	6	7	83
1313	chr2	170416012	170415993	+	0.1837	0.1256	>	6	7	83
1314	chr4	41015236	41015217	-	0.1882	0.1434	>	6	7	83
1315	chr11	70975109	70975090	+	0.713	0.3914	>	6	7	83
1316	chr5	122773202	122773183	+	0.11584	0.1375	>	6	7	83
1317	chr4	128588031	128588012	-	0.2659	0.1909	>	6	7	83
1318	chr8	122576186	122576167	-	0.11285	0.1545	>	6	7	83
1319	chr7	76383989	76383970	+	0.1553	0.154	>	6	7	83
1320	chr9	41467019	41467000	-	0.2223	0.1565	>	6	7	83
1321	chr1	32712246	32712227	-	0.05322	0.1516	>	6	7	83
1322	chr16	23974866	23974847	-	0.5283	0.3425	>	6	7	83
1323	chr15	84066194	84066175	-	0.6196	1.17	>	6	7	83
1324	chr11	40148920	40148901	-	1.272	0.642	>	6	7	83
1325	chr7	27166488	27166469	-	0.306	0.491	>	6	7	83
1326	chr11	30240273	30240254	+	0.4001	0.2556	>	6	7	83
1327	chr2	69115969	69115950	-	0.1754	0.1587	>	6	7	83
1328	chr9	113420569	113420550	-	0.2261	0.2178	>	6	7	83
1329	chr12	99882528	99882509	-	0.2617	0.1387	>	6	7	83
1330	chr5	77347648	77347629	-	0.3625	0.4211	>	6	7	83
1331	chr10	49780455	49780436	+	0.2179	0.1394	>	6	7	83
1332	chr5	75855263	75855244	-	0.6416	0.4326	>	6	7	83
1333	chr2	124087358	124087339	-	0.6436	0.2075	>	6	7	83
1334	chr14	49219056	49219037	+	0.678	0.694	>	6	7	83
1335	chr5	147938091	147938072	+	0.368	0.1842	>	6	7	83
1336	chr11	32340288	32340269	+	0.1792	0.1648	>	6	7	83
1337	chr16	50181579	50181560	+	0.2006	0.1838	>	6	7	83
1338	chr16	20496121	20496102	-	0.6714	0.1777	>	6	7	83
1339	chr8	76775680	76775661	+	0.135	0.1975	>	6	7	83
1340	chr14	65597676	65597657	+	0.6543	0.452	>	6	7	83
1341	chr7	64754771	64754752	+	0.1351	0.2295	>	6	7	83
1342	chr2	166083979	166083960	-	0.2964	0.2065	>	6	7	83
1343	chr16	44140440	44140421	+	0.4607	0.3381	>	6	7	83
1344	chr12	90524338	90524319	-	0.3223	0.2983	>	6	7	83
1345	chr5	89391716	89391697	+	0.1626	0.1418	>	6	7	83
1346	chr9	59675438	59675419	-	0.2104	0.1542	>	6	7	83
1347	chr19	16339103	16339084	-	0.1967	0.1177	>	6	7	83
1348	chr13	30545067	30545048	+	0.3672	0.2915	>	6	7	83
1349	chr1	92462681	92462662	+	0.3916	0.1832	>	6	7	83
1350	chr4	84066283	84066264	-	0.1898	0.1552	>	6	7	83
1351	chr9	83373922	83373903	-	0.2197	0.1434	>	6	7	83
1352	chr4	88773969	88773950	-	0.9507	8.01	>	6	7	83
1353	chr9	123132258	123132239	-	0.1687	0.1416	>	6	7	83
1354	chr17	34958843	34958824	-	0.2079	0.5464	>	6	7	83
1355	chr12	50946225	50946206	+	0.2341	0.157	>	6	7	83
1356	chr13	73647252	73647233	+	0.267	0.1704	>	6	7	83
1357	chr11	83279300	83279281	-	0.4434	0.2251	>	6	7	83
1358	chr17	8986048	8986029	-	0.3325	0.212	>	6	7	83
1359	chr4	14935721	14935702	-	0.7095	0.296	>	6	7	83
1360	chr4	75076699	75076680	+	0.09125	0.2014	>	6	7	83
1361	chr5	114610713	114610694	+	0.0985	0.1626	>	6	7	83
1362	chr9	83378273	83378254	-	0.471	0.2808	>	6	7	83
1363	chr9	107773182	107773163	-	0.1786	0.1414	>	6	7	83
1364	chr9	41218030	41218011	+	0.1323	0.1355	>	6	7	83
1365	chr9	105644718	105644699	+	0.4255	0.1808	>	6	7	83
1366	chr8	84264441	84264422	-	1.261	1.4795	>	6	7	83
1367	chr4	135959453	135959434	+	0.112	0.2223	>	6	7	83
1368	chr1	24684268	24684249	+	0.4001	0.1942	>	6	7	83
1369	chr3	87748577	87748558	-	0.7593	0.4382	>	6	7	83
1370	chr9	54690950	54690931	+	0.11566	0.136	>	6	7	83
1371	chr15	82277690	82277671	-	0.9043	0.4492	>	6	7	83
1372	chr5	115498528	115498509	-	0.2693	0.2164	>	6	7	83
1373	chr9	56621276	56621257	+	0.10846	0.253	>	6	7	83
1374	chr18	81956733	81956714	-	0.2815	0.2637	>	6	7	83
1375	chr10	22791401	22791382	-	0.1346	0.2358	>	6	7	83
1376	chr15	82271301	82271282	+	0.836	0.1838	>	6	7	83
1377	chr12	69946159	69946140	+	0.555	0.455	>	6	7	83
1378	chr14	101442800	101442781	+	0.2983	0.1344	>	6	7	83
1379	chr2	164777017	164776998	-	0.5176	0.361	>	6	7	83
1380	chr10	24631573	24631554	-	1.178	1.224	>	6	7	83
1381	chr1	136528510	136528491	-	1.761	0.7373	>	6	7	83
1382	chr10	19222118	19222099	-	1.411	0.8228	>	6	7	83
1383	chr14	56885508	56885489	-	2.348	4.004	>	6	7	83
1384	chr8	85060493	85060474	-	0.9688	0.437	>	6	7	83
1385	chr11	96075822	96075803	-	0.9316	0.4944	>	6	7	83
1386	chr11	77476535	77476516	+	0.1632	0.2383	>	6	7	83
1387	chr1	81294004	81293985	-	0.905	0.562	>	6	7	83
1388	chr12	15520954	15520935	+	0.7183	0.4033	>	6	7	83
1389	chr7	66397054	66397035	+	0.1594	0.2107	>	6	7	83
1390	chr12	74014582	74014563	-	0.2377	0.1973	>	6	7	83
1391	chr5	144242554	144242535	-	0.241	0.1987	>	6	7	83
1392	chr15	66894943	66894924	+	0.2703	0.2021	>	6	7	83
1393	chr6	126484995	126484976	-	0.4333	1.278	>	6	7	83
1394	chr4	48427148	48427129	+	0.678	0.3833	>	6	7	83
1395	chr15	71459211	71459192	+	0.252	0.1731	>	6	7	83
1396	chr3	19896435	19896416	-	0.2361	0.1467	>	6	7	83
1397	chr8	68268707	68268688	-	0.1398	0.1492	>	6	7	83
1398	chr1	182555580	182555561	-	0.1982	0.1915	>	6	7	83
1399	chr9	44413186	44413167	-	0.534	0.393	>	6	7	83
1400	chr14	70151716	70151697	+	0.3604	0.2382	>	6	7	83
1401	chr4	62478250	62478231	+	0.438	0.1328	>	6	7	83
1402	chr3	127561629	127561610	-	0.2183	0.12354	>	6	7	83
1403	chr3	69139614	69139595	-	0.397	0.2261	>	6	7	83
1404	chr17	17919616	17919597	+	0.1678	0.167	>	6	7	83
1405	chr4	139314214	139314195	-	0.2279	0.269	>	6	7	83
1406	chr18	61952763	61952744	-	0.2372	0.1731	>	6	7	83
1407	chr9	7599188	7599169	+	0.33	0.191	>	6	7	83
1408	chr10	120898341	120898322	-	0.3386	0.1467	>	6	7	83
1409	chr11	57469613	57469594	-	0.1846	0.2297	>	6	7	83
1410	chr18	58480198	58480179	-	0.2095	0.1665	>	6	7	83
1411	chr17	12380527	12380508	-	0.658	0.591	>	6	7	83
1412	chr2	107940173	107940154	+	0.11664	0.1351	>	6	7	83
1413	chr2	32580534	32580515	-	0.2605	0.4055	>	6	7	83
1414	chr15	98813480	98813461	+	0.3496	0.5376	>	6	7	83
1415	chr6	54253893	54253874	+	0.1663	0.1743	>	6	7	83
1416	chr1	135800865	135800846	+	0.1766	0.1665	>	6	7	83
1417	chr15	58426369	58426350	+	0.1996	0.1519	>	6	7	83
1418	chr4	87367775	87367756	+	0.3853	0.1472	>	6	7	83
1419	chr2	96583103	96583084	-	0.809	0.3242	>	6	7	83
1420	chr4	63366959	63366940	-	0.1979	0.1753	>	6	7	83
1421	chr4	59761293	59761274	-	0.3435	0.2113	>	6	7	83
1422	chr10	7832162	7832143	+	0.2646	0.1672	>	6	7	83
1423	chr7	89904213	89904194	-	0.2908	0.156	>	6	7	83
1424	chr1	30697342	30697323	+	0.1025	0.1263	>	6	7	83
1425	chr1	58987602	58987583	+	0.2202	0.1498	>	6	7	83
1426	chr15	7452190	7452171	+	0.1405	0.12085	>	6	7	83
1427	chr4	139877044	139877025	+	0.3875	0.2688	>	6	7	83
1428	chr3	83291887	83291868	-	0.0825	0.137	>	6	7	83
1429	chr15	68912907	68912888	-	0.5024	0.2024	>	6	7	83
1430	chr14	64593744	64593725	-	1.073	0.5703	>	6	7	83
1431	chr1	56980349	56980330	-	0.2778	0.2322	>	6	7	83
1432	chr14	75833620	75833601	-	0.6006	0.4543	>	6	7	83
1433	chr16	62904648	62904629	-	0.217	0.1924	>	6	7	83
1434	chr5	35991229	35991210	-	1.033	1.082	>	6	7	83
1435	chr5	44287418	44287399	-	0.248	0.155	>	6	7	83
1436	chr15	76199915	76199896	-	0.07776	0.3071	>	6	7	83
1437	chr4	131240262	131240243	-	0.241	0.206	>	6	7	83
1438	chr5	102147917	102147898	-	0.228	0.2458	>	6	7	83
1439	chr3	93086926	93086907	+	0.0978	0.1787	>	6	7	83
1440	chr6	126163382	126163363	+	2.373	1.376	>	6	7	83
1441	chr3	45375769	45375750	+	1.051	0.2544	>	6	7	83
1442	chr16	90306219	90306200	-	0.3647	0.3506	>	6	7	83
1443	chr17	3249270	3249251	-	0.1843	0.136	>	6	7	83
1444	chr4	143024421	143024402	-	0.087	0.1317	>	6	7	83
1445	chr19	47513892	47513873	-	0.2471	0.1393	>	6	7	83
1446	chr6	66534595	66534576	-	1.387	0.675	>	6	7	83
1447	chr6	134963172	134963153	-	0.6475	0.5996	>	6	7	83
1448	chr14	56369245	56369226	+	0.2401	0.1912	>	6	7	83
1449	chr18	53460219	53460200	+	0.1775	0.162	>	6	7	83
1450	chr7	89476922	89476903	-	0.2163	0.1522	>	6	7	83
1451	chr6	34273116	34273097	+	0.0673	0.1545	>	6	7	83
1452	chr7	142295608	142295589	-	1.062	6.32	>	6	7	83
1453	chr3	22302208	22302189	+	0.992	0.3848	>	6	7	83
1454	chr6	31045994	31045975	-	0.7534	0.959	>	6	7	83
1455	chr9	57143378	57143359	-	0.1816	0.2302	>	6	7	83
1456	chr6	101268340	101268321	+	0.2712	0.1924	>	6	7	83
1457	chr9	58897456	58897437	-	0.7163	0.4846	>	6	7	83
1458	chr17	79601068	79601049	+	0.2245	0.12476	>	6	7	83
1459	chr16	5254607	5254588	-	0.2883	0.22	>	6	7	83
1460	chr4	83595536	83595517	+	1.783	1.041	>	6	7	83
1461	chr9	51159881	51159862	-	0.6875	0.266	>	6	7	83
1462	chr14	66354429	66354410	+	0.1142	0.1388	>	6	7	83
1463	chr5	117090283	117090264	+	0.5806	0.4014	>	6	7	83
1464	chr2	168061425	168061406	-	0.1733	0.2051	>	6	7	83
1465	chr5	9169228	9169209	+	0.3306	0.1686	>	6	7	83
1466	chr6	28418701	28418682	-	0.4202	0.266	>	6	7	83
1467	chr12	105038443	105038424	-	0.1501	0.2063	>	6	7	83
1468	chr1	182558143	182558124	-	0.2264	0.1511	>	6	7	83
1469	chr8	47713300	47713281	-	1.078	1.646	>	6	7	83
1470	chr18	47357393	47357374	+	0.2007	0.1278	>	6	7	83
1471	chr1	118771083	118771064	-	0.1254	0.2006	>	6	7	83
1472	chr16	6493044	6493025	-	0.1927	0.1516	>	6	7	83
1473	chr9	42951005	42950986	-	0.3914	0.2078	>	6	7	83
1474	chr13	53430986	53430967	-	0.6504	0.3672	>	6	7	83
1475	chr13	67609268	67609249	+	2.162	0.826	>	6	7	83
1476	chr1	53035072	53035053	+	0.1465	0.1494	>	6	7	83
1477	chr7	99471824	99471805	-	0.3745	0.4907	>	6	7	83
1478	chr11	36543574	36543555	-	0.1156	0.1614	>	6	7	83
1479	chr5	124334258	124334239	-	0.3428	0.273	>	6	7	83
1480	chr10	76771414	76771395	-	0.1296	0.2047	>	6	7	83
1481	chr10	4386719	4386700	+	0.32	0.4492	>	6	7	83
1482	chr5	116554091	116554072	+	0.0876	0.1714	>	6	7	83
1483	chr10	41734858	41734839	+	0.1406	0.2605	>	6	7	83
1484	chr10	50906875	50906856	-	0.2361	0.1674	>	6	7	83
1485	chr11	31651668	31651649	+	0.07605	0.1534	>	6	7	83
1486	chr6	116193190	116193171	+	0.3687	0.372	>	6	7	83
1487	chr1	188976509	188976490	+	0.343	0.1833	>	6	7	83
1488	chr12	101976095	101976076	+	0.681	0.4116	>	6	7	83
1489	chr15	75925915	75925896	+	0.6084	0.9233	>	6	7	83
1490	chr1	4777287	4777268	-	0.9443	1.425	>	6	7	83
1491	chr18	86560230	86560211	+	0.7866	1.138	>	6	7	83
1492	chr7	43574878	43574859	+	1.292	1.347	>	6	7	83
1493	chr7	98200601	98200582	-	0.2927	0.1711	>	6	7	83
1494	chr4	143319849	143319830	+	0.2299	0.1525	>	6	7	83
1495	chr2	128601696	128601677	-	0.1208	0.207	>	6	7	83
1496	chr17	57004491	57004472	-	0.1467	0.2932	>	6	7	83
1497	chr2	35196541	35196522	-	1.081	0.3997	>	6	7	83
1498	chr5	29779371	29779352	+	0.1531	0.1671	>	6	7	83
1499	chr10	93038429	93038410	-	0.163	0.1875	>	6	7	83
0	chr4	87368268	87368249	+	90.56	65.75	>	6	8	82
1	chr11	109860827	109860808	-	89.2	47.97	>	6	8	82
2	chr3	22309188	22309169	+	81.5	60.4	>	6	8	82
3	chr10	5161770	5161751	-	79.2	55.88	>	6	8	82
4	chr16	71247702	71247683	+	68.56	43.2	>	6	8	82
5	chr16	72980067	72980048	-	68.3	56.7	>	6	8	82
6	chr6	60556001	60555982	+	67.7	40.38	>	6	8	82
7	chr5	7996919	7996900	-	66.06	59.4	>	6	8	82
8	chr14	12140114	12140095	-	65.1	51.62	>	6	8	82
9	chr13	81439574	81439555	+	64.94	46.94	>	6	8	82
10	chr9	103996726	103996707	-	64.9	51.25	>	6	8	82
11	chr15	56066340	56066321	+	63.97	42.94	>	6	8	82
12	chr10	106609250	106609231	+	63.97	42.62	>	6	8	82
13	chr1	144380222	144380203	-	63.4	48.44	>	6	8	82
14	chr10	8240468	8240449	-	62.34	45.88	>	6	8	82
15	chr12	77000269	77000250	+	62.22	54.97	>	6	8	82
16	chr1	44745882	44745863	+	62.12	40.25	>	6	8	82
17	chr4	81178889	81178870	+	62.03	50.0	>	6	8	82
18	chr9	10909768	10909749	+	61.12	47.94	>	6	8	82
19	chr6	64650119	64650100	-	60.56	60.88	>	6	8	82
20	chr15	32766485	32766466	-	60.56	46.62	>	6	8	82
21	chr4	9135983	9135964	+	60.03	34.12	>	6	8	82
22	chr7	118305013	118304994	+	59.5	47.62	>	6	8	82
23	chr10	39520570	39520551	-	58.34	40.5	>	6	8	82
24	chr1	78724658	78724639	+	58.25	47.28	>	6	8	82
25	chr2	160598038	160598019	+	57.94	55.8	>	6	8	82
26	chr18	33790258	33790239	-	57.72	56.3	>	6	8	82
27	chr12	40837750	40837731	+	57.5	46.25	>	6	8	82
28	chr8	41443763	41443744	+	57.34	56.06	>	6	8	82
29	chr14	68494314	68494295	-	56.94	24.97	>	6	8	82
30	chr1	11657910	11657891	+	56.8	43.62	>	6	8	82
31	chr11	77100337	77100318	+	55.88	49.25	>	6	8	82
32	chr16	41244935	41244916	-	55.72	48.0	>	6	8	82
33	chr14	87452291	87452272	-	55.72	63.0	>	6	8	82
34	chr18	16217050	16217031	+	54.9	26.8	>	6	8	82
35	chr11	53255133	53255114	-	54.8	39.5	>	6	8	82
36	chr9	7216447	7216428	+	54.56	27.64	>	6	8	82
37	chr8	35850598	35850579	-	54.5	50.94	>	6	8	82
38	chr8	102781131	102781112	-	54.44	41.34	>	6	8	82
39	chr5	49962010	49961991	-	54.16	50.88	>	6	8	82
40	chr7	90410162	90410143	-	54.06	39.75	>	6	8	82
41	chr4	15328717	15328698	+	54.03	40.72	>	6	8	82
42	chr11	31949616	31949597	-	54.0	41.44	>	6	8	82
43	chr1	120586671	120586652	+	53.8	57.06	>	6	8	82
44	chr13	19698921	19698902	+	53.16	40.8	>	6	8	82
45	chr12	57825950	57825931	+	53.03	34.38	>	6	8	82
46	chr16	72215933	72215914	-	52.7	45.56	>	6	8	82
47	chr9	15685402	15685383	+	52.62	45.03	>	6	8	82
48	chr10	10321327	10321308	-	52.47	23.97	>	6	8	82
49	chr9	49494135	49494116	+	52.4	51.5	>	6	8	82
50	chr3	50906169	50906150	-	52.12	57.06	>	6	8	82
51	chr11	57467973	57467954	-	52.03	54.47	>	6	8	82
52	chr11	113165316	113165297	-	51.88	57.94	>	6	8	82
53	chr9	51152608	51152589	-	51.8	48.22	>	6	8	82
54	chr16	58299658	58299639	+	51.56	30.08	>	6	8	82
55	chr16	22564783	22564764	+	51.44	49.16	>	6	8	82
56	chr8	36523135	36523116	-	51.4	44.44	>	6	8	82
57	chr14	34810941	34810922	+	51.3	52.97	>	6	8	82
58	chr6	101261740	101261721	-	51.0	49.47	>	6	8	82
59	chr7	132213694	132213675	-	50.8	38.62	>	6	8	82
60	chr2	48886271	48886252	-	50.28	44.53	>	6	8	82
61	chr12	54060974	54060955	-	50.12	27.78	>	6	8	82
62	chr1	5905019	5905000	-	50.06	44.22	>	6	8	82
63	chr9	26776375	26776356	-	50.0	53.88	>	6	8	82
64	chr1	103799519	103799500	+	49.53	56.44	>	6	8	82
65	chr9	88222188	88222169	-	49.5	40.1	>	6	8	82
66	chr18	58481884	58481865	-	49.28	39.28	>	6	8	82
67	chr13	100112788	100112769	+	49.16	37.22	>	6	8	82
68	chr3	14679394	14679375	+	49.06	29.97	>	6	8	82
69	chr16	37109459	37109440	+	48.75	19.0	>	6	8	82
70	chr3	153655318	153655299	-	48.72	48.28	>	6	8	82
71	chr16	89765698	89765679	-	48.38	54.0	>	6	8	82
72	chr13	89543228	89543209	-	48.3	56.84	>	6	8	82
73	chr11	40149509	40149490	-	48.28	36.34	>	6	8	82
74	chr3	113080940	113080921	-	48.2	53.4	>	6	8	82
75	chr10	70963797	70963778	-	47.53	51.97	>	6	8	82
76	chr6	66533480	66533461	-	47.34	41.22	>	6	8	82
77	chr18	57976815	57976796	+	47.28	41.3	>	6	8	82
78	chr12	92303388	92303369	+	47.12	48.12	>	6	8	82
79	chr6	43686140	43686121	+	47.1	34.0	>	6	8	82
80	chr15	11038687	11038668	+	47.06	40.16	>	6	8	82
81	chr6	13281064	13281045	-	47.06	44.4	>	6	8	82
82	chr4	25180081	25180062	-	46.94	22.34	>	6	8	82
83	chr2	110229883	110229864	+	46.8	37.2	>	6	8	82
84	chr2	118638293	118638274	+	46.34	48.4	>	6	8	82
85	chr14	67674858	67674839	-	46.2	40.62	>	6	8	82
86	chr1	179477262	179477243	-	45.97	54.9	>	6	8	82
87	chr12	78056191	78056172	+	45.84	48.03	>	6	8	82
88	chr15	44836402	44836383	+	45.7	45.75	>	6	8	82
89	chr9	80293262	80293243	+	45.3	48.66	>	6	8	82
90	chr1	21411405	21411386	+	45.28	35.97	>	6	8	82
91	chr8	80483379	80483360	-	45.28	32.34	>	6	8	82
92	chr16	55477026	55477007	-	44.9	60.88	>	6	8	82
93	chr9	122729759	122729740	-	44.72	40.56	>	6	8	82
94	chr2	17415581	17415562	-	44.56	38.03	>	6	8	82
95	chr4	13778049	13778030	-	44.5	20.47	>	6	8	82
96	chr16	64748455	64748436	-	44.47	52.25	>	6	8	82
97	chr6	57570627	57570608	-	44.28	34.06	>	6	8	82
98	chr16	13117421	13117402	+	44.28	48.25	>	6	8	82
99	chr1	54381475	54381456	-	44.12	34.1	>	6	8	82
100	chr15	40166896	40166877	+	44.03	40.53	>	6	8	82
101	chr17	83271696	83271677	+	44.0	39.2	>	6	8	82
102	chr9	63136063	63136044	+	43.94	32.22	>	6	8	82
103	chr3	68056550	68056531	+	43.88	35.0	>	6	8	82
104	chr3	25220822	25220803	-	43.8	23.62	>	6	8	82
105	chr7	118102455	118102436	-	43.53	59.94	>	6	8	82
106	chr9	51335485	51335466	+	43.47	26.75	>	6	8	82
107	chr16	96671807	96671788	-	43.4	27.66	>	6	8	82
108	chr2	113494904	113494885	+	43.34	43.28	>	6	8	82
109	chr1	55404561	55404542	+	43.25	39.06	>	6	8	82
110	chr3	80079969	80079950	+	43.0	35.7	>	6	8	82
111	chr11	25862989	25862970	-	42.66	37.9	>	6	8	82
112	chr13	109213188	109213169	-	42.6	60.5	>	6	8	82
113	chr8	58566283	58566264	+	42.56	33.8	>	6	8	82
114	chr16	72218227	72218208	+	42.38	47.1	>	6	8	82
115	chr14	102510640	102510621	-	42.34	35.9	>	6	8	82
116	chr7	143154010	143153991	+	42.16	43.66	>	6	8	82
117	chr6	143219585	143219566	+	42.1	41.62	>	6	8	82
118	chr17	86906334	86906315	-	41.97	47.25	>	6	8	82
119	chr8	62080400	62080381	+	41.97	30.6	>	6	8	82
120	chr3	57843985	57843966	+	41.94	43.75	>	6	8	82
121	chr18	3495634	3495615	+	41.62	36.03	>	6	8	82
122	chr7	125393847	125393828	-	41.56	47.0	>	6	8	82
123	chr7	86211564	86211545	-	41.56	46.4	>	6	8	82
124	chr9	60245127	60245108	+	41.38	43.16	>	6	8	82
125	chr6	131353859	131353840	-	41.3	15.89	>	6	8	82
126	chr15	98173991	98173972	-	41.25	24.88	>	6	8	82
127	chr17	88641249	88641230	-	41.12	34.25	>	6	8	82
128	chr9	87027908	87027889	+	41.1	38.34	>	6	8	82
129	chr4	70621553	70621534	-	40.97	48.38	>	6	8	82
130	chr12	41487236	41487217	-	40.88	35.94	>	6	8	82
131	chr4	127368548	127368529	+	40.8	49.72	>	6	8	82
132	chr8	50293750	50293731	-	40.75	48.2	>	6	8	82
133	chr16	27468981	27468962	+	40.75	34.62	>	6	8	82
134	chr7	121641354	121641335	-	40.7	30.69	>	6	8	82
135	chr3	29726795	29726776	-	40.7	30.42	>	6	8	82
136	chr14	29110872	29110853	-	40.66	51.22	>	6	8	82
137	chr13	116712427	116712408	-	40.62	33.1	>	6	8	82
138	chr18	19939562	19939543	-	40.47	45.7	>	6	8	82
139	chr15	80704533	80704514	-	40.28	46.53	>	6	8	82
140	chr18	50137074	50137055	+	40.28	37.62	>	6	8	82
141	chr13	15763212	15763193	-	40.25	29.53	>	6	8	82
142	chr19	50185486	50185467	+	40.22	44.2	>	6	8	82
143	chr12	74013965	74013946	-	40.22	40.8	>	6	8	82
144	chr1	138835543	138835524	+	40.06	20.81	>	6	8	82
145	chr15	55550924	55550905	-	40.06	37.12	>	6	8	82
146	chr1	61771439	61771420	-	40.06	23.55	>	6	8	82
147	chr12	34664961	34664942	+	40.0	19.7	>	6	8	82
148	chr14	78288101	78288082	-	39.8	38.8	>	6	8	82
149	chr2	4499416	4499397	+	39.78	33.88	>	6	8	82
150	chr13	30260132	30260113	-	39.75	32.75	>	6	8	82
151	chr9	68015271	68015252	+	39.2	39.0	>	6	8	82
152	chr1	126993502	126993483	-	39.06	47.2	>	6	8	82
153	chr16	25349824	25349805	-	39.0	41.2	>	6	8	82
154	chr1	14729249	14729230	-	38.94	39.3	>	6	8	82
155	chr15	59389427	59389408	+	38.7	46.34	>	6	8	82
156	chr6	100882590	100882571	+	38.66	49.44	>	6	8	82
157	chr3	9711121	9711102	+	38.62	35.47	>	6	8	82
158	chr6	21214019	21214000	-	38.47	24.2	>	6	8	82
159	chr17	42603617	42603598	-	38.47	42.5	>	6	8	82
160	chr4	80517548	80517529	-	38.47	41.4	>	6	8	82
161	chr9	85328584	85328565	-	38.28	30.06	>	6	8	82
162	chr17	44262001	44261982	+	38.22	44.16	>	6	8	82
163	chr10	102449665	102449646	+	38.2	48.84	>	6	8	82
164	chr17	14520745	14520726	-	38.12	30.45	>	6	8	82
165	chr13	51830925	51830906	+	38.0	56.0	>	6	8	82
166	chr12	83502436	83502417	-	37.97	34.4	>	6	8	82
167	chr5	75853265	75853246	-	37.94	27.88	>	6	8	82
168	chr13	110382742	110382723	+	37.88	61.84	>	6	8	82
169	chr5	62481159	62481140	-	37.8	35.4	>	6	8	82
170	chr7	49121503	49121484	-	37.7	29.61	>	6	8	82
171	chr15	11966575	11966556	-	37.66	34.72	>	6	8	82
172	chr3	31146135	31146116	+	37.53	44.5	>	6	8	82
173	chr2	37815879	37815860	+	37.47	39.2	>	6	8	82
174	chr5	33033442	33033423	-	37.44	48.28	>	6	8	82
175	chr9	7595466	7595447	-	37.4	28.72	>	6	8	82
176	chr5	21641153	21641134	-	37.3	33.66	>	6	8	82
177	chr14	48367302	48367283	-	37.12	39.88	>	6	8	82
178	chr17	14524624	14524605	+	37.1	38.88	>	6	8	82
179	chr4	84064835	84064816	+	37.06	23.38	>	6	8	82
180	chr4	63368786	63368767	+	37.06	51.6	>	6	8	82
181	chr5	102149680	102149661	+	37.03	38.97	>	6	8	82
182	chr12	32897684	32897665	-	36.88	40.9	>	6	8	82
183	chr16	91936532	91936513	+	36.72	43.06	>	6	8	82
184	chr6	37046379	37046360	-	36.72	47.7	>	6	8	82
185	chr18	59081896	59081877	+	36.7	37.34	>	6	8	82
186	chr6	103697552	103697533	-	36.3	43.6	>	6	8	82
187	chr18	19937930	19937911	+	36.3	37.56	>	6	8	82
188	chr6	93757594	93757575	+	36.28	18.31	>	6	8	82
189	chr17	9756371	9756352	+	36.28	21.2	>	6	8	82
190	chr2	96585854	96585835	+	36.25	26.84	>	6	8	82
191	chr11	82915176	82915157	+	36.2	36.34	>	6	8	82
192	chr6	6005837	6005818	+	36.03	35.2	>	6	8	82
193	chr1	98392238	98392219	-	36.03	38.97	>	6	8	82
194	chr7	48749384	48749365	+	35.94	38.3	>	6	8	82
195	chr11	105911812	105911793	-	35.9	37.8	>	6	8	82
196	chr10	45045486	45045467	-	35.8	35.22	>	6	8	82
197	chr2	4492748	4492729	-	35.75	19.97	>	6	8	82
198	chr6	18087397	18087378	+	35.75	40.84	>	6	8	82
199	chr5	90203341	90203322	+	35.7	41.12	>	6	8	82
200	chr7	136489148	136489129	+	35.62	28.06	>	6	8	82
201	chr9	109862620	109862601	-	35.6	34.12	>	6	8	82
202	chr15	59876355	59876336	+	35.3	32.16	>	6	8	82
203	chr14	76473612	76473593	-	35.25	45.66	>	6	8	82
204	chr3	128349320	128349301	+	35.03	41.75	>	6	8	82
205	chr3	45375963	45375944	+	35.03	23.92	>	6	8	82
206	chr3	133314669	133314650	+	34.97	39.0	>	6	8	82
207	chr1	96801850	96801831	-	34.84	30.55	>	6	8	82
208	chr7	115216958	115216939	+	34.62	30.45	>	6	8	82
209	chr9	59282577	59282558	-	34.62	26.88	>	6	8	82
210	chr2	148112135	148112116	-	34.5	31.5	>	6	8	82
211	chr18	52457916	52457897	-	34.47	28.2	>	6	8	82
212	chr6	56691454	56691435	-	34.34	42.2	>	6	8	82
213	chr13	20292580	20292561	-	34.3	38.5	>	6	8	82
214	chr13	57260119	57260100	-	34.25	52.66	>	6	8	82
215	chr13	113877615	113877596	+	34.25	36.75	>	6	8	82
216	chr13	116715029	116715010	-	34.1	31.72	>	6	8	82
217	chr4	83596692	83596673	-	34.1	52.75	>	6	8	82
218	chr8	64941619	64941600	-	34.06	33.75	>	6	8	82
219	chr3	51701488	51701469	+	34.03	22.56	>	6	8	82
220	chr14	120061322	120061303	-	33.84	29.2	>	6	8	82
221	chr7	75910166	75910147	+	33.8	57.6	>	6	8	82
222	chr4	98702698	98702679	-	33.78	31.62	>	6	8	82
223	chr3	146185137	146185118	+	33.62	52.6	>	6	8	82
224	chr4	151157152	151157133	+	33.53	59.38	>	6	8	82
225	chr5	43391861	43391842	-	33.5	21.5	>	6	8	82
226	chr11	93856511	93856492	-	33.47	26.19	>	6	8	82
227	chr14	59605843	59605824	+	33.47	40.3	>	6	8	82
228	chr14	84438580	84438561	+	33.44	23.31	>	6	8	82
229	chr12	50943824	50943805	-	33.28	38.56	>	6	8	82
230	chr7	83550335	83550316	-	33.2	30.12	>	6	8	82
231	chr6	117167008	117166989	+	33.03	30.3	>	6	8	82
232	chr4	12538791	12538772	+	33.0	21.84	>	6	8	82
233	chr18	47353079	47353060	+	32.84	24.58	>	6	8	82
234	chr5	12541496	12541477	-	32.72	22.56	>	6	8	82
235	chr2	60721127	60721108	+	32.72	22.53	>	6	8	82
236	chr11	78838251	78838232	+	32.72	51.5	>	6	8	82
237	chr8	73356225	73356206	+	32.62	23.39	>	6	8	82
238	chr12	10598567	10598548	+	32.5	41.56	>	6	8	82
239	chr19	20345158	20345139	-	32.25	47.94	>	6	8	82
240	chr17	58909486	58909467	-	32.16	39.4	>	6	8	82
241	chr10	69655037	69655018	-	32.12	36.56	>	6	8	82
242	chr4	3967733	3967714	-	32.12	41.75	>	6	8	82
243	chr16	21192795	21192776	-	32.06	38.78	>	6	8	82
244	chr11	12291593	12291574	-	32.0	15.54	>	6	8	82
245	chr11	117385082	117385063	+	31.83	36.6	>	6	8	82
246	chr12	32292095	32292076	+	31.73	20.83	>	6	8	82
247	chr4	64833096	64833077	+	31.69	34.34	>	6	8	82
248	chr13	47301245	47301226	+	31.67	43.9	>	6	8	82
249	chr1	89631957	89631938	-	31.56	45.38	>	6	8	82
250	chr9	69296601	69296582	-	31.53	38.66	>	6	8	82
251	chr3	53735364	53735345	+	31.28	24.5	>	6	8	82
252	chr10	45373471	45373452	-	31.2	37.7	>	6	8	82
253	chr8	91797725	91797706	+	31.19	30.23	>	6	8	82
254	chr4	88035662	88035643	+	31.06	19.66	>	6	8	82
255	chr2	75151187	75151168	-	31.05	37.9	>	6	8	82
256	chr14	66791971	66791952	-	31.02	32.1	>	6	8	82
257	chr2	93199062	93199043	-	30.9	51.25	>	6	8	82
258	chr2	73551006	73550987	+	30.86	53.72	>	6	8	82
259	chr12	89451144	89451125	-	30.81	40.1	>	6	8	82
260	chr16	66086729	66086710	-	30.81	33.7	>	6	8	82
261	chr14	114791647	114791628	-	30.72	37.2	>	6	8	82
262	chr4	43420547	43420528	-	30.61	34.5	>	6	8	82
263	chr1	87447687	87447668	+	30.56	32.53	>	6	8	82
264	chr15	55306471	55306452	+	30.56	24.06	>	6	8	82
265	chr15	97667578	97667559	+	30.52	37.12	>	6	8	82
266	chr2	16359548	16359529	+	30.47	16.92	>	6	8	82
267	chr14	8356099	8356080	+	30.42	51.06	>	6	8	82
268	chr3	19894816	19894797	-	30.38	33.66	>	6	8	82
269	chr12	43813750	43813731	-	30.34	24.06	>	6	8	82
270	chr2	27770378	27770359	+	30.12	46.8	>	6	8	82
271	chr16	48675836	48675817	-	30.12	28.97	>	6	8	82
272	chr10	13016733	13016714	+	30.1	53.44	>	6	8	82
273	chr2	76367359	76367340	+	30.05	30.6	>	6	8	82
274	chr2	115515230	115515211	+	30.05	12.29	>	6	8	82
275	chr19	16785108	16785089	-	30.03	27.4	>	6	8	82
276	chr3	78948444	78948425	+	30.03	29.16	>	6	8	82
277	chr1	37250876	37250857	-	29.94	25.45	>	6	8	82
278	chr18	74431409	74431390	+	29.94	28.48	>	6	8	82
279	chr1	38787652	38787633	-	29.89	46.22	>	6	8	82
280	chr3	14874584	14874565	+	29.88	22.88	>	6	8	82
281	chr9	69505778	69505759	+	29.88	30.58	>	6	8	82
282	chr10	84450913	84450894	-	29.77	31.7	>	6	8	82
283	chr2	172216047	172216028	-	29.77	65.06	>	6	8	82
284	chr10	97712895	97712876	+	29.72	22.83	>	6	8	82
285	chr1	4770074	4770055	+	29.72	39.66	>	6	8	82
286	chr12	50301580	50301561	-	29.69	16.55	>	6	8	82
287	chr15	85266923	85266904	+	29.69	42.06	>	6	8	82
288	chr4	85403030	85403011	+	29.62	27.23	>	6	8	82
289	chr6	97526370	97526351	-	29.53	31.17	>	6	8	82
290	chr8	112046096	112046077	+	29.5	62.6	>	6	8	82
291	chr12	96311368	96311349	-	29.48	23.8	>	6	8	82
292	chr1	93507239	93507220	-	29.45	32.5	>	6	8	82
293	chr13	21714927	21714908	+	29.4	37.72	>	6	8	82
294	chr6	49008180	49008161	+	29.38	27.1	>	6	8	82
295	chr17	17749545	17749526	-	29.36	32.88	>	6	8	82
296	chr6	145360253	145360234	+	29.34	33.62	>	6	8	82
297	chr7	17066630	17066611	-	29.27	41.75	>	6	8	82
298	chr12	81788850	81788831	-	29.25	32.47	>	6	8	82
299	chr7	129649172	129649153	+	29.19	42.88	>	6	8	82
300	chr14	104039053	104039034	+	29.17	41.16	>	6	8	82
301	chr13	41634744	41634725	-	29.08	40.84	>	6	8	82
302	chr7	138835232	138835213	-	29.02	47.88	>	6	8	82
303	chr15	97195797	97195778	+	28.92	38.5	>	6	8	82
304	chr1	119087737	119087718	+	28.89	50.28	>	6	8	82
305	chr4	85819373	85819354	-	28.86	29.28	>	6	8	82
306	chr11	30657307	30657288	-	28.86	6.477	>	6	8	82
307	chr5	49369245	49369226	+	28.66	27.94	>	6	8	82
308	chr6	106805067	106805048	+	28.61	20.38	>	6	8	82
309	chr6	31660958	31660939	+	28.53	52.9	>	6	8	82
310	chr12	8306749	8306730	-	28.48	47.94	>	6	8	82
311	chr13	42822785	42822766	-	28.47	44.4	>	6	8	82
312	chr15	34968778	34968759	+	28.4	27.94	>	6	8	82
313	chr7	68369859	68369840	+	28.38	58.97	>	6	8	82
314	chr15	80266443	80266424	+	28.33	34.62	>	6	8	82
315	chr6	102171110	102171091	+	28.19	24.06	>	6	8	82
316	chr16	72605273	72605254	-	28.11	17.7	>	6	8	82
317	chr18	65490506	65490487	+	28.06	33.94	>	6	8	82
318	chr3	55373775	55373756	+	28.0	19.75	>	6	8	82
319	chr1	53927814	53927795	-	27.97	28.48	>	6	8	82
320	chr2	160368066	160368047	-	27.95	21.97	>	6	8	82
321	chr10	42295232	42295213	-	27.94	37.8	>	6	8	82
322	chr7	116040411	116040392	-	27.9	26.19	>	6	8	82
323	chr10	116197535	116197516	-	27.81	28.58	>	6	8	82
324	chr5	20773533	20773514	-	27.81	20.77	>	6	8	82
325	chr12	80725012	80724993	-	27.73	38.97	>	6	8	82
326	chr15	66899881	66899862	-	27.6	21.5	>	6	8	82
327	chr18	16822208	16822189	-	27.56	13.28	>	6	8	82
328	chr18	14503254	14503235	-	27.55	19.48	>	6	8	82
329	chr5	98344786	98344767	+	27.44	28.3	>	6	8	82
330	chr10	77517236	77517217	+	27.39	30.44	>	6	8	82
331	chr1	44741472	44741453	-	27.38	6.344	>	6	8	82
332	chr6	127945983	127945964	-	27.28	24.97	>	6	8	82
333	chr16	42914955	42914936	-	27.27	20.78	>	6	8	82
334	chr18	39137558	39137539	+	27.11	15.805	>	6	8	82
335	chr13	42575907	42575888	+	27.11	22.34	>	6	8	82
336	chr2	13278209	13278190	+	27.06	48.53	>	6	8	82
337	chr18	43836585	43836566	-	27.06	22.66	>	6	8	82
338	chr4	114647896	114647877	+	27.05	26.58	>	6	8	82
339	chr16	44149214	44149195	-	27.03	37.28	>	6	8	82
340	chr13	109776299	109776280	+	27.02	27.47	>	6	8	82
341	chr19	30217515	30217496	+	27.0	44.25	>	6	8	82
342	chr6	61316075	61316056	+	26.94	38.16	>	6	8	82
343	chr17	78598832	78598813	+	26.92	37.16	>	6	8	82
344	chr2	117231457	117231438	-	26.88	23.62	>	6	8	82
345	chr4	115101816	115101797	+	26.84	34.88	>	6	8	82
346	chr10	57448131	57448112	-	26.8	44.97	>	6	8	82
347	chr13	113046665	113046646	+	26.77	22.72	>	6	8	82
348	chr4	110022447	110022428	-	26.58	43.47	>	6	8	82
349	chr7	101653829	101653810	+	26.5	47.97	>	6	8	82
350	chr5	67756338	67756319	+	26.5	26.55	>	6	8	82
351	chr3	62192717	62192698	-	26.5	17.1	>	6	8	82
352	chr10	17728146	17728127	-	26.45	14.96	>	6	8	82
353	chr5	37752557	37752538	-	26.33	30.73	>	6	8	82
354	chr1	60961316	60961297	-	26.3	26.22	>	6	8	82
355	chr17	68176981	68176962	+	26.27	18.84	>	6	8	82
356	chr7	37357871	37357852	-	26.2	67.6	>	6	8	82
357	chr4	32572316	32572297	-	26.16	44.75	>	6	8	82
358	chr4	96696741	96696722	+	26.12	32.22	>	6	8	82
359	chr4	109729491	109729472	-	26.06	50.3	>	6	8	82
360	chr10	111977780	111977761	+	25.78	32.1	>	6	8	82
361	chr5	45424489	45424470	-	25.73	30.9	>	6	8	82
362	chr2	61494577	61494558	-	25.72	22.25	>	6	8	82
363	chr6	13287046	13287027	+	25.69	21.62	>	6	8	82
364	chr9	116060829	116060810	+	25.66	36.5	>	6	8	82
365	chr8	17537753	17537734	-	25.64	36.44	>	6	8	82
366	chr9	77781636	77781617	-	25.62	27.94	>	6	8	82
367	chr15	5106460	5106441	-	25.56	29.45	>	6	8	82
368	chr17	93141334	93141315	-	25.53	33.03	>	6	8	82
369	chr6	97759520	97759501	+	25.52	17.88	>	6	8	82
370	chr8	119384750	119384731	-	25.47	45.94	>	6	8	82
371	chr6	88113322	88113303	+	25.38	41.75	>	6	8	82
372	chr15	101984527	101984508	-	25.38	56.7	>	6	8	82
373	chr8	54493335	54493316	-	25.34	39.7	>	6	8	82
374	chr9	24119622	24119603	+	25.33	14.83	>	6	8	82
375	chr3	50077169	50077150	-	25.31	24.22	>	6	8	82
376	chr4	47419767	47419748	+	25.23	44.03	>	6	8	82
377	chr2	76115910	76115891	+	25.22	28.97	>	6	8	82
378	chr15	67174759	67174740	+	25.2	12.74	>	6	8	82
379	chr8	125574509	125574490	+	25.17	12.85	>	6	8	82
380	chr1	161737065	161737046	-	25.11	39.75	>	6	8	82
381	chr3	85571455	85571436	-	25.1	9.7	>	6	8	82
382	chr18	19577078	19577059	-	25.02	27.28	>	6	8	82
383	chr19	36083087	36083068	-	25.0	29.4	>	6	8	82
384	chr8	115709616	115709597	-	24.98	9.14	>	6	8	82
385	chr10	126330794	126330775	-	24.84	24.02	>	6	8	82
386	chr15	25993551	25993532	+	24.81	33.28	>	6	8	82
387	chr5	131430355	131430336	-	24.78	45.44	>	6	8	82
388	chr1	9545352	9545333	-	24.78	38.06	>	6	8	82
389	chr19	28768445	28768426	-	24.75	36.44	>	6	8	82
390	chr10	24630876	24630857	+	24.72	22.94	>	6	8	82
391	chr17	54351102	54351083	+	24.53	15.79	>	6	8	82
392	chr16	20496806	20496787	+	24.47	28.86	>	6	8	82
393	chr12	109394024	109394005	-	24.44	15.02	>	6	8	82
394	chr13	21803288	21803269	-	24.42	40.1	>	6	8	82
395	chr3	103392995	103392976	+	24.38	33.9	>	6	8	82
396	chr15	25428758	25428739	+	24.31	24.08	>	6	8	82
397	chr3	135206860	135206841	-	24.3	9.21	>	6	8	82
398	chr8	65139261	65139242	+	24.3	33.56	>	6	8	82
399	chr9	29650850	29650831	-	24.23	35.72	>	6	8	82
400	chr3	127971093	127971074	+	24.2	46.1	>	6	8	82
401	chr2	104035038	104035019	+	24.16	33.7	>	6	8	82
402	chr9	81635302	81635283	+	24.11	12.08	>	6	8	82
403	chr6	95484597	95484578	+	24.03	13.41	>	6	8	82
404	chr14	72293991	72293972	-	23.83	34.2	>	6	8	82
405	chr18	65490035	65490016	-	23.72	29.94	>	6	8	82
406	chr12	38123788	38123769	-	23.66	16.0	>	6	8	82
407	chr18	70184838	70184819	-	23.66	11.39	>	6	8	82
408	chr3	152095252	152095233	-	23.53	23.67	>	6	8	82
409	chr8	32002994	32002975	-	23.5	23.94	>	6	8	82
410	chr11	22206830	22206811	-	23.48	11.1	>	6	8	82
411	chr5	76541051	76541032	-	23.44	19.22	>	6	8	82
412	chr10	52106337	52106318	+	23.38	22.61	>	6	8	82
413	chr1	84697462	84697443	-	23.38	25.22	>	6	8	82
414	chr1	67181385	67181366	+	23.34	35.0	>	6	8	82
415	chr6	101267027	101267008	+	23.31	12.77	>	6	8	82
416	chr6	129255175	129255156	-	23.25	41.8	>	6	8	82
417	chr4	115710017	115709998	-	23.19	25.83	>	6	8	82
418	chr2	118241614	118241595	-	23.19	37.16	>	6	8	82
419	chr8	71371784	71371765	+	23.11	28.11	>	6	8	82
420	chr7	73422670	73422651	-	23.11	37.7	>	6	8	82
421	chr5	33039602	33039583	+	23.05	27.48	>	6	8	82
422	chr2	153143004	153142985	-	23.02	20.31	>	6	8	82
423	chr14	98181824	98181805	-	23.0	7.93	>	6	8	82
424	chr2	136887058	136887039	-	22.97	12.49	>	6	8	82
425	chr1	135136701	135136682	-	22.88	42.44	>	6	8	82
426	chr5	4948481	4948462	-	22.86	27.0	>	6	8	82
427	chr10	71422814	71422795	+	22.81	51.25	>	6	8	82
428	chr8	64597251	64597232	-	22.66	30.06	>	6	8	82
429	chr1	162336834	162336815	-	22.45	14.914	>	6	8	82
430	chr9	94738996	94738977	+	22.42	42.94	>	6	8	82
431	chr17	53403136	53403117	+	22.4	18.28	>	6	8	82
432	chr2	155811920	155811901	-	22.36	51.28	>	6	8	82
433	chr12	52010769	52010750	+	22.33	16.6	>	6	8	82
434	chr3	44912870	44912851	-	22.31	11.58	>	6	8	82
435	chr5	98348848	98348829	+	22.25	34.97	>	6	8	82
436	chr15	80706301	80706282	+	22.25	25.52	>	6	8	82
437	chr1	167932285	167932266	-	22.22	36.66	>	6	8	82
438	chr14	121455709	121455690	-	22.2	25.7	>	6	8	82
439	chr4	98243714	98243695	-	22.16	26.34	>	6	8	82
440	chr4	143027468	143027449	+	22.14	29.11	>	6	8	82
441	chr2	153668926	153668907	+	22.14	25.36	>	6	8	82
442	chr9	41461929	41461910	-	22.14	12.42	>	6	8	82
443	chr4	109431143	109431124	-	22.1	22.34	>	6	8	82
444	chr5	44831505	44831486	-	22.08	22.05	>	6	8	82
445	chr8	119676601	119676582	-	22.03	33.06	>	6	8	82
446	chr17	40824060	40824041	-	22.02	34.28	>	6	8	82
447	chr15	37102366	37102347	-	22.0	13.84	>	6	8	82
448	chr1	119083862	119083843	-	21.92	45.47	>	6	8	82
449	chr5	41044703	41044684	-	21.78	28.61	>	6	8	82
450	chr19	24622032	24622013	+	21.77	22.19	>	6	8	82
451	chr3	58159626	58159607	-	21.75	32.1	>	6	8	82
452	chr1	38130140	38130121	-	21.75	23.66	>	6	8	82
453	chr2	129472129	129472110	-	21.73	30.17	>	6	8	82
454	chr9	15682043	15682024	-	21.73	11.22	>	6	8	82
455	chr9	69502720	69502701	-	21.7	34.7	>	6	8	82
456	chr14	21120676	21120657	+	21.69	43.16	>	6	8	82
457	chr7	110645588	110645569	-	21.69	43.56	>	6	8	82
458	chr16	78950579	78950560	-	21.64	3.295	>	6	8	82
459	chr7	131899517	131899498	+	21.56	16.44	>	6	8	82
460	chr8	106403484	106403465	-	21.53	20.23	>	6	8	82
461	chr17	73303429	73303410	+	21.48	50.6	>	6	8	82
462	chr1	83727325	83727306	+	21.48	26.81	>	6	8	82
463	chr13	29857603	29857584	+	21.42	9.836	>	6	8	82
464	chr14	104033786	104033767	+	21.34	21.16	>	6	8	82
465	chr7	119011391	119011372	+	21.31	35.56	>	6	8	82
466	chr1	69165377	69165358	+	21.31	25.0	>	6	8	82
467	chr1	192727176	192727157	+	21.28	21.9	>	6	8	82
468	chr9	50438293	50438274	-	21.2	27.17	>	6	8	82
469	chr15	46990407	46990388	-	21.14	10.516	>	6	8	82
470	chr13	73646874	73646855	+	21.14	37.5	>	6	8	82
471	chr16	67089956	67089937	+	21.12	15.94	>	6	8	82
472	chr2	83332995	83332976	-	21.02	18.14	>	6	8	82
473	chr8	10415030	10415011	+	21.0	37.3	>	6	8	82
474	chr1	35716149	35716130	-	20.89	18.69	>	6	8	82
475	chr7	43920039	43920020	-	20.83	34.3	>	6	8	82
476	chr8	15138726	15138707	+	20.81	41.03	>	6	8	82
477	chr13	6515705	6515686	+	20.8	28.08	>	6	8	82
478	chr2	64948996	64948977	-	20.72	23.2	>	6	8	82
479	chr19	20345737	20345718	+	20.7	55.44	>	6	8	82
480	chr5	33994851	33994832	+	20.64	14.97	>	6	8	82
481	chr14	76479953	76479934	+	20.62	37.16	>	6	8	82
482	chr3	144737048	144737029	+	20.58	28.33	>	6	8	82
483	chr2	13597223	13597204	-	20.5	12.72	>	6	8	82
484	chr9	118908437	118908418	-	20.5	27.45	>	6	8	82
485	chr4	153484615	153484596	-	20.39	17.89	>	6	8	82
486	chr19	12433211	12433192	+	20.36	28.34	>	6	8	82
487	chr15	31611224	31611205	+	20.34	11.17	>	6	8	82
488	chr3	107206198	107206179	+	20.34	39.22	>	6	8	82
489	chr17	86909946	86909927	+	20.31	22.38	>	6	8	82
490	chr7	89473669	89473650	-	20.22	24.19	>	6	8	82
491	chr6	35252603	35252584	+	20.22	32.56	>	6	8	82
492	chr6	126168001	126167982	-	20.17	8.76	>	6	8	82
493	chr16	42169942	42169923	+	20.12	43.34	>	6	8	82
494	chr6	90607354	90607335	+	20.11	24.86	>	6	8	82
495	chr6	31664664	31664645	+	20.11	41.5	>	6	8	82
496	chr13	100002039	100002020	+	20.02	21.73	>	6	8	82
497	chr6	97523337	97523318	-	19.97	25.72	>	6	8	82
498	chr4	123529452	123529433	-	19.95	17.69	>	6	8	82
499	chr18	53744741	53744722	-	19.94	29.1	>	6	8	82
500	chr9	13849232	13849213	+	19.9	15.484	>	6	8	82
501	chr15	14052128	14052109	-	19.89	12.375	>	6	8	82
502	chr3	68053761	68053742	-	19.88	27.33	>	6	8	82
503	chr14	50799990	50799971	+	19.83	30.28	>	6	8	82
504	chr8	50292348	50292329	+	19.83	31.36	>	6	8	82
505	chr19	52993242	52993223	-	19.81	45.25	>	6	8	82
506	chr8	24546435	24546416	-	19.8	56.1	>	6	8	82
507	chr2	166085186	166085167	+	19.78	40.2	>	6	8	82
508	chr15	80260893	80260874	-	19.75	33.7	>	6	8	82
509	chr18	75606699	75606680	+	19.72	50.94	>	6	8	82
510	chr2	135957961	135957942	-	19.69	27.1	>	6	8	82
511	chr11	75179118	75179099	+	19.67	22.83	>	6	8	82
512	chr6	77628987	77628968	+	19.66	40.56	>	6	8	82
513	chr4	82614384	82614365	-	19.62	15.836	>	6	8	82
514	chr17	27190013	27189994	+	19.5	26.89	>	6	8	82
515	chr14	121451301	121451282	-	19.45	26.11	>	6	8	82
516	chr9	69987821	69987802	-	19.44	12.234	>	6	8	82
517	chr6	40479902	40479883	+	19.42	24.72	>	6	8	82
518	chr4	82619779	82619760	-	19.42	11.22	>	6	8	82
519	chr2	160593235	160593216	-	19.4	45.8	>	6	8	82
520	chr4	48691990	48691971	+	19.4	34.88	>	6	8	82
521	chr1	11140123	11140104	-	19.39	7.324	>	6	8	82
522	chr6	67858160	67858141	+	19.36	18.55	>	6	8	82
523	chr1	91914028	91914009	+	19.36	22.06	>	6	8	82
524	chr15	76196896	76196877	+	19.33	35.8	>	6	8	82
525	chr11	43767011	43766992	+	19.27	27.44	>	6	8	82
526	chr17	8463677	8463658	+	19.23	31.38	>	6	8	82
527	chr2	60442102	60442083	-	19.22	10.555	>	6	8	82
528	chr10	8242562	8242543	+	19.2	18.4	>	6	8	82
529	chr15	8382407	8382388	+	19.16	11.64	>	6	8	82
530	chr19	11360302	11360283	+	19.14	15.06	>	6	8	82
531	chr12	79305335	79305316	+	19.11	29.94	>	6	8	82
532	chr13	38992697	38992678	+	19.03	12.445	>	6	8	82
533	chr8	91147955	91147936	-	19.0	26.05	>	6	8	82
534	chr13	64443476	64443457	+	19.0	35.6	>	6	8	82
535	chr8	117898214	117898195	+	18.92	34.16	>	6	8	82
536	chr11	42423473	42423454	-	18.77	18.48	>	6	8	82
537	chr9	114957195	114957176	-	18.77	27.38	>	6	8	82
538	chr5	149647926	149647907	+	18.72	23.06	>	6	8	82
539	chr5	128440068	128440049	-	18.69	40.7	>	6	8	82
540	chr6	90606762	90606743	-	18.67	32.6	>	6	8	82
541	chr10	58560031	58560012	+	18.67	23.25	>	6	8	82
542	chr18	25538443	25538424	+	18.66	23.94	>	6	8	82
543	chr11	22987510	22987491	+	18.56	23.83	>	6	8	82
544	chr13	57269837	57269818	-	18.55	36.6	>	6	8	82
545	chr13	53096854	53096835	-	18.55	32.88	>	6	8	82
546	chr7	124783020	124783001	-	18.55	23.44	>	6	8	82
547	chr7	40687242	40687223	-	18.52	26.28	>	6	8	82
548	chr4	109438113	109438094	+	18.45	31.61	>	6	8	82
549	chr13	46663777	46663758	-	18.45	5.215	>	6	8	82
550	chr2	21927862	21927843	-	18.45	17.72	>	6	8	82
551	chr11	72564476	72564457	-	18.39	17.95	>	6	8	82
552	chr14	57362951	57362932	-	18.3	10.125	>	6	8	82
553	chr13	54063511	54063492	-	18.3	12.516	>	6	8	82
554	chr8	127191530	127191511	+	18.27	39.03	>	6	8	82
555	chr4	24249781	24249762	+	18.25	8.38	>	6	8	82
556	chr1	175603551	175603532	-	18.2	12.0	>	6	8	82
557	chr7	131897479	131897460	+	18.19	16.34	>	6	8	82
558	chr2	125259455	125259436	-	18.17	32.72	>	6	8	82
559	chr8	11943262	11943243	-	18.0	20.05	>	6	8	82
560	chr13	74861814	74861795	+	17.98	11.664	>	6	8	82
561	chr3	37302880	37302861	-	17.98	17.84	>	6	8	82
562	chr2	165391753	165391734	+	17.95	20.97	>	6	8	82
563	chr1	167669968	167669949	-	17.94	39.3	>	6	8	82
564	chr14	24311319	24311300	+	17.89	24.48	>	6	8	82
565	chr6	125622660	125622641	+	17.86	24.67	>	6	8	82
566	chr16	91694897	91694878	+	17.83	21.03	>	6	8	82
567	chr7	100886752	100886733	-	17.8	33.3	>	6	8	82
568	chr2	165779092	165779073	+	17.7	43.9	>	6	8	82
569	chr4	118988734	118988715	-	17.7	12.37	>	6	8	82
570	chr9	111939788	111939769	+	17.64	16.92	>	6	8	82
571	chr9	40806571	40806552	+	17.64	39.78	>	6	8	82
572	chr19	21571392	21571373	+	17.64	11.9	>	6	8	82
573	chr10	49785057	49785038	-	17.56	2.498	>	6	8	82
574	chr3	84922220	84922201	+	17.47	28.94	>	6	8	82
575	chr12	7991018	7990999	+	17.47	17.66	>	6	8	82
576	chr8	106687694	106687675	+	17.45	42.0	>	6	8	82
577	chr19	15998346	15998327	+	17.33	27.56	>	6	8	82
578	chr10	30838389	30838370	+	17.3	7.543	>	6	8	82
579	chr2	6469364	6469345	-	17.28	15.65	>	6	8	82
580	chr9	59678540	59678521	-	17.28	29.06	>	6	8	82
581	chr18	60143536	60143517	-	17.25	6.348	>	6	8	82
582	chr2	76114972	76114953	-	17.25	26.88	>	6	8	82
583	chr1	192722361	192722342	-	17.23	36.0	>	6	8	82
584	chr13	6737153	6737134	+	17.23	24.25	>	6	8	82
585	chr10	116199232	116199213	+	17.23	24.89	>	6	8	82
586	chr18	6627309	6627290	+	17.06	30.4	>	6	8	82
587	chr7	117375969	117375950	-	17.03	13.42	>	6	8	82
588	chr11	7200225	7200206	+	17.03	39.34	>	6	8	82
589	chr3	152474817	152474798	+	16.98	9.51	>	6	8	82
590	chr12	4107565	4107546	+	16.97	22.11	>	6	8	82
591	chr18	78212287	78212268	-	16.83	18.31	>	6	8	82
592	chr2	17842170	17842151	-	16.81	6.844	>	6	8	82
593	chr5	112429191	112429172	-	16.78	14.19	>	6	8	82
594	chr9	54169687	54169668	+	16.73	16.64	>	6	8	82
595	chr9	78597063	78597044	+	16.73	17.98	>	6	8	82
596	chr2	125556029	125556010	+	16.69	19.19	>	6	8	82
597	chr4	86545837	86545818	-	16.69	26.34	>	6	8	82
598	chr11	34229190	34229171	+	16.55	19.56	>	6	8	82
599	chr13	60479163	60479144	+	16.52	1.697	>	6	8	82
600	chr11	57788119	57788100	+	16.36	29.88	>	6	8	82
601	chr5	117504639	117504620	+	16.36	53.34	>	6	8	82
602	chr1	128368923	128368904	+	16.28	14.01	>	6	8	82
603	chr14	51098507	51098488	-	16.28	41.22	>	6	8	82
604	chr10	14404268	14404249	+	16.23	20.66	>	6	8	82
605	chr18	65752297	65752278	-	16.1	16.11	>	6	8	82
606	chr3	59077498	59077479	+	16.1	40.72	>	6	8	82
607	chr1	119919473	119919454	+	16.06	20.62	>	6	8	82
608	chr1	86598699	86598680	+	16.03	48.72	>	6	8	82
609	chr1	80178208	80178189	-	16.0	17.12	>	6	8	82
610	chr15	64132164	64132145	+	15.96	15.336	>	6	8	82
611	chr2	4652218	4652199	-	15.91	22.83	>	6	8	82
612	chr9	40805489	40805470	-	15.86	35.53	>	6	8	82
613	chr13	30549079	30549060	-	15.805	25.34	>	6	8	82
614	chr3	82350530	82350511	-	15.805	7.78	>	6	8	82
615	chr7	81155234	81155215	-	15.805	19.0	>	6	8	82
616	chr4	107701325	107701306	-	15.8	18.55	>	6	8	82
617	chr11	76655250	76655231	+	15.8	25.19	>	6	8	82
618	chr7	122945377	122945358	+	15.72	20.64	>	6	8	82
619	chr16	32697312	32697293	+	15.695	24.02	>	6	8	82
620	chr13	114460825	114460806	-	15.65	8.25	>	6	8	82
621	chr19	59389409	59389390	+	15.65	31.4	>	6	8	82
622	chr7	45451495	45451476	+	15.64	35.4	>	6	8	82
623	chr15	85599066	85599047	+	15.625	30.86	>	6	8	82
624	chr10	9012998	9012979	+	15.6	21.77	>	6	8	82
625	chr13	24318872	24318853	-	15.58	11.58	>	6	8	82
626	chr3	123506917	123506898	-	15.53	17.17	>	6	8	82
627	chr13	101719731	101719712	-	15.48	25.34	>	6	8	82
628	chr12	12412898	12412879	-	15.43	30.47	>	6	8	82
629	chr10	127342496	127342477	-	15.4	29.73	>	6	8	82
630	chr7	28972871	28972852	+	15.39	21.2	>	6	8	82
631	chr5	130862481	130862462	+	15.33	29.22	>	6	8	82
632	chr13	53779354	53779335	+	15.31	23.8	>	6	8	82
633	chr11	51582940	51582921	-	15.305	26.1	>	6	8	82
634	chr3	34150257	34150238	+	15.3	17.19	>	6	8	82
635	chr9	30423156	30423137	-	15.29	30.31	>	6	8	82
636	chr1	55886585	55886566	+	15.29	16.73	>	6	8	82
637	chr8	121104251	121104232	+	15.28	31.56	>	6	8	82
638	chr2	31683894	31683875	+	15.27	30.73	>	6	8	82
639	chr9	121458682	121458663	+	15.27	42.72	>	6	8	82
640	chr13	111421545	111421526	+	15.22	27.25	>	6	8	82
641	chr18	56572965	56572946	+	15.22	32.7	>	6	8	82
642	chr18	42593315	42593296	+	15.2	8.75	>	6	8	82
643	chr8	118287683	118287664	+	15.2	7.145	>	6	8	82
644	chr14	47742843	47742824	+	15.18	9.65	>	6	8	82
645	chr1	184791312	184791293	-	15.164	27.39	>	6	8	82
646	chr6	106800166	106800147	-	15.1	18.75	>	6	8	82
647	chr11	12025880	12025861	+	15.06	18.02	>	6	8	82
648	chr5	129594341	129594322	-	15.03	29.4	>	6	8	82
649	chr13	16005724	16005705	+	15.016	13.71	>	6	8	82
650	chr14	65597230	65597211	+	15.016	14.01	>	6	8	82
651	chr5	99900280	99900261	-	14.95	10.75	>	6	8	82
652	chr8	11421350	11421331	-	14.945	26.12	>	6	8	82
653	chr19	4755748	4755729	+	14.93	24.55	>	6	8	82
654	chr10	110733540	110733521	-	14.914	16.5	>	6	8	82
655	chr5	67752088	67752069	+	14.89	18.31	>	6	8	82
656	chr9	77381774	77381755	-	14.85	26.45	>	6	8	82
657	chr18	81951830	81951811	-	14.76	34.06	>	6	8	82
658	chr1	86059644	86059625	+	14.734	30.22	>	6	8	82
659	chr1	52630636	52630617	-	14.734	9.89	>	6	8	82
660	chr2	174308107	174308088	+	14.69	14.67	>	6	8	82
661	chr11	99364649	99364630	-	14.6	16.03	>	6	8	82
662	chr13	109558424	109558405	+	14.49	16.98	>	6	8	82
663	chr12	58201405	58201386	-	14.48	6.883	>	6	8	82
664	chr7	137471937	137471918	+	14.445	28.83	>	6	8	82
665	chr17	26916803	26916784	+	14.414	25.05	>	6	8	82
666	chr5	87871626	87871607	-	14.414	20.39	>	6	8	82
667	chr2	125252443	125252424	+	14.414	25.9	>	6	8	82
668	chr1	9549185	9549166	+	14.414	19.5	>	6	8	82
669	chr11	11788608	11788589	-	14.38	31.97	>	6	8	82
670	chr7	43928727	43928708	+	14.36	11.45	>	6	8	82
671	chr10	60760656	60760637	-	14.31	36.9	>	6	8	82
672	chr6	17362958	17362939	+	14.31	3.076	>	6	8	82
673	chr1	136521528	136521509	-	14.305	21.69	>	6	8	82
674	chr2	153147934	153147915	+	14.28	18.94	>	6	8	82
675	chr8	61522313	61522294	+	14.266	28.28	>	6	8	82
676	chr18	56759303	56759284	+	14.266	12.61	>	6	8	82
677	chr14	115451146	115451127	-	14.234	4.215	>	6	8	82
678	chr1	176218428	176218409	+	14.195	14.99	>	6	8	82
679	chr15	97665520	97665501	-	14.18	30.02	>	6	8	82
680	chr13	20299620	20299601	+	14.18	33.25	>	6	8	82
681	chr9	59969601	59969582	-	14.14	17.69	>	6	8	82
682	chr16	57611975	57611956	+	14.055	18.66	>	6	8	82
683	chr12	15816144	15816125	+	13.984	8.52	>	6	8	82
684	chr15	82271381	82271362	-	13.95	28.55	>	6	8	82
685	chr7	74363644	74363625	-	13.95	40.8	>	6	8	82
686	chr3	73066293	73066274	+	13.95	16.86	>	6	8	82
687	chr1	118772515	118772496	-	13.945	30.34	>	6	8	82
688	chr4	110020493	110020474	-	13.94	26.28	>	6	8	82
689	chr3	34639420	34639401	-	13.94	14.87	>	6	8	82
690	chr2	131530224	131530205	-	13.92	25.86	>	6	8	82
691	chr4	20024128	20024109	+	13.91	12.516	>	6	8	82
692	chr8	74980870	74980851	-	13.81	30.2	>	6	8	82
693	chr18	75757719	75757700	+	13.734	18.78	>	6	8	82
694	chr7	89908147	89908128	-	13.72	13.79	>	6	8	82
695	chr4	150257406	150257387	+	13.72	23.58	>	6	8	82
696	chr2	55022781	55022762	-	13.664	7.77	>	6	8	82
697	chr18	64506771	64506752	-	13.63	18.4	>	6	8	82
698	chr14	123353156	123353137	-	13.61	11.6	>	6	8	82
699	chr4	139872794	139872775	+	13.59	35.75	>	6	8	82
700	chr13	51839869	51839850	+	13.586	21.19	>	6	8	82
701	chr5	146162789	146162770	+	13.516	23.42	>	6	8	82
702	chr9	83785201	83785182	+	13.49	14.66	>	6	8	82
703	chr3	59079480	59079461	+	13.44	28.77	>	6	8	82
704	chr10	11345312	11345293	-	13.375	5.086	>	6	8	82
705	chr11	46252188	46252169	-	13.34	28.12	>	6	8	82
706	chr4	85404971	85404952	+	13.32	14.11	>	6	8	82
707	chr4	130738774	130738755	+	13.31	16.47	>	6	8	82
708	chr5	86432914	86432895	+	13.305	16.02	>	6	8	82
709	chr3	22306829	22306810	+	13.266	18.6	>	6	8	82
710	chr2	91930225	91930206	-	13.25	19.55	>	6	8	82
711	chr6	108417714	108417695	+	13.234	10.66	>	6	8	82
712	chr12	17011790	17011771	-	13.16	20.73	>	6	8	82
713	chr5	87551137	87551118	-	13.15	21.52	>	6	8	82
714	chr4	106227683	106227664	-	13.14	14.38	>	6	8	82
715	chr4	139877472	139877453	+	13.1	27.4	>	6	8	82
716	chr1	88742593	88742574	-	13.086	17.75	>	6	8	82
717	chr3	52254088	52254069	+	13.02	34.16	>	6	8	82
718	chr9	73159469	73159450	+	12.99	27.5	>	6	8	82
719	chr7	29297253	29297234	-	12.984	28.8	>	6	8	82
720	chr13	116312336	116312317	-	12.93	10.21	>	6	8	82
721	chr2	157117146	157117127	-	12.91	21.92	>	6	8	82
722	chr9	60243712	60243693	+	12.89	13.59	>	6	8	82
723	chr1	179845066	179845047	-	12.88	17.89	>	6	8	82
724	chr11	103332754	103332735	+	12.875	24.97	>	6	8	82
725	chr1	53032774	53032755	-	12.87	13.05	>	6	8	82
726	chr8	45345197	45345178	+	12.81	16.72	>	6	8	82
727	chr12	113216133	113216114	+	12.74	53.7	>	6	8	82
728	chr15	36152194	36152175	-	12.72	16.9	>	6	8	82
729	chr1	72876274	72876255	+	12.69	17.11	>	6	8	82
730	chr9	14774009	14773990	+	12.664	9.0	>	6	8	82
731	chr12	74317197	74317178	-	12.664	11.76	>	6	8	82
732	chr7	107819649	107819630	-	12.64	16.3	>	6	8	82
733	chr13	55327907	55327888	+	12.64	17.61	>	6	8	82
734	chr3	54796015	54795996	+	12.63	22.77	>	6	8	82
735	chr6	60963937	60963918	+	12.61	7.094	>	6	8	82
736	chr8	21981891	21981872	-	12.61	17.33	>	6	8	82
737	chr10	38269349	38269330	-	12.52	19.28	>	6	8	82
738	chr6	51170619	51170600	-	12.5	20.02	>	6	8	82
739	chr2	148110356	148110337	-	12.43	16.03	>	6	8	82
740	chr1	88301823	88301804	-	12.42	19.61	>	6	8	82
741	chr6	115037959	115037940	-	12.33	15.375	>	6	8	82
742	chr16	11980974	11980955	+	12.33	3.668	>	6	8	82
743	chr15	44832771	44832752	-	12.31	24.2	>	6	8	82
744	chr19	26193888	26193869	-	12.29	7.65	>	6	8	82
745	chr17	8988263	8988244	-	12.29	10.71	>	6	8	82
746	chr14	66358860	66358841	+	12.28	18.22	>	6	8	82
747	chr12	40832432	40832413	-	12.26	13.56	>	6	8	82
748	chr2	53206958	53206939	-	12.18	12.55	>	6	8	82
749	chr16	42914617	42914598	+	12.16	7.133	>	6	8	82
750	chr11	111523686	111523667	-	12.14	23.53	>	6	8	82
751	chr6	121556678	121556659	+	12.11	18.8	>	6	8	82
752	chr7	43926199	43926180	-	12.1	21.69	>	6	8	82
753	chr3	3311028	3311009	+	12.09	10.74	>	6	8	82
754	chr12	17018680	17018661	+	12.04	21.19	>	6	8	82
755	chr18	33794794	33794775	+	11.97	24.89	>	6	8	82
756	chr15	73791915	73791896	+	11.96	24.61	>	6	8	82
757	chr12	82489256	82489237	+	11.945	11.805	>	6	8	82
758	chr19	37559803	37559784	+	11.91	21.4	>	6	8	82
759	chr12	36195155	36195136	-	11.91	7.07	>	6	8	82
760	chr3	30515246	30515227	-	11.875	11.664	>	6	8	82
761	chr19	27426681	27426662	-	11.81	11.945	>	6	8	82
762	chr2	75590427	75590408	-	11.75	21.66	>	6	8	82
763	chr2	17849498	17849479	+	11.75	6.633	>	6	8	82
764	chr9	83371155	83371136	-	11.75	6.18	>	6	8	82
765	chr9	30936846	30936827	-	11.734	17.67	>	6	8	82
766	chr15	94690037	94690018	+	11.73	23.03	>	6	8	82
767	chr2	147379133	147379114	+	11.69	9.875	>	6	8	82
768	chr4	121232314	121232295	-	11.664	7.945	>	6	8	82
769	chr18	56333219	56333200	-	11.64	4.934	>	6	8	82
770	chr16	25952209	25952190	-	11.64	6.688	>	6	8	82
771	chr13	94976326	94976307	+	11.63	16.62	>	6	8	82
772	chr2	30942898	30942879	-	11.57	22.28	>	6	8	82
773	chr6	104479441	104479422	+	11.55	10.57	>	6	8	82
774	chr5	113080039	113080020	-	11.52	26.94	>	6	8	82
775	chr16	30550607	30550588	-	11.52	17.62	>	6	8	82
776	chr1	160194976	160194957	+	11.51	18.28	>	6	8	82
777	chr11	56116782	56116763	-	11.48	30.47	>	6	8	82
778	chr6	112484521	112484502	-	11.48	12.14	>	6	8	82
779	chr14	21853546	21853527	-	11.445	30.66	>	6	8	82
780	chr9	58534993	58534974	+	11.414	20.97	>	6	8	82
781	chr17	73302318	73302299	+	11.414	39.62	>	6	8	82
782	chr1	85842459	85842440	-	11.41	14.02	>	6	8	82
783	chr17	16926410	16926391	-	11.35	2.584	>	6	8	82
784	chr12	29894861	29894842	+	11.31	16.72	>	6	8	82
785	chr2	127832989	127832970	+	11.22	7.293	>	6	8	82
786	chr16	20724653	20724634	+	11.18	15.11	>	6	8	82
787	chr1	180811112	180811093	-	11.164	28.33	>	6	8	82
788	chr13	109210611	109210592	-	11.16	17.5	>	6	8	82
789	chr18	5990207	5990188	-	11.14	3.14	>	6	8	82
790	chr18	12102268	12102249	-	11.125	23.38	>	6	8	82
791	chr19	59380193	59380174	+	11.08	23.9	>	6	8	82
792	chr2	101665476	101665457	+	11.055	26.06	>	6	8	82
793	chr12	108541242	108541223	-	11.02	27.9	>	6	8	82
794	chr2	32583648	32583629	+	11.016	30.19	>	6	8	82
795	chr1	181881807	181881788	-	10.98	11.91	>	6	8	82
796	chr5	117506576	117506557	+	10.94	40.06	>	6	8	82
797	chr1	38789153	38789134	+	10.89	22.95	>	6	8	82
798	chr10	102445139	102445120	-	10.875	19.4	>	6	8	82
799	chr12	81788941	81788922	+	10.87	12.51	>	6	8	82
800	chr9	78233462	78233443	-	10.86	15.93	>	6	8	82
801	chr10	96618527	96618508	+	10.86	3.014	>	6	8	82
802	chr8	84639419	84639400	-	10.85	34.7	>	6	8	82
803	chr17	8468905	8468886	+	10.85	20.27	>	6	8	82
804	chr2	67535551	67535532	+	10.83	7.83	>	6	8	82
805	chr18	52947340	52947321	+	10.82	10.15	>	6	8	82
806	chr13	72625410	72625391	-	10.78	6.715	>	6	8	82
807	chr11	31942449	31942430	+	10.69	22.72	>	6	8	82
808	chr1	6190743	6190724	-	10.63	7.344	>	6	8	82
809	chr7	74367549	74367530	+	10.6	15.16	>	6	8	82
810	chr4	22482970	22482951	+	10.58	4.45	>	6	8	82
811	chr13	20298018	20297999	+	10.56	24.86	>	6	8	82
812	chr16	75325511	75325492	-	10.484	5.44	>	6	8	82
813	chr6	54586377	54586358	+	10.44	8.14	>	6	8	82
814	chr14	59604211	59604192	-	10.375	15.664	>	6	8	82
815	chr2	107946040	107946021	-	10.31	11.08	>	6	8	82
816	chr1	62701219	62701200	-	10.3	12.74	>	6	8	82
817	chr7	75914120	75914101	+	10.266	24.1	>	6	8	82
818	chr5	98167679	98167660	+	10.26	12.875	>	6	8	82
819	chr9	99671799	99671780	+	10.23	22.52	>	6	8	82
820	chr1	179847901	179847882	+	10.16	11.88	>	6	8	82
821	chr15	80080817	80080798	-	10.15	32.28	>	6	8	82
822	chr6	137747756	137747737	-	10.09	27.12	>	6	8	82
823	chr6	77249625	77249606	-	10.09	6.945	>	6	8	82
824	chr5	149049190	149049171	-	10.08	15.81	>	6	8	82
825	chr18	32814407	32814388	-	10.07	2.566	>	6	8	82
826	chr11	46258405	46258386	-	10.06	20.3	>	6	8	82
827	chr11	81974830	81974811	-	10.01	5.44	>	6	8	82
828	chr19	48414047	48414028	+	9.99	12.77	>	6	8	82
829	chr11	34836484	34836465	+	9.86	20.75	>	6	8	82
830	chr17	24437345	24437326	-	9.81	19.33	>	6	8	82
831	chr6	59208753	59208734	-	9.734	12.92	>	6	8	82
832	chr13	37325694	37325675	-	9.734	20.84	>	6	8	82
833	chr11	43412967	43412948	-	9.72	22.2	>	6	8	82
834	chr13	49651342	49651323	-	9.71	2.496	>	6	8	82
835	chr7	143151380	143151361	+	9.69	18.05	>	6	8	82
836	chr16	4285478	4285459	-	9.67	7.94	>	6	8	82
837	chr11	29715017	29714998	-	9.664	9.12	>	6	8	82
838	chr3	134654263	134654244	+	9.62	3.898	>	6	8	82
839	chr8	28978824	28978805	-	9.57	7.504	>	6	8	82
840	chr13	54062269	54062250	-	9.55	10.02	>	6	8	82
841	chr9	32585514	32585495	+	9.516	12.72	>	6	8	82
842	chr7	73648212	73648193	-	9.484	13.375	>	6	8	82
843	chr19	27425889	27425870	-	9.44	11.26	>	6	8	82
844	chr13	100854377	100854358	-	9.42	17.78	>	6	8	82
845	chr5	140749784	140749765	-	9.414	22.17	>	6	8	82
846	chr4	127027444	127027425	+	9.4	22.48	>	6	8	82
847	chr11	109221866	109221847	-	9.3	9.67	>	6	8	82
848	chr16	16596794	16596775	+	9.28	5.977	>	6	8	82
849	chr2	128605294	128605275	-	9.25	9.07	>	6	8	82
850	chr2	61492265	61492246	+	9.25	6.99	>	6	8	82
851	chr10	74217479	74217460	+	9.22	7.7	>	6	8	82
852	chr9	68016722	68016703	+	9.2	8.305	>	6	8	82
853	chr6	144248136	144248117	+	9.19	7.742	>	6	8	82
854	chr13	51191948	51191929	+	9.17	5.492	>	6	8	82
855	chr2	103424848	103424829	-	9.164	12.29	>	6	8	82
856	chr7	64751734	64751715	-	9.13	16.66	>	6	8	82
857	chr7	27160004	27159985	+	9.125	14.17	>	6	8	82
858	chr13	95986545	95986526	+	9.08	13.76	>	6	8	82
859	chr5	135118653	135118634	+	9.08	29.22	>	6	8	82
860	chr10	49786914	49786895	-	9.07	0.785	>	6	8	82
861	chr1	51639072	51639053	+	9.02	3.22	>	6	8	82
862	chr14	105307894	105307875	+	8.95	2.453	>	6	8	82
863	chr19	40231990	40231971	-	8.95	19.89	>	6	8	82
864	chr10	69656526	69656507	+	8.95	12.99	>	6	8	82
865	chr7	142714879	142714860	-	8.945	27.2	>	6	8	82
866	chr6	129256260	129256241	-	8.93	14.53	>	6	8	82
867	chr5	138199783	138199764	+	8.9	8.414	>	6	8	82
868	chr8	36193738	36193719	+	8.89	10.43	>	6	8	82
869	chr11	49597354	49597335	+	8.87	6.92	>	6	8	82
870	chr1	139405977	139405958	-	8.86	4.043	>	6	8	82
871	chr3	124289118	124289099	-	8.84	12.69	>	6	8	82
872	chr9	13196005	13195986	-	8.83	30.6	>	6	8	82
873	chr14	115819240	115819221	+	8.83	10.71	>	6	8	82
874	chr5	146914595	146914576	+	8.82	39.7	>	6	8	82
875	chr4	119223866	119223847	-	8.766	16.34	>	6	8	82
876	chr15	85879204	85879185	-	8.76	17.27	>	6	8	82
877	chr4	124682485	124682466	+	8.7	17.45	>	6	8	82
878	chr17	34956526	34956507	+	8.695	22.17	>	6	8	82
879	chr12	39494054	39494035	-	8.65	2.455	>	6	8	82
880	chr9	34485824	34485805	-	8.625	10.6	>	6	8	82
881	chr2	180786948	180786929	+	8.57	17.27	>	6	8	82
882	chr4	62230989	62230970	+	8.57	12.25	>	6	8	82
883	chr2	16357480	16357461	+	8.55	2.205	>	6	8	82
884	chr17	9759516	9759497	+	8.54	11.53	>	6	8	82
885	chr10	13018670	13018651	+	8.54	19.64	>	6	8	82
886	chr4	32570820	32570801	-	8.52	6.645	>	6	8	82
887	chr9	86451919	86451900	-	8.49	16.77	>	6	8	82
888	chr7	139590495	139590476	+	8.49	20.39	>	6	8	82
889	chr16	31944169	31944150	+	8.445	14.11	>	6	8	82
890	chr3	104701211	104701192	-	8.44	24.84	>	6	8	82
891	chr2	160955546	160955527	-	8.414	14.05	>	6	8	82
892	chr18	32811889	32811870	+	8.4	4.918	>	6	8	82
893	chr14	115042240	115042221	-	8.4	14.734	>	6	8	82
894	chr2	28464119	28464100	-	8.33	19.16	>	6	8	82
895	chr2	76369931	76369912	+	8.28	9.1	>	6	8	82
896	chr3	107605512	107605493	+	8.28	12.57	>	6	8	82
897	chr14	121220891	121220872	-	8.23	10.8	>	6	8	82
898	chr1	103796539	103796520	+	8.22	10.74	>	6	8	82
899	chr16	23151589	23151570	+	8.21	3.11	>	6	8	82
900	chr5	33371346	33371327	-	8.19	15.74	>	6	8	82
901	chr13	103121088	103121069	-	8.18	6.016	>	6	8	82
902	chr10	60760529	60760510	+	8.14	24.72	>	6	8	82
903	chr1	169921787	169921768	+	8.12	12.62	>	6	8	82
904	chr13	42826816	42826797	-	8.11	17.0	>	6	8	82
905	chr6	72601930	72601911	+	8.11	24.06	>	6	8	82
906	chr7	81345319	81345300	-	7.99	7.87	>	6	8	82
907	chr11	33934471	33934452	+	7.98	18.27	>	6	8	82
908	chr18	77044808	77044789	-	7.97	11.42	>	6	8	82
909	chr7	67217278	67217259	+	7.926	7.28	>	6	8	82
910	chr2	164074027	164074008	+	7.906	10.22	>	6	8	82
911	chr3	45373410	45373391	+	7.855	1.438	>	6	8	82
912	chr1	152768355	152768336	-	7.84	9.35	>	6	8	82
913	chr11	102267665	102267646	-	7.81	17.44	>	6	8	82
914	chr11	43411664	43411645	-	7.81	21.72	>	6	8	82
915	chr2	129880054	129880035	+	7.805	6.484	>	6	8	82
916	chr11	81972241	81972222	+	7.797	9.07	>	6	8	82
917	chr9	65581143	65581124	-	7.793	11.17	>	6	8	82
918	chr4	106228720	106228701	+	7.727	13.9	>	6	8	82
919	chr6	119467876	119467857	+	7.703	18.1	>	6	8	82
920	chr10	122794511	122794492	+	7.695	15.734	>	6	8	82
921	chr14	34813484	34813465	-	7.69	11.805	>	6	8	82
922	chr15	19280629	19280610	+	7.68	3.066	>	6	8	82
923	chr13	38235597	38235578	-	7.676	11.836	>	6	8	82
924	chr13	21710105	21710086	+	7.67	14.95	>	6	8	82
925	chr11	104231353	104231334	-	7.67	18.38	>	6	8	82
926	chr6	86401304	86401285	-	7.64	23.28	>	6	8	82
927	chr4	24245320	24245301	-	7.633	3.027	>	6	8	82
928	chr9	29655082	29655063	+	7.613	20.11	>	6	8	82
929	chr9	58535957	58535938	-	7.605	16.9	>	6	8	82
930	chr5	112427478	112427459	-	7.598	9.93	>	6	8	82
931	chr4	140539353	140539334	-	7.58	22.9	>	6	8	82
932	chr14	105302910	105302891	+	7.57	4.605	>	6	8	82
933	chr7	19713404	19713385	-	7.543	26.19	>	6	8	82
934	chr1	127487367	127487348	-	7.52	14.33	>	6	8	82
935	chr19	56806125	56806106	-	7.504	5.934	>	6	8	82
936	chr19	47175662	47175643	-	7.46	21.67	>	6	8	82
937	chr2	150795624	150795605	-	7.44	6.633	>	6	8	82
938	chr2	137114826	137114807	+	7.438	4.08	>	6	8	82
939	chr10	119244230	119244211	+	7.434	4.305	>	6	8	82
940	chr5	117094622	117094603	+	7.42	22.22	>	6	8	82
941	chr11	67100384	67100365	-	7.42	22.83	>	6	8	82
942	chr5	30686988	30686969	+	7.41	18.64	>	6	8	82
943	chr8	105291139	105291120	-	7.41	11.78	>	6	8	82
944	chr7	143470174	143470155	-	7.39	17.94	>	6	8	82
945	chr15	8099290	8099271	-	7.35	8.336	>	6	8	82
946	chr7	119015949	119015930	+	7.34	17.75	>	6	8	82
947	chr17	56306039	56306020	-	7.305	16.48	>	6	8	82
948	chr1	134636895	134636876	+	7.3	5.97	>	6	8	82
949	chr17	65541217	65541198	+	7.258	9.125	>	6	8	82
950	chr14	49218880	49218861	+	7.25	8.47	>	6	8	82
951	chr1	25527154	25527135	+	7.2	7.453	>	6	8	82
952	chr1	146515575	146515556	+	7.18	3.11	>	6	8	82
953	chr9	44109578	44109559	+	7.176	33.9	>	6	8	82
954	chr11	108889358	108889339	+	7.15	8.016	>	6	8	82
955	chr7	138398615	138398596	+	7.117	4.707	>	6	8	82
956	chr5	32204842	32204823	+	7.11	6.15	>	6	8	82
957	chr8	14859581	14859562	+	7.1	5.27	>	6	8	82
958	chr11	95676507	95676488	-	7.09	14.555	>	6	8	82
959	chr6	85141186	85141167	+	7.08	33.56	>	6	8	82
960	chr14	20340404	20340385	-	7.04	15.81	>	6	8	82
961	chr1	193130339	193130320	-	7.023	5.71	>	6	8	82
962	chr9	98032882	98032863	+	6.992	4.73	>	6	8	82
963	chr7	143793289	143793270	+	6.98	21.42	>	6	8	82
964	chr12	32292312	32292293	-	6.895	8.26	>	6	8	82
965	chr17	45724453	45724434	-	6.89	12.125	>	6	8	82
966	chr14	102512314	102512295	+	6.89	1.602	>	6	8	82
967	chr8	11943038	11943019	+	6.88	5.47	>	6	8	82
968	chr7	83553561	83553542	+	6.867	8.27	>	6	8	82
969	chr9	64960779	64960760	-	6.85	16.31	>	6	8	82
970	chr9	30426996	30426977	+	6.832	15.31	>	6	8	82
971	chr11	119249183	119249164	+	6.785	23.48	>	6	8	82
972	chr8	90795542	90795523	+	6.77	10.67	>	6	8	82
973	chr2	113498926	113498907	-	6.766	9.86	>	6	8	82
974	chr13	62926662	62926643	+	6.75	4.73	>	6	8	82
975	chr1	127485025	127485006	+	6.715	16.44	>	6	8	82
976	chr17	78592615	78592596	+	6.715	8.945	>	6	8	82
977	chr2	118246134	118246115	-	6.668	13.72	>	6	8	82
978	chr2	92474875	92474856	-	6.652	13.95	>	6	8	82
979	chr7	17061423	17061404	+	6.645	15.1	>	6	8	82
980	chr10	122090678	122090659	+	6.63	8.38	>	6	8	82
981	chr13	64448147	64448128	+	6.594	17.92	>	6	8	82
982	chr2	34642611	34642592	-	6.562	14.51	>	6	8	82
983	chr5	117509743	117509724	+	6.54	26.92	>	6	8	82
984	chr7	131371109	131371090	+	6.516	4.71	>	6	8	82
985	chr6	94054143	94054124	-	6.5	13.34	>	6	8	82
986	chr14	20697228	20697209	+	6.465	17.88	>	6	8	82
987	chr10	122798121	122798102	+	6.46	15.23	>	6	8	82
988	chr13	14196604	14196585	+	6.45	1.613	>	6	8	82
989	chr3	118991976	118991957	+	6.438	8.26	>	6	8	82
990	chr9	107231295	107231276	-	6.434	7.414	>	6	8	82
991	chr15	24557016	24556997	-	6.418	3.371	>	6	8	82
992	chr2	178407758	178407739	+	6.414	11.43	>	6	8	82
993	chr9	90683476	90683457	-	6.38	1.322	>	6	8	82
994	chr6	22968335	22968316	-	6.34	6.418	>	6	8	82
995	chr12	67217811	67217792	+	6.336	1.95	>	6	8	82
996	chr10	82910438	82910419	+	6.277	10.99	>	6	8	82
997	chr7	49125716	49125697	+	6.258	16.88	>	6	8	82
998	chr11	119491305	119491286	-	6.215	10.81	>	6	8	82
999	chr11	32341308	32341289	-	6.21	14.555	>	6	8	82
1000	chr19	8713406	8713387	+	6.19	10.44	>	6	8	82
1001	chr4	48048044	48048025	+	6.152	6.21	>	6	8	82
1002	chr11	52764825	52764806	+	6.15	7.75	>	6	8	82
1003	chr13	20564636	20564617	-	6.145	4.82	>	6	8	82
1004	chr10	39105011	39104992	-	6.14	7.152	>	6	8	82
1005	chr11	98909856	98909837	-	6.117	18.95	>	6	8	82
1006	chr1	151025102	151025083	+	6.117	4.496	>	6	8	82
1007	chr5	98167777	98167758	-	6.113	9.555	>	6	8	82
1008	chr8	88118562	88118543	+	6.062	3.66	>	6	8	82
1009	chr16	92511934	92511915	+	6.035	16.34	>	6	8	82
1010	chr15	25792295	25792276	-	6.008	6.87	>	6	8	82
1011	chr13	92751194	92751175	+	5.938	12.68	>	6	8	82
1012	chr5	101688793	101688774	-	5.934	12.51	>	6	8	82
1013	chr7	112023252	112023233	+	5.93	8.26	>	6	8	82
1014	chr14	21854038	21854019	-	5.914	27.36	>	6	8	82
1015	chr8	32003733	32003714	-	5.9	2.012	>	6	8	82
1016	chr13	53095394	53095375	-	5.867	6.086	>	6	8	82
1017	chr1	182554179	182554160	+	5.836	10.15	>	6	8	82
1018	chr6	18381568	18381549	+	5.832	1.955	>	6	8	82
1019	chr9	77389590	77389571	+	5.832	5.68	>	6	8	82
1020	chr16	5254481	5254462	-	5.812	12.77	>	6	8	82
1021	chr2	93199625	93199606	+	5.797	14.08	>	6	8	82
1022	chr9	81631651	81631632	-	5.793	3.863	>	6	8	82
1023	chr2	152887412	152887393	-	5.78	4.652	>	6	8	82
1024	chr4	153481137	153481118	-	5.766	3.3	>	6	8	82
1025	chr8	72239706	72239687	-	5.754	5.32	>	6	8	82
1026	chr18	65750236	65750217	-	5.703	2.543	>	6	8	82
1027	chr6	61311882	61311863	-	5.68	7.43	>	6	8	82
1028	chr18	46143625	46143606	+	5.676	6.477	>	6	8	82
1029	chr6	120836118	120836099	+	5.64	7.797	>	6	8	82
1030	chr6	100563990	100563971	-	5.625	4.164	>	6	8	82
1031	chr3	13475098	13475079	-	5.61	1.948	>	6	8	82
1032	chr2	132262968	132262949	+	5.6	7.164	>	6	8	82
1033	chr11	103334169	103334150	+	5.594	12.02	>	6	8	82
1034	chr6	54255029	54255010	+	5.586	4.35	>	6	8	82
1035	chr13	101711018	101710999	+	5.543	9.15	>	6	8	82
1036	chr5	39644761	39644742	-	5.54	3.531	>	6	8	82
1037	chr8	90795201	90795182	-	5.516	4.996	>	6	8	82
1038	chr18	23162646	23162627	+	5.51	1.562	>	6	8	82
1039	chr16	78165563	78165544	+	5.477	7.39	>	6	8	82
1040	chr2	96584106	96584087	-	5.44	3.29	>	6	8	82
1041	chr12	72070473	72070454	+	5.426	11.336	>	6	8	82
1042	chr12	24708691	24708672	+	5.414	9.914	>	6	8	82
1043	chr8	92367135	92367116	-	5.406	6.984	>	6	8	82
1044	chr17	83866777	83866758	+	5.4	23.0	>	6	8	82
1045	chr13	55322636	55322617	-	5.4	7.0	>	6	8	82
1046	chr6	88893771	88893752	-	5.395	16.78	>	6	8	82
1047	chr19	8718731	8718712	-	5.383	8.6	>	6	8	82
1048	chr12	59220179	59220160	-	5.38	2.5	>	6	8	82
1049	chr14	60784526	60784507	+	5.367	16.06	>	6	8	82
1050	chr3	153658591	153658572	+	5.33	6.258	>	6	8	82
1051	chr9	77386949	77386930	-	5.312	12.24	>	6	8	82
1052	chr10	83219903	83219884	+	5.312	6.188	>	6	8	82
1053	chr6	15176967	15176948	-	5.31	2.947	>	6	8	82
1054	chr2	152604207	152604188	-	5.27	19.44	>	6	8	82
1055	chr2	39003369	39003350	-	5.26	1.671	>	6	8	82
1056	chr16	31425707	31425688	-	5.254	13.484	>	6	8	82
1057	chr5	137503018	137502999	-	5.227	3.691	>	6	8	82
1058	chr18	13973086	13973067	-	5.207	0.71	>	6	8	82
1059	chr17	68849016	68848997	-	5.2	1.891	>	6	8	82
1060	chr2	128408931	128408912	-	5.19	8.72	>	6	8	82
1061	chr14	97559790	97559771	-	5.16	2.041	>	6	8	82
1062	chr8	67903864	67903845	-	5.13	6.113	>	6	8	82
1063	chr14	56888181	56888162	-	5.125	3.316	>	6	8	82
1064	chr4	132198465	132198446	+	5.125	11.19	>	6	8	82
1065	chr2	39005861	39005842	-	5.12	3.883	>	6	8	82
1066	chr7	137471679	137471660	-	5.1	19.97	>	6	8	82
1067	chr6	64949075	64949056	+	5.09	5.168	>	6	8	82
1068	chr18	16821148	16821129	+	5.043	1.935	>	6	8	82
1069	chr2	93813566	93813547	+	5.04	13.086	>	6	8	82
1070	chr6	126481478	126481459	-	5.023	10.89	>	6	8	82
1071	chr1	181881093	181881074	-	4.984	10.19	>	6	8	82
1072	chr6	108065822	108065803	-	4.977	6.67	>	6	8	82
1073	chr4	88550373	88550354	+	4.938	4.04	>	6	8	82
1074	chr5	137502167	137502148	+	4.867	8.81	>	6	8	82
1075	chr8	77618148	77618129	-	4.86	4.188	>	6	8	82
1076	chr7	120098024	120098005	+	4.855	7.22	>	6	8	82
1077	chr2	75152706	75152687	-	4.824	10.55	>	6	8	82
1078	chr11	87950193	87950174	+	4.78	11.09	>	6	8	82
1079	chr11	94598936	94598917	-	4.746	10.49	>	6	8	82
1080	chr1	10229119	10229100	+	4.746	0.972	>	6	8	82
1081	chr7	143476888	143476869	+	4.746	8.89	>	6	8	82
1082	chr9	102607693	102607674	-	4.715	3.604	>	6	8	82
1083	chr8	32009749	32009730	+	4.71	6.785	>	6	8	82
1084	chr3	99262117	99262098	-	4.707	1.889	>	6	8	82
1085	chr18	75607987	75607968	+	4.664	23.11	>	6	8	82
1086	chr7	75380211	75380192	-	4.64	2.41	>	6	8	82
1087	chr3	135863108	135863089	+	4.64	3.164	>	6	8	82
1088	chr4	87369015	87368996	-	4.625	9.125	>	6	8	82
1089	chr8	84639535	84639516	+	4.605	13.88	>	6	8	82
1090	chr15	74524301	74524282	+	4.586	13.7	>	6	8	82
1091	chr17	57007316	57007297	-	4.582	9.42	>	6	8	82
1092	chr11	30893985	30893966	+	4.547	0.9004	>	6	8	82
1093	chr19	57360190	57360171	-	4.543	2.654	>	6	8	82
1094	chr8	110102657	110102638	-	4.53	9.24	>	6	8	82
1095	chr7	135389259	135389240	-	4.53	9.336	>	6	8	82
1096	chr4	152527530	152527511	+	4.516	13.99	>	6	8	82
1097	chr13	103710441	103710422	+	4.5	4.57	>	6	8	82
1098	chr10	120896053	120896034	+	4.5	2.322	>	6	8	82
1099	chr18	5155632	5155613	-	4.484	6.39	>	6	8	82
1100	chr12	80141693	80141674	-	4.45	17.05	>	6	8	82
1101	chr5	118763566	118763547	-	4.418	12.81	>	6	8	82
1102	chr12	14150175	14150156	+	4.406	3.688	>	6	8	82
1103	chr10	128990300	128990281	-	4.4	8.03	>	6	8	82
1104	chr10	30834038	30834019	-	4.37	4.473	>	6	8	82
1105	chr6	50618483	50618464	+	4.367	12.766	>	6	8	82
1106	chr15	9748972	9748953	-	4.36	3.496	>	6	8	82
1107	chr16	92308164	92308145	-	4.355	11.22	>	6	8	82
1108	chr2	9881964	9881945	-	4.355	2.918	>	6	8	82
1109	chr8	123106089	123106070	+	4.336	8.18	>	6	8	82
1110	chr5	98346264	98346245	+	4.324	2.342	>	6	8	82
1111	chr10	40249841	40249822	-	4.316	12.23	>	6	8	82
1112	chr3	141457685	141457666	+	4.312	4.707	>	6	8	82
1113	chr9	40192620	40192601	-	4.3	2.145	>	6	8	82
1114	chr9	72448248	72448229	+	4.29	7.78	>	6	8	82
1115	chr13	24316809	24316790	-	4.273	3.682	>	6	8	82
1116	chr1	50927249	50927230	+	4.258	4.5	>	6	8	82
1117	chr11	102690417	102690398	-	4.223	12.195	>	6	8	82
1118	chr4	116627141	116627122	+	4.207	6.52	>	6	8	82
1119	chr15	76198817	76198798	+	4.164	10.72	>	6	8	82
1120	chr15	12113620	12113601	-	4.156	3.312	>	6	8	82
1121	chr1	115675059	115675040	+	4.152	5.223	>	6	8	82
1122	chr2	34644807	34644788	-	4.15	8.266	>	6	8	82
1123	chr2	166084974	166084955	-	4.133	18.12	>	6	8	82
1124	chr11	21571906	21571887	-	4.13	2.105	>	6	8	82
1125	chr15	9449709	9449690	-	4.062	0.543	>	6	8	82
1126	chr5	92664520	92664501	-	4.055	3.326	>	6	8	82
1127	chr12	77001216	77001197	+	4.043	1.105	>	6	8	82
1128	chr6	93757507	93757488	-	4.01	5.273	>	6	8	82
1129	chr19	56302794	56302775	+	4.01	3.797	>	6	8	82
1130	chr13	71954038	71954019	-	4.008	1.19	>	6	8	82
1131	chr4	17852015	17851996	-	4.0	0.8535	>	6	8	82
1132	chr18	39136126	39136107	+	3.992	1.932	>	6	8	82
1133	chr1	153489234	153489215	-	3.99	7.715	>	6	8	82
1134	chr9	66136172	66136153	-	3.988	5.383	>	6	8	82
1135	chr11	109621431	109621412	-	3.979	11.484	>	6	8	82
1136	chr13	91723318	91723299	+	3.959	5.49	>	6	8	82
1137	chr13	3642291	3642272	-	3.959	4.75	>	6	8	82
1138	chr13	47304770	47304751	+	3.957	6.746	>	6	8	82
1139	chr2	121144456	121144437	+	3.953	4.504	>	6	8	82
1140	chr13	93772223	93772204	-	3.928	3.56	>	6	8	82
1141	chr10	70967079	70967060	+	3.916	4.88	>	6	8	82
1142	chr13	59417085	59417066	-	3.91	5.0	>	6	8	82
1143	chr7	102484972	102484953	-	3.883	7.0	>	6	8	82
1144	chr5	38235667	38235648	-	3.879	10.78	>	6	8	82
1145	chr14	56885401	56885382	+	3.87	2.412	>	6	8	82
1146	chr11	75170669	75170650	-	3.861	7.984	>	6	8	82
1147	chr11	77980417	77980398	+	3.846	9.5	>	6	8	82
1148	chr9	94738712	94738693	+	3.828	14.92	>	6	8	82
1149	chr6	140466500	140466481	-	3.816	3.785	>	6	8	82
1150	chr19	57361025	57361006	-	3.814	6.484	>	6	8	82
1151	chr12	58972459	58972440	+	3.777	2.135	>	6	8	82
1152	chr2	61490636	61490617	+	3.775	5.23	>	6	8	82
1153	chr4	44310651	44310632	+	3.762	4.973	>	6	8	82
1154	chr11	52766147	52766128	+	3.734	1.83	>	6	8	82
1155	chr13	72627587	72627568	-	3.717	4.066	>	6	8	82
1156	chr9	23012459	23012440	-	3.71	1.704	>	6	8	82
1157	chr16	31427924	31427905	-	3.705	3.383	>	6	8	82
1158	chr12	29895773	29895754	+	3.691	1.481	>	6	8	82
1159	chr9	73154557	73154538	+	3.666	9.1	>	6	8	82
1160	chr1	127484437	127484418	-	3.66	8.8	>	6	8	82
1161	chr9	107566236	107566217	+	3.656	7.098	>	6	8	82
1162	chr2	68118338	68118319	+	3.652	4.36	>	6	8	82
1163	chr11	11140836	11140817	-	3.629	13.69	>	6	8	82
1164	chr12	74014936	74014917	-	3.627	5.97	>	6	8	82
1165	chr7	138396301	138396282	-	3.621	0.934	>	6	8	82
1166	chr14	103534605	103534586	+	3.617	5.312	>	6	8	82
1167	chr10	115164112	115164093	-	3.613	3.031	>	6	8	82
1168	chr7	119019764	119019745	+	3.598	7.113	>	6	8	82
1169	chr13	96389525	96389506	-	3.588	1.339	>	6	8	82
1170	chr14	74723724	74723705	-	3.586	5.766	>	6	8	82
1171	chr14	55114114	55114095	-	3.57	7.387	>	6	8	82
1172	chr9	62784468	62784449	+	3.562	12.84	>	6	8	82
1173	chr10	127678167	127678148	-	3.541	2.129	>	6	8	82
1174	chr17	55948218	55948199	-	3.535	4.3	>	6	8	82
1175	chr11	78183263	78183244	-	3.525	12.305	>	6	8	82
1176	chr6	59207403	59207384	-	3.508	1.477	>	6	8	82
1177	chr6	135416919	135416900	+	3.498	4.027	>	6	8	82
1178	chr5	122104403	122104384	+	3.492	11.98	>	6	8	82
1179	chr13	37971068	37971049	-	3.482	3.088	>	6	8	82
1180	chr5	114612410	114612391	+	3.48	13.6	>	6	8	82
1181	chr10	114442226	114442207	+	3.46	2.104	>	6	8	82
1182	chr2	145655527	145655508	-	3.44	2.05	>	6	8	82
1183	chr7	109507351	109507332	-	3.418	1.832	>	6	8	82
1184	chr16	10009965	10009946	+	3.402	4.965	>	6	8	82
1185	chr14	67969032	67969013	-	3.385	5.523	>	6	8	82
1186	chr5	140744055	140744036	-	3.348	10.35	>	6	8	82
1187	chr1	56984334	56984315	+	3.338	2.584	>	6	8	82
1188	chr2	137110782	137110763	+	3.328	1.323	>	6	8	82
1189	chr16	22267525	22267506	+	3.322	1.262	>	6	8	82
1190	chr16	4884595	4884576	-	3.3	2.822	>	6	8	82
1191	chr5	19458406	19458387	-	3.291	6.625	>	6	8	82
1192	chr1	84697217	84697198	-	3.29	7.492	>	6	8	82
1193	chr14	122903088	122903069	-	3.29	2.205	>	6	8	82
1194	chr7	64056729	64056710	-	3.273	1.214	>	6	8	82
1195	chr9	71624061	71624042	-	3.273	15.39	>	6	8	82
1196	chr9	96885958	96885939	-	3.271	10.016	>	6	8	82
1197	chr18	46964733	46964714	-	3.266	8.555	>	6	8	82
1198	chr3	122638475	122638456	+	3.26	4.82	>	6	8	82
1199	chr9	94733848	94733829	+	3.256	3.768	>	6	8	82
1200	chr1	167938404	167938385	-	3.25	6.79	>	6	8	82
1201	chr1	180811841	180811822	+	3.244	6.383	>	6	8	82
1202	chr10	42760472	42760453	+	3.229	1.784	>	6	8	82
1203	chr18	20598347	20598328	+	3.213	4.758	>	6	8	82
1204	chr17	71909305	71909286	+	3.203	3.572	>	6	8	82
1205	chr1	34459898	34459879	+	3.193	3.389	>	6	8	82
1206	chr4	117202234	117202215	-	3.191	9.61	>	6	8	82
1207	chr15	101313974	101313955	-	3.178	2.96	>	6	8	82
1208	chr16	13438138	13438119	+	3.176	1.241	>	6	8	82
1209	chr7	114878499	114878480	+	3.174	1.604	>	6	8	82
1210	chr11	109866735	109866716	+	3.166	2.812	>	6	8	82
1211	chr3	123509329	123509310	+	3.162	5.67	>	6	8	82
1212	chr3	114085881	114085862	-	3.146	0.5283	>	6	8	82
1213	chr4	120149384	120149365	-	3.145	8.09	>	6	8	82
1214	chr16	4549594	4549575	-	3.137	11.12	>	6	8	82
1215	chr15	78872224	78872205	+	3.133	9.35	>	6	8	82
1216	chr12	57231261	57231242	-	3.127	3.32	>	6	8	82
1217	chr9	71624949	71624930	-	3.125	15.0	>	6	8	82
1218	chr4	18963859	18963840	-	3.12	4.01	>	6	8	82
1219	chr8	40913366	40913347	-	3.115	1.625	>	6	8	82
1220	chr5	21645240	21645221	-	3.11	1.259	>	6	8	82
1221	chr10	68357244	68357225	+	3.094	1.353	>	6	8	82
1222	chr2	93812077	93812058	-	3.06	11.82	>	6	8	82
1223	chr12	75669431	75669412	-	3.05	4.1	>	6	8	82
1224	chr1	12844023	12844004	+	3.033	4.33	>	6	8	82
1225	chr12	86697142	86697123	+	3.025	6.996	>	6	8	82
1226	chr9	98033678	98033659	+	3.021	1.525	>	6	8	82
1227	chr19	37946902	37946883	+	3.02	4.082	>	6	8	82
1228	chr9	75271676	75271657	+	3.01	4.42	>	6	8	82
1229	chr11	55162881	55162862	+	2.996	3.625	>	6	8	82
1230	chr17	25274339	25274320	-	2.984	4.45	>	6	8	82
1231	chr6	108065317	108065298	+	2.984	5.535	>	6	8	82
1232	chr7	5071749	5071730	-	2.928	2.754	>	6	8	82
1233	chr3	152477906	152477887	-	2.922	3.295	>	6	8	82
1234	chr5	28090770	28090751	-	2.922	2.412	>	6	8	82
1235	chr14	78282622	78282603	+	2.91	2.186	>	6	8	82
1236	chr14	88480122	88480103	-	2.906	3.236	>	6	8	82
1237	chr7	107569047	107569028	+	2.902	1.588	>	6	8	82
1238	chr3	83777088	83777069	-	2.879	3.992	>	6	8	82
1239	chr8	48550865	48550846	+	2.871	0.592	>	6	8	82
1240	chr7	132575955	132575936	-	2.855	4.473	>	6	8	82
1241	chr14	79769127	79769108	-	2.852	4.36	>	6	8	82
1242	chr17	69974245	69974226	-	2.799	1.284	>	6	8	82
1243	chr12	66284211	66284192	-	2.793	5.484	>	6	8	82
1244	chr6	83796902	83796883	-	2.785	3.35	>	6	8	82
1245	chr9	44108077	44108058	+	2.785	11.375	>	6	8	82
1246	chr11	116023924	116023905	+	2.777	6.906	>	6	8	82
1247	chr3	86779824	86779805	-	2.775	8.64	>	6	8	82
1248	chr19	46056202	46056183	+	2.77	5.27	>	6	8	82
1249	chr10	108210181	108210162	-	2.762	0.674	>	6	8	82
1250	chr8	27001386	27001367	+	0.4329	0.4077	>	6	8	82
1251	chr17	28338029	28338010	-	0.252	0.265	>	6	8	82
1252	chr11	76445826	76445807	-	0.2268	0.1863	>	6	8	82
1253	chr5	144244146	144244127	-	0.311	0.3691	>	6	8	82
1254	chr14	79768803	79768784	-	0.3076	0.2808	>	6	8	82
1255	chr9	26778623	26778604	-	1.299	0.6914	>	6	8	82
1256	chr7	25392052	25392033	+	0.2487	0.242	>	6	8	82
1257	chr3	101484879	101484860	-	0.3438	0.528	>	6	8	82
1258	chr2	69113988	69113969	+	0.2472	0.1981	>	6	8	82
1259	chr13	29852447	29852428	-	0.1781	0.1941	>	6	8	82
1260	chr2	60213231	60213212	-	0.1073	0.1628	>	6	8	82
1261	chr2	171418157	171418138	-	0.1407	0.2131	>	6	8	82
1262	chr7	64392050	64392031	-	0.514	0.2006	>	6	8	82
1263	chr15	36157434	36157415	-	0.7227	0.836	>	6	8	82
1264	chr4	49662357	49662338	-	0.4692	0.2915	>	6	8	82
1265	chr4	48422356	48422337	+	1.027	0.5225	>	6	8	82
1266	chr18	82720514	82720495	+	0.1605	0.1409	>	6	8	82
1267	chr1	172022686	172022667	+	0.1733	0.1764	>	6	8	82
1268	chr7	139595890	139595871	+	0.1575	0.2125	>	6	8	82
1269	chr12	73007842	73007823	-	0.345	0.2974	>	6	8	82
1270	chr17	27192928	27192909	-	0.1056	0.4468	>	6	8	82
1271	chr1	53698960	53698941	+	0.557	0.255	>	6	8	82
1272	chr18	12734380	12734361	+	0.207	0.1383	>	6	8	82
1273	chr6	126767488	126767469	-	0.2039	0.2483	>	6	8	82
1274	chr2	92856249	92856230	-	2.734	0.857	>	6	8	82
1275	chr11	74572851	74572832	+	0.2646	0.2705	>	6	8	82
1276	chr9	59675637	59675618	-	0.4082	0.744	>	6	8	82
1277	chr15	55025647	55025628	+	0.1847	0.1536	>	6	8	82
1278	chr4	120579150	120579131	-	0.33	0.264	>	6	8	82
1279	chr15	74525720	74525701	+	0.2172	0.2104	>	6	8	82
1280	chr1	88748095	88748076	+	0.1973	0.1881	>	6	8	82
1281	chr15	32239655	32239636	-	0.2822	0.1587	>	6	8	82
1282	chr7	36571183	36571164	+	0.1103	0.1942	>	6	8	82
1283	chr11	113855351	113855332	-	0.1613	0.1947	>	6	8	82
1284	chr6	90609163	90609144	+	2.127	1.159	>	6	8	82
1285	chr3	146181407	146181388	-	0.2034	0.3416	>	6	8	82
1286	chr10	69857222	69857203	-	0.3232	0.3599	>	6	8	82
1287	chr2	158361425	158361406	-	0.5625	0.2502	>	6	8	82
1288	chr5	136268179	136268160	-	0.1886	0.2153	>	6	8	82
1289	chr16	11983350	11983331	-	1.634	1.076	>	6	8	82
1290	chr2	84437773	84437754	+	0.2305	0.14	>	6	8	82
1291	chr18	24002018	24001999	-	0.133	0.1333	>	6	8	82
1292	chr1	130151533	130151514	-	0.4075	0.3347	>	6	8	82
1293	chr9	59675855	59675836	+	0.3367	0.2161	>	6	8	82
1294	chr11	116840251	116840232	-	0.3374	0.637	>	6	8	82
1295	chr2	155819963	155819944	+	0.07886	0.146	>	6	8	82
1296	chr14	105301632	105301613	+	0.206	0.2114	>	6	8	82
1297	chr12	9044592	9044573	+	0.1821	0.2019	>	6	8	82
1298	chr18	13971224	13971205	-	0.5337	0.3596	>	6	8	82
1299	chr5	136267600	136267581	-	0.2751	0.189	>	6	8	82
1300	chr5	33371430	33371411	+	0.3992	0.1644	>	6	8	82
1301	chr14	51090397	51090378	-	0.4153	0.243	>	6	8	82
1302	chr1	77935072	77935053	+	0.1814	0.1729	>	6	8	82
1303	chr11	119246049	119246030	-	0.204	0.3367	>	6	8	82
1304	chr17	50274949	50274930	-	0.441	0.1749	>	6	8	82
1305	chr8	108956442	108956423	+	0.5635	0.3044	>	6	8	82
1306	chr11	66885340	66885321	+	0.1636	0.169	>	6	8	82
1307	chr7	30099945	30099926	-	0.1979	0.1757	>	6	8	82
1308	chr15	99973159	99973140	-	0.1998	0.3345	>	6	8	82
1309	chr5	16308949	16308930	+	0.1567	0.1411	>	6	8	82
1310	chr6	119466578	119466559	-	0.9824	0.9795	>	6	8	82
1311	chr2	136886679	136886660	+	0.7764	0.2095	>	6	8	82
1312	chr14	79763594	79763575	-	0.2852	0.151	>	6	8	82
1313	chr2	170416012	170415993	+	0.1837	0.1256	>	6	8	82
1314	chr4	41015236	41015217	-	0.1882	0.1434	>	6	8	82
1315	chr11	70975109	70975090	+	0.713	0.3914	>	6	8	82
1316	chr5	122773202	122773183	+	0.11584	0.1375	>	6	8	82
1317	chr4	128588031	128588012	-	0.2659	0.1909	>	6	8	82
1318	chr8	122576186	122576167	-	0.11285	0.1545	>	6	8	82
1319	chr7	76383989	76383970	+	0.1553	0.154	>	6	8	82
1320	chr9	41467019	41467000	-	0.2223	0.1565	>	6	8	82
1321	chr1	32712246	32712227	-	0.05322	0.1516	>	6	8	82
1322	chr16	23974866	23974847	-	0.5283	0.3425	>	6	8	82
1323	chr15	84066194	84066175	-	0.6196	1.17	>	6	8	82
1324	chr11	40148920	40148901	-	1.272	0.642	>	6	8	82
1325	chr7	27166488	27166469	-	0.306	0.491	>	6	8	82
1326	chr11	30240273	30240254	+	0.4001	0.2556	>	6	8	82
1327	chr2	69115969	69115950	-	0.1754	0.1587	>	6	8	82
1328	chr9	113420569	113420550	-	0.2261	0.2178	>	6	8	82
1329	chr12	99882528	99882509	-	0.2617	0.1387	>	6	8	82
1330	chr5	77347648	77347629	-	0.3625	0.4211	>	6	8	82
1331	chr10	49780455	49780436	+	0.2179	0.1394	>	6	8	82
1332	chr5	75855263	75855244	-	0.6416	0.4326	>	6	8	82
1333	chr2	124087358	124087339	-	0.6436	0.2075	>	6	8	82
1334	chr14	49219056	49219037	+	0.678	0.694	>	6	8	82
1335	chr5	147938091	147938072	+	0.368	0.1842	>	6	8	82
1336	chr11	32340288	32340269	+	0.1792	0.1648	>	6	8	82
1337	chr16	50181579	50181560	+	0.2006	0.1838	>	6	8	82
1338	chr16	20496121	20496102	-	0.6714	0.1777	>	6	8	82
1339	chr8	76775680	76775661	+	0.135	0.1975	>	6	8	82
1340	chr14	65597676	65597657	+	0.6543	0.452	>	6	8	82
1341	chr7	64754771	64754752	+	0.1351	0.2295	>	6	8	82
1342	chr2	166083979	166083960	-	0.2964	0.2065	>	6	8	82
1343	chr16	44140440	44140421	+	0.4607	0.3381	>	6	8	82
1344	chr12	90524338	90524319	-	0.3223	0.2983	>	6	8	82
1345	chr5	89391716	89391697	+	0.1626	0.1418	>	6	8	82
1346	chr9	59675438	59675419	-	0.2104	0.1542	>	6	8	82
1347	chr19	16339103	16339084	-	0.1967	0.1177	>	6	8	82
1348	chr13	30545067	30545048	+	0.3672	0.2915	>	6	8	82
1349	chr1	92462681	92462662	+	0.3916	0.1832	>	6	8	82
1350	chr4	84066283	84066264	-	0.1898	0.1552	>	6	8	82
1351	chr9	83373922	83373903	-	0.2197	0.1434	>	6	8	82
1352	chr4	88773969	88773950	-	0.9507	8.01	>	6	8	82
1353	chr9	123132258	123132239	-	0.1687	0.1416	>	6	8	82
1354	chr17	34958843	34958824	-	0.2079	0.5464	>	6	8	82
1355	chr12	50946225	50946206	+	0.2341	0.157	>	6	8	82
1356	chr13	73647252	73647233	+	0.267	0.1704	>	6	8	82
1357	chr11	83279300	83279281	-	0.4434	0.2251	>	6	8	82
1358	chr17	8986048	8986029	-	0.3325	0.212	>	6	8	82
1359	chr4	14935721	14935702	-	0.7095	0.296	>	6	8	82
1360	chr4	75076699	75076680	+	0.09125	0.2014	>	6	8	82
1361	chr5	114610713	114610694	+	0.0985	0.1626	>	6	8	82
1362	chr9	83378273	83378254	-	0.471	0.2808	>	6	8	82
1363	chr9	107773182	107773163	-	0.1786	0.1414	>	6	8	82
1364	chr9	41218030	41218011	+	0.1323	0.1355	>	6	8	82
1365	chr9	105644718	105644699	+	0.4255	0.1808	>	6	8	82
1366	chr8	84264441	84264422	-	1.261	1.4795	>	6	8	82
1367	chr4	135959453	135959434	+	0.112	0.2223	>	6	8	82
1368	chr1	24684268	24684249	+	0.4001	0.1942	>	6	8	82
1369	chr3	87748577	87748558	-	0.7593	0.4382	>	6	8	82
1370	chr9	54690950	54690931	+	0.11566	0.136	>	6	8	82
1371	chr15	82277690	82277671	-	0.9043	0.4492	>	6	8	82
1372	chr5	115498528	115498509	-	0.2693	0.2164	>	6	8	82
1373	chr9	56621276	56621257	+	0.10846	0.253	>	6	8	82
1374	chr18	81956733	81956714	-	0.2815	0.2637	>	6	8	82
1375	chr10	22791401	22791382	-	0.1346	0.2358	>	6	8	82
1376	chr15	82271301	82271282	+	0.836	0.1838	>	6	8	82
1377	chr12	69946159	69946140	+	0.555	0.455	>	6	8	82
1378	chr14	101442800	101442781	+	0.2983	0.1344	>	6	8	82
1379	chr2	164777017	164776998	-	0.5176	0.361	>	6	8	82
1380	chr10	24631573	24631554	-	1.178	1.224	>	6	8	82
1381	chr1	136528510	136528491	-	1.761	0.7373	>	6	8	82
1382	chr10	19222118	19222099	-	1.411	0.8228	>	6	8	82
1383	chr14	56885508	56885489	-	2.348	4.004	>	6	8	82
1384	chr8	85060493	85060474	-	0.9688	0.437	>	6	8	82
1385	chr11	96075822	96075803	-	0.9316	0.4944	>	6	8	82
1386	chr11	77476535	77476516	+	0.1632	0.2383	>	6	8	82
1387	chr1	81294004	81293985	-	0.905	0.562	>	6	8	82
1388	chr12	15520954	15520935	+	0.7183	0.4033	>	6	8	82
1389	chr7	66397054	66397035	+	0.1594	0.2107	>	6	8	82
1390	chr12	74014582	74014563	-	0.2377	0.1973	>	6	8	82
1391	chr5	144242554	144242535	-	0.241	0.1987	>	6	8	82
1392	chr15	66894943	66894924	+	0.2703	0.2021	>	6	8	82
1393	chr6	126484995	126484976	-	0.4333	1.278	>	6	8	82
1394	chr4	48427148	48427129	+	0.678	0.3833	>	6	8	82
1395	chr15	71459211	71459192	+	0.252	0.1731	>	6	8	82
1396	chr3	19896435	19896416	-	0.2361	0.1467	>	6	8	82
1397	chr8	68268707	68268688	-	0.1398	0.1492	>	6	8	82
1398	chr1	182555580	182555561	-	0.1982	0.1915	>	6	8	82
1399	chr9	44413186	44413167	-	0.534	0.393	>	6	8	82
1400	chr14	70151716	70151697	+	0.3604	0.2382	>	6	8	82
1401	chr4	62478250	62478231	+	0.438	0.1328	>	6	8	82
1402	chr3	127561629	127561610	-	0.2183	0.12354	>	6	8	82
1403	chr3	69139614	69139595	-	0.397	0.2261	>	6	8	82
1404	chr17	17919616	17919597	+	0.1678	0.167	>	6	8	82
1405	chr4	139314214	139314195	-	0.2279	0.269	>	6	8	82
1406	chr18	61952763	61952744	-	0.2372	0.1731	>	6	8	82
1407	chr9	7599188	7599169	+	0.33	0.191	>	6	8	82
1408	chr10	120898341	120898322	-	0.3386	0.1467	>	6	8	82
1409	chr11	57469613	57469594	-	0.1846	0.2297	>	6	8	82
1410	chr18	58480198	58480179	-	0.2095	0.1665	>	6	8	82
1411	chr17	12380527	12380508	-	0.658	0.591	>	6	8	82
1412	chr2	107940173	107940154	+	0.11664	0.1351	>	6	8	82
1413	chr2	32580534	32580515	-	0.2605	0.4055	>	6	8	82
1414	chr15	98813480	98813461	+	0.3496	0.5376	>	6	8	82
1415	chr6	54253893	54253874	+	0.1663	0.1743	>	6	8	82
1416	chr1	135800865	135800846	+	0.1766	0.1665	>	6	8	82
1417	chr15	58426369	58426350	+	0.1996	0.1519	>	6	8	82
1418	chr4	87367775	87367756	+	0.3853	0.1472	>	6	8	82
1419	chr2	96583103	96583084	-	0.809	0.3242	>	6	8	82
1420	chr4	63366959	63366940	-	0.1979	0.1753	>	6	8	82
1421	chr4	59761293	59761274	-	0.3435	0.2113	>	6	8	82
1422	chr10	7832162	7832143	+	0.2646	0.1672	>	6	8	82
1423	chr7	89904213	89904194	-	0.2908	0.156	>	6	8	82
1424	chr1	30697342	30697323	+	0.1025	0.1263	>	6	8	82
1425	chr1	58987602	58987583	+	0.2202	0.1498	>	6	8	82
1426	chr15	7452190	7452171	+	0.1405	0.12085	>	6	8	82
1427	chr4	139877044	139877025	+	0.3875	0.2688	>	6	8	82
1428	chr3	83291887	83291868	-	0.0825	0.137	>	6	8	82
1429	chr15	68912907	68912888	-	0.5024	0.2024	>	6	8	82
1430	chr14	64593744	64593725	-	1.073	0.5703	>	6	8	82
1431	chr1	56980349	56980330	-	0.2778	0.2322	>	6	8	82
1432	chr14	75833620	75833601	-	0.6006	0.4543	>	6	8	82
1433	chr16	62904648	62904629	-	0.217	0.1924	>	6	8	82
1434	chr5	35991229	35991210	-	1.033	1.082	>	6	8	82
1435	chr5	44287418	44287399	-	0.248	0.155	>	6	8	82
1436	chr15	76199915	76199896	-	0.07776	0.3071	>	6	8	82
1437	chr4	131240262	131240243	-	0.241	0.206	>	6	8	82
1438	chr5	102147917	102147898	-	0.228	0.2458	>	6	8	82
1439	chr3	93086926	93086907	+	0.0978	0.1787	>	6	8	82
1440	chr6	126163382	126163363	+	2.373	1.376	>	6	8	82
1441	chr3	45375769	45375750	+	1.051	0.2544	>	6	8	82
1442	chr16	90306219	90306200	-	0.3647	0.3506	>	6	8	82
1443	chr17	3249270	3249251	-	0.1843	0.136	>	6	8	82
1444	chr4	143024421	143024402	-	0.087	0.1317	>	6	8	82
1445	chr19	47513892	47513873	-	0.2471	0.1393	>	6	8	82
1446	chr6	66534595	66534576	-	1.387	0.675	>	6	8	82
1447	chr6	134963172	134963153	-	0.6475	0.5996	>	6	8	82
1448	chr14	56369245	56369226	+	0.2401	0.1912	>	6	8	82
1449	chr18	53460219	53460200	+	0.1775	0.162	>	6	8	82
1450	chr7	89476922	89476903	-	0.2163	0.1522	>	6	8	82
1451	chr6	34273116	34273097	+	0.0673	0.1545	>	6	8	82
1452	chr7	142295608	142295589	-	1.062	6.32	>	6	8	82
1453	chr3	22302208	22302189	+	0.992	0.3848	>	6	8	82
1454	chr6	31045994	31045975	-	0.7534	0.959	>	6	8	82
1455	chr9	57143378	57143359	-	0.1816	0.2302	>	6	8	82
1456	chr6	101268340	101268321	+	0.2712	0.1924	>	6	8	82
1457	chr9	58897456	58897437	-	0.7163	0.4846	>	6	8	82
1458	chr17	79601068	79601049	+	0.2245	0.12476	>	6	8	82
1459	chr16	5254607	5254588	-	0.2883	0.22	>	6	8	82
1460	chr4	83595536	83595517	+	1.783	1.041	>	6	8	82
1461	chr9	51159881	51159862	-	0.6875	0.266	>	6	8	82
1462	chr14	66354429	66354410	+	0.1142	0.1388	>	6	8	82
1463	chr5	117090283	117090264	+	0.5806	0.4014	>	6	8	82
1464	chr2	168061425	168061406	-	0.1733	0.2051	>	6	8	82
1465	chr5	9169228	9169209	+	0.3306	0.1686	>	6	8	82
1466	chr6	28418701	28418682	-	0.4202	0.266	>	6	8	82
1467	chr12	105038443	105038424	-	0.1501	0.2063	>	6	8	82
1468	chr1	182558143	182558124	-	0.2264	0.1511	>	6	8	82
1469	chr8	47713300	47713281	-	1.078	1.646	>	6	8	82
1470	chr18	47357393	47357374	+	0.2007	0.1278	>	6	8	82
1471	chr1	118771083	118771064	-	0.1254	0.2006	>	6	8	82
1472	chr16	6493044	6493025	-	0.1927	0.1516	>	6	8	82
1473	chr9	42951005	42950986	-	0.3914	0.2078	>	6	8	82
1474	chr13	53430986	53430967	-	0.6504	0.3672	>	6	8	82
1475	chr13	67609268	67609249	+	2.162	0.826	>	6	8	82
1476	chr1	53035072	53035053	+	0.1465	0.1494	>	6	8	82
1477	chr7	99471824	99471805	-	0.3745	0.4907	>	6	8	82
1478	chr11	36543574	36543555	-	0.1156	0.1614	>	6	8	82
1479	chr5	124334258	124334239	-	0.3428	0.273	>	6	8	82
1480	chr10	76771414	76771395	-	0.1296	0.2047	>	6	8	82
1481	chr10	4386719	4386700	+	0.32	0.4492	>	6	8	82
1482	chr5	116554091	116554072	+	0.0876	0.1714	>	6	8	82
1483	chr10	41734858	41734839	+	0.1406	0.2605	>	6	8	82
1484	chr10	50906875	50906856	-	0.2361	0.1674	>	6	8	82
1485	chr11	31651668	31651649	+	0.07605	0.1534	>	6	8	82
1486	chr6	116193190	116193171	+	0.3687	0.372	>	6	8	82
1487	chr1	188976509	188976490	+	0.343	0.1833	>	6	8	82
1488	chr12	101976095	101976076	+	0.681	0.4116	>	6	8	82
1489	chr15	75925915	75925896	+	0.6084	0.9233	>	6	8	82
1490	chr1	4777287	4777268	-	0.9443	1.425	>	6	8	82
1491	chr18	86560230	86560211	+	0.7866	1.138	>	6	8	82
1492	chr7	43574878	43574859	+	1.292	1.347	>	6	8	82
1493	chr7	98200601	98200582	-	0.2927	0.1711	>	6	8	82
1494	chr4	143319849	143319830	+	0.2299	0.1525	>	6	8	82
1495	chr2	128601696	128601677	-	0.1208	0.207	>	6	8	82
1496	chr17	57004491	57004472	-	0.1467	0.2932	>	6	8	82
1497	chr2	35196541	35196522	-	1.081	0.3997	>	6	8	82
1498	chr5	29779371	29779352	+	0.1531	0.1671	>	6	8	82
1499	chr10	93038429	93038410	-	0.163	0.1875	>	6	8	82
0	chr4	87368268	87368249	+	90.56	65.75	>	6	9	81
1	chr11	109860827	109860808	-	89.2	47.97	>	6	9	81
2	chr3	22309188	22309169	+	81.5	60.4	>	6	9	81
3	chr10	5161770	5161751	-	79.2	55.88	>	6	9	81
4	chr16	71247702	71247683	+	68.56	43.2	>	6	9	81
5	chr16	72980067	72980048	-	68.3	56.7	>	6	9	81
6	chr6	60556001	60555982	+	67.7	40.38	>	6	9	81
7	chr5	7996919	7996900	-	66.06	59.4	>	6	9	81
8	chr14	12140114	12140095	-	65.1	51.62	>	6	9	81
9	chr13	81439574	81439555	+	64.94	46.94	>	6	9	81
10	chr9	103996726	103996707	-	64.9	51.25	>	6	9	81
11	chr15	56066340	56066321	+	63.97	42.94	>	6	9	81
12	chr10	106609250	106609231	+	63.97	42.62	>	6	9	81
13	chr1	144380222	144380203	-	63.4	48.44	>	6	9	81
14	chr10	8240468	8240449	-	62.34	45.88	>	6	9	81
15	chr12	77000269	77000250	+	62.22	54.97	>	6	9	81
16	chr1	44745882	44745863	+	62.12	40.25	>	6	9	81
17	chr4	81178889	81178870	+	62.03	50.0	>	6	9	81
18	chr9	10909768	10909749	+	61.12	47.94	>	6	9	81
19	chr6	64650119	64650100	-	60.56	60.88	>	6	9	81
20	chr15	32766485	32766466	-	60.56	46.62	>	6	9	81
21	chr4	9135983	9135964	+	60.03	34.12	>	6	9	81
22	chr7	118305013	118304994	+	59.5	47.62	>	6	9	81
23	chr10	39520570	39520551	-	58.34	40.5	>	6	9	81
24	chr1	78724658	78724639	+	58.25	47.28	>	6	9	81
25	chr2	160598038	160598019	+	57.94	55.8	>	6	9	81
26	chr18	33790258	33790239	-	57.72	56.3	>	6	9	81
27	chr12	40837750	40837731	+	57.5	46.25	>	6	9	81
28	chr8	41443763	41443744	+	57.34	56.06	>	6	9	81
29	chr14	68494314	68494295	-	56.94	24.97	>	6	9	81
30	chr1	11657910	11657891	+	56.8	43.62	>	6	9	81
31	chr11	77100337	77100318	+	55.88	49.25	>	6	9	81
32	chr16	41244935	41244916	-	55.72	48.0	>	6	9	81
33	chr14	87452291	87452272	-	55.72	63.0	>	6	9	81
34	chr18	16217050	16217031	+	54.9	26.8	>	6	9	81
35	chr11	53255133	53255114	-	54.8	39.5	>	6	9	81
36	chr9	7216447	7216428	+	54.56	27.64	>	6	9	81
37	chr8	35850598	35850579	-	54.5	50.94	>	6	9	81
38	chr8	102781131	102781112	-	54.44	41.34	>	6	9	81
39	chr5	49962010	49961991	-	54.16	50.88	>	6	9	81
40	chr7	90410162	90410143	-	54.06	39.75	>	6	9	81
41	chr4	15328717	15328698	+	54.03	40.72	>	6	9	81
42	chr11	31949616	31949597	-	54.0	41.44	>	6	9	81
43	chr1	120586671	120586652	+	53.8	57.06	>	6	9	81
44	chr13	19698921	19698902	+	53.16	40.8	>	6	9	81
45	chr12	57825950	57825931	+	53.03	34.38	>	6	9	81
46	chr16	72215933	72215914	-	52.7	45.56	>	6	9	81
47	chr9	15685402	15685383	+	52.62	45.03	>	6	9	81
48	chr10	10321327	10321308	-	52.47	23.97	>	6	9	81
49	chr9	49494135	49494116	+	52.4	51.5	>	6	9	81
50	chr3	50906169	50906150	-	52.12	57.06	>	6	9	81
51	chr11	57467973	57467954	-	52.03	54.47	>	6	9	81
52	chr11	113165316	113165297	-	51.88	57.94	>	6	9	81
53	chr9	51152608	51152589	-	51.8	48.22	>	6	9	81
54	chr16	58299658	58299639	+	51.56	30.08	>	6	9	81
55	chr16	22564783	22564764	+	51.44	49.16	>	6	9	81
56	chr8	36523135	36523116	-	51.4	44.44	>	6	9	81
57	chr14	34810941	34810922	+	51.3	52.97	>	6	9	81
58	chr6	101261740	101261721	-	51.0	49.47	>	6	9	81
59	chr7	132213694	132213675	-	50.8	38.62	>	6	9	81
60	chr2	48886271	48886252	-	50.28	44.53	>	6	9	81
61	chr12	54060974	54060955	-	50.12	27.78	>	6	9	81
62	chr1	5905019	5905000	-	50.06	44.22	>	6	9	81
63	chr9	26776375	26776356	-	50.0	53.88	>	6	9	81
64	chr1	103799519	103799500	+	49.53	56.44	>	6	9	81
65	chr9	88222188	88222169	-	49.5	40.1	>	6	9	81
66	chr18	58481884	58481865	-	49.28	39.28	>	6	9	81
67	chr13	100112788	100112769	+	49.16	37.22	>	6	9	81
68	chr3	14679394	14679375	+	49.06	29.97	>	6	9	81
69	chr16	37109459	37109440	+	48.75	19.0	>	6	9	81
70	chr3	153655318	153655299	-	48.72	48.28	>	6	9	81
71	chr16	89765698	89765679	-	48.38	54.0	>	6	9	81
72	chr13	89543228	89543209	-	48.3	56.84	>	6	9	81
73	chr11	40149509	40149490	-	48.28	36.34	>	6	9	81
74	chr3	113080940	113080921	-	48.2	53.4	>	6	9	81
75	chr10	70963797	70963778	-	47.53	51.97	>	6	9	81
76	chr6	66533480	66533461	-	47.34	41.22	>	6	9	81
77	chr18	57976815	57976796	+	47.28	41.3	>	6	9	81
78	chr12	92303388	92303369	+	47.12	48.12	>	6	9	81
79	chr6	43686140	43686121	+	47.1	34.0	>	6	9	81
80	chr15	11038687	11038668	+	47.06	40.16	>	6	9	81
81	chr6	13281064	13281045	-	47.06	44.4	>	6	9	81
82	chr4	25180081	25180062	-	46.94	22.34	>	6	9	81
83	chr2	110229883	110229864	+	46.8	37.2	>	6	9	81
84	chr2	118638293	118638274	+	46.34	48.4	>	6	9	81
85	chr14	67674858	67674839	-	46.2	40.62	>	6	9	81
86	chr1	179477262	179477243	-	45.97	54.9	>	6	9	81
87	chr12	78056191	78056172	+	45.84	48.03	>	6	9	81
88	chr15	44836402	44836383	+	45.7	45.75	>	6	9	81
89	chr9	80293262	80293243	+	45.3	48.66	>	6	9	81
90	chr1	21411405	21411386	+	45.28	35.97	>	6	9	81
91	chr8	80483379	80483360	-	45.28	32.34	>	6	9	81
92	chr16	55477026	55477007	-	44.9	60.88	>	6	9	81
93	chr9	122729759	122729740	-	44.72	40.56	>	6	9	81
94	chr2	17415581	17415562	-	44.56	38.03	>	6	9	81
95	chr4	13778049	13778030	-	44.5	20.47	>	6	9	81
96	chr16	64748455	64748436	-	44.47	52.25	>	6	9	81
97	chr6	57570627	57570608	-	44.28	34.06	>	6	9	81
98	chr16	13117421	13117402	+	44.28	48.25	>	6	9	81
99	chr1	54381475	54381456	-	44.12	34.1	>	6	9	81
100	chr15	40166896	40166877	+	44.03	40.53	>	6	9	81
101	chr17	83271696	83271677	+	44.0	39.2	>	6	9	81
102	chr9	63136063	63136044	+	43.94	32.22	>	6	9	81
103	chr3	68056550	68056531	+	43.88	35.0	>	6	9	81
104	chr3	25220822	25220803	-	43.8	23.62	>	6	9	81
105	chr7	118102455	118102436	-	43.53	59.94	>	6	9	81
106	chr9	51335485	51335466	+	43.47	26.75	>	6	9	81
107	chr16	96671807	96671788	-	43.4	27.66	>	6	9	81
108	chr2	113494904	113494885	+	43.34	43.28	>	6	9	81
109	chr1	55404561	55404542	+	43.25	39.06	>	6	9	81
110	chr3	80079969	80079950	+	43.0	35.7	>	6	9	81
111	chr11	25862989	25862970	-	42.66	37.9	>	6	9	81
112	chr13	109213188	109213169	-	42.6	60.5	>	6	9	81
113	chr8	58566283	58566264	+	42.56	33.8	>	6	9	81
114	chr16	72218227	72218208	+	42.38	47.1	>	6	9	81
115	chr14	102510640	102510621	-	42.34	35.9	>	6	9	81
116	chr7	143154010	143153991	+	42.16	43.66	>	6	9	81
117	chr6	143219585	143219566	+	42.1	41.62	>	6	9	81
118	chr17	86906334	86906315	-	41.97	47.25	>	6	9	81
119	chr8	62080400	62080381	+	41.97	30.6	>	6	9	81
120	chr3	57843985	57843966	+	41.94	43.75	>	6	9	81
121	chr18	3495634	3495615	+	41.62	36.03	>	6	9	81
122	chr7	125393847	125393828	-	41.56	47.0	>	6	9	81
123	chr7	86211564	86211545	-	41.56	46.4	>	6	9	81
124	chr9	60245127	60245108	+	41.38	43.16	>	6	9	81
125	chr6	131353859	131353840	-	41.3	15.89	>	6	9	81
126	chr15	98173991	98173972	-	41.25	24.88	>	6	9	81
127	chr17	88641249	88641230	-	41.12	34.25	>	6	9	81
128	chr9	87027908	87027889	+	41.1	38.34	>	6	9	81
129	chr4	70621553	70621534	-	40.97	48.38	>	6	9	81
130	chr12	41487236	41487217	-	40.88	35.94	>	6	9	81
131	chr4	127368548	127368529	+	40.8	49.72	>	6	9	81
132	chr8	50293750	50293731	-	40.75	48.2	>	6	9	81
133	chr16	27468981	27468962	+	40.75	34.62	>	6	9	81
134	chr7	121641354	121641335	-	40.7	30.69	>	6	9	81
135	chr3	29726795	29726776	-	40.7	30.42	>	6	9	81
136	chr14	29110872	29110853	-	40.66	51.22	>	6	9	81
137	chr13	116712427	116712408	-	40.62	33.1	>	6	9	81
138	chr18	19939562	19939543	-	40.47	45.7	>	6	9	81
139	chr15	80704533	80704514	-	40.28	46.53	>	6	9	81
140	chr18	50137074	50137055	+	40.28	37.62	>	6	9	81
141	chr13	15763212	15763193	-	40.25	29.53	>	6	9	81
142	chr19	50185486	50185467	+	40.22	44.2	>	6	9	81
143	chr12	74013965	74013946	-	40.22	40.8	>	6	9	81
144	chr1	138835543	138835524	+	40.06	20.81	>	6	9	81
145	chr15	55550924	55550905	-	40.06	37.12	>	6	9	81
146	chr1	61771439	61771420	-	40.06	23.55	>	6	9	81
147	chr12	34664961	34664942	+	40.0	19.7	>	6	9	81
148	chr14	78288101	78288082	-	39.8	38.8	>	6	9	81
149	chr2	4499416	4499397	+	39.78	33.88	>	6	9	81
150	chr13	30260132	30260113	-	39.75	32.75	>	6	9	81
151	chr9	68015271	68015252	+	39.2	39.0	>	6	9	81
152	chr1	126993502	126993483	-	39.06	47.2	>	6	9	81
153	chr16	25349824	25349805	-	39.0	41.2	>	6	9	81
154	chr1	14729249	14729230	-	38.94	39.3	>	6	9	81
155	chr15	59389427	59389408	+	38.7	46.34	>	6	9	81
156	chr6	100882590	100882571	+	38.66	49.44	>	6	9	81
157	chr3	9711121	9711102	+	38.62	35.47	>	6	9	81
158	chr6	21214019	21214000	-	38.47	24.2	>	6	9	81
159	chr17	42603617	42603598	-	38.47	42.5	>	6	9	81
160	chr4	80517548	80517529	-	38.47	41.4	>	6	9	81
161	chr9	85328584	85328565	-	38.28	30.06	>	6	9	81
162	chr17	44262001	44261982	+	38.22	44.16	>	6	9	81
163	chr10	102449665	102449646	+	38.2	48.84	>	6	9	81
164	chr17	14520745	14520726	-	38.12	30.45	>	6	9	81
165	chr13	51830925	51830906	+	38.0	56.0	>	6	9	81
166	chr12	83502436	83502417	-	37.97	34.4	>	6	9	81
167	chr5	75853265	75853246	-	37.94	27.88	>	6	9	81
168	chr13	110382742	110382723	+	37.88	61.84	>	6	9	81
169	chr5	62481159	62481140	-	37.8	35.4	>	6	9	81
170	chr7	49121503	49121484	-	37.7	29.61	>	6	9	81
171	chr15	11966575	11966556	-	37.66	34.72	>	6	9	81
172	chr3	31146135	31146116	+	37.53	44.5	>	6	9	81
173	chr2	37815879	37815860	+	37.47	39.2	>	6	9	81
174	chr5	33033442	33033423	-	37.44	48.28	>	6	9	81
175	chr9	7595466	7595447	-	37.4	28.72	>	6	9	81
176	chr5	21641153	21641134	-	37.3	33.66	>	6	9	81
177	chr14	48367302	48367283	-	37.12	39.88	>	6	9	81
178	chr17	14524624	14524605	+	37.1	38.88	>	6	9	81
179	chr4	84064835	84064816	+	37.06	23.38	>	6	9	81
180	chr4	63368786	63368767	+	37.06	51.6	>	6	9	81
181	chr5	102149680	102149661	+	37.03	38.97	>	6	9	81
182	chr12	32897684	32897665	-	36.88	40.9	>	6	9	81
183	chr16	91936532	91936513	+	36.72	43.06	>	6	9	81
184	chr6	37046379	37046360	-	36.72	47.7	>	6	9	81
185	chr18	59081896	59081877	+	36.7	37.34	>	6	9	81
186	chr6	103697552	103697533	-	36.3	43.6	>	6	9	81
187	chr18	19937930	19937911	+	36.3	37.56	>	6	9	81
188	chr6	93757594	93757575	+	36.28	18.31	>	6	9	81
189	chr17	9756371	9756352	+	36.28	21.2	>	6	9	81
190	chr2	96585854	96585835	+	36.25	26.84	>	6	9	81
191	chr11	82915176	82915157	+	36.2	36.34	>	6	9	81
192	chr6	6005837	6005818	+	36.03	35.2	>	6	9	81
193	chr1	98392238	98392219	-	36.03	38.97	>	6	9	81
194	chr7	48749384	48749365	+	35.94	38.3	>	6	9	81
195	chr11	105911812	105911793	-	35.9	37.8	>	6	9	81
196	chr10	45045486	45045467	-	35.8	35.22	>	6	9	81
197	chr2	4492748	4492729	-	35.75	19.97	>	6	9	81
198	chr6	18087397	18087378	+	35.75	40.84	>	6	9	81
199	chr5	90203341	90203322	+	35.7	41.12	>	6	9	81
200	chr7	136489148	136489129	+	35.62	28.06	>	6	9	81
201	chr9	109862620	109862601	-	35.6	34.12	>	6	9	81
202	chr15	59876355	59876336	+	35.3	32.16	>	6	9	81
203	chr14	76473612	76473593	-	35.25	45.66	>	6	9	81
204	chr3	128349320	128349301	+	35.03	41.75	>	6	9	81
205	chr3	45375963	45375944	+	35.03	23.92	>	6	9	81
206	chr3	133314669	133314650	+	34.97	39.0	>	6	9	81
207	chr1	96801850	96801831	-	34.84	30.55	>	6	9	81
208	chr7	115216958	115216939	+	34.62	30.45	>	6	9	81
209	chr9	59282577	59282558	-	34.62	26.88	>	6	9	81
210	chr2	148112135	148112116	-	34.5	31.5	>	6	9	81
211	chr18	52457916	52457897	-	34.47	28.2	>	6	9	81
212	chr6	56691454	56691435	-	34.34	42.2	>	6	9	81
213	chr13	20292580	20292561	-	34.3	38.5	>	6	9	81
214	chr13	57260119	57260100	-	34.25	52.66	>	6	9	81
215	chr13	113877615	113877596	+	34.25	36.75	>	6	9	81
216	chr13	116715029	116715010	-	34.1	31.72	>	6	9	81
217	chr4	83596692	83596673	-	34.1	52.75	>	6	9	81
218	chr8	64941619	64941600	-	34.06	33.75	>	6	9	81
219	chr3	51701488	51701469	+	34.03	22.56	>	6	9	81
220	chr14	120061322	120061303	-	33.84	29.2	>	6	9	81
221	chr7	75910166	75910147	+	33.8	57.6	>	6	9	81
222	chr4	98702698	98702679	-	33.78	31.62	>	6	9	81
223	chr3	146185137	146185118	+	33.62	52.6	>	6	9	81
224	chr4	151157152	151157133	+	33.53	59.38	>	6	9	81
225	chr5	43391861	43391842	-	33.5	21.5	>	6	9	81
226	chr11	93856511	93856492	-	33.47	26.19	>	6	9	81
227	chr14	59605843	59605824	+	33.47	40.3	>	6	9	81
228	chr14	84438580	84438561	+	33.44	23.31	>	6	9	81
229	chr12	50943824	50943805	-	33.28	38.56	>	6	9	81
230	chr7	83550335	83550316	-	33.2	30.12	>	6	9	81
231	chr6	117167008	117166989	+	33.03	30.3	>	6	9	81
232	chr4	12538791	12538772	+	33.0	21.84	>	6	9	81
233	chr18	47353079	47353060	+	32.84	24.58	>	6	9	81
234	chr5	12541496	12541477	-	32.72	22.56	>	6	9	81
235	chr2	60721127	60721108	+	32.72	22.53	>	6	9	81
236	chr11	78838251	78838232	+	32.72	51.5	>	6	9	81
237	chr8	73356225	73356206	+	32.62	23.39	>	6	9	81
238	chr12	10598567	10598548	+	32.5	41.56	>	6	9	81
239	chr19	20345158	20345139	-	32.25	47.94	>	6	9	81
240	chr17	58909486	58909467	-	32.16	39.4	>	6	9	81
241	chr10	69655037	69655018	-	32.12	36.56	>	6	9	81
242	chr4	3967733	3967714	-	32.12	41.75	>	6	9	81
243	chr16	21192795	21192776	-	32.06	38.78	>	6	9	81
244	chr11	12291593	12291574	-	32.0	15.54	>	6	9	81
245	chr11	117385082	117385063	+	31.83	36.6	>	6	9	81
246	chr12	32292095	32292076	+	31.73	20.83	>	6	9	81
247	chr4	64833096	64833077	+	31.69	34.34	>	6	9	81
248	chr13	47301245	47301226	+	31.67	43.9	>	6	9	81
249	chr1	89631957	89631938	-	31.56	45.38	>	6	9	81
250	chr9	69296601	69296582	-	31.53	38.66	>	6	9	81
251	chr3	53735364	53735345	+	31.28	24.5	>	6	9	81
252	chr10	45373471	45373452	-	31.2	37.7	>	6	9	81
253	chr8	91797725	91797706	+	31.19	30.23	>	6	9	81
254	chr4	88035662	88035643	+	31.06	19.66	>	6	9	81
255	chr2	75151187	75151168	-	31.05	37.9	>	6	9	81
256	chr14	66791971	66791952	-	31.02	32.1	>	6	9	81
257	chr2	93199062	93199043	-	30.9	51.25	>	6	9	81
258	chr2	73551006	73550987	+	30.86	53.72	>	6	9	81
259	chr12	89451144	89451125	-	30.81	40.1	>	6	9	81
260	chr16	66086729	66086710	-	30.81	33.7	>	6	9	81
261	chr14	114791647	114791628	-	30.72	37.2	>	6	9	81
262	chr4	43420547	43420528	-	30.61	34.5	>	6	9	81
263	chr1	87447687	87447668	+	30.56	32.53	>	6	9	81
264	chr15	55306471	55306452	+	30.56	24.06	>	6	9	81
265	chr15	97667578	97667559	+	30.52	37.12	>	6	9	81
266	chr2	16359548	16359529	+	30.47	16.92	>	6	9	81
267	chr14	8356099	8356080	+	30.42	51.06	>	6	9	81
268	chr3	19894816	19894797	-	30.38	33.66	>	6	9	81
269	chr12	43813750	43813731	-	30.34	24.06	>	6	9	81
270	chr2	27770378	27770359	+	30.12	46.8	>	6	9	81
271	chr16	48675836	48675817	-	30.12	28.97	>	6	9	81
272	chr10	13016733	13016714	+	30.1	53.44	>	6	9	81
273	chr2	76367359	76367340	+	30.05	30.6	>	6	9	81
274	chr2	115515230	115515211	+	30.05	12.29	>	6	9	81
275	chr19	16785108	16785089	-	30.03	27.4	>	6	9	81
276	chr3	78948444	78948425	+	30.03	29.16	>	6	9	81
277	chr1	37250876	37250857	-	29.94	25.45	>	6	9	81
278	chr18	74431409	74431390	+	29.94	28.48	>	6	9	81
279	chr1	38787652	38787633	-	29.89	46.22	>	6	9	81
280	chr3	14874584	14874565	+	29.88	22.88	>	6	9	81
281	chr9	69505778	69505759	+	29.88	30.58	>	6	9	81
282	chr10	84450913	84450894	-	29.77	31.7	>	6	9	81
283	chr2	172216047	172216028	-	29.77	65.06	>	6	9	81
284	chr10	97712895	97712876	+	29.72	22.83	>	6	9	81
285	chr1	4770074	4770055	+	29.72	39.66	>	6	9	81
286	chr12	50301580	50301561	-	29.69	16.55	>	6	9	81
287	chr15	85266923	85266904	+	29.69	42.06	>	6	9	81
288	chr4	85403030	85403011	+	29.62	27.23	>	6	9	81
289	chr6	97526370	97526351	-	29.53	31.17	>	6	9	81
290	chr8	112046096	112046077	+	29.5	62.6	>	6	9	81
291	chr12	96311368	96311349	-	29.48	23.8	>	6	9	81
292	chr1	93507239	93507220	-	29.45	32.5	>	6	9	81
293	chr13	21714927	21714908	+	29.4	37.72	>	6	9	81
294	chr6	49008180	49008161	+	29.38	27.1	>	6	9	81
295	chr17	17749545	17749526	-	29.36	32.88	>	6	9	81
296	chr6	145360253	145360234	+	29.34	33.62	>	6	9	81
297	chr7	17066630	17066611	-	29.27	41.75	>	6	9	81
298	chr12	81788850	81788831	-	29.25	32.47	>	6	9	81
299	chr7	129649172	129649153	+	29.19	42.88	>	6	9	81
300	chr14	104039053	104039034	+	29.17	41.16	>	6	9	81
301	chr13	41634744	41634725	-	29.08	40.84	>	6	9	81
302	chr7	138835232	138835213	-	29.02	47.88	>	6	9	81
303	chr15	97195797	97195778	+	28.92	38.5	>	6	9	81
304	chr1	119087737	119087718	+	28.89	50.28	>	6	9	81
305	chr4	85819373	85819354	-	28.86	29.28	>	6	9	81
306	chr11	30657307	30657288	-	28.86	6.477	>	6	9	81
307	chr5	49369245	49369226	+	28.66	27.94	>	6	9	81
308	chr6	106805067	106805048	+	28.61	20.38	>	6	9	81
309	chr6	31660958	31660939	+	28.53	52.9	>	6	9	81
310	chr12	8306749	8306730	-	28.48	47.94	>	6	9	81
311	chr13	42822785	42822766	-	28.47	44.4	>	6	9	81
312	chr15	34968778	34968759	+	28.4	27.94	>	6	9	81
313	chr7	68369859	68369840	+	28.38	58.97	>	6	9	81
314	chr15	80266443	80266424	+	28.33	34.62	>	6	9	81
315	chr6	102171110	102171091	+	28.19	24.06	>	6	9	81
316	chr16	72605273	72605254	-	28.11	17.7	>	6	9	81
317	chr18	65490506	65490487	+	28.06	33.94	>	6	9	81
318	chr3	55373775	55373756	+	28.0	19.75	>	6	9	81
319	chr1	53927814	53927795	-	27.97	28.48	>	6	9	81
320	chr2	160368066	160368047	-	27.95	21.97	>	6	9	81
321	chr10	42295232	42295213	-	27.94	37.8	>	6	9	81
322	chr7	116040411	116040392	-	27.9	26.19	>	6	9	81
323	chr10	116197535	116197516	-	27.81	28.58	>	6	9	81
324	chr5	20773533	20773514	-	27.81	20.77	>	6	9	81
325	chr12	80725012	80724993	-	27.73	38.97	>	6	9	81
326	chr15	66899881	66899862	-	27.6	21.5	>	6	9	81
327	chr18	16822208	16822189	-	27.56	13.28	>	6	9	81
328	chr18	14503254	14503235	-	27.55	19.48	>	6	9	81
329	chr5	98344786	98344767	+	27.44	28.3	>	6	9	81
330	chr10	77517236	77517217	+	27.39	30.44	>	6	9	81
331	chr1	44741472	44741453	-	27.38	6.344	>	6	9	81
332	chr6	127945983	127945964	-	27.28	24.97	>	6	9	81
333	chr16	42914955	42914936	-	27.27	20.78	>	6	9	81
334	chr18	39137558	39137539	+	27.11	15.805	>	6	9	81
335	chr13	42575907	42575888	+	27.11	22.34	>	6	9	81
336	chr2	13278209	13278190	+	27.06	48.53	>	6	9	81
337	chr18	43836585	43836566	-	27.06	22.66	>	6	9	81
338	chr4	114647896	114647877	+	27.05	26.58	>	6	9	81
339	chr16	44149214	44149195	-	27.03	37.28	>	6	9	81
340	chr13	109776299	109776280	+	27.02	27.47	>	6	9	81
341	chr19	30217515	30217496	+	27.0	44.25	>	6	9	81
342	chr6	61316075	61316056	+	26.94	38.16	>	6	9	81
343	chr17	78598832	78598813	+	26.92	37.16	>	6	9	81
344	chr2	117231457	117231438	-	26.88	23.62	>	6	9	81
345	chr4	115101816	115101797	+	26.84	34.88	>	6	9	81
346	chr10	57448131	57448112	-	26.8	44.97	>	6	9	81
347	chr13	113046665	113046646	+	26.77	22.72	>	6	9	81
348	chr4	110022447	110022428	-	26.58	43.47	>	6	9	81
349	chr7	101653829	101653810	+	26.5	47.97	>	6	9	81
350	chr5	67756338	67756319	+	26.5	26.55	>	6	9	81
351	chr3	62192717	62192698	-	26.5	17.1	>	6	9	81
352	chr10	17728146	17728127	-	26.45	14.96	>	6	9	81
353	chr5	37752557	37752538	-	26.33	30.73	>	6	9	81
354	chr1	60961316	60961297	-	26.3	26.22	>	6	9	81
355	chr17	68176981	68176962	+	26.27	18.84	>	6	9	81
356	chr7	37357871	37357852	-	26.2	67.6	>	6	9	81
357	chr4	32572316	32572297	-	26.16	44.75	>	6	9	81
358	chr4	96696741	96696722	+	26.12	32.22	>	6	9	81
359	chr4	109729491	109729472	-	26.06	50.3	>	6	9	81
360	chr10	111977780	111977761	+	25.78	32.1	>	6	9	81
361	chr5	45424489	45424470	-	25.73	30.9	>	6	9	81
362	chr2	61494577	61494558	-	25.72	22.25	>	6	9	81
363	chr6	13287046	13287027	+	25.69	21.62	>	6	9	81
364	chr9	116060829	116060810	+	25.66	36.5	>	6	9	81
365	chr8	17537753	17537734	-	25.64	36.44	>	6	9	81
366	chr9	77781636	77781617	-	25.62	27.94	>	6	9	81
367	chr15	5106460	5106441	-	25.56	29.45	>	6	9	81
368	chr17	93141334	93141315	-	25.53	33.03	>	6	9	81
369	chr6	97759520	97759501	+	25.52	17.88	>	6	9	81
370	chr8	119384750	119384731	-	25.47	45.94	>	6	9	81
371	chr6	88113322	88113303	+	25.38	41.75	>	6	9	81
372	chr15	101984527	101984508	-	25.38	56.7	>	6	9	81
373	chr8	54493335	54493316	-	25.34	39.7	>	6	9	81
374	chr9	24119622	24119603	+	25.33	14.83	>	6	9	81
375	chr3	50077169	50077150	-	25.31	24.22	>	6	9	81
376	chr4	47419767	47419748	+	25.23	44.03	>	6	9	81
377	chr2	76115910	76115891	+	25.22	28.97	>	6	9	81
378	chr15	67174759	67174740	+	25.2	12.74	>	6	9	81
379	chr8	125574509	125574490	+	25.17	12.85	>	6	9	81
380	chr1	161737065	161737046	-	25.11	39.75	>	6	9	81
381	chr3	85571455	85571436	-	25.1	9.7	>	6	9	81
382	chr18	19577078	19577059	-	25.02	27.28	>	6	9	81
383	chr19	36083087	36083068	-	25.0	29.4	>	6	9	81
384	chr8	115709616	115709597	-	24.98	9.14	>	6	9	81
385	chr10	126330794	126330775	-	24.84	24.02	>	6	9	81
386	chr15	25993551	25993532	+	24.81	33.28	>	6	9	81
387	chr5	131430355	131430336	-	24.78	45.44	>	6	9	81
388	chr1	9545352	9545333	-	24.78	38.06	>	6	9	81
389	chr19	28768445	28768426	-	24.75	36.44	>	6	9	81
390	chr10	24630876	24630857	+	24.72	22.94	>	6	9	81
391	chr17	54351102	54351083	+	24.53	15.79	>	6	9	81
392	chr16	20496806	20496787	+	24.47	28.86	>	6	9	81
393	chr12	109394024	109394005	-	24.44	15.02	>	6	9	81
394	chr13	21803288	21803269	-	24.42	40.1	>	6	9	81
395	chr3	103392995	103392976	+	24.38	33.9	>	6	9	81
396	chr15	25428758	25428739	+	24.31	24.08	>	6	9	81
397	chr3	135206860	135206841	-	24.3	9.21	>	6	9	81
398	chr8	65139261	65139242	+	24.3	33.56	>	6	9	81
399	chr9	29650850	29650831	-	24.23	35.72	>	6	9	81
400	chr3	127971093	127971074	+	24.2	46.1	>	6	9	81
401	chr2	104035038	104035019	+	24.16	33.7	>	6	9	81
402	chr9	81635302	81635283	+	24.11	12.08	>	6	9	81
403	chr6	95484597	95484578	+	24.03	13.41	>	6	9	81
404	chr14	72293991	72293972	-	23.83	34.2	>	6	9	81
405	chr18	65490035	65490016	-	23.72	29.94	>	6	9	81
406	chr12	38123788	38123769	-	23.66	16.0	>	6	9	81
407	chr18	70184838	70184819	-	23.66	11.39	>	6	9	81
408	chr3	152095252	152095233	-	23.53	23.67	>	6	9	81
409	chr8	32002994	32002975	-	23.5	23.94	>	6	9	81
410	chr11	22206830	22206811	-	23.48	11.1	>	6	9	81
411	chr5	76541051	76541032	-	23.44	19.22	>	6	9	81
412	chr10	52106337	52106318	+	23.38	22.61	>	6	9	81
413	chr1	84697462	84697443	-	23.38	25.22	>	6	9	81
414	chr1	67181385	67181366	+	23.34	35.0	>	6	9	81
415	chr6	101267027	101267008	+	23.31	12.77	>	6	9	81
416	chr6	129255175	129255156	-	23.25	41.8	>	6	9	81
417	chr4	115710017	115709998	-	23.19	25.83	>	6	9	81
418	chr2	118241614	118241595	-	23.19	37.16	>	6	9	81
419	chr8	71371784	71371765	+	23.11	28.11	>	6	9	81
420	chr7	73422670	73422651	-	23.11	37.7	>	6	9	81
421	chr5	33039602	33039583	+	23.05	27.48	>	6	9	81
422	chr2	153143004	153142985	-	23.02	20.31	>	6	9	81
423	chr14	98181824	98181805	-	23.0	7.93	>	6	9	81
424	chr2	136887058	136887039	-	22.97	12.49	>	6	9	81
425	chr1	135136701	135136682	-	22.88	42.44	>	6	9	81
426	chr5	4948481	4948462	-	22.86	27.0	>	6	9	81
427	chr10	71422814	71422795	+	22.81	51.25	>	6	9	81
428	chr8	64597251	64597232	-	22.66	30.06	>	6	9	81
429	chr1	162336834	162336815	-	22.45	14.914	>	6	9	81
430	chr9	94738996	94738977	+	22.42	42.94	>	6	9	81
431	chr17	53403136	53403117	+	22.4	18.28	>	6	9	81
432	chr2	155811920	155811901	-	22.36	51.28	>	6	9	81
433	chr12	52010769	52010750	+	22.33	16.6	>	6	9	81
434	chr3	44912870	44912851	-	22.31	11.58	>	6	9	81
435	chr5	98348848	98348829	+	22.25	34.97	>	6	9	81
436	chr15	80706301	80706282	+	22.25	25.52	>	6	9	81
437	chr1	167932285	167932266	-	22.22	36.66	>	6	9	81
438	chr14	121455709	121455690	-	22.2	25.7	>	6	9	81
439	chr4	98243714	98243695	-	22.16	26.34	>	6	9	81
440	chr4	143027468	143027449	+	22.14	29.11	>	6	9	81
441	chr2	153668926	153668907	+	22.14	25.36	>	6	9	81
442	chr9	41461929	41461910	-	22.14	12.42	>	6	9	81
443	chr4	109431143	109431124	-	22.1	22.34	>	6	9	81
444	chr5	44831505	44831486	-	22.08	22.05	>	6	9	81
445	chr8	119676601	119676582	-	22.03	33.06	>	6	9	81
446	chr17	40824060	40824041	-	22.02	34.28	>	6	9	81
447	chr15	37102366	37102347	-	22.0	13.84	>	6	9	81
448	chr1	119083862	119083843	-	21.92	45.47	>	6	9	81
449	chr5	41044703	41044684	-	21.78	28.61	>	6	9	81
450	chr19	24622032	24622013	+	21.77	22.19	>	6	9	81
451	chr3	58159626	58159607	-	21.75	32.1	>	6	9	81
452	chr1	38130140	38130121	-	21.75	23.66	>	6	9	81
453	chr2	129472129	129472110	-	21.73	30.17	>	6	9	81
454	chr9	15682043	15682024	-	21.73	11.22	>	6	9	81
455	chr9	69502720	69502701	-	21.7	34.7	>	6	9	81
456	chr14	21120676	21120657	+	21.69	43.16	>	6	9	81
457	chr7	110645588	110645569	-	21.69	43.56	>	6	9	81
458	chr16	78950579	78950560	-	21.64	3.295	>	6	9	81
459	chr7	131899517	131899498	+	21.56	16.44	>	6	9	81
460	chr8	106403484	106403465	-	21.53	20.23	>	6	9	81
461	chr17	73303429	73303410	+	21.48	50.6	>	6	9	81
462	chr1	83727325	83727306	+	21.48	26.81	>	6	9	81
463	chr13	29857603	29857584	+	21.42	9.836	>	6	9	81
464	chr14	104033786	104033767	+	21.34	21.16	>	6	9	81
465	chr7	119011391	119011372	+	21.31	35.56	>	6	9	81
466	chr1	69165377	69165358	+	21.31	25.0	>	6	9	81
467	chr1	192727176	192727157	+	21.28	21.9	>	6	9	81
468	chr9	50438293	50438274	-	21.2	27.17	>	6	9	81
469	chr15	46990407	46990388	-	21.14	10.516	>	6	9	81
470	chr13	73646874	73646855	+	21.14	37.5	>	6	9	81
471	chr16	67089956	67089937	+	21.12	15.94	>	6	9	81
472	chr2	83332995	83332976	-	21.02	18.14	>	6	9	81
473	chr8	10415030	10415011	+	21.0	37.3	>	6	9	81
474	chr1	35716149	35716130	-	20.89	18.69	>	6	9	81
475	chr7	43920039	43920020	-	20.83	34.3	>	6	9	81
476	chr8	15138726	15138707	+	20.81	41.03	>	6	9	81
477	chr13	6515705	6515686	+	20.8	28.08	>	6	9	81
478	chr2	64948996	64948977	-	20.72	23.2	>	6	9	81
479	chr19	20345737	20345718	+	20.7	55.44	>	6	9	81
480	chr5	33994851	33994832	+	20.64	14.97	>	6	9	81
481	chr14	76479953	76479934	+	20.62	37.16	>	6	9	81
482	chr3	144737048	144737029	+	20.58	28.33	>	6	9	81
483	chr2	13597223	13597204	-	20.5	12.72	>	6	9	81
484	chr9	118908437	118908418	-	20.5	27.45	>	6	9	81
485	chr4	153484615	153484596	-	20.39	17.89	>	6	9	81
486	chr19	12433211	12433192	+	20.36	28.34	>	6	9	81
487	chr15	31611224	31611205	+	20.34	11.17	>	6	9	81
488	chr3	107206198	107206179	+	20.34	39.22	>	6	9	81
489	chr17	86909946	86909927	+	20.31	22.38	>	6	9	81
490	chr7	89473669	89473650	-	20.22	24.19	>	6	9	81
491	chr6	35252603	35252584	+	20.22	32.56	>	6	9	81
492	chr6	126168001	126167982	-	20.17	8.76	>	6	9	81
493	chr16	42169942	42169923	+	20.12	43.34	>	6	9	81
494	chr6	90607354	90607335	+	20.11	24.86	>	6	9	81
495	chr6	31664664	31664645	+	20.11	41.5	>	6	9	81
496	chr13	100002039	100002020	+	20.02	21.73	>	6	9	81
497	chr6	97523337	97523318	-	19.97	25.72	>	6	9	81
498	chr4	123529452	123529433	-	19.95	17.69	>	6	9	81
499	chr18	53744741	53744722	-	19.94	29.1	>	6	9	81
500	chr9	13849232	13849213	+	19.9	15.484	>	6	9	81
501	chr15	14052128	14052109	-	19.89	12.375	>	6	9	81
502	chr3	68053761	68053742	-	19.88	27.33	>	6	9	81
503	chr14	50799990	50799971	+	19.83	30.28	>	6	9	81
504	chr8	50292348	50292329	+	19.83	31.36	>	6	9	81
505	chr19	52993242	52993223	-	19.81	45.25	>	6	9	81
506	chr8	24546435	24546416	-	19.8	56.1	>	6	9	81
507	chr2	166085186	166085167	+	19.78	40.2	>	6	9	81
508	chr15	80260893	80260874	-	19.75	33.7	>	6	9	81
509	chr18	75606699	75606680	+	19.72	50.94	>	6	9	81
510	chr2	135957961	135957942	-	19.69	27.1	>	6	9	81
511	chr11	75179118	75179099	+	19.67	22.83	>	6	9	81
512	chr6	77628987	77628968	+	19.66	40.56	>	6	9	81
513	chr4	82614384	82614365	-	19.62	15.836	>	6	9	81
514	chr17	27190013	27189994	+	19.5	26.89	>	6	9	81
515	chr14	121451301	121451282	-	19.45	26.11	>	6	9	81
516	chr9	69987821	69987802	-	19.44	12.234	>	6	9	81
517	chr6	40479902	40479883	+	19.42	24.72	>	6	9	81
518	chr4	82619779	82619760	-	19.42	11.22	>	6	9	81
519	chr2	160593235	160593216	-	19.4	45.8	>	6	9	81
520	chr4	48691990	48691971	+	19.4	34.88	>	6	9	81
521	chr1	11140123	11140104	-	19.39	7.324	>	6	9	81
522	chr6	67858160	67858141	+	19.36	18.55	>	6	9	81
523	chr1	91914028	91914009	+	19.36	22.06	>	6	9	81
524	chr15	76196896	76196877	+	19.33	35.8	>	6	9	81
525	chr11	43767011	43766992	+	19.27	27.44	>	6	9	81
526	chr17	8463677	8463658	+	19.23	31.38	>	6	9	81
527	chr2	60442102	60442083	-	19.22	10.555	>	6	9	81
528	chr10	8242562	8242543	+	19.2	18.4	>	6	9	81
529	chr15	8382407	8382388	+	19.16	11.64	>	6	9	81
530	chr19	11360302	11360283	+	19.14	15.06	>	6	9	81
531	chr12	79305335	79305316	+	19.11	29.94	>	6	9	81
532	chr13	38992697	38992678	+	19.03	12.445	>	6	9	81
533	chr8	91147955	91147936	-	19.0	26.05	>	6	9	81
534	chr13	64443476	64443457	+	19.0	35.6	>	6	9	81
535	chr8	117898214	117898195	+	18.92	34.16	>	6	9	81
536	chr11	42423473	42423454	-	18.77	18.48	>	6	9	81
537	chr9	114957195	114957176	-	18.77	27.38	>	6	9	81
538	chr5	149647926	149647907	+	18.72	23.06	>	6	9	81
539	chr5	128440068	128440049	-	18.69	40.7	>	6	9	81
540	chr6	90606762	90606743	-	18.67	32.6	>	6	9	81
541	chr10	58560031	58560012	+	18.67	23.25	>	6	9	81
542	chr18	25538443	25538424	+	18.66	23.94	>	6	9	81
543	chr11	22987510	22987491	+	18.56	23.83	>	6	9	81
544	chr13	57269837	57269818	-	18.55	36.6	>	6	9	81
545	chr13	53096854	53096835	-	18.55	32.88	>	6	9	81
546	chr7	124783020	124783001	-	18.55	23.44	>	6	9	81
547	chr7	40687242	40687223	-	18.52	26.28	>	6	9	81
548	chr4	109438113	109438094	+	18.45	31.61	>	6	9	81
549	chr13	46663777	46663758	-	18.45	5.215	>	6	9	81
550	chr2	21927862	21927843	-	18.45	17.72	>	6	9	81
551	chr11	72564476	72564457	-	18.39	17.95	>	6	9	81
552	chr14	57362951	57362932	-	18.3	10.125	>	6	9	81
553	chr13	54063511	54063492	-	18.3	12.516	>	6	9	81
554	chr8	127191530	127191511	+	18.27	39.03	>	6	9	81
555	chr4	24249781	24249762	+	18.25	8.38	>	6	9	81
556	chr1	175603551	175603532	-	18.2	12.0	>	6	9	81
557	chr7	131897479	131897460	+	18.19	16.34	>	6	9	81
558	chr2	125259455	125259436	-	18.17	32.72	>	6	9	81
559	chr8	11943262	11943243	-	18.0	20.05	>	6	9	81
560	chr13	74861814	74861795	+	17.98	11.664	>	6	9	81
561	chr3	37302880	37302861	-	17.98	17.84	>	6	9	81
562	chr2	165391753	165391734	+	17.95	20.97	>	6	9	81
563	chr1	167669968	167669949	-	17.94	39.3	>	6	9	81
564	chr14	24311319	24311300	+	17.89	24.48	>	6	9	81
565	chr6	125622660	125622641	+	17.86	24.67	>	6	9	81
566	chr16	91694897	91694878	+	17.83	21.03	>	6	9	81
567	chr7	100886752	100886733	-	17.8	33.3	>	6	9	81
568	chr2	165779092	165779073	+	17.7	43.9	>	6	9	81
569	chr4	118988734	118988715	-	17.7	12.37	>	6	9	81
570	chr9	111939788	111939769	+	17.64	16.92	>	6	9	81
571	chr9	40806571	40806552	+	17.64	39.78	>	6	9	81
572	chr19	21571392	21571373	+	17.64	11.9	>	6	9	81
573	chr10	49785057	49785038	-	17.56	2.498	>	6	9	81
574	chr3	84922220	84922201	+	17.47	28.94	>	6	9	81
575	chr12	7991018	7990999	+	17.47	17.66	>	6	9	81
576	chr8	106687694	106687675	+	17.45	42.0	>	6	9	81
577	chr19	15998346	15998327	+	17.33	27.56	>	6	9	81
578	chr10	30838389	30838370	+	17.3	7.543	>	6	9	81
579	chr2	6469364	6469345	-	17.28	15.65	>	6	9	81
580	chr9	59678540	59678521	-	17.28	29.06	>	6	9	81
581	chr18	60143536	60143517	-	17.25	6.348	>	6	9	81
582	chr2	76114972	76114953	-	17.25	26.88	>	6	9	81
583	chr1	192722361	192722342	-	17.23	36.0	>	6	9	81
584	chr13	6737153	6737134	+	17.23	24.25	>	6	9	81
585	chr10	116199232	116199213	+	17.23	24.89	>	6	9	81
586	chr18	6627309	6627290	+	17.06	30.4	>	6	9	81
587	chr7	117375969	117375950	-	17.03	13.42	>	6	9	81
588	chr11	7200225	7200206	+	17.03	39.34	>	6	9	81
589	chr3	152474817	152474798	+	16.98	9.51	>	6	9	81
590	chr12	4107565	4107546	+	16.97	22.11	>	6	9	81
591	chr18	78212287	78212268	-	16.83	18.31	>	6	9	81
592	chr2	17842170	17842151	-	16.81	6.844	>	6	9	81
593	chr5	112429191	112429172	-	16.78	14.19	>	6	9	81
594	chr9	54169687	54169668	+	16.73	16.64	>	6	9	81
595	chr9	78597063	78597044	+	16.73	17.98	>	6	9	81
596	chr2	125556029	125556010	+	16.69	19.19	>	6	9	81
597	chr4	86545837	86545818	-	16.69	26.34	>	6	9	81
598	chr11	34229190	34229171	+	16.55	19.56	>	6	9	81
599	chr13	60479163	60479144	+	16.52	1.697	>	6	9	81
600	chr11	57788119	57788100	+	16.36	29.88	>	6	9	81
601	chr5	117504639	117504620	+	16.36	53.34	>	6	9	81
602	chr1	128368923	128368904	+	16.28	14.01	>	6	9	81
603	chr14	51098507	51098488	-	16.28	41.22	>	6	9	81
604	chr10	14404268	14404249	+	16.23	20.66	>	6	9	81
605	chr18	65752297	65752278	-	16.1	16.11	>	6	9	81
606	chr3	59077498	59077479	+	16.1	40.72	>	6	9	81
607	chr1	119919473	119919454	+	16.06	20.62	>	6	9	81
608	chr1	86598699	86598680	+	16.03	48.72	>	6	9	81
609	chr1	80178208	80178189	-	16.0	17.12	>	6	9	81
610	chr15	64132164	64132145	+	15.96	15.336	>	6	9	81
611	chr2	4652218	4652199	-	15.91	22.83	>	6	9	81
612	chr9	40805489	40805470	-	15.86	35.53	>	6	9	81
613	chr13	30549079	30549060	-	15.805	25.34	>	6	9	81
614	chr3	82350530	82350511	-	15.805	7.78	>	6	9	81
615	chr7	81155234	81155215	-	15.805	19.0	>	6	9	81
616	chr4	107701325	107701306	-	15.8	18.55	>	6	9	81
617	chr11	76655250	76655231	+	15.8	25.19	>	6	9	81
618	chr7	122945377	122945358	+	15.72	20.64	>	6	9	81
619	chr16	32697312	32697293	+	15.695	24.02	>	6	9	81
620	chr13	114460825	114460806	-	15.65	8.25	>	6	9	81
621	chr19	59389409	59389390	+	15.65	31.4	>	6	9	81
622	chr7	45451495	45451476	+	15.64	35.4	>	6	9	81
623	chr15	85599066	85599047	+	15.625	30.86	>	6	9	81
624	chr10	9012998	9012979	+	15.6	21.77	>	6	9	81
625	chr13	24318872	24318853	-	15.58	11.58	>	6	9	81
626	chr3	123506917	123506898	-	15.53	17.17	>	6	9	81
627	chr13	101719731	101719712	-	15.48	25.34	>	6	9	81
628	chr12	12412898	12412879	-	15.43	30.47	>	6	9	81
629	chr10	127342496	127342477	-	15.4	29.73	>	6	9	81
630	chr7	28972871	28972852	+	15.39	21.2	>	6	9	81
631	chr5	130862481	130862462	+	15.33	29.22	>	6	9	81
632	chr13	53779354	53779335	+	15.31	23.8	>	6	9	81
633	chr11	51582940	51582921	-	15.305	26.1	>	6	9	81
634	chr3	34150257	34150238	+	15.3	17.19	>	6	9	81
635	chr9	30423156	30423137	-	15.29	30.31	>	6	9	81
636	chr1	55886585	55886566	+	15.29	16.73	>	6	9	81
637	chr8	121104251	121104232	+	15.28	31.56	>	6	9	81
638	chr2	31683894	31683875	+	15.27	30.73	>	6	9	81
639	chr9	121458682	121458663	+	15.27	42.72	>	6	9	81
640	chr13	111421545	111421526	+	15.22	27.25	>	6	9	81
641	chr18	56572965	56572946	+	15.22	32.7	>	6	9	81
642	chr18	42593315	42593296	+	15.2	8.75	>	6	9	81
643	chr8	118287683	118287664	+	15.2	7.145	>	6	9	81
644	chr14	47742843	47742824	+	15.18	9.65	>	6	9	81
645	chr1	184791312	184791293	-	15.164	27.39	>	6	9	81
646	chr6	106800166	106800147	-	15.1	18.75	>	6	9	81
647	chr11	12025880	12025861	+	15.06	18.02	>	6	9	81
648	chr5	129594341	129594322	-	15.03	29.4	>	6	9	81
649	chr13	16005724	16005705	+	15.016	13.71	>	6	9	81
650	chr14	65597230	65597211	+	15.016	14.01	>	6	9	81
651	chr5	99900280	99900261	-	14.95	10.75	>	6	9	81
652	chr8	11421350	11421331	-	14.945	26.12	>	6	9	81
653	chr19	4755748	4755729	+	14.93	24.55	>	6	9	81
654	chr10	110733540	110733521	-	14.914	16.5	>	6	9	81
655	chr5	67752088	67752069	+	14.89	18.31	>	6	9	81
656	chr9	77381774	77381755	-	14.85	26.45	>	6	9	81
657	chr18	81951830	81951811	-	14.76	34.06	>	6	9	81
658	chr1	86059644	86059625	+	14.734	30.22	>	6	9	81
659	chr1	52630636	52630617	-	14.734	9.89	>	6	9	81
660	chr2	174308107	174308088	+	14.69	14.67	>	6	9	81
661	chr11	99364649	99364630	-	14.6	16.03	>	6	9	81
662	chr13	109558424	109558405	+	14.49	16.98	>	6	9	81
663	chr12	58201405	58201386	-	14.48	6.883	>	6	9	81
664	chr7	137471937	137471918	+	14.445	28.83	>	6	9	81
665	chr17	26916803	26916784	+	14.414	25.05	>	6	9	81
666	chr5	87871626	87871607	-	14.414	20.39	>	6	9	81
667	chr2	125252443	125252424	+	14.414	25.9	>	6	9	81
668	chr1	9549185	9549166	+	14.414	19.5	>	6	9	81
669	chr11	11788608	11788589	-	14.38	31.97	>	6	9	81
670	chr7	43928727	43928708	+	14.36	11.45	>	6	9	81
671	chr10	60760656	60760637	-	14.31	36.9	>	6	9	81
672	chr6	17362958	17362939	+	14.31	3.076	>	6	9	81
673	chr1	136521528	136521509	-	14.305	21.69	>	6	9	81
674	chr2	153147934	153147915	+	14.28	18.94	>	6	9	81
675	chr8	61522313	61522294	+	14.266	28.28	>	6	9	81
676	chr18	56759303	56759284	+	14.266	12.61	>	6	9	81
677	chr14	115451146	115451127	-	14.234	4.215	>	6	9	81
678	chr1	176218428	176218409	+	14.195	14.99	>	6	9	81
679	chr15	97665520	97665501	-	14.18	30.02	>	6	9	81
680	chr13	20299620	20299601	+	14.18	33.25	>	6	9	81
681	chr9	59969601	59969582	-	14.14	17.69	>	6	9	81
682	chr16	57611975	57611956	+	14.055	18.66	>	6	9	81
683	chr12	15816144	15816125	+	13.984	8.52	>	6	9	81
684	chr15	82271381	82271362	-	13.95	28.55	>	6	9	81
685	chr7	74363644	74363625	-	13.95	40.8	>	6	9	81
686	chr3	73066293	73066274	+	13.95	16.86	>	6	9	81
687	chr1	118772515	118772496	-	13.945	30.34	>	6	9	81
688	chr4	110020493	110020474	-	13.94	26.28	>	6	9	81
689	chr3	34639420	34639401	-	13.94	14.87	>	6	9	81
690	chr2	131530224	131530205	-	13.92	25.86	>	6	9	81
691	chr4	20024128	20024109	+	13.91	12.516	>	6	9	81
692	chr8	74980870	74980851	-	13.81	30.2	>	6	9	81
693	chr18	75757719	75757700	+	13.734	18.78	>	6	9	81
694	chr7	89908147	89908128	-	13.72	13.79	>	6	9	81
695	chr4	150257406	150257387	+	13.72	23.58	>	6	9	81
696	chr2	55022781	55022762	-	13.664	7.77	>	6	9	81
697	chr18	64506771	64506752	-	13.63	18.4	>	6	9	81
698	chr14	123353156	123353137	-	13.61	11.6	>	6	9	81
699	chr4	139872794	139872775	+	13.59	35.75	>	6	9	81
700	chr13	51839869	51839850	+	13.586	21.19	>	6	9	81
701	chr5	146162789	146162770	+	13.516	23.42	>	6	9	81
702	chr9	83785201	83785182	+	13.49	14.66	>	6	9	81
703	chr3	59079480	59079461	+	13.44	28.77	>	6	9	81
704	chr10	11345312	11345293	-	13.375	5.086	>	6	9	81
705	chr11	46252188	46252169	-	13.34	28.12	>	6	9	81
706	chr4	85404971	85404952	+	13.32	14.11	>	6	9	81
707	chr4	130738774	130738755	+	13.31	16.47	>	6	9	81
708	chr5	86432914	86432895	+	13.305	16.02	>	6	9	81
709	chr3	22306829	22306810	+	13.266	18.6	>	6	9	81
710	chr2	91930225	91930206	-	13.25	19.55	>	6	9	81
711	chr6	108417714	108417695	+	13.234	10.66	>	6	9	81
712	chr12	17011790	17011771	-	13.16	20.73	>	6	9	81
713	chr5	87551137	87551118	-	13.15	21.52	>	6	9	81
714	chr4	106227683	106227664	-	13.14	14.38	>	6	9	81
715	chr4	139877472	139877453	+	13.1	27.4	>	6	9	81
716	chr1	88742593	88742574	-	13.086	17.75	>	6	9	81
717	chr3	52254088	52254069	+	13.02	34.16	>	6	9	81
718	chr9	73159469	73159450	+	12.99	27.5	>	6	9	81
719	chr7	29297253	29297234	-	12.984	28.8	>	6	9	81
720	chr13	116312336	116312317	-	12.93	10.21	>	6	9	81
721	chr2	157117146	157117127	-	12.91	21.92	>	6	9	81
722	chr9	60243712	60243693	+	12.89	13.59	>	6	9	81
723	chr1	179845066	179845047	-	12.88	17.89	>	6	9	81
724	chr11	103332754	103332735	+	12.875	24.97	>	6	9	81
725	chr1	53032774	53032755	-	12.87	13.05	>	6	9	81
726	chr8	45345197	45345178	+	12.81	16.72	>	6	9	81
727	chr12	113216133	113216114	+	12.74	53.7	>	6	9	81
728	chr15	36152194	36152175	-	12.72	16.9	>	6	9	81
729	chr1	72876274	72876255	+	12.69	17.11	>	6	9	81
730	chr9	14774009	14773990	+	12.664	9.0	>	6	9	81
731	chr12	74317197	74317178	-	12.664	11.76	>	6	9	81
732	chr7	107819649	107819630	-	12.64	16.3	>	6	9	81
733	chr13	55327907	55327888	+	12.64	17.61	>	6	9	81
734	chr3	54796015	54795996	+	12.63	22.77	>	6	9	81
735	chr6	60963937	60963918	+	12.61	7.094	>	6	9	81
736	chr8	21981891	21981872	-	12.61	17.33	>	6	9	81
737	chr10	38269349	38269330	-	12.52	19.28	>	6	9	81
738	chr6	51170619	51170600	-	12.5	20.02	>	6	9	81
739	chr2	148110356	148110337	-	12.43	16.03	>	6	9	81
740	chr1	88301823	88301804	-	12.42	19.61	>	6	9	81
741	chr6	115037959	115037940	-	12.33	15.375	>	6	9	81
742	chr16	11980974	11980955	+	12.33	3.668	>	6	9	81
743	chr15	44832771	44832752	-	12.31	24.2	>	6	9	81
744	chr19	26193888	26193869	-	12.29	7.65	>	6	9	81
745	chr17	8988263	8988244	-	12.29	10.71	>	6	9	81
746	chr14	66358860	66358841	+	12.28	18.22	>	6	9	81
747	chr12	40832432	40832413	-	12.26	13.56	>	6	9	81
748	chr2	53206958	53206939	-	12.18	12.55	>	6	9	81
749	chr16	42914617	42914598	+	12.16	7.133	>	6	9	81
750	chr11	111523686	111523667	-	12.14	23.53	>	6	9	81
751	chr6	121556678	121556659	+	12.11	18.8	>	6	9	81
752	chr7	43926199	43926180	-	12.1	21.69	>	6	9	81
753	chr3	3311028	3311009	+	12.09	10.74	>	6	9	81
754	chr12	17018680	17018661	+	12.04	21.19	>	6	9	81
755	chr18	33794794	33794775	+	11.97	24.89	>	6	9	81
756	chr15	73791915	73791896	+	11.96	24.61	>	6	9	81
757	chr12	82489256	82489237	+	11.945	11.805	>	6	9	81
758	chr19	37559803	37559784	+	11.91	21.4	>	6	9	81
759	chr12	36195155	36195136	-	11.91	7.07	>	6	9	81
760	chr3	30515246	30515227	-	11.875	11.664	>	6	9	81
761	chr19	27426681	27426662	-	11.81	11.945	>	6	9	81
762	chr2	75590427	75590408	-	11.75	21.66	>	6	9	81
763	chr2	17849498	17849479	+	11.75	6.633	>	6	9	81
764	chr9	83371155	83371136	-	11.75	6.18	>	6	9	81
765	chr9	30936846	30936827	-	11.734	17.67	>	6	9	81
766	chr15	94690037	94690018	+	11.73	23.03	>	6	9	81
767	chr2	147379133	147379114	+	11.69	9.875	>	6	9	81
768	chr4	121232314	121232295	-	11.664	7.945	>	6	9	81
769	chr18	56333219	56333200	-	11.64	4.934	>	6	9	81
770	chr16	25952209	25952190	-	11.64	6.688	>	6	9	81
771	chr13	94976326	94976307	+	11.63	16.62	>	6	9	81
772	chr2	30942898	30942879	-	11.57	22.28	>	6	9	81
773	chr6	104479441	104479422	+	11.55	10.57	>	6	9	81
774	chr5	113080039	113080020	-	11.52	26.94	>	6	9	81
775	chr16	30550607	30550588	-	11.52	17.62	>	6	9	81
776	chr1	160194976	160194957	+	11.51	18.28	>	6	9	81
777	chr11	56116782	56116763	-	11.48	30.47	>	6	9	81
778	chr6	112484521	112484502	-	11.48	12.14	>	6	9	81
779	chr14	21853546	21853527	-	11.445	30.66	>	6	9	81
780	chr9	58534993	58534974	+	11.414	20.97	>	6	9	81
781	chr17	73302318	73302299	+	11.414	39.62	>	6	9	81
782	chr1	85842459	85842440	-	11.41	14.02	>	6	9	81
783	chr17	16926410	16926391	-	11.35	2.584	>	6	9	81
784	chr12	29894861	29894842	+	11.31	16.72	>	6	9	81
785	chr2	127832989	127832970	+	11.22	7.293	>	6	9	81
786	chr16	20724653	20724634	+	11.18	15.11	>	6	9	81
787	chr1	180811112	180811093	-	11.164	28.33	>	6	9	81
788	chr13	109210611	109210592	-	11.16	17.5	>	6	9	81
789	chr18	5990207	5990188	-	11.14	3.14	>	6	9	81
790	chr18	12102268	12102249	-	11.125	23.38	>	6	9	81
791	chr19	59380193	59380174	+	11.08	23.9	>	6	9	81
792	chr2	101665476	101665457	+	11.055	26.06	>	6	9	81
793	chr12	108541242	108541223	-	11.02	27.9	>	6	9	81
794	chr2	32583648	32583629	+	11.016	30.19	>	6	9	81
795	chr1	181881807	181881788	-	10.98	11.91	>	6	9	81
796	chr5	117506576	117506557	+	10.94	40.06	>	6	9	81
797	chr1	38789153	38789134	+	10.89	22.95	>	6	9	81
798	chr10	102445139	102445120	-	10.875	19.4	>	6	9	81
799	chr12	81788941	81788922	+	10.87	12.51	>	6	9	81
800	chr9	78233462	78233443	-	10.86	15.93	>	6	9	81
801	chr10	96618527	96618508	+	10.86	3.014	>	6	9	81
802	chr8	84639419	84639400	-	10.85	34.7	>	6	9	81
803	chr17	8468905	8468886	+	10.85	20.27	>	6	9	81
804	chr2	67535551	67535532	+	10.83	7.83	>	6	9	81
805	chr18	52947340	52947321	+	10.82	10.15	>	6	9	81
806	chr13	72625410	72625391	-	10.78	6.715	>	6	9	81
807	chr11	31942449	31942430	+	10.69	22.72	>	6	9	81
808	chr1	6190743	6190724	-	10.63	7.344	>	6	9	81
809	chr7	74367549	74367530	+	10.6	15.16	>	6	9	81
810	chr4	22482970	22482951	+	10.58	4.45	>	6	9	81
811	chr13	20298018	20297999	+	10.56	24.86	>	6	9	81
812	chr16	75325511	75325492	-	10.484	5.44	>	6	9	81
813	chr6	54586377	54586358	+	10.44	8.14	>	6	9	81
814	chr14	59604211	59604192	-	10.375	15.664	>	6	9	81
815	chr2	107946040	107946021	-	10.31	11.08	>	6	9	81
816	chr1	62701219	62701200	-	10.3	12.74	>	6	9	81
817	chr7	75914120	75914101	+	10.266	24.1	>	6	9	81
818	chr5	98167679	98167660	+	10.26	12.875	>	6	9	81
819	chr9	99671799	99671780	+	10.23	22.52	>	6	9	81
820	chr1	179847901	179847882	+	10.16	11.88	>	6	9	81
821	chr15	80080817	80080798	-	10.15	32.28	>	6	9	81
822	chr6	137747756	137747737	-	10.09	27.12	>	6	9	81
823	chr6	77249625	77249606	-	10.09	6.945	>	6	9	81
824	chr5	149049190	149049171	-	10.08	15.81	>	6	9	81
825	chr18	32814407	32814388	-	10.07	2.566	>	6	9	81
826	chr11	46258405	46258386	-	10.06	20.3	>	6	9	81
827	chr11	81974830	81974811	-	10.01	5.44	>	6	9	81
828	chr19	48414047	48414028	+	9.99	12.77	>	6	9	81
829	chr11	34836484	34836465	+	9.86	20.75	>	6	9	81
830	chr17	24437345	24437326	-	9.81	19.33	>	6	9	81
831	chr6	59208753	59208734	-	9.734	12.92	>	6	9	81
832	chr13	37325694	37325675	-	9.734	20.84	>	6	9	81
833	chr11	43412967	43412948	-	9.72	22.2	>	6	9	81
834	chr13	49651342	49651323	-	9.71	2.496	>	6	9	81
835	chr7	143151380	143151361	+	9.69	18.05	>	6	9	81
836	chr16	4285478	4285459	-	9.67	7.94	>	6	9	81
837	chr11	29715017	29714998	-	9.664	9.12	>	6	9	81
838	chr3	134654263	134654244	+	9.62	3.898	>	6	9	81
839	chr8	28978824	28978805	-	9.57	7.504	>	6	9	81
840	chr13	54062269	54062250	-	9.55	10.02	>	6	9	81
841	chr9	32585514	32585495	+	9.516	12.72	>	6	9	81
842	chr7	73648212	73648193	-	9.484	13.375	>	6	9	81
843	chr19	27425889	27425870	-	9.44	11.26	>	6	9	81
844	chr13	100854377	100854358	-	9.42	17.78	>	6	9	81
845	chr5	140749784	140749765	-	9.414	22.17	>	6	9	81
846	chr4	127027444	127027425	+	9.4	22.48	>	6	9	81
847	chr11	109221866	109221847	-	9.3	9.67	>	6	9	81
848	chr16	16596794	16596775	+	9.28	5.977	>	6	9	81
849	chr2	128605294	128605275	-	9.25	9.07	>	6	9	81
850	chr2	61492265	61492246	+	9.25	6.99	>	6	9	81
851	chr10	74217479	74217460	+	9.22	7.7	>	6	9	81
852	chr9	68016722	68016703	+	9.2	8.305	>	6	9	81
853	chr6	144248136	144248117	+	9.19	7.742	>	6	9	81
854	chr13	51191948	51191929	+	9.17	5.492	>	6	9	81
855	chr2	103424848	103424829	-	9.164	12.29	>	6	9	81
856	chr7	64751734	64751715	-	9.13	16.66	>	6	9	81
857	chr7	27160004	27159985	+	9.125	14.17	>	6	9	81
858	chr13	95986545	95986526	+	9.08	13.76	>	6	9	81
859	chr5	135118653	135118634	+	9.08	29.22	>	6	9	81
860	chr10	49786914	49786895	-	9.07	0.785	>	6	9	81
861	chr1	51639072	51639053	+	9.02	3.22	>	6	9	81
862	chr14	105307894	105307875	+	8.95	2.453	>	6	9	81
863	chr19	40231990	40231971	-	8.95	19.89	>	6	9	81
864	chr10	69656526	69656507	+	8.95	12.99	>	6	9	81
865	chr7	142714879	142714860	-	8.945	27.2	>	6	9	81
866	chr6	129256260	129256241	-	8.93	14.53	>	6	9	81
867	chr5	138199783	138199764	+	8.9	8.414	>	6	9	81
868	chr8	36193738	36193719	+	8.89	10.43	>	6	9	81
869	chr11	49597354	49597335	+	8.87	6.92	>	6	9	81
870	chr1	139405977	139405958	-	8.86	4.043	>	6	9	81
871	chr3	124289118	124289099	-	8.84	12.69	>	6	9	81
872	chr9	13196005	13195986	-	8.83	30.6	>	6	9	81
873	chr14	115819240	115819221	+	8.83	10.71	>	6	9	81
874	chr5	146914595	146914576	+	8.82	39.7	>	6	9	81
875	chr4	119223866	119223847	-	8.766	16.34	>	6	9	81
876	chr15	85879204	85879185	-	8.76	17.27	>	6	9	81
877	chr4	124682485	124682466	+	8.7	17.45	>	6	9	81
878	chr17	34956526	34956507	+	8.695	22.17	>	6	9	81
879	chr12	39494054	39494035	-	8.65	2.455	>	6	9	81
880	chr9	34485824	34485805	-	8.625	10.6	>	6	9	81
881	chr2	180786948	180786929	+	8.57	17.27	>	6	9	81
882	chr4	62230989	62230970	+	8.57	12.25	>	6	9	81
883	chr2	16357480	16357461	+	8.55	2.205	>	6	9	81
884	chr17	9759516	9759497	+	8.54	11.53	>	6	9	81
885	chr10	13018670	13018651	+	8.54	19.64	>	6	9	81
886	chr4	32570820	32570801	-	8.52	6.645	>	6	9	81
887	chr9	86451919	86451900	-	8.49	16.77	>	6	9	81
888	chr7	139590495	139590476	+	8.49	20.39	>	6	9	81
889	chr16	31944169	31944150	+	8.445	14.11	>	6	9	81
890	chr3	104701211	104701192	-	8.44	24.84	>	6	9	81
891	chr2	160955546	160955527	-	8.414	14.05	>	6	9	81
892	chr18	32811889	32811870	+	8.4	4.918	>	6	9	81
893	chr14	115042240	115042221	-	8.4	14.734	>	6	9	81
894	chr2	28464119	28464100	-	8.33	19.16	>	6	9	81
895	chr2	76369931	76369912	+	8.28	9.1	>	6	9	81
896	chr3	107605512	107605493	+	8.28	12.57	>	6	9	81
897	chr14	121220891	121220872	-	8.23	10.8	>	6	9	81
898	chr1	103796539	103796520	+	8.22	10.74	>	6	9	81
899	chr16	23151589	23151570	+	8.21	3.11	>	6	9	81
900	chr5	33371346	33371327	-	8.19	15.74	>	6	9	81
901	chr13	103121088	103121069	-	8.18	6.016	>	6	9	81
902	chr10	60760529	60760510	+	8.14	24.72	>	6	9	81
903	chr1	169921787	169921768	+	8.12	12.62	>	6	9	81
904	chr13	42826816	42826797	-	8.11	17.0	>	6	9	81
905	chr6	72601930	72601911	+	8.11	24.06	>	6	9	81
906	chr7	81345319	81345300	-	7.99	7.87	>	6	9	81
907	chr11	33934471	33934452	+	7.98	18.27	>	6	9	81
908	chr18	77044808	77044789	-	7.97	11.42	>	6	9	81
909	chr7	67217278	67217259	+	7.926	7.28	>	6	9	81
910	chr2	164074027	164074008	+	7.906	10.22	>	6	9	81
911	chr3	45373410	45373391	+	7.855	1.438	>	6	9	81
912	chr1	152768355	152768336	-	7.84	9.35	>	6	9	81
913	chr11	102267665	102267646	-	7.81	17.44	>	6	9	81
914	chr11	43411664	43411645	-	7.81	21.72	>	6	9	81
915	chr2	129880054	129880035	+	7.805	6.484	>	6	9	81
916	chr11	81972241	81972222	+	7.797	9.07	>	6	9	81
917	chr9	65581143	65581124	-	7.793	11.17	>	6	9	81
918	chr4	106228720	106228701	+	7.727	13.9	>	6	9	81
919	chr6	119467876	119467857	+	7.703	18.1	>	6	9	81
920	chr10	122794511	122794492	+	7.695	15.734	>	6	9	81
921	chr14	34813484	34813465	-	7.69	11.805	>	6	9	81
922	chr15	19280629	19280610	+	7.68	3.066	>	6	9	81
923	chr13	38235597	38235578	-	7.676	11.836	>	6	9	81
924	chr13	21710105	21710086	+	7.67	14.95	>	6	9	81
925	chr11	104231353	104231334	-	7.67	18.38	>	6	9	81
926	chr6	86401304	86401285	-	7.64	23.28	>	6	9	81
927	chr4	24245320	24245301	-	7.633	3.027	>	6	9	81
928	chr9	29655082	29655063	+	7.613	20.11	>	6	9	81
929	chr9	58535957	58535938	-	7.605	16.9	>	6	9	81
930	chr5	112427478	112427459	-	7.598	9.93	>	6	9	81
931	chr4	140539353	140539334	-	7.58	22.9	>	6	9	81
932	chr14	105302910	105302891	+	7.57	4.605	>	6	9	81
933	chr7	19713404	19713385	-	7.543	26.19	>	6	9	81
934	chr1	127487367	127487348	-	7.52	14.33	>	6	9	81
935	chr19	56806125	56806106	-	7.504	5.934	>	6	9	81
936	chr19	47175662	47175643	-	7.46	21.67	>	6	9	81
937	chr2	150795624	150795605	-	7.44	6.633	>	6	9	81
938	chr2	137114826	137114807	+	7.438	4.08	>	6	9	81
939	chr10	119244230	119244211	+	7.434	4.305	>	6	9	81
940	chr5	117094622	117094603	+	7.42	22.22	>	6	9	81
941	chr11	67100384	67100365	-	7.42	22.83	>	6	9	81
942	chr5	30686988	30686969	+	7.41	18.64	>	6	9	81
943	chr8	105291139	105291120	-	7.41	11.78	>	6	9	81
944	chr7	143470174	143470155	-	7.39	17.94	>	6	9	81
945	chr15	8099290	8099271	-	7.35	8.336	>	6	9	81
946	chr7	119015949	119015930	+	7.34	17.75	>	6	9	81
947	chr17	56306039	56306020	-	7.305	16.48	>	6	9	81
948	chr1	134636895	134636876	+	7.3	5.97	>	6	9	81
949	chr17	65541217	65541198	+	7.258	9.125	>	6	9	81
950	chr14	49218880	49218861	+	7.25	8.47	>	6	9	81
951	chr1	25527154	25527135	+	7.2	7.453	>	6	9	81
952	chr1	146515575	146515556	+	7.18	3.11	>	6	9	81
953	chr9	44109578	44109559	+	7.176	33.9	>	6	9	81
954	chr11	108889358	108889339	+	7.15	8.016	>	6	9	81
955	chr7	138398615	138398596	+	7.117	4.707	>	6	9	81
956	chr5	32204842	32204823	+	7.11	6.15	>	6	9	81
957	chr8	14859581	14859562	+	7.1	5.27	>	6	9	81
958	chr11	95676507	95676488	-	7.09	14.555	>	6	9	81
959	chr6	85141186	85141167	+	7.08	33.56	>	6	9	81
960	chr14	20340404	20340385	-	7.04	15.81	>	6	9	81
961	chr1	193130339	193130320	-	7.023	5.71	>	6	9	81
962	chr9	98032882	98032863	+	6.992	4.73	>	6	9	81
963	chr7	143793289	143793270	+	6.98	21.42	>	6	9	81
964	chr12	32292312	32292293	-	6.895	8.26	>	6	9	81
965	chr17	45724453	45724434	-	6.89	12.125	>	6	9	81
966	chr14	102512314	102512295	+	6.89	1.602	>	6	9	81
967	chr8	11943038	11943019	+	6.88	5.47	>	6	9	81
968	chr7	83553561	83553542	+	6.867	8.27	>	6	9	81
969	chr9	64960779	64960760	-	6.85	16.31	>	6	9	81
970	chr9	30426996	30426977	+	6.832	15.31	>	6	9	81
971	chr11	119249183	119249164	+	6.785	23.48	>	6	9	81
972	chr8	90795542	90795523	+	6.77	10.67	>	6	9	81
973	chr2	113498926	113498907	-	6.766	9.86	>	6	9	81
974	chr13	62926662	62926643	+	6.75	4.73	>	6	9	81
975	chr1	127485025	127485006	+	6.715	16.44	>	6	9	81
976	chr17	78592615	78592596	+	6.715	8.945	>	6	9	81
977	chr2	118246134	118246115	-	6.668	13.72	>	6	9	81
978	chr2	92474875	92474856	-	6.652	13.95	>	6	9	81
979	chr7	17061423	17061404	+	6.645	15.1	>	6	9	81
980	chr10	122090678	122090659	+	6.63	8.38	>	6	9	81
981	chr13	64448147	64448128	+	6.594	17.92	>	6	9	81
982	chr2	34642611	34642592	-	6.562	14.51	>	6	9	81
983	chr5	117509743	117509724	+	6.54	26.92	>	6	9	81
984	chr7	131371109	131371090	+	6.516	4.71	>	6	9	81
985	chr6	94054143	94054124	-	6.5	13.34	>	6	9	81
986	chr14	20697228	20697209	+	6.465	17.88	>	6	9	81
987	chr10	122798121	122798102	+	6.46	15.23	>	6	9	81
988	chr13	14196604	14196585	+	6.45	1.613	>	6	9	81
989	chr3	118991976	118991957	+	6.438	8.26	>	6	9	81
990	chr9	107231295	107231276	-	6.434	7.414	>	6	9	81
991	chr15	24557016	24556997	-	6.418	3.371	>	6	9	81
992	chr2	178407758	178407739	+	6.414	11.43	>	6	9	81
993	chr9	90683476	90683457	-	6.38	1.322	>	6	9	81
994	chr6	22968335	22968316	-	6.34	6.418	>	6	9	81
995	chr12	67217811	67217792	+	6.336	1.95	>	6	9	81
996	chr10	82910438	82910419	+	6.277	10.99	>	6	9	81
997	chr7	49125716	49125697	+	6.258	16.88	>	6	9	81
998	chr11	119491305	119491286	-	6.215	10.81	>	6	9	81
999	chr11	32341308	32341289	-	6.21	14.555	>	6	9	81
1000	chr19	8713406	8713387	+	6.19	10.44	>	6	9	81
1001	chr4	48048044	48048025	+	6.152	6.21	>	6	9	81
1002	chr11	52764825	52764806	+	6.15	7.75	>	6	9	81
1003	chr13	20564636	20564617	-	6.145	4.82	>	6	9	81
1004	chr10	39105011	39104992	-	6.14	7.152	>	6	9	81
1005	chr11	98909856	98909837	-	6.117	18.95	>	6	9	81
1006	chr1	151025102	151025083	+	6.117	4.496	>	6	9	81
1007	chr5	98167777	98167758	-	6.113	9.555	>	6	9	81
1008	chr8	88118562	88118543	+	6.062	3.66	>	6	9	81
1009	chr16	92511934	92511915	+	6.035	16.34	>	6	9	81
1010	chr15	25792295	25792276	-	6.008	6.87	>	6	9	81
1011	chr13	92751194	92751175	+	5.938	12.68	>	6	9	81
1012	chr5	101688793	101688774	-	5.934	12.51	>	6	9	81
1013	chr7	112023252	112023233	+	5.93	8.26	>	6	9	81
1014	chr14	21854038	21854019	-	5.914	27.36	>	6	9	81
1015	chr8	32003733	32003714	-	5.9	2.012	>	6	9	81
1016	chr13	53095394	53095375	-	5.867	6.086	>	6	9	81
1017	chr1	182554179	182554160	+	5.836	10.15	>	6	9	81
1018	chr6	18381568	18381549	+	5.832	1.955	>	6	9	81
1019	chr9	77389590	77389571	+	5.832	5.68	>	6	9	81
1020	chr16	5254481	5254462	-	5.812	12.77	>	6	9	81
1021	chr2	93199625	93199606	+	5.797	14.08	>	6	9	81
1022	chr9	81631651	81631632	-	5.793	3.863	>	6	9	81
1023	chr2	152887412	152887393	-	5.78	4.652	>	6	9	81
1024	chr4	153481137	153481118	-	5.766	3.3	>	6	9	81
1025	chr8	72239706	72239687	-	5.754	5.32	>	6	9	81
1026	chr18	65750236	65750217	-	5.703	2.543	>	6	9	81
1027	chr6	61311882	61311863	-	5.68	7.43	>	6	9	81
1028	chr18	46143625	46143606	+	5.676	6.477	>	6	9	81
1029	chr6	120836118	120836099	+	5.64	7.797	>	6	9	81
1030	chr6	100563990	100563971	-	5.625	4.164	>	6	9	81
1031	chr3	13475098	13475079	-	5.61	1.948	>	6	9	81
1032	chr2	132262968	132262949	+	5.6	7.164	>	6	9	81
1033	chr11	103334169	103334150	+	5.594	12.02	>	6	9	81
1034	chr6	54255029	54255010	+	5.586	4.35	>	6	9	81
1035	chr13	101711018	101710999	+	5.543	9.15	>	6	9	81
1036	chr5	39644761	39644742	-	5.54	3.531	>	6	9	81
1037	chr8	90795201	90795182	-	5.516	4.996	>	6	9	81
1038	chr18	23162646	23162627	+	5.51	1.562	>	6	9	81
1039	chr16	78165563	78165544	+	5.477	7.39	>	6	9	81
1040	chr2	96584106	96584087	-	5.44	3.29	>	6	9	81
1041	chr12	72070473	72070454	+	5.426	11.336	>	6	9	81
1042	chr12	24708691	24708672	+	5.414	9.914	>	6	9	81
1043	chr8	92367135	92367116	-	5.406	6.984	>	6	9	81
1044	chr17	83866777	83866758	+	5.4	23.0	>	6	9	81
1045	chr13	55322636	55322617	-	5.4	7.0	>	6	9	81
1046	chr6	88893771	88893752	-	5.395	16.78	>	6	9	81
1047	chr19	8718731	8718712	-	5.383	8.6	>	6	9	81
1048	chr12	59220179	59220160	-	5.38	2.5	>	6	9	81
1049	chr14	60784526	60784507	+	5.367	16.06	>	6	9	81
1050	chr3	153658591	153658572	+	5.33	6.258	>	6	9	81
1051	chr9	77386949	77386930	-	5.312	12.24	>	6	9	81
1052	chr10	83219903	83219884	+	5.312	6.188	>	6	9	81
1053	chr6	15176967	15176948	-	5.31	2.947	>	6	9	81
1054	chr2	152604207	152604188	-	5.27	19.44	>	6	9	81
1055	chr2	39003369	39003350	-	5.26	1.671	>	6	9	81
1056	chr16	31425707	31425688	-	5.254	13.484	>	6	9	81
1057	chr5	137503018	137502999	-	5.227	3.691	>	6	9	81
1058	chr18	13973086	13973067	-	5.207	0.71	>	6	9	81
1059	chr17	68849016	68848997	-	5.2	1.891	>	6	9	81
1060	chr2	128408931	128408912	-	5.19	8.72	>	6	9	81
1061	chr14	97559790	97559771	-	5.16	2.041	>	6	9	81
1062	chr8	67903864	67903845	-	5.13	6.113	>	6	9	81
1063	chr14	56888181	56888162	-	5.125	3.316	>	6	9	81
1064	chr4	132198465	132198446	+	5.125	11.19	>	6	9	81
1065	chr2	39005861	39005842	-	5.12	3.883	>	6	9	81
1066	chr7	137471679	137471660	-	5.1	19.97	>	6	9	81
1067	chr6	64949075	64949056	+	5.09	5.168	>	6	9	81
1068	chr18	16821148	16821129	+	5.043	1.935	>	6	9	81
1069	chr2	93813566	93813547	+	5.04	13.086	>	6	9	81
1070	chr6	126481478	126481459	-	5.023	10.89	>	6	9	81
1071	chr1	181881093	181881074	-	4.984	10.19	>	6	9	81
1072	chr6	108065822	108065803	-	4.977	6.67	>	6	9	81
1073	chr4	88550373	88550354	+	4.938	4.04	>	6	9	81
1074	chr5	137502167	137502148	+	4.867	8.81	>	6	9	81
1075	chr8	77618148	77618129	-	4.86	4.188	>	6	9	81
1076	chr7	120098024	120098005	+	4.855	7.22	>	6	9	81
1077	chr2	75152706	75152687	-	4.824	10.55	>	6	9	81
1078	chr11	87950193	87950174	+	4.78	11.09	>	6	9	81
1079	chr11	94598936	94598917	-	4.746	10.49	>	6	9	81
1080	chr1	10229119	10229100	+	4.746	0.972	>	6	9	81
1081	chr7	143476888	143476869	+	4.746	8.89	>	6	9	81
1082	chr9	102607693	102607674	-	4.715	3.604	>	6	9	81
1083	chr8	32009749	32009730	+	4.71	6.785	>	6	9	81
1084	chr3	99262117	99262098	-	4.707	1.889	>	6	9	81
1085	chr18	75607987	75607968	+	4.664	23.11	>	6	9	81
1086	chr7	75380211	75380192	-	4.64	2.41	>	6	9	81
1087	chr3	135863108	135863089	+	4.64	3.164	>	6	9	81
1088	chr4	87369015	87368996	-	4.625	9.125	>	6	9	81
1089	chr8	84639535	84639516	+	4.605	13.88	>	6	9	81
1090	chr15	74524301	74524282	+	4.586	13.7	>	6	9	81
1091	chr17	57007316	57007297	-	4.582	9.42	>	6	9	81
1092	chr11	30893985	30893966	+	4.547	0.9004	>	6	9	81
1093	chr19	57360190	57360171	-	4.543	2.654	>	6	9	81
1094	chr8	110102657	110102638	-	4.53	9.24	>	6	9	81
1095	chr7	135389259	135389240	-	4.53	9.336	>	6	9	81
1096	chr4	152527530	152527511	+	4.516	13.99	>	6	9	81
1097	chr13	103710441	103710422	+	4.5	4.57	>	6	9	81
1098	chr10	120896053	120896034	+	4.5	2.322	>	6	9	81
1099	chr18	5155632	5155613	-	4.484	6.39	>	6	9	81
1100	chr12	80141693	80141674	-	4.45	17.05	>	6	9	81
1101	chr5	118763566	118763547	-	4.418	12.81	>	6	9	81
1102	chr12	14150175	14150156	+	4.406	3.688	>	6	9	81
1103	chr10	128990300	128990281	-	4.4	8.03	>	6	9	81
1104	chr10	30834038	30834019	-	4.37	4.473	>	6	9	81
1105	chr6	50618483	50618464	+	4.367	12.766	>	6	9	81
1106	chr15	9748972	9748953	-	4.36	3.496	>	6	9	81
1107	chr16	92308164	92308145	-	4.355	11.22	>	6	9	81
1108	chr2	9881964	9881945	-	4.355	2.918	>	6	9	81
1109	chr8	123106089	123106070	+	4.336	8.18	>	6	9	81
1110	chr5	98346264	98346245	+	4.324	2.342	>	6	9	81
1111	chr10	40249841	40249822	-	4.316	12.23	>	6	9	81
1112	chr3	141457685	141457666	+	4.312	4.707	>	6	9	81
1113	chr9	40192620	40192601	-	4.3	2.145	>	6	9	81
1114	chr9	72448248	72448229	+	4.29	7.78	>	6	9	81
1115	chr13	24316809	24316790	-	4.273	3.682	>	6	9	81
1116	chr1	50927249	50927230	+	4.258	4.5	>	6	9	81
1117	chr11	102690417	102690398	-	4.223	12.195	>	6	9	81
1118	chr4	116627141	116627122	+	4.207	6.52	>	6	9	81
1119	chr15	76198817	76198798	+	4.164	10.72	>	6	9	81
1120	chr15	12113620	12113601	-	4.156	3.312	>	6	9	81
1121	chr1	115675059	115675040	+	4.152	5.223	>	6	9	81
1122	chr2	34644807	34644788	-	4.15	8.266	>	6	9	81
1123	chr2	166084974	166084955	-	4.133	18.12	>	6	9	81
1124	chr11	21571906	21571887	-	4.13	2.105	>	6	9	81
1125	chr15	9449709	9449690	-	4.062	0.543	>	6	9	81
1126	chr5	92664520	92664501	-	4.055	3.326	>	6	9	81
1127	chr12	77001216	77001197	+	4.043	1.105	>	6	9	81
1128	chr6	93757507	93757488	-	4.01	5.273	>	6	9	81
1129	chr19	56302794	56302775	+	4.01	3.797	>	6	9	81
1130	chr13	71954038	71954019	-	4.008	1.19	>	6	9	81
1131	chr4	17852015	17851996	-	4.0	0.8535	>	6	9	81
1132	chr18	39136126	39136107	+	3.992	1.932	>	6	9	81
1133	chr1	153489234	153489215	-	3.99	7.715	>	6	9	81
1134	chr9	66136172	66136153	-	3.988	5.383	>	6	9	81
1135	chr11	109621431	109621412	-	3.979	11.484	>	6	9	81
1136	chr13	91723318	91723299	+	3.959	5.49	>	6	9	81
1137	chr13	3642291	3642272	-	3.959	4.75	>	6	9	81
1138	chr13	47304770	47304751	+	3.957	6.746	>	6	9	81
1139	chr2	121144456	121144437	+	3.953	4.504	>	6	9	81
1140	chr13	93772223	93772204	-	3.928	3.56	>	6	9	81
1141	chr10	70967079	70967060	+	3.916	4.88	>	6	9	81
1142	chr13	59417085	59417066	-	3.91	5.0	>	6	9	81
1143	chr7	102484972	102484953	-	3.883	7.0	>	6	9	81
1144	chr5	38235667	38235648	-	3.879	10.78	>	6	9	81
1145	chr14	56885401	56885382	+	3.87	2.412	>	6	9	81
1146	chr11	75170669	75170650	-	3.861	7.984	>	6	9	81
1147	chr11	77980417	77980398	+	3.846	9.5	>	6	9	81
1148	chr9	94738712	94738693	+	3.828	14.92	>	6	9	81
1149	chr6	140466500	140466481	-	3.816	3.785	>	6	9	81
1150	chr19	57361025	57361006	-	3.814	6.484	>	6	9	81
1151	chr12	58972459	58972440	+	3.777	2.135	>	6	9	81
1152	chr2	61490636	61490617	+	3.775	5.23	>	6	9	81
1153	chr4	44310651	44310632	+	3.762	4.973	>	6	9	81
1154	chr11	52766147	52766128	+	3.734	1.83	>	6	9	81
1155	chr13	72627587	72627568	-	3.717	4.066	>	6	9	81
1156	chr9	23012459	23012440	-	3.71	1.704	>	6	9	81
1157	chr16	31427924	31427905	-	3.705	3.383	>	6	9	81
1158	chr12	29895773	29895754	+	3.691	1.481	>	6	9	81
1159	chr9	73154557	73154538	+	3.666	9.1	>	6	9	81
1160	chr1	127484437	127484418	-	3.66	8.8	>	6	9	81
1161	chr9	107566236	107566217	+	3.656	7.098	>	6	9	81
1162	chr2	68118338	68118319	+	3.652	4.36	>	6	9	81
1163	chr11	11140836	11140817	-	3.629	13.69	>	6	9	81
1164	chr12	74014936	74014917	-	3.627	5.97	>	6	9	81
1165	chr7	138396301	138396282	-	3.621	0.934	>	6	9	81
1166	chr14	103534605	103534586	+	3.617	5.312	>	6	9	81
1167	chr10	115164112	115164093	-	3.613	3.031	>	6	9	81
1168	chr7	119019764	119019745	+	3.598	7.113	>	6	9	81
1169	chr13	96389525	96389506	-	3.588	1.339	>	6	9	81
1170	chr14	74723724	74723705	-	3.586	5.766	>	6	9	81
1171	chr14	55114114	55114095	-	3.57	7.387	>	6	9	81
1172	chr9	62784468	62784449	+	3.562	12.84	>	6	9	81
1173	chr10	127678167	127678148	-	3.541	2.129	>	6	9	81
1174	chr17	55948218	55948199	-	3.535	4.3	>	6	9	81
1175	chr11	78183263	78183244	-	3.525	12.305	>	6	9	81
1176	chr6	59207403	59207384	-	3.508	1.477	>	6	9	81
1177	chr6	135416919	135416900	+	3.498	4.027	>	6	9	81
1178	chr5	122104403	122104384	+	3.492	11.98	>	6	9	81
1179	chr13	37971068	37971049	-	3.482	3.088	>	6	9	81
1180	chr5	114612410	114612391	+	3.48	13.6	>	6	9	81
1181	chr10	114442226	114442207	+	3.46	2.104	>	6	9	81
1182	chr2	145655527	145655508	-	3.44	2.05	>	6	9	81
1183	chr7	109507351	109507332	-	3.418	1.832	>	6	9	81
1184	chr16	10009965	10009946	+	3.402	4.965	>	6	9	81
1185	chr14	67969032	67969013	-	3.385	5.523	>	6	9	81
1186	chr5	140744055	140744036	-	3.348	10.35	>	6	9	81
1187	chr1	56984334	56984315	+	3.338	2.584	>	6	9	81
1188	chr2	137110782	137110763	+	3.328	1.323	>	6	9	81
1189	chr16	22267525	22267506	+	3.322	1.262	>	6	9	81
1190	chr16	4884595	4884576	-	3.3	2.822	>	6	9	81
1191	chr5	19458406	19458387	-	3.291	6.625	>	6	9	81
1192	chr1	84697217	84697198	-	3.29	7.492	>	6	9	81
1193	chr14	122903088	122903069	-	3.29	2.205	>	6	9	81
1194	chr7	64056729	64056710	-	3.273	1.214	>	6	9	81
1195	chr9	71624061	71624042	-	3.273	15.39	>	6	9	81
1196	chr9	96885958	96885939	-	3.271	10.016	>	6	9	81
1197	chr18	46964733	46964714	-	3.266	8.555	>	6	9	81
1198	chr3	122638475	122638456	+	3.26	4.82	>	6	9	81
1199	chr9	94733848	94733829	+	3.256	3.768	>	6	9	81
1200	chr1	167938404	167938385	-	3.25	6.79	>	6	9	81
1201	chr1	180811841	180811822	+	3.244	6.383	>	6	9	81
1202	chr10	42760472	42760453	+	3.229	1.784	>	6	9	81
1203	chr18	20598347	20598328	+	3.213	4.758	>	6	9	81
1204	chr17	71909305	71909286	+	3.203	3.572	>	6	9	81
1205	chr1	34459898	34459879	+	3.193	3.389	>	6	9	81
1206	chr4	117202234	117202215	-	3.191	9.61	>	6	9	81
1207	chr15	101313974	101313955	-	3.178	2.96	>	6	9	81
1208	chr16	13438138	13438119	+	3.176	1.241	>	6	9	81
1209	chr7	114878499	114878480	+	3.174	1.604	>	6	9	81
1210	chr11	109866735	109866716	+	3.166	2.812	>	6	9	81
1211	chr3	123509329	123509310	+	3.162	5.67	>	6	9	81
1212	chr3	114085881	114085862	-	3.146	0.5283	>	6	9	81
1213	chr4	120149384	120149365	-	3.145	8.09	>	6	9	81
1214	chr16	4549594	4549575	-	3.137	11.12	>	6	9	81
1215	chr15	78872224	78872205	+	3.133	9.35	>	6	9	81
1216	chr12	57231261	57231242	-	3.127	3.32	>	6	9	81
1217	chr9	71624949	71624930	-	3.125	15.0	>	6	9	81
1218	chr4	18963859	18963840	-	3.12	4.01	>	6	9	81
1219	chr8	40913366	40913347	-	3.115	1.625	>	6	9	81
1220	chr5	21645240	21645221	-	3.11	1.259	>	6	9	81
1221	chr10	68357244	68357225	+	3.094	1.353	>	6	9	81
1222	chr2	93812077	93812058	-	3.06	11.82	>	6	9	81
1223	chr12	75669431	75669412	-	3.05	4.1	>	6	9	81
1224	chr1	12844023	12844004	+	3.033	4.33	>	6	9	81
1225	chr12	86697142	86697123	+	3.025	6.996	>	6	9	81
1226	chr9	98033678	98033659	+	3.021	1.525	>	6	9	81
1227	chr19	37946902	37946883	+	3.02	4.082	>	6	9	81
1228	chr9	75271676	75271657	+	3.01	4.42	>	6	9	81
1229	chr11	55162881	55162862	+	2.996	3.625	>	6	9	81
1230	chr17	25274339	25274320	-	2.984	4.45	>	6	9	81
1231	chr6	108065317	108065298	+	2.984	5.535	>	6	9	81
1232	chr7	5071749	5071730	-	2.928	2.754	>	6	9	81
1233	chr3	152477906	152477887	-	2.922	3.295	>	6	9	81
1234	chr5	28090770	28090751	-	2.922	2.412	>	6	9	81
1235	chr14	78282622	78282603	+	2.91	2.186	>	6	9	81
1236	chr14	88480122	88480103	-	2.906	3.236	>	6	9	81
1237	chr7	107569047	107569028	+	2.902	1.588	>	6	9	81
1238	chr3	83777088	83777069	-	2.879	3.992	>	6	9	81
1239	chr8	48550865	48550846	+	2.871	0.592	>	6	9	81
1240	chr7	132575955	132575936	-	2.855	4.473	>	6	9	81
1241	chr14	79769127	79769108	-	2.852	4.36	>	6	9	81
1242	chr17	69974245	69974226	-	2.799	1.284	>	6	9	81
1243	chr12	66284211	66284192	-	2.793	5.484	>	6	9	81
1244	chr6	83796902	83796883	-	2.785	3.35	>	6	9	81
1245	chr9	44108077	44108058	+	2.785	11.375	>	6	9	81
1246	chr11	116023924	116023905	+	2.777	6.906	>	6	9	81
1247	chr3	86779824	86779805	-	2.775	8.64	>	6	9	81
1248	chr19	46056202	46056183	+	2.77	5.27	>	6	9	81
1249	chr10	108210181	108210162	-	2.762	0.674	>	6	9	81
1250	chr8	27001386	27001367	+	0.4329	0.4077	>	6	9	81
1251	chr17	28338029	28338010	-	0.252	0.265	>	6	9	81
1252	chr11	76445826	76445807	-	0.2268	0.1863	>	6	9	81
1253	chr5	144244146	144244127	-	0.311	0.3691	>	6	9	81
1254	chr14	79768803	79768784	-	0.3076	0.2808	>	6	9	81
1255	chr9	26778623	26778604	-	1.299	0.6914	>	6	9	81
1256	chr7	25392052	25392033	+	0.2487	0.242	>	6	9	81
1257	chr3	101484879	101484860	-	0.3438	0.528	>	6	9	81
1258	chr2	69113988	69113969	+	0.2472	0.1981	>	6	9	81
1259	chr13	29852447	29852428	-	0.1781	0.1941	>	6	9	81
1260	chr2	60213231	60213212	-	0.1073	0.1628	>	6	9	81
1261	chr2	171418157	171418138	-	0.1407	0.2131	>	6	9	81
1262	chr7	64392050	64392031	-	0.514	0.2006	>	6	9	81
1263	chr15	36157434	36157415	-	0.7227	0.836	>	6	9	81
1264	chr4	49662357	49662338	-	0.4692	0.2915	>	6	9	81
1265	chr4	48422356	48422337	+	1.027	0.5225	>	6	9	81
1266	chr18	82720514	82720495	+	0.1605	0.1409	>	6	9	81
1267	chr1	172022686	172022667	+	0.1733	0.1764	>	6	9	81
1268	chr7	139595890	139595871	+	0.1575	0.2125	>	6	9	81
1269	chr12	73007842	73007823	-	0.345	0.2974	>	6	9	81
1270	chr17	27192928	27192909	-	0.1056	0.4468	>	6	9	81
1271	chr1	53698960	53698941	+	0.557	0.255	>	6	9	81
1272	chr18	12734380	12734361	+	0.207	0.1383	>	6	9	81
1273	chr6	126767488	126767469	-	0.2039	0.2483	>	6	9	81
1274	chr2	92856249	92856230	-	2.734	0.857	>	6	9	81
1275	chr11	74572851	74572832	+	0.2646	0.2705	>	6	9	81
1276	chr9	59675637	59675618	-	0.4082	0.744	>	6	9	81
1277	chr15	55025647	55025628	+	0.1847	0.1536	>	6	9	81
1278	chr4	120579150	120579131	-	0.33	0.264	>	6	9	81
1279	chr15	74525720	74525701	+	0.2172	0.2104	>	6	9	81
1280	chr1	88748095	88748076	+	0.1973	0.1881	>	6	9	81
1281	chr15	32239655	32239636	-	0.2822	0.1587	>	6	9	81
1282	chr7	36571183	36571164	+	0.1103	0.1942	>	6	9	81
1283	chr11	113855351	113855332	-	0.1613	0.1947	>	6	9	81
1284	chr6	90609163	90609144	+	2.127	1.159	>	6	9	81
1285	chr3	146181407	146181388	-	0.2034	0.3416	>	6	9	81
1286	chr10	69857222	69857203	-	0.3232	0.3599	>	6	9	81
1287	chr2	158361425	158361406	-	0.5625	0.2502	>	6	9	81
1288	chr5	136268179	136268160	-	0.1886	0.2153	>	6	9	81
1289	chr16	11983350	11983331	-	1.634	1.076	>	6	9	81
1290	chr2	84437773	84437754	+	0.2305	0.14	>	6	9	81
1291	chr18	24002018	24001999	-	0.133	0.1333	>	6	9	81
1292	chr1	130151533	130151514	-	0.4075	0.3347	>	6	9	81
1293	chr9	59675855	59675836	+	0.3367	0.2161	>	6	9	81
1294	chr11	116840251	116840232	-	0.3374	0.637	>	6	9	81
1295	chr2	155819963	155819944	+	0.07886	0.146	>	6	9	81
1296	chr14	105301632	105301613	+	0.206	0.2114	>	6	9	81
1297	chr12	9044592	9044573	+	0.1821	0.2019	>	6	9	81
1298	chr18	13971224	13971205	-	0.5337	0.3596	>	6	9	81
1299	chr5	136267600	136267581	-	0.2751	0.189	>	6	9	81
1300	chr5	33371430	33371411	+	0.3992	0.1644	>	6	9	81
1301	chr14	51090397	51090378	-	0.4153	0.243	>	6	9	81
1302	chr1	77935072	77935053	+	0.1814	0.1729	>	6	9	81
1303	chr11	119246049	119246030	-	0.204	0.3367	>	6	9	81
1304	chr17	50274949	50274930	-	0.441	0.1749	>	6	9	81
1305	chr8	108956442	108956423	+	0.5635	0.3044	>	6	9	81
1306	chr11	66885340	66885321	+	0.1636	0.169	>	6	9	81
1307	chr7	30099945	30099926	-	0.1979	0.1757	>	6	9	81
1308	chr15	99973159	99973140	-	0.1998	0.3345	>	6	9	81
1309	chr5	16308949	16308930	+	0.1567	0.1411	>	6	9	81
1310	chr6	119466578	119466559	-	0.9824	0.9795	>	6	9	81
1311	chr2	136886679	136886660	+	0.7764	0.2095	>	6	9	81
1312	chr14	79763594	79763575	-	0.2852	0.151	>	6	9	81
1313	chr2	170416012	170415993	+	0.1837	0.1256	>	6	9	81
1314	chr4	41015236	41015217	-	0.1882	0.1434	>	6	9	81
1315	chr11	70975109	70975090	+	0.713	0.3914	>	6	9	81
1316	chr5	122773202	122773183	+	0.11584	0.1375	>	6	9	81
1317	chr4	128588031	128588012	-	0.2659	0.1909	>	6	9	81
1318	chr8	122576186	122576167	-	0.11285	0.1545	>	6	9	81
1319	chr7	76383989	76383970	+	0.1553	0.154	>	6	9	81
1320	chr9	41467019	41467000	-	0.2223	0.1565	>	6	9	81
1321	chr1	32712246	32712227	-	0.05322	0.1516	>	6	9	81
1322	chr16	23974866	23974847	-	0.5283	0.3425	>	6	9	81
1323	chr15	84066194	84066175	-	0.6196	1.17	>	6	9	81
1324	chr11	40148920	40148901	-	1.272	0.642	>	6	9	81
1325	chr7	27166488	27166469	-	0.306	0.491	>	6	9	81
1326	chr11	30240273	30240254	+	0.4001	0.2556	>	6	9	81
1327	chr2	69115969	69115950	-	0.1754	0.1587	>	6	9	81
1328	chr9	113420569	113420550	-	0.2261	0.2178	>	6	9	81
1329	chr12	99882528	99882509	-	0.2617	0.1387	>	6	9	81
1330	chr5	77347648	77347629	-	0.3625	0.4211	>	6	9	81
1331	chr10	49780455	49780436	+	0.2179	0.1394	>	6	9	81
1332	chr5	75855263	75855244	-	0.6416	0.4326	>	6	9	81
1333	chr2	124087358	124087339	-	0.6436	0.2075	>	6	9	81
1334	chr14	49219056	49219037	+	0.678	0.694	>	6	9	81
1335	chr5	147938091	147938072	+	0.368	0.1842	>	6	9	81
1336	chr11	32340288	32340269	+	0.1792	0.1648	>	6	9	81
1337	chr16	50181579	50181560	+	0.2006	0.1838	>	6	9	81
1338	chr16	20496121	20496102	-	0.6714	0.1777	>	6	9	81
1339	chr8	76775680	76775661	+	0.135	0.1975	>	6	9	81
1340	chr14	65597676	65597657	+	0.6543	0.452	>	6	9	81
1341	chr7	64754771	64754752	+	0.1351	0.2295	>	6	9	81
1342	chr2	166083979	166083960	-	0.2964	0.2065	>	6	9	81
1343	chr16	44140440	44140421	+	0.4607	0.3381	>	6	9	81
1344	chr12	90524338	90524319	-	0.3223	0.2983	>	6	9	81
1345	chr5	89391716	89391697	+	0.1626	0.1418	>	6	9	81
1346	chr9	59675438	59675419	-	0.2104	0.1542	>	6	9	81
1347	chr19	16339103	16339084	-	0.1967	0.1177	>	6	9	81
1348	chr13	30545067	30545048	+	0.3672	0.2915	>	6	9	81
1349	chr1	92462681	92462662	+	0.3916	0.1832	>	6	9	81
1350	chr4	84066283	84066264	-	0.1898	0.1552	>	6	9	81
1351	chr9	83373922	83373903	-	0.2197	0.1434	>	6	9	81
1352	chr4	88773969	88773950	-	0.9507	8.01	>	6	9	81
1353	chr9	123132258	123132239	-	0.1687	0.1416	>	6	9	81
1354	chr17	34958843	34958824	-	0.2079	0.5464	>	6	9	81
1355	chr12	50946225	50946206	+	0.2341	0.157	>	6	9	81
1356	chr13	73647252	73647233	+	0.267	0.1704	>	6	9	81
1357	chr11	83279300	83279281	-	0.4434	0.2251	>	6	9	81
1358	chr17	8986048	8986029	-	0.3325	0.212	>	6	9	81
1359	chr4	14935721	14935702	-	0.7095	0.296	>	6	9	81
1360	chr4	75076699	75076680	+	0.09125	0.2014	>	6	9	81
1361	chr5	114610713	114610694	+	0.0985	0.1626	>	6	9	81
1362	chr9	83378273	83378254	-	0.471	0.2808	>	6	9	81
1363	chr9	107773182	107773163	-	0.1786	0.1414	>	6	9	81
1364	chr9	41218030	41218011	+	0.1323	0.1355	>	6	9	81
1365	chr9	105644718	105644699	+	0.4255	0.1808	>	6	9	81
1366	chr8	84264441	84264422	-	1.261	1.4795	>	6	9	81
1367	chr4	135959453	135959434	+	0.112	0.2223	>	6	9	81
1368	chr1	24684268	24684249	+	0.4001	0.1942	>	6	9	81
1369	chr3	87748577	87748558	-	0.7593	0.4382	>	6	9	81
1370	chr9	54690950	54690931	+	0.11566	0.136	>	6	9	81
1371	chr15	82277690	82277671	-	0.9043	0.4492	>	6	9	81
1372	chr5	115498528	115498509	-	0.2693	0.2164	>	6	9	81
1373	chr9	56621276	56621257	+	0.10846	0.253	>	6	9	81
1374	chr18	81956733	81956714	-	0.2815	0.2637	>	6	9	81
1375	chr10	22791401	22791382	-	0.1346	0.2358	>	6	9	81
1376	chr15	82271301	82271282	+	0.836	0.1838	>	6	9	81
1377	chr12	69946159	69946140	+	0.555	0.455	>	6	9	81
1378	chr14	101442800	101442781	+	0.2983	0.1344	>	6	9	81
1379	chr2	164777017	164776998	-	0.5176	0.361	>	6	9	81
1380	chr10	24631573	24631554	-	1.178	1.224	>	6	9	81
1381	chr1	136528510	136528491	-	1.761	0.7373	>	6	9	81
1382	chr10	19222118	19222099	-	1.411	0.8228	>	6	9	81
1383	chr14	56885508	56885489	-	2.348	4.004	>	6	9	81
1384	chr8	85060493	85060474	-	0.9688	0.437	>	6	9	81
1385	chr11	96075822	96075803	-	0.9316	0.4944	>	6	9	81
1386	chr11	77476535	77476516	+	0.1632	0.2383	>	6	9	81
1387	chr1	81294004	81293985	-	0.905	0.562	>	6	9	81
1388	chr12	15520954	15520935	+	0.7183	0.4033	>	6	9	81
1389	chr7	66397054	66397035	+	0.1594	0.2107	>	6	9	81
1390	chr12	74014582	74014563	-	0.2377	0.1973	>	6	9	81
1391	chr5	144242554	144242535	-	0.241	0.1987	>	6	9	81
1392	chr15	66894943	66894924	+	0.2703	0.2021	>	6	9	81
1393	chr6	126484995	126484976	-	0.4333	1.278	>	6	9	81
1394	chr4	48427148	48427129	+	0.678	0.3833	>	6	9	81
1395	chr15	71459211	71459192	+	0.252	0.1731	>	6	9	81
1396	chr3	19896435	19896416	-	0.2361	0.1467	>	6	9	81
1397	chr8	68268707	68268688	-	0.1398	0.1492	>	6	9	81
1398	chr1	182555580	182555561	-	0.1982	0.1915	>	6	9	81
1399	chr9	44413186	44413167	-	0.534	0.393	>	6	9	81
1400	chr14	70151716	70151697	+	0.3604	0.2382	>	6	9	81
1401	chr4	62478250	62478231	+	0.438	0.1328	>	6	9	81
1402	chr3	127561629	127561610	-	0.2183	0.12354	>	6	9	81
1403	chr3	69139614	69139595	-	0.397	0.2261	>	6	9	81
1404	chr17	17919616	17919597	+	0.1678	0.167	>	6	9	81
1405	chr4	139314214	139314195	-	0.2279	0.269	>	6	9	81
1406	chr18	61952763	61952744	-	0.2372	0.1731	>	6	9	81
1407	chr9	7599188	7599169	+	0.33	0.191	>	6	9	81
1408	chr10	120898341	120898322	-	0.3386	0.1467	>	6	9	81
1409	chr11	57469613	57469594	-	0.1846	0.2297	>	6	9	81
1410	chr18	58480198	58480179	-	0.2095	0.1665	>	6	9	81
1411	chr17	12380527	12380508	-	0.658	0.591	>	6	9	81
1412	chr2	107940173	107940154	+	0.11664	0.1351	>	6	9	81
1413	chr2	32580534	32580515	-	0.2605	0.4055	>	6	9	81
1414	chr15	98813480	98813461	+	0.3496	0.5376	>	6	9	81
1415	chr6	54253893	54253874	+	0.1663	0.1743	>	6	9	81
1416	chr1	135800865	135800846	+	0.1766	0.1665	>	6	9	81
1417	chr15	58426369	58426350	+	0.1996	0.1519	>	6	9	81
1418	chr4	87367775	87367756	+	0.3853	0.1472	>	6	9	81
1419	chr2	96583103	96583084	-	0.809	0.3242	>	6	9	81
1420	chr4	63366959	63366940	-	0.1979	0.1753	>	6	9	81
1421	chr4	59761293	59761274	-	0.3435	0.2113	>	6	9	81
1422	chr10	7832162	7832143	+	0.2646	0.1672	>	6	9	81
1423	chr7	89904213	89904194	-	0.2908	0.156	>	6	9	81
1424	chr1	30697342	30697323	+	0.1025	0.1263	>	6	9	81
1425	chr1	58987602	58987583	+	0.2202	0.1498	>	6	9	81
1426	chr15	7452190	7452171	+	0.1405	0.12085	>	6	9	81
1427	chr4	139877044	139877025	+	0.3875	0.2688	>	6	9	81
1428	chr3	83291887	83291868	-	0.0825	0.137	>	6	9	81
1429	chr15	68912907	68912888	-	0.5024	0.2024	>	6	9	81
1430	chr14	64593744	64593725	-	1.073	0.5703	>	6	9	81
1431	chr1	56980349	56980330	-	0.2778	0.2322	>	6	9	81
1432	chr14	75833620	75833601	-	0.6006	0.4543	>	6	9	81
1433	chr16	62904648	62904629	-	0.217	0.1924	>	6	9	81
1434	chr5	35991229	35991210	-	1.033	1.082	>	6	9	81
1435	chr5	44287418	44287399	-	0.248	0.155	>	6	9	81
1436	chr15	76199915	76199896	-	0.07776	0.3071	>	6	9	81
1437	chr4	131240262	131240243	-	0.241	0.206	>	6	9	81
1438	chr5	102147917	102147898	-	0.228	0.2458	>	6	9	81
1439	chr3	93086926	93086907	+	0.0978	0.1787	>	6	9	81
1440	chr6	126163382	126163363	+	2.373	1.376	>	6	9	81
1441	chr3	45375769	45375750	+	1.051	0.2544	>	6	9	81
1442	chr16	90306219	90306200	-	0.3647	0.3506	>	6	9	81
1443	chr17	3249270	3249251	-	0.1843	0.136	>	6	9	81
1444	chr4	143024421	143024402	-	0.087	0.1317	>	6	9	81
1445	chr19	47513892	47513873	-	0.2471	0.1393	>	6	9	81
1446	chr6	66534595	66534576	-	1.387	0.675	>	6	9	81
1447	chr6	134963172	134963153	-	0.6475	0.5996	>	6	9	81
1448	chr14	56369245	56369226	+	0.2401	0.1912	>	6	9	81
1449	chr18	53460219	53460200	+	0.1775	0.162	>	6	9	81
1450	chr7	89476922	89476903	-	0.2163	0.1522	>	6	9	81
1451	chr6	34273116	34273097	+	0.0673	0.1545	>	6	9	81
1452	chr7	142295608	142295589	-	1.062	6.32	>	6	9	81
1453	chr3	22302208	22302189	+	0.992	0.3848	>	6	9	81
1454	chr6	31045994	31045975	-	0.7534	0.959	>	6	9	81
1455	chr9	57143378	57143359	-	0.1816	0.2302	>	6	9	81
1456	chr6	101268340	101268321	+	0.2712	0.1924	>	6	9	81
1457	chr9	58897456	58897437	-	0.7163	0.4846	>	6	9	81
1458	chr17	79601068	79601049	+	0.2245	0.12476	>	6	9	81
1459	chr16	5254607	5254588	-	0.2883	0.22	>	6	9	81
1460	chr4	83595536	83595517	+	1.783	1.041	>	6	9	81
1461	chr9	51159881	51159862	-	0.6875	0.266	>	6	9	81
1462	chr14	66354429	66354410	+	0.1142	0.1388	>	6	9	81
1463	chr5	117090283	117090264	+	0.5806	0.4014	>	6	9	81
1464	chr2	168061425	168061406	-	0.1733	0.2051	>	6	9	81
1465	chr5	9169228	9169209	+	0.3306	0.1686	>	6	9	81
1466	chr6	28418701	28418682	-	0.4202	0.266	>	6	9	81
1467	chr12	105038443	105038424	-	0.1501	0.2063	>	6	9	81
1468	chr1	182558143	182558124	-	0.2264	0.1511	>	6	9	81
1469	chr8	47713300	47713281	-	1.078	1.646	>	6	9	81
1470	chr18	47357393	47357374	+	0.2007	0.1278	>	6	9	81
1471	chr1	118771083	118771064	-	0.1254	0.2006	>	6	9	81
1472	chr16	6493044	6493025	-	0.1927	0.1516	>	6	9	81
1473	chr9	42951005	42950986	-	0.3914	0.2078	>	6	9	81
1474	chr13	53430986	53430967	-	0.6504	0.3672	>	6	9	81
1475	chr13	67609268	67609249	+	2.162	0.826	>	6	9	81
1476	chr1	53035072	53035053	+	0.1465	0.1494	>	6	9	81
1477	chr7	99471824	99471805	-	0.3745	0.4907	>	6	9	81
1478	chr11	36543574	36543555	-	0.1156	0.1614	>	6	9	81
1479	chr5	124334258	124334239	-	0.3428	0.273	>	6	9	81
1480	chr10	76771414	76771395	-	0.1296	0.2047	>	6	9	81
1481	chr10	4386719	4386700	+	0.32	0.4492	>	6	9	81
1482	chr5	116554091	116554072	+	0.0876	0.1714	>	6	9	81
1483	chr10	41734858	41734839	+	0.1406	0.2605	>	6	9	81
1484	chr10	50906875	50906856	-	0.2361	0.1674	>	6	9	81
1485	chr11	31651668	31651649	+	0.07605	0.1534	>	6	9	81
1486	chr6	116193190	116193171	+	0.3687	0.372	>	6	9	81
1487	chr1	188976509	188976490	+	0.343	0.1833	>	6	9	81
1488	chr12	101976095	101976076	+	0.681	0.4116	>	6	9	81
1489	chr15	75925915	75925896	+	0.6084	0.9233	>	6	9	81
1490	chr1	4777287	4777268	-	0.9443	1.425	>	6	9	81
1491	chr18	86560230	86560211	+	0.7866	1.138	>	6	9	81
1492	chr7	43574878	43574859	+	1.292	1.347	>	6	9	81
1493	chr7	98200601	98200582	-	0.2927	0.1711	>	6	9	81
1494	chr4	143319849	143319830	+	0.2299	0.1525	>	6	9	81
1495	chr2	128601696	128601677	-	0.1208	0.207	>	6	9	81
1496	chr17	57004491	57004472	-	0.1467	0.2932	>	6	9	81
1497	chr2	35196541	35196522	-	1.081	0.3997	>	6	9	81
1498	chr5	29779371	29779352	+	0.1531	0.1671	>	6	9	81
1499	chr10	93038429	93038410	-	0.163	0.1875	>	6	9	81
0	chr4	87368268	87368249	+	90.56	65.75	>	6	10	80
1	chr11	109860827	109860808	-	89.2	47.97	>	6	10	80
2	chr3	22309188	22309169	+	81.5	60.4	>	6	10	80
3	chr10	5161770	5161751	-	79.2	55.88	>	6	10	80
4	chr16	71247702	71247683	+	68.56	43.2	>	6	10	80
5	chr16	72980067	72980048	-	68.3	56.7	>	6	10	80
6	chr6	60556001	60555982	+	67.7	40.38	>	6	10	80
7	chr5	7996919	7996900	-	66.06	59.4	>	6	10	80
8	chr14	12140114	12140095	-	65.1	51.62	>	6	10	80
9	chr13	81439574	81439555	+	64.94	46.94	>	6	10	80
10	chr9	103996726	103996707	-	64.9	51.25	>	6	10	80
11	chr15	56066340	56066321	+	63.97	42.94	>	6	10	80
12	chr10	106609250	106609231	+	63.97	42.62	>	6	10	80
13	chr1	144380222	144380203	-	63.4	48.44	>	6	10	80
14	chr10	8240468	8240449	-	62.34	45.88	>	6	10	80
15	chr12	77000269	77000250	+	62.22	54.97	>	6	10	80
16	chr1	44745882	44745863	+	62.12	40.25	>	6	10	80
17	chr4	81178889	81178870	+	62.03	50.0	>	6	10	80
18	chr9	10909768	10909749	+	61.12	47.94	>	6	10	80
19	chr6	64650119	64650100	-	60.56	60.88	>	6	10	80
20	chr15	32766485	32766466	-	60.56	46.62	>	6	10	80
21	chr4	9135983	9135964	+	60.03	34.12	>	6	10	80
22	chr7	118305013	118304994	+	59.5	47.62	>	6	10	80
23	chr10	39520570	39520551	-	58.34	40.5	>	6	10	80
24	chr1	78724658	78724639	+	58.25	47.28	>	6	10	80
25	chr2	160598038	160598019	+	57.94	55.8	>	6	10	80
26	chr18	33790258	33790239	-	57.72	56.3	>	6	10	80
27	chr12	40837750	40837731	+	57.5	46.25	>	6	10	80
28	chr8	41443763	41443744	+	57.34	56.06	>	6	10	80
29	chr14	68494314	68494295	-	56.94	24.97	>	6	10	80
30	chr1	11657910	11657891	+	56.8	43.62	>	6	10	80
31	chr11	77100337	77100318	+	55.88	49.25	>	6	10	80
32	chr16	41244935	41244916	-	55.72	48.0	>	6	10	80
33	chr14	87452291	87452272	-	55.72	63.0	>	6	10	80
34	chr18	16217050	16217031	+	54.9	26.8	>	6	10	80
35	chr11	53255133	53255114	-	54.8	39.5	>	6	10	80
36	chr9	7216447	7216428	+	54.56	27.64	>	6	10	80
37	chr8	35850598	35850579	-	54.5	50.94	>	6	10	80
38	chr8	102781131	102781112	-	54.44	41.34	>	6	10	80
39	chr5	49962010	49961991	-	54.16	50.88	>	6	10	80
40	chr7	90410162	90410143	-	54.06	39.75	>	6	10	80
41	chr4	15328717	15328698	+	54.03	40.72	>	6	10	80
42	chr11	31949616	31949597	-	54.0	41.44	>	6	10	80
43	chr1	120586671	120586652	+	53.8	57.06	>	6	10	80
44	chr13	19698921	19698902	+	53.16	40.8	>	6	10	80
45	chr12	57825950	57825931	+	53.03	34.38	>	6	10	80
46	chr16	72215933	72215914	-	52.7	45.56	>	6	10	80
47	chr9	15685402	15685383	+	52.62	45.03	>	6	10	80
48	chr10	10321327	10321308	-	52.47	23.97	>	6	10	80
49	chr9	49494135	49494116	+	52.4	51.5	>	6	10	80
50	chr3	50906169	50906150	-	52.12	57.06	>	6	10	80
51	chr11	57467973	57467954	-	52.03	54.47	>	6	10	80
52	chr11	113165316	113165297	-	51.88	57.94	>	6	10	80
53	chr9	51152608	51152589	-	51.8	48.22	>	6	10	80
54	chr16	58299658	58299639	+	51.56	30.08	>	6	10	80
55	chr16	22564783	22564764	+	51.44	49.16	>	6	10	80
56	chr8	36523135	36523116	-	51.4	44.44	>	6	10	80
57	chr14	34810941	34810922	+	51.3	52.97	>	6	10	80
58	chr6	101261740	101261721	-	51.0	49.47	>	6	10	80
59	chr7	132213694	132213675	-	50.8	38.62	>	6	10	80
60	chr2	48886271	48886252	-	50.28	44.53	>	6	10	80
61	chr12	54060974	54060955	-	50.12	27.78	>	6	10	80
62	chr1	5905019	5905000	-	50.06	44.22	>	6	10	80
63	chr9	26776375	26776356	-	50.0	53.88	>	6	10	80
64	chr1	103799519	103799500	+	49.53	56.44	>	6	10	80
65	chr9	88222188	88222169	-	49.5	40.1	>	6	10	80
66	chr18	58481884	58481865	-	49.28	39.28	>	6	10	80
67	chr13	100112788	100112769	+	49.16	37.22	>	6	10	80
68	chr3	14679394	14679375	+	49.06	29.97	>	6	10	80
69	chr16	37109459	37109440	+	48.75	19.0	>	6	10	80
70	chr3	153655318	153655299	-	48.72	48.28	>	6	10	80
71	chr16	89765698	89765679	-	48.38	54.0	>	6	10	80
72	chr13	89543228	89543209	-	48.3	56.84	>	6	10	80
73	chr11	40149509	40149490	-	48.28	36.34	>	6	10	80
74	chr3	113080940	113080921	-	48.2	53.4	>	6	10	80
75	chr10	70963797	70963778	-	47.53	51.97	>	6	10	80
76	chr6	66533480	66533461	-	47.34	41.22	>	6	10	80
77	chr18	57976815	57976796	+	47.28	41.3	>	6	10	80
78	chr12	92303388	92303369	+	47.12	48.12	>	6	10	80
79	chr6	43686140	43686121	+	47.1	34.0	>	6	10	80
80	chr15	11038687	11038668	+	47.06	40.16	>	6	10	80
81	chr6	13281064	13281045	-	47.06	44.4	>	6	10	80
82	chr4	25180081	25180062	-	46.94	22.34	>	6	10	80
83	chr2	110229883	110229864	+	46.8	37.2	>	6	10	80
84	chr2	118638293	118638274	+	46.34	48.4	>	6	10	80
85	chr14	67674858	67674839	-	46.2	40.62	>	6	10	80
86	chr1	179477262	179477243	-	45.97	54.9	>	6	10	80
87	chr12	78056191	78056172	+	45.84	48.03	>	6	10	80
88	chr15	44836402	44836383	+	45.7	45.75	>	6	10	80
89	chr9	80293262	80293243	+	45.3	48.66	>	6	10	80
90	chr1	21411405	21411386	+	45.28	35.97	>	6	10	80
91	chr8	80483379	80483360	-	45.28	32.34	>	6	10	80
92	chr16	55477026	55477007	-	44.9	60.88	>	6	10	80
93	chr9	122729759	122729740	-	44.72	40.56	>	6	10	80
94	chr2	17415581	17415562	-	44.56	38.03	>	6	10	80
95	chr4	13778049	13778030	-	44.5	20.47	>	6	10	80
96	chr16	64748455	64748436	-	44.47	52.25	>	6	10	80
97	chr6	57570627	57570608	-	44.28	34.06	>	6	10	80
98	chr16	13117421	13117402	+	44.28	48.25	>	6	10	80
99	chr1	54381475	54381456	-	44.12	34.1	>	6	10	80
100	chr15	40166896	40166877	+	44.03	40.53	>	6	10	80
101	chr17	83271696	83271677	+	44.0	39.2	>	6	10	80
102	chr9	63136063	63136044	+	43.94	32.22	>	6	10	80
103	chr3	68056550	68056531	+	43.88	35.0	>	6	10	80
104	chr3	25220822	25220803	-	43.8	23.62	>	6	10	80
105	chr7	118102455	118102436	-	43.53	59.94	>	6	10	80
106	chr9	51335485	51335466	+	43.47	26.75	>	6	10	80
107	chr16	96671807	96671788	-	43.4	27.66	>	6	10	80
108	chr2	113494904	113494885	+	43.34	43.28	>	6	10	80
109	chr1	55404561	55404542	+	43.25	39.06	>	6	10	80
110	chr3	80079969	80079950	+	43.0	35.7	>	6	10	80
111	chr11	25862989	25862970	-	42.66	37.9	>	6	10	80
112	chr13	109213188	109213169	-	42.6	60.5	>	6	10	80
113	chr8	58566283	58566264	+	42.56	33.8	>	6	10	80
114	chr16	72218227	72218208	+	42.38	47.1	>	6	10	80
115	chr14	102510640	102510621	-	42.34	35.9	>	6	10	80
116	chr7	143154010	143153991	+	42.16	43.66	>	6	10	80
117	chr6	143219585	143219566	+	42.1	41.62	>	6	10	80
118	chr17	86906334	86906315	-	41.97	47.25	>	6	10	80
119	chr8	62080400	62080381	+	41.97	30.6	>	6	10	80
120	chr3	57843985	57843966	+	41.94	43.75	>	6	10	80
121	chr18	3495634	3495615	+	41.62	36.03	>	6	10	80
122	chr7	125393847	125393828	-	41.56	47.0	>	6	10	80
123	chr7	86211564	86211545	-	41.56	46.4	>	6	10	80
124	chr9	60245127	60245108	+	41.38	43.16	>	6	10	80
125	chr6	131353859	131353840	-	41.3	15.89	>	6	10	80
126	chr15	98173991	98173972	-	41.25	24.88	>	6	10	80
127	chr17	88641249	88641230	-	41.12	34.25	>	6	10	80
128	chr9	87027908	87027889	+	41.1	38.34	>	6	10	80
129	chr4	70621553	70621534	-	40.97	48.38	>	6	10	80
130	chr12	41487236	41487217	-	40.88	35.94	>	6	10	80
131	chr4	127368548	127368529	+	40.8	49.72	>	6	10	80
132	chr8	50293750	50293731	-	40.75	48.2	>	6	10	80
133	chr16	27468981	27468962	+	40.75	34.62	>	6	10	80
134	chr7	121641354	121641335	-	40.7	30.69	>	6	10	80
135	chr3	29726795	29726776	-	40.7	30.42	>	6	10	80
136	chr14	29110872	29110853	-	40.66	51.22	>	6	10	80
137	chr13	116712427	116712408	-	40.62	33.1	>	6	10	80
138	chr18	19939562	19939543	-	40.47	45.7	>	6	10	80
139	chr15	80704533	80704514	-	40.28	46.53	>	6	10	80
140	chr18	50137074	50137055	+	40.28	37.62	>	6	10	80
141	chr13	15763212	15763193	-	40.25	29.53	>	6	10	80
142	chr19	50185486	50185467	+	40.22	44.2	>	6	10	80
143	chr12	74013965	74013946	-	40.22	40.8	>	6	10	80
144	chr1	138835543	138835524	+	40.06	20.81	>	6	10	80
145	chr15	55550924	55550905	-	40.06	37.12	>	6	10	80
146	chr1	61771439	61771420	-	40.06	23.55	>	6	10	80
147	chr12	34664961	34664942	+	40.0	19.7	>	6	10	80
148	chr14	78288101	78288082	-	39.8	38.8	>	6	10	80
149	chr2	4499416	4499397	+	39.78	33.88	>	6	10	80
150	chr13	30260132	30260113	-	39.75	32.75	>	6	10	80
151	chr9	68015271	68015252	+	39.2	39.0	>	6	10	80
152	chr1	126993502	126993483	-	39.06	47.2	>	6	10	80
153	chr16	25349824	25349805	-	39.0	41.2	>	6	10	80
154	chr1	14729249	14729230	-	38.94	39.3	>	6	10	80
155	chr15	59389427	59389408	+	38.7	46.34	>	6	10	80
156	chr6	100882590	100882571	+	38.66	49.44	>	6	10	80
157	chr3	9711121	9711102	+	38.62	35.47	>	6	10	80
158	chr6	21214019	21214000	-	38.47	24.2	>	6	10	80
159	chr17	42603617	42603598	-	38.47	42.5	>	6	10	80
160	chr4	80517548	80517529	-	38.47	41.4	>	6	10	80
161	chr9	85328584	85328565	-	38.28	30.06	>	6	10	80
162	chr17	44262001	44261982	+	38.22	44.16	>	6	10	80
163	chr10	102449665	102449646	+	38.2	48.84	>	6	10	80
164	chr17	14520745	14520726	-	38.12	30.45	>	6	10	80
165	chr13	51830925	51830906	+	38.0	56.0	>	6	10	80
166	chr12	83502436	83502417	-	37.97	34.4	>	6	10	80
167	chr5	75853265	75853246	-	37.94	27.88	>	6	10	80
168	chr13	110382742	110382723	+	37.88	61.84	>	6	10	80
169	chr5	62481159	62481140	-	37.8	35.4	>	6	10	80
170	chr7	49121503	49121484	-	37.7	29.61	>	6	10	80
171	chr15	11966575	11966556	-	37.66	34.72	>	6	10	80
172	chr3	31146135	31146116	+	37.53	44.5	>	6	10	80
173	chr2	37815879	37815860	+	37.47	39.2	>	6	10	80
174	chr5	33033442	33033423	-	37.44	48.28	>	6	10	80
175	chr9	7595466	7595447	-	37.4	28.72	>	6	10	80
176	chr5	21641153	21641134	-	37.3	33.66	>	6	10	80
177	chr14	48367302	48367283	-	37.12	39.88	>	6	10	80
178	chr17	14524624	14524605	+	37.1	38.88	>	6	10	80
179	chr4	84064835	84064816	+	37.06	23.38	>	6	10	80
180	chr4	63368786	63368767	+	37.06	51.6	>	6	10	80
181	chr5	102149680	102149661	+	37.03	38.97	>	6	10	80
182	chr12	32897684	32897665	-	36.88	40.9	>	6	10	80
183	chr16	91936532	91936513	+	36.72	43.06	>	6	10	80
184	chr6	37046379	37046360	-	36.72	47.7	>	6	10	80
185	chr18	59081896	59081877	+	36.7	37.34	>	6	10	80
186	chr6	103697552	103697533	-	36.3	43.6	>	6	10	80
187	chr18	19937930	19937911	+	36.3	37.56	>	6	10	80
188	chr6	93757594	93757575	+	36.28	18.31	>	6	10	80
189	chr17	9756371	9756352	+	36.28	21.2	>	6	10	80
190	chr2	96585854	96585835	+	36.25	26.84	>	6	10	80
191	chr11	82915176	82915157	+	36.2	36.34	>	6	10	80
192	chr6	6005837	6005818	+	36.03	35.2	>	6	10	80
193	chr1	98392238	98392219	-	36.03	38.97	>	6	10	80
194	chr7	48749384	48749365	+	35.94	38.3	>	6	10	80
195	chr11	105911812	105911793	-	35.9	37.8	>	6	10	80
196	chr10	45045486	45045467	-	35.8	35.22	>	6	10	80
197	chr2	4492748	4492729	-	35.75	19.97	>	6	10	80
198	chr6	18087397	18087378	+	35.75	40.84	>	6	10	80
199	chr5	90203341	90203322	+	35.7	41.12	>	6	10	80
200	chr7	136489148	136489129	+	35.62	28.06	>	6	10	80
201	chr9	109862620	109862601	-	35.6	34.12	>	6	10	80
202	chr15	59876355	59876336	+	35.3	32.16	>	6	10	80
203	chr14	76473612	76473593	-	35.25	45.66	>	6	10	80
204	chr3	128349320	128349301	+	35.03	41.75	>	6	10	80
205	chr3	45375963	45375944	+	35.03	23.92	>	6	10	80
206	chr3	133314669	133314650	+	34.97	39.0	>	6	10	80
207	chr1	96801850	96801831	-	34.84	30.55	>	6	10	80
208	chr7	115216958	115216939	+	34.62	30.45	>	6	10	80
209	chr9	59282577	59282558	-	34.62	26.88	>	6	10	80
210	chr2	148112135	148112116	-	34.5	31.5	>	6	10	80
211	chr18	52457916	52457897	-	34.47	28.2	>	6	10	80
212	chr6	56691454	56691435	-	34.34	42.2	>	6	10	80
213	chr13	20292580	20292561	-	34.3	38.5	>	6	10	80
214	chr13	57260119	57260100	-	34.25	52.66	>	6	10	80
215	chr13	113877615	113877596	+	34.25	36.75	>	6	10	80
216	chr13	116715029	116715010	-	34.1	31.72	>	6	10	80
217	chr4	83596692	83596673	-	34.1	52.75	>	6	10	80
218	chr8	64941619	64941600	-	34.06	33.75	>	6	10	80
219	chr3	51701488	51701469	+	34.03	22.56	>	6	10	80
220	chr14	120061322	120061303	-	33.84	29.2	>	6	10	80
221	chr7	75910166	75910147	+	33.8	57.6	>	6	10	80
222	chr4	98702698	98702679	-	33.78	31.62	>	6	10	80
223	chr3	146185137	146185118	+	33.62	52.6	>	6	10	80
224	chr4	151157152	151157133	+	33.53	59.38	>	6	10	80
225	chr5	43391861	43391842	-	33.5	21.5	>	6	10	80
226	chr11	93856511	93856492	-	33.47	26.19	>	6	10	80
227	chr14	59605843	59605824	+	33.47	40.3	>	6	10	80
228	chr14	84438580	84438561	+	33.44	23.31	>	6	10	80
229	chr12	50943824	50943805	-	33.28	38.56	>	6	10	80
230	chr7	83550335	83550316	-	33.2	30.12	>	6	10	80
231	chr6	117167008	117166989	+	33.03	30.3	>	6	10	80
232	chr4	12538791	12538772	+	33.0	21.84	>	6	10	80
233	chr18	47353079	47353060	+	32.84	24.58	>	6	10	80
234	chr5	12541496	12541477	-	32.72	22.56	>	6	10	80
235	chr2	60721127	60721108	+	32.72	22.53	>	6	10	80
236	chr11	78838251	78838232	+	32.72	51.5	>	6	10	80
237	chr8	73356225	73356206	+	32.62	23.39	>	6	10	80
238	chr12	10598567	10598548	+	32.5	41.56	>	6	10	80
239	chr19	20345158	20345139	-	32.25	47.94	>	6	10	80
240	chr17	58909486	58909467	-	32.16	39.4	>	6	10	80
241	chr10	69655037	69655018	-	32.12	36.56	>	6	10	80
242	chr4	3967733	3967714	-	32.12	41.75	>	6	10	80
243	chr16	21192795	21192776	-	32.06	38.78	>	6	10	80
244	chr11	12291593	12291574	-	32.0	15.54	>	6	10	80
245	chr11	117385082	117385063	+	31.83	36.6	>	6	10	80
246	chr12	32292095	32292076	+	31.73	20.83	>	6	10	80
247	chr4	64833096	64833077	+	31.69	34.34	>	6	10	80
248	chr13	47301245	47301226	+	31.67	43.9	>	6	10	80
249	chr1	89631957	89631938	-	31.56	45.38	>	6	10	80
250	chr9	69296601	69296582	-	31.53	38.66	>	6	10	80
251	chr3	53735364	53735345	+	31.28	24.5	>	6	10	80
252	chr10	45373471	45373452	-	31.2	37.7	>	6	10	80
253	chr8	91797725	91797706	+	31.19	30.23	>	6	10	80
254	chr4	88035662	88035643	+	31.06	19.66	>	6	10	80
255	chr2	75151187	75151168	-	31.05	37.9	>	6	10	80
256	chr14	66791971	66791952	-	31.02	32.1	>	6	10	80
257	chr2	93199062	93199043	-	30.9	51.25	>	6	10	80
258	chr2	73551006	73550987	+	30.86	53.72	>	6	10	80
259	chr12	89451144	89451125	-	30.81	40.1	>	6	10	80
260	chr16	66086729	66086710	-	30.81	33.7	>	6	10	80
261	chr14	114791647	114791628	-	30.72	37.2	>	6	10	80
262	chr4	43420547	43420528	-	30.61	34.5	>	6	10	80
263	chr1	87447687	87447668	+	30.56	32.53	>	6	10	80
264	chr15	55306471	55306452	+	30.56	24.06	>	6	10	80
265	chr15	97667578	97667559	+	30.52	37.12	>	6	10	80
266	chr2	16359548	16359529	+	30.47	16.92	>	6	10	80
267	chr14	8356099	8356080	+	30.42	51.06	>	6	10	80
268	chr3	19894816	19894797	-	30.38	33.66	>	6	10	80
269	chr12	43813750	43813731	-	30.34	24.06	>	6	10	80
270	chr2	27770378	27770359	+	30.12	46.8	>	6	10	80
271	chr16	48675836	48675817	-	30.12	28.97	>	6	10	80
272	chr10	13016733	13016714	+	30.1	53.44	>	6	10	80
273	chr2	76367359	76367340	+	30.05	30.6	>	6	10	80
274	chr2	115515230	115515211	+	30.05	12.29	>	6	10	80
275	chr19	16785108	16785089	-	30.03	27.4	>	6	10	80
276	chr3	78948444	78948425	+	30.03	29.16	>	6	10	80
277	chr1	37250876	37250857	-	29.94	25.45	>	6	10	80
278	chr18	74431409	74431390	+	29.94	28.48	>	6	10	80
279	chr1	38787652	38787633	-	29.89	46.22	>	6	10	80
280	chr3	14874584	14874565	+	29.88	22.88	>	6	10	80
281	chr9	69505778	69505759	+	29.88	30.58	>	6	10	80
282	chr10	84450913	84450894	-	29.77	31.7	>	6	10	80
283	chr2	172216047	172216028	-	29.77	65.06	>	6	10	80
284	chr10	97712895	97712876	+	29.72	22.83	>	6	10	80
285	chr1	4770074	4770055	+	29.72	39.66	>	6	10	80
286	chr12	50301580	50301561	-	29.69	16.55	>	6	10	80
287	chr15	85266923	85266904	+	29.69	42.06	>	6	10	80
288	chr4	85403030	85403011	+	29.62	27.23	>	6	10	80
289	chr6	97526370	97526351	-	29.53	31.17	>	6	10	80
290	chr8	112046096	112046077	+	29.5	62.6	>	6	10	80
291	chr12	96311368	96311349	-	29.48	23.8	>	6	10	80
292	chr1	93507239	93507220	-	29.45	32.5	>	6	10	80
293	chr13	21714927	21714908	+	29.4	37.72	>	6	10	80
294	chr6	49008180	49008161	+	29.38	27.1	>	6	10	80
295	chr17	17749545	17749526	-	29.36	32.88	>	6	10	80
296	chr6	145360253	145360234	+	29.34	33.62	>	6	10	80
297	chr7	17066630	17066611	-	29.27	41.75	>	6	10	80
298	chr12	81788850	81788831	-	29.25	32.47	>	6	10	80
299	chr7	129649172	129649153	+	29.19	42.88	>	6	10	80
300	chr14	104039053	104039034	+	29.17	41.16	>	6	10	80
301	chr13	41634744	41634725	-	29.08	40.84	>	6	10	80
302	chr7	138835232	138835213	-	29.02	47.88	>	6	10	80
303	chr15	97195797	97195778	+	28.92	38.5	>	6	10	80
304	chr1	119087737	119087718	+	28.89	50.28	>	6	10	80
305	chr4	85819373	85819354	-	28.86	29.28	>	6	10	80
306	chr11	30657307	30657288	-	28.86	6.477	>	6	10	80
307	chr5	49369245	49369226	+	28.66	27.94	>	6	10	80
308	chr6	106805067	106805048	+	28.61	20.38	>	6	10	80
309	chr6	31660958	31660939	+	28.53	52.9	>	6	10	80
310	chr12	8306749	8306730	-	28.48	47.94	>	6	10	80
311	chr13	42822785	42822766	-	28.47	44.4	>	6	10	80
312	chr15	34968778	34968759	+	28.4	27.94	>	6	10	80
313	chr7	68369859	68369840	+	28.38	58.97	>	6	10	80
314	chr15	80266443	80266424	+	28.33	34.62	>	6	10	80
315	chr6	102171110	102171091	+	28.19	24.06	>	6	10	80
316	chr16	72605273	72605254	-	28.11	17.7	>	6	10	80
317	chr18	65490506	65490487	+	28.06	33.94	>	6	10	80
318	chr3	55373775	55373756	+	28.0	19.75	>	6	10	80
319	chr1	53927814	53927795	-	27.97	28.48	>	6	10	80
320	chr2	160368066	160368047	-	27.95	21.97	>	6	10	80
321	chr10	42295232	42295213	-	27.94	37.8	>	6	10	80
322	chr7	116040411	116040392	-	27.9	26.19	>	6	10	80
323	chr10	116197535	116197516	-	27.81	28.58	>	6	10	80
324	chr5	20773533	20773514	-	27.81	20.77	>	6	10	80
325	chr12	80725012	80724993	-	27.73	38.97	>	6	10	80
326	chr15	66899881	66899862	-	27.6	21.5	>	6	10	80
327	chr18	16822208	16822189	-	27.56	13.28	>	6	10	80
328	chr18	14503254	14503235	-	27.55	19.48	>	6	10	80
329	chr5	98344786	98344767	+	27.44	28.3	>	6	10	80
330	chr10	77517236	77517217	+	27.39	30.44	>	6	10	80
331	chr1	44741472	44741453	-	27.38	6.344	>	6	10	80
332	chr6	127945983	127945964	-	27.28	24.97	>	6	10	80
333	chr16	42914955	42914936	-	27.27	20.78	>	6	10	80
334	chr18	39137558	39137539	+	27.11	15.805	>	6	10	80
335	chr13	42575907	42575888	+	27.11	22.34	>	6	10	80
336	chr2	13278209	13278190	+	27.06	48.53	>	6	10	80
337	chr18	43836585	43836566	-	27.06	22.66	>	6	10	80
338	chr4	114647896	114647877	+	27.05	26.58	>	6	10	80
339	chr16	44149214	44149195	-	27.03	37.28	>	6	10	80
340	chr13	109776299	109776280	+	27.02	27.47	>	6	10	80
341	chr19	30217515	30217496	+	27.0	44.25	>	6	10	80
342	chr6	61316075	61316056	+	26.94	38.16	>	6	10	80
343	chr17	78598832	78598813	+	26.92	37.16	>	6	10	80
344	chr2	117231457	117231438	-	26.88	23.62	>	6	10	80
345	chr4	115101816	115101797	+	26.84	34.88	>	6	10	80
346	chr10	57448131	57448112	-	26.8	44.97	>	6	10	80
347	chr13	113046665	113046646	+	26.77	22.72	>	6	10	80
348	chr4	110022447	110022428	-	26.58	43.47	>	6	10	80
349	chr7	101653829	101653810	+	26.5	47.97	>	6	10	80
350	chr5	67756338	67756319	+	26.5	26.55	>	6	10	80
351	chr3	62192717	62192698	-	26.5	17.1	>	6	10	80
352	chr10	17728146	17728127	-	26.45	14.96	>	6	10	80
353	chr5	37752557	37752538	-	26.33	30.73	>	6	10	80
354	chr1	60961316	60961297	-	26.3	26.22	>	6	10	80
355	chr17	68176981	68176962	+	26.27	18.84	>	6	10	80
356	chr7	37357871	37357852	-	26.2	67.6	>	6	10	80
357	chr4	32572316	32572297	-	26.16	44.75	>	6	10	80
358	chr4	96696741	96696722	+	26.12	32.22	>	6	10	80
359	chr4	109729491	109729472	-	26.06	50.3	>	6	10	80
360	chr10	111977780	111977761	+	25.78	32.1	>	6	10	80
361	chr5	45424489	45424470	-	25.73	30.9	>	6	10	80
362	chr2	61494577	61494558	-	25.72	22.25	>	6	10	80
363	chr6	13287046	13287027	+	25.69	21.62	>	6	10	80
364	chr9	116060829	116060810	+	25.66	36.5	>	6	10	80
365	chr8	17537753	17537734	-	25.64	36.44	>	6	10	80
366	chr9	77781636	77781617	-	25.62	27.94	>	6	10	80
367	chr15	5106460	5106441	-	25.56	29.45	>	6	10	80
368	chr17	93141334	93141315	-	25.53	33.03	>	6	10	80
369	chr6	97759520	97759501	+	25.52	17.88	>	6	10	80
370	chr8	119384750	119384731	-	25.47	45.94	>	6	10	80
371	chr6	88113322	88113303	+	25.38	41.75	>	6	10	80
372	chr15	101984527	101984508	-	25.38	56.7	>	6	10	80
373	chr8	54493335	54493316	-	25.34	39.7	>	6	10	80
374	chr9	24119622	24119603	+	25.33	14.83	>	6	10	80
375	chr3	50077169	50077150	-	25.31	24.22	>	6	10	80
376	chr4	47419767	47419748	+	25.23	44.03	>	6	10	80
377	chr2	76115910	76115891	+	25.22	28.97	>	6	10	80
378	chr15	67174759	67174740	+	25.2	12.74	>	6	10	80
379	chr8	125574509	125574490	+	25.17	12.85	>	6	10	80
380	chr1	161737065	161737046	-	25.11	39.75	>	6	10	80
381	chr3	85571455	85571436	-	25.1	9.7	>	6	10	80
382	chr18	19577078	19577059	-	25.02	27.28	>	6	10	80
383	chr19	36083087	36083068	-	25.0	29.4	>	6	10	80
384	chr8	115709616	115709597	-	24.98	9.14	>	6	10	80
385	chr10	126330794	126330775	-	24.84	24.02	>	6	10	80
386	chr15	25993551	25993532	+	24.81	33.28	>	6	10	80
387	chr5	131430355	131430336	-	24.78	45.44	>	6	10	80
388	chr1	9545352	9545333	-	24.78	38.06	>	6	10	80
389	chr19	28768445	28768426	-	24.75	36.44	>	6	10	80
390	chr10	24630876	24630857	+	24.72	22.94	>	6	10	80
391	chr17	54351102	54351083	+	24.53	15.79	>	6	10	80
392	chr16	20496806	20496787	+	24.47	28.86	>	6	10	80
393	chr12	109394024	109394005	-	24.44	15.02	>	6	10	80
394	chr13	21803288	21803269	-	24.42	40.1	>	6	10	80
395	chr3	103392995	103392976	+	24.38	33.9	>	6	10	80
396	chr15	25428758	25428739	+	24.31	24.08	>	6	10	80
397	chr3	135206860	135206841	-	24.3	9.21	>	6	10	80
398	chr8	65139261	65139242	+	24.3	33.56	>	6	10	80
399	chr9	29650850	29650831	-	24.23	35.72	>	6	10	80
400	chr3	127971093	127971074	+	24.2	46.1	>	6	10	80
401	chr2	104035038	104035019	+	24.16	33.7	>	6	10	80
402	chr9	81635302	81635283	+	24.11	12.08	>	6	10	80
403	chr6	95484597	95484578	+	24.03	13.41	>	6	10	80
404	chr14	72293991	72293972	-	23.83	34.2	>	6	10	80
405	chr18	65490035	65490016	-	23.72	29.94	>	6	10	80
406	chr12	38123788	38123769	-	23.66	16.0	>	6	10	80
407	chr18	70184838	70184819	-	23.66	11.39	>	6	10	80
408	chr3	152095252	152095233	-	23.53	23.67	>	6	10	80
409	chr8	32002994	32002975	-	23.5	23.94	>	6	10	80
410	chr11	22206830	22206811	-	23.48	11.1	>	6	10	80
411	chr5	76541051	76541032	-	23.44	19.22	>	6	10	80
412	chr10	52106337	52106318	+	23.38	22.61	>	6	10	80
413	chr1	84697462	84697443	-	23.38	25.22	>	6	10	80
414	chr1	67181385	67181366	+	23.34	35.0	>	6	10	80
415	chr6	101267027	101267008	+	23.31	12.77	>	6	10	80
416	chr6	129255175	129255156	-	23.25	41.8	>	6	10	80
417	chr4	115710017	115709998	-	23.19	25.83	>	6	10	80
418	chr2	118241614	118241595	-	23.19	37.16	>	6	10	80
419	chr8	71371784	71371765	+	23.11	28.11	>	6	10	80
420	chr7	73422670	73422651	-	23.11	37.7	>	6	10	80
421	chr5	33039602	33039583	+	23.05	27.48	>	6	10	80
422	chr2	153143004	153142985	-	23.02	20.31	>	6	10	80
423	chr14	98181824	98181805	-	23.0	7.93	>	6	10	80
424	chr2	136887058	136887039	-	22.97	12.49	>	6	10	80
425	chr1	135136701	135136682	-	22.88	42.44	>	6	10	80
426	chr5	4948481	4948462	-	22.86	27.0	>	6	10	80
427	chr10	71422814	71422795	+	22.81	51.25	>	6	10	80
428	chr8	64597251	64597232	-	22.66	30.06	>	6	10	80
429	chr1	162336834	162336815	-	22.45	14.914	>	6	10	80
430	chr9	94738996	94738977	+	22.42	42.94	>	6	10	80
431	chr17	53403136	53403117	+	22.4	18.28	>	6	10	80
432	chr2	155811920	155811901	-	22.36	51.28	>	6	10	80
433	chr12	52010769	52010750	+	22.33	16.6	>	6	10	80
434	chr3	44912870	44912851	-	22.31	11.58	>	6	10	80
435	chr5	98348848	98348829	+	22.25	34.97	>	6	10	80
436	chr15	80706301	80706282	+	22.25	25.52	>	6	10	80
437	chr1	167932285	167932266	-	22.22	36.66	>	6	10	80
438	chr14	121455709	121455690	-	22.2	25.7	>	6	10	80
439	chr4	98243714	98243695	-	22.16	26.34	>	6	10	80
440	chr4	143027468	143027449	+	22.14	29.11	>	6	10	80
441	chr2	153668926	153668907	+	22.14	25.36	>	6	10	80
442	chr9	41461929	41461910	-	22.14	12.42	>	6	10	80
443	chr4	109431143	109431124	-	22.1	22.34	>	6	10	80
444	chr5	44831505	44831486	-	22.08	22.05	>	6	10	80
445	chr8	119676601	119676582	-	22.03	33.06	>	6	10	80
446	chr17	40824060	40824041	-	22.02	34.28	>	6	10	80
447	chr15	37102366	37102347	-	22.0	13.84	>	6	10	80
448	chr1	119083862	119083843	-	21.92	45.47	>	6	10	80
449	chr5	41044703	41044684	-	21.78	28.61	>	6	10	80
450	chr19	24622032	24622013	+	21.77	22.19	>	6	10	80
451	chr3	58159626	58159607	-	21.75	32.1	>	6	10	80
452	chr1	38130140	38130121	-	21.75	23.66	>	6	10	80
453	chr2	129472129	129472110	-	21.73	30.17	>	6	10	80
454	chr9	15682043	15682024	-	21.73	11.22	>	6	10	80
455	chr9	69502720	69502701	-	21.7	34.7	>	6	10	80
456	chr14	21120676	21120657	+	21.69	43.16	>	6	10	80
457	chr7	110645588	110645569	-	21.69	43.56	>	6	10	80
458	chr16	78950579	78950560	-	21.64	3.295	>	6	10	80
459	chr7	131899517	131899498	+	21.56	16.44	>	6	10	80
460	chr8	106403484	106403465	-	21.53	20.23	>	6	10	80
461	chr17	73303429	73303410	+	21.48	50.6	>	6	10	80
462	chr1	83727325	83727306	+	21.48	26.81	>	6	10	80
463	chr13	29857603	29857584	+	21.42	9.836	>	6	10	80
464	chr14	104033786	104033767	+	21.34	21.16	>	6	10	80
465	chr7	119011391	119011372	+	21.31	35.56	>	6	10	80
466	chr1	69165377	69165358	+	21.31	25.0	>	6	10	80
467	chr1	192727176	192727157	+	21.28	21.9	>	6	10	80
468	chr9	50438293	50438274	-	21.2	27.17	>	6	10	80
469	chr15	46990407	46990388	-	21.14	10.516	>	6	10	80
470	chr13	73646874	73646855	+	21.14	37.5	>	6	10	80
471	chr16	67089956	67089937	+	21.12	15.94	>	6	10	80
472	chr2	83332995	83332976	-	21.02	18.14	>	6	10	80
473	chr8	10415030	10415011	+	21.0	37.3	>	6	10	80
474	chr1	35716149	35716130	-	20.89	18.69	>	6	10	80
475	chr7	43920039	43920020	-	20.83	34.3	>	6	10	80
476	chr8	15138726	15138707	+	20.81	41.03	>	6	10	80
477	chr13	6515705	6515686	+	20.8	28.08	>	6	10	80
478	chr2	64948996	64948977	-	20.72	23.2	>	6	10	80
479	chr19	20345737	20345718	+	20.7	55.44	>	6	10	80
480	chr5	33994851	33994832	+	20.64	14.97	>	6	10	80
481	chr14	76479953	76479934	+	20.62	37.16	>	6	10	80
482	chr3	144737048	144737029	+	20.58	28.33	>	6	10	80
483	chr2	13597223	13597204	-	20.5	12.72	>	6	10	80
484	chr9	118908437	118908418	-	20.5	27.45	>	6	10	80
485	chr4	153484615	153484596	-	20.39	17.89	>	6	10	80
486	chr19	12433211	12433192	+	20.36	28.34	>	6	10	80
487	chr15	31611224	31611205	+	20.34	11.17	>	6	10	80
488	chr3	107206198	107206179	+	20.34	39.22	>	6	10	80
489	chr17	86909946	86909927	+	20.31	22.38	>	6	10	80
490	chr7	89473669	89473650	-	20.22	24.19	>	6	10	80
491	chr6	35252603	35252584	+	20.22	32.56	>	6	10	80
492	chr6	126168001	126167982	-	20.17	8.76	>	6	10	80
493	chr16	42169942	42169923	+	20.12	43.34	>	6	10	80
494	chr6	90607354	90607335	+	20.11	24.86	>	6	10	80
495	chr6	31664664	31664645	+	20.11	41.5	>	6	10	80
496	chr13	100002039	100002020	+	20.02	21.73	>	6	10	80
497	chr6	97523337	97523318	-	19.97	25.72	>	6	10	80
498	chr4	123529452	123529433	-	19.95	17.69	>	6	10	80
499	chr18	53744741	53744722	-	19.94	29.1	>	6	10	80
500	chr9	13849232	13849213	+	19.9	15.484	>	6	10	80
501	chr15	14052128	14052109	-	19.89	12.375	>	6	10	80
502	chr3	68053761	68053742	-	19.88	27.33	>	6	10	80
503	chr14	50799990	50799971	+	19.83	30.28	>	6	10	80
504	chr8	50292348	50292329	+	19.83	31.36	>	6	10	80
505	chr19	52993242	52993223	-	19.81	45.25	>	6	10	80
506	chr8	24546435	24546416	-	19.8	56.1	>	6	10	80
507	chr2	166085186	166085167	+	19.78	40.2	>	6	10	80
508	chr15	80260893	80260874	-	19.75	33.7	>	6	10	80
509	chr18	75606699	75606680	+	19.72	50.94	>	6	10	80
510	chr2	135957961	135957942	-	19.69	27.1	>	6	10	80
511	chr11	75179118	75179099	+	19.67	22.83	>	6	10	80
512	chr6	77628987	77628968	+	19.66	40.56	>	6	10	80
513	chr4	82614384	82614365	-	19.62	15.836	>	6	10	80
514	chr17	27190013	27189994	+	19.5	26.89	>	6	10	80
515	chr14	121451301	121451282	-	19.45	26.11	>	6	10	80
516	chr9	69987821	69987802	-	19.44	12.234	>	6	10	80
517	chr6	40479902	40479883	+	19.42	24.72	>	6	10	80
518	chr4	82619779	82619760	-	19.42	11.22	>	6	10	80
519	chr2	160593235	160593216	-	19.4	45.8	>	6	10	80
520	chr4	48691990	48691971	+	19.4	34.88	>	6	10	80
521	chr1	11140123	11140104	-	19.39	7.324	>	6	10	80
522	chr6	67858160	67858141	+	19.36	18.55	>	6	10	80
523	chr1	91914028	91914009	+	19.36	22.06	>	6	10	80
524	chr15	76196896	76196877	+	19.33	35.8	>	6	10	80
525	chr11	43767011	43766992	+	19.27	27.44	>	6	10	80
526	chr17	8463677	8463658	+	19.23	31.38	>	6	10	80
527	chr2	60442102	60442083	-	19.22	10.555	>	6	10	80
528	chr10	8242562	8242543	+	19.2	18.4	>	6	10	80
529	chr15	8382407	8382388	+	19.16	11.64	>	6	10	80
530	chr19	11360302	11360283	+	19.14	15.06	>	6	10	80
531	chr12	79305335	79305316	+	19.11	29.94	>	6	10	80
532	chr13	38992697	38992678	+	19.03	12.445	>	6	10	80
533	chr8	91147955	91147936	-	19.0	26.05	>	6	10	80
534	chr13	64443476	64443457	+	19.0	35.6	>	6	10	80
535	chr8	117898214	117898195	+	18.92	34.16	>	6	10	80
536	chr11	42423473	42423454	-	18.77	18.48	>	6	10	80
537	chr9	114957195	114957176	-	18.77	27.38	>	6	10	80
538	chr5	149647926	149647907	+	18.72	23.06	>	6	10	80
539	chr5	128440068	128440049	-	18.69	40.7	>	6	10	80
540	chr6	90606762	90606743	-	18.67	32.6	>	6	10	80
541	chr10	58560031	58560012	+	18.67	23.25	>	6	10	80
542	chr18	25538443	25538424	+	18.66	23.94	>	6	10	80
543	chr11	22987510	22987491	+	18.56	23.83	>	6	10	80
544	chr13	57269837	57269818	-	18.55	36.6	>	6	10	80
545	chr13	53096854	53096835	-	18.55	32.88	>	6	10	80
546	chr7	124783020	124783001	-	18.55	23.44	>	6	10	80
547	chr7	40687242	40687223	-	18.52	26.28	>	6	10	80
548	chr4	109438113	109438094	+	18.45	31.61	>	6	10	80
549	chr13	46663777	46663758	-	18.45	5.215	>	6	10	80
550	chr2	21927862	21927843	-	18.45	17.72	>	6	10	80
551	chr11	72564476	72564457	-	18.39	17.95	>	6	10	80
552	chr14	57362951	57362932	-	18.3	10.125	>	6	10	80
553	chr13	54063511	54063492	-	18.3	12.516	>	6	10	80
554	chr8	127191530	127191511	+	18.27	39.03	>	6	10	80
555	chr4	24249781	24249762	+	18.25	8.38	>	6	10	80
556	chr1	175603551	175603532	-	18.2	12.0	>	6	10	80
557	chr7	131897479	131897460	+	18.19	16.34	>	6	10	80
558	chr2	125259455	125259436	-	18.17	32.72	>	6	10	80
559	chr8	11943262	11943243	-	18.0	20.05	>	6	10	80
560	chr13	74861814	74861795	+	17.98	11.664	>	6	10	80
561	chr3	37302880	37302861	-	17.98	17.84	>	6	10	80
562	chr2	165391753	165391734	+	17.95	20.97	>	6	10	80
563	chr1	167669968	167669949	-	17.94	39.3	>	6	10	80
564	chr14	24311319	24311300	+	17.89	24.48	>	6	10	80
565	chr6	125622660	125622641	+	17.86	24.67	>	6	10	80
566	chr16	91694897	91694878	+	17.83	21.03	>	6	10	80
567	chr7	100886752	100886733	-	17.8	33.3	>	6	10	80
568	chr2	165779092	165779073	+	17.7	43.9	>	6	10	80
569	chr4	118988734	118988715	-	17.7	12.37	>	6	10	80
570	chr9	111939788	111939769	+	17.64	16.92	>	6	10	80
571	chr9	40806571	40806552	+	17.64	39.78	>	6	10	80
572	chr19	21571392	21571373	+	17.64	11.9	>	6	10	80
573	chr10	49785057	49785038	-	17.56	2.498	>	6	10	80
574	chr3	84922220	84922201	+	17.47	28.94	>	6	10	80
575	chr12	7991018	7990999	+	17.47	17.66	>	6	10	80
576	chr8	106687694	106687675	+	17.45	42.0	>	6	10	80
577	chr19	15998346	15998327	+	17.33	27.56	>	6	10	80
578	chr10	30838389	30838370	+	17.3	7.543	>	6	10	80
579	chr2	6469364	6469345	-	17.28	15.65	>	6	10	80
580	chr9	59678540	59678521	-	17.28	29.06	>	6	10	80
581	chr18	60143536	60143517	-	17.25	6.348	>	6	10	80
582	chr2	76114972	76114953	-	17.25	26.88	>	6	10	80
583	chr1	192722361	192722342	-	17.23	36.0	>	6	10	80
584	chr13	6737153	6737134	+	17.23	24.25	>	6	10	80
585	chr10	116199232	116199213	+	17.23	24.89	>	6	10	80
586	chr18	6627309	6627290	+	17.06	30.4	>	6	10	80
587	chr7	117375969	117375950	-	17.03	13.42	>	6	10	80
588	chr11	7200225	7200206	+	17.03	39.34	>	6	10	80
589	chr3	152474817	152474798	+	16.98	9.51	>	6	10	80
590	chr12	4107565	4107546	+	16.97	22.11	>	6	10	80
591	chr18	78212287	78212268	-	16.83	18.31	>	6	10	80
592	chr2	17842170	17842151	-	16.81	6.844	>	6	10	80
593	chr5	112429191	112429172	-	16.78	14.19	>	6	10	80
594	chr9	54169687	54169668	+	16.73	16.64	>	6	10	80
595	chr9	78597063	78597044	+	16.73	17.98	>	6	10	80
596	chr2	125556029	125556010	+	16.69	19.19	>	6	10	80
597	chr4	86545837	86545818	-	16.69	26.34	>	6	10	80
598	chr11	34229190	34229171	+	16.55	19.56	>	6	10	80
599	chr13	60479163	60479144	+	16.52	1.697	>	6	10	80
600	chr11	57788119	57788100	+	16.36	29.88	>	6	10	80
601	chr5	117504639	117504620	+	16.36	53.34	>	6	10	80
602	chr1	128368923	128368904	+	16.28	14.01	>	6	10	80
603	chr14	51098507	51098488	-	16.28	41.22	>	6	10	80
604	chr10	14404268	14404249	+	16.23	20.66	>	6	10	80
605	chr18	65752297	65752278	-	16.1	16.11	>	6	10	80
606	chr3	59077498	59077479	+	16.1	40.72	>	6	10	80
607	chr1	119919473	119919454	+	16.06	20.62	>	6	10	80
608	chr1	86598699	86598680	+	16.03	48.72	>	6	10	80
609	chr1	80178208	80178189	-	16.0	17.12	>	6	10	80
610	chr15	64132164	64132145	+	15.96	15.336	>	6	10	80
611	chr2	4652218	4652199	-	15.91	22.83	>	6	10	80
612	chr9	40805489	40805470	-	15.86	35.53	>	6	10	80
613	chr13	30549079	30549060	-	15.805	25.34	>	6	10	80
614	chr3	82350530	82350511	-	15.805	7.78	>	6	10	80
615	chr7	81155234	81155215	-	15.805	19.0	>	6	10	80
616	chr4	107701325	107701306	-	15.8	18.55	>	6	10	80
617	chr11	76655250	76655231	+	15.8	25.19	>	6	10	80
618	chr7	122945377	122945358	+	15.72	20.64	>	6	10	80
619	chr16	32697312	32697293	+	15.695	24.02	>	6	10	80
620	chr13	114460825	114460806	-	15.65	8.25	>	6	10	80
621	chr19	59389409	59389390	+	15.65	31.4	>	6	10	80
622	chr7	45451495	45451476	+	15.64	35.4	>	6	10	80
623	chr15	85599066	85599047	+	15.625	30.86	>	6	10	80
624	chr10	9012998	9012979	+	15.6	21.77	>	6	10	80
625	chr13	24318872	24318853	-	15.58	11.58	>	6	10	80
626	chr3	123506917	123506898	-	15.53	17.17	>	6	10	80
627	chr13	101719731	101719712	-	15.48	25.34	>	6	10	80
628	chr12	12412898	12412879	-	15.43	30.47	>	6	10	80
629	chr10	127342496	127342477	-	15.4	29.73	>	6	10	80
630	chr7	28972871	28972852	+	15.39	21.2	>	6	10	80
631	chr5	130862481	130862462	+	15.33	29.22	>	6	10	80
632	chr13	53779354	53779335	+	15.31	23.8	>	6	10	80
633	chr11	51582940	51582921	-	15.305	26.1	>	6	10	80
634	chr3	34150257	34150238	+	15.3	17.19	>	6	10	80
635	chr9	30423156	30423137	-	15.29	30.31	>	6	10	80
636	chr1	55886585	55886566	+	15.29	16.73	>	6	10	80
637	chr8	121104251	121104232	+	15.28	31.56	>	6	10	80
638	chr2	31683894	31683875	+	15.27	30.73	>	6	10	80
639	chr9	121458682	121458663	+	15.27	42.72	>	6	10	80
640	chr13	111421545	111421526	+	15.22	27.25	>	6	10	80
641	chr18	56572965	56572946	+	15.22	32.7	>	6	10	80
642	chr18	42593315	42593296	+	15.2	8.75	>	6	10	80
643	chr8	118287683	118287664	+	15.2	7.145	>	6	10	80
644	chr14	47742843	47742824	+	15.18	9.65	>	6	10	80
645	chr1	184791312	184791293	-	15.164	27.39	>	6	10	80
646	chr6	106800166	106800147	-	15.1	18.75	>	6	10	80
647	chr11	12025880	12025861	+	15.06	18.02	>	6	10	80
648	chr5	129594341	129594322	-	15.03	29.4	>	6	10	80
649	chr13	16005724	16005705	+	15.016	13.71	>	6	10	80
650	chr14	65597230	65597211	+	15.016	14.01	>	6	10	80
651	chr5	99900280	99900261	-	14.95	10.75	>	6	10	80
652	chr8	11421350	11421331	-	14.945	26.12	>	6	10	80
653	chr19	4755748	4755729	+	14.93	24.55	>	6	10	80
654	chr10	110733540	110733521	-	14.914	16.5	>	6	10	80
655	chr5	67752088	67752069	+	14.89	18.31	>	6	10	80
656	chr9	77381774	77381755	-	14.85	26.45	>	6	10	80
657	chr18	81951830	81951811	-	14.76	34.06	>	6	10	80
658	chr1	86059644	86059625	+	14.734	30.22	>	6	10	80
659	chr1	52630636	52630617	-	14.734	9.89	>	6	10	80
660	chr2	174308107	174308088	+	14.69	14.67	>	6	10	80
661	chr11	99364649	99364630	-	14.6	16.03	>	6	10	80
662	chr13	109558424	109558405	+	14.49	16.98	>	6	10	80
663	chr12	58201405	58201386	-	14.48	6.883	>	6	10	80
664	chr7	137471937	137471918	+	14.445	28.83	>	6	10	80
665	chr17	26916803	26916784	+	14.414	25.05	>	6	10	80
666	chr5	87871626	87871607	-	14.414	20.39	>	6	10	80
667	chr2	125252443	125252424	+	14.414	25.9	>	6	10	80
668	chr1	9549185	9549166	+	14.414	19.5	>	6	10	80
669	chr11	11788608	11788589	-	14.38	31.97	>	6	10	80
670	chr7	43928727	43928708	+	14.36	11.45	>	6	10	80
671	chr10	60760656	60760637	-	14.31	36.9	>	6	10	80
672	chr6	17362958	17362939	+	14.31	3.076	>	6	10	80
673	chr1	136521528	136521509	-	14.305	21.69	>	6	10	80
674	chr2	153147934	153147915	+	14.28	18.94	>	6	10	80
675	chr8	61522313	61522294	+	14.266	28.28	>	6	10	80
676	chr18	56759303	56759284	+	14.266	12.61	>	6	10	80
677	chr14	115451146	115451127	-	14.234	4.215	>	6	10	80
678	chr1	176218428	176218409	+	14.195	14.99	>	6	10	80
679	chr15	97665520	97665501	-	14.18	30.02	>	6	10	80
680	chr13	20299620	20299601	+	14.18	33.25	>	6	10	80
681	chr9	59969601	59969582	-	14.14	17.69	>	6	10	80
682	chr16	57611975	57611956	+	14.055	18.66	>	6	10	80
683	chr12	15816144	15816125	+	13.984	8.52	>	6	10	80
684	chr15	82271381	82271362	-	13.95	28.55	>	6	10	80
685	chr7	74363644	74363625	-	13.95	40.8	>	6	10	80
686	chr3	73066293	73066274	+	13.95	16.86	>	6	10	80
687	chr1	118772515	118772496	-	13.945	30.34	>	6	10	80
688	chr4	110020493	110020474	-	13.94	26.28	>	6	10	80
689	chr3	34639420	34639401	-	13.94	14.87	>	6	10	80
690	chr2	131530224	131530205	-	13.92	25.86	>	6	10	80
691	chr4	20024128	20024109	+	13.91	12.516	>	6	10	80
692	chr8	74980870	74980851	-	13.81	30.2	>	6	10	80
693	chr18	75757719	75757700	+	13.734	18.78	>	6	10	80
694	chr7	89908147	89908128	-	13.72	13.79	>	6	10	80
695	chr4	150257406	150257387	+	13.72	23.58	>	6	10	80
696	chr2	55022781	55022762	-	13.664	7.77	>	6	10	80
697	chr18	64506771	64506752	-	13.63	18.4	>	6	10	80
698	chr14	123353156	123353137	-	13.61	11.6	>	6	10	80
699	chr4	139872794	139872775	+	13.59	35.75	>	6	10	80
700	chr13	51839869	51839850	+	13.586	21.19	>	6	10	80
701	chr5	146162789	146162770	+	13.516	23.42	>	6	10	80
702	chr9	83785201	83785182	+	13.49	14.66	>	6	10	80
703	chr3	59079480	59079461	+	13.44	28.77	>	6	10	80
704	chr10	11345312	11345293	-	13.375	5.086	>	6	10	80
705	chr11	46252188	46252169	-	13.34	28.12	>	6	10	80
706	chr4	85404971	85404952	+	13.32	14.11	>	6	10	80
707	chr4	130738774	130738755	+	13.31	16.47	>	6	10	80
708	chr5	86432914	86432895	+	13.305	16.02	>	6	10	80
709	chr3	22306829	22306810	+	13.266	18.6	>	6	10	80
710	chr2	91930225	91930206	-	13.25	19.55	>	6	10	80
711	chr6	108417714	108417695	+	13.234	10.66	>	6	10	80
712	chr12	17011790	17011771	-	13.16	20.73	>	6	10	80
713	chr5	87551137	87551118	-	13.15	21.52	>	6	10	80
714	chr4	106227683	106227664	-	13.14	14.38	>	6	10	80
715	chr4	139877472	139877453	+	13.1	27.4	>	6	10	80
716	chr1	88742593	88742574	-	13.086	17.75	>	6	10	80
717	chr3	52254088	52254069	+	13.02	34.16	>	6	10	80
718	chr9	73159469	73159450	+	12.99	27.5	>	6	10	80
719	chr7	29297253	29297234	-	12.984	28.8	>	6	10	80
720	chr13	116312336	116312317	-	12.93	10.21	>	6	10	80
721	chr2	157117146	157117127	-	12.91	21.92	>	6	10	80
722	chr9	60243712	60243693	+	12.89	13.59	>	6	10	80
723	chr1	179845066	179845047	-	12.88	17.89	>	6	10	80
724	chr11	103332754	103332735	+	12.875	24.97	>	6	10	80
725	chr1	53032774	53032755	-	12.87	13.05	>	6	10	80
726	chr8	45345197	45345178	+	12.81	16.72	>	6	10	80
727	chr12	113216133	113216114	+	12.74	53.7	>	6	10	80
728	chr15	36152194	36152175	-	12.72	16.9	>	6	10	80
729	chr1	72876274	72876255	+	12.69	17.11	>	6	10	80
730	chr9	14774009	14773990	+	12.664	9.0	>	6	10	80
731	chr12	74317197	74317178	-	12.664	11.76	>	6	10	80
732	chr7	107819649	107819630	-	12.64	16.3	>	6	10	80
733	chr13	55327907	55327888	+	12.64	17.61	>	6	10	80
734	chr3	54796015	54795996	+	12.63	22.77	>	6	10	80
735	chr6	60963937	60963918	+	12.61	7.094	>	6	10	80
736	chr8	21981891	21981872	-	12.61	17.33	>	6	10	80
737	chr10	38269349	38269330	-	12.52	19.28	>	6	10	80
738	chr6	51170619	51170600	-	12.5	20.02	>	6	10	80
739	chr2	148110356	148110337	-	12.43	16.03	>	6	10	80
740	chr1	88301823	88301804	-	12.42	19.61	>	6	10	80
741	chr6	115037959	115037940	-	12.33	15.375	>	6	10	80
742	chr16	11980974	11980955	+	12.33	3.668	>	6	10	80
743	chr15	44832771	44832752	-	12.31	24.2	>	6	10	80
744	chr19	26193888	26193869	-	12.29	7.65	>	6	10	80
745	chr17	8988263	8988244	-	12.29	10.71	>	6	10	80
746	chr14	66358860	66358841	+	12.28	18.22	>	6	10	80
747	chr12	40832432	40832413	-	12.26	13.56	>	6	10	80
748	chr2	53206958	53206939	-	12.18	12.55	>	6	10	80
749	chr16	42914617	42914598	+	12.16	7.133	>	6	10	80
750	chr11	111523686	111523667	-	12.14	23.53	>	6	10	80
751	chr6	121556678	121556659	+	12.11	18.8	>	6	10	80
752	chr7	43926199	43926180	-	12.1	21.69	>	6	10	80
753	chr3	3311028	3311009	+	12.09	10.74	>	6	10	80
754	chr12	17018680	17018661	+	12.04	21.19	>	6	10	80
755	chr18	33794794	33794775	+	11.97	24.89	>	6	10	80
756	chr15	73791915	73791896	+	11.96	24.61	>	6	10	80
757	chr12	82489256	82489237	+	11.945	11.805	>	6	10	80
758	chr19	37559803	37559784	+	11.91	21.4	>	6	10	80
759	chr12	36195155	36195136	-	11.91	7.07	>	6	10	80
760	chr3	30515246	30515227	-	11.875	11.664	>	6	10	80
761	chr19	27426681	27426662	-	11.81	11.945	>	6	10	80
762	chr2	75590427	75590408	-	11.75	21.66	>	6	10	80
763	chr2	17849498	17849479	+	11.75	6.633	>	6	10	80
764	chr9	83371155	83371136	-	11.75	6.18	>	6	10	80
765	chr9	30936846	30936827	-	11.734	17.67	>	6	10	80
766	chr15	94690037	94690018	+	11.73	23.03	>	6	10	80
767	chr2	147379133	147379114	+	11.69	9.875	>	6	10	80
768	chr4	121232314	121232295	-	11.664	7.945	>	6	10	80
769	chr18	56333219	56333200	-	11.64	4.934	>	6	10	80
770	chr16	25952209	25952190	-	11.64	6.688	>	6	10	80
771	chr13	94976326	94976307	+	11.63	16.62	>	6	10	80
772	chr2	30942898	30942879	-	11.57	22.28	>	6	10	80
773	chr6	104479441	104479422	+	11.55	10.57	>	6	10	80
774	chr5	113080039	113080020	-	11.52	26.94	>	6	10	80
775	chr16	30550607	30550588	-	11.52	17.62	>	6	10	80
776	chr1	160194976	160194957	+	11.51	18.28	>	6	10	80
777	chr11	56116782	56116763	-	11.48	30.47	>	6	10	80
778	chr6	112484521	112484502	-	11.48	12.14	>	6	10	80
779	chr14	21853546	21853527	-	11.445	30.66	>	6	10	80
780	chr9	58534993	58534974	+	11.414	20.97	>	6	10	80
781	chr17	73302318	73302299	+	11.414	39.62	>	6	10	80
782	chr1	85842459	85842440	-	11.41	14.02	>	6	10	80
783	chr17	16926410	16926391	-	11.35	2.584	>	6	10	80
784	chr12	29894861	29894842	+	11.31	16.72	>	6	10	80
785	chr2	127832989	127832970	+	11.22	7.293	>	6	10	80
786	chr16	20724653	20724634	+	11.18	15.11	>	6	10	80
787	chr1	180811112	180811093	-	11.164	28.33	>	6	10	80
788	chr13	109210611	109210592	-	11.16	17.5	>	6	10	80
789	chr18	5990207	5990188	-	11.14	3.14	>	6	10	80
790	chr18	12102268	12102249	-	11.125	23.38	>	6	10	80
791	chr19	59380193	59380174	+	11.08	23.9	>	6	10	80
792	chr2	101665476	101665457	+	11.055	26.06	>	6	10	80
793	chr12	108541242	108541223	-	11.02	27.9	>	6	10	80
794	chr2	32583648	32583629	+	11.016	30.19	>	6	10	80
795	chr1	181881807	181881788	-	10.98	11.91	>	6	10	80
796	chr5	117506576	117506557	+	10.94	40.06	>	6	10	80
797	chr1	38789153	38789134	+	10.89	22.95	>	6	10	80
798	chr10	102445139	102445120	-	10.875	19.4	>	6	10	80
799	chr12	81788941	81788922	+	10.87	12.51	>	6	10	80
800	chr9	78233462	78233443	-	10.86	15.93	>	6	10	80
801	chr10	96618527	96618508	+	10.86	3.014	>	6	10	80
802	chr8	84639419	84639400	-	10.85	34.7	>	6	10	80
803	chr17	8468905	8468886	+	10.85	20.27	>	6	10	80
804	chr2	67535551	67535532	+	10.83	7.83	>	6	10	80
805	chr18	52947340	52947321	+	10.82	10.15	>	6	10	80
806	chr13	72625410	72625391	-	10.78	6.715	>	6	10	80
807	chr11	31942449	31942430	+	10.69	22.72	>	6	10	80
808	chr1	6190743	6190724	-	10.63	7.344	>	6	10	80
809	chr7	74367549	74367530	+	10.6	15.16	>	6	10	80
810	chr4	22482970	22482951	+	10.58	4.45	>	6	10	80
811	chr13	20298018	20297999	+	10.56	24.86	>	6	10	80
812	chr16	75325511	75325492	-	10.484	5.44	>	6	10	80
813	chr6	54586377	54586358	+	10.44	8.14	>	6	10	80
814	chr14	59604211	59604192	-	10.375	15.664	>	6	10	80
815	chr2	107946040	107946021	-	10.31	11.08	>	6	10	80
816	chr1	62701219	62701200	-	10.3	12.74	>	6	10	80
817	chr7	75914120	75914101	+	10.266	24.1	>	6	10	80
818	chr5	98167679	98167660	+	10.26	12.875	>	6	10	80
819	chr9	99671799	99671780	+	10.23	22.52	>	6	10	80
820	chr1	179847901	179847882	+	10.16	11.88	>	6	10	80
821	chr15	80080817	80080798	-	10.15	32.28	>	6	10	80
822	chr6	137747756	137747737	-	10.09	27.12	>	6	10	80
823	chr6	77249625	77249606	-	10.09	6.945	>	6	10	80
824	chr5	149049190	149049171	-	10.08	15.81	>	6	10	80
825	chr18	32814407	32814388	-	10.07	2.566	>	6	10	80
826	chr11	46258405	46258386	-	10.06	20.3	>	6	10	80
827	chr11	81974830	81974811	-	10.01	5.44	>	6	10	80
828	chr19	48414047	48414028	+	9.99	12.77	>	6	10	80
829	chr11	34836484	34836465	+	9.86	20.75	>	6	10	80
830	chr17	24437345	24437326	-	9.81	19.33	>	6	10	80
831	chr6	59208753	59208734	-	9.734	12.92	>	6	10	80
832	chr13	37325694	37325675	-	9.734	20.84	>	6	10	80
833	chr11	43412967	43412948	-	9.72	22.2	>	6	10	80
834	chr13	49651342	49651323	-	9.71	2.496	>	6	10	80
835	chr7	143151380	143151361	+	9.69	18.05	>	6	10	80
836	chr16	4285478	4285459	-	9.67	7.94	>	6	10	80
837	chr11	29715017	29714998	-	9.664	9.12	>	6	10	80
838	chr3	134654263	134654244	+	9.62	3.898	>	6	10	80
839	chr8	28978824	28978805	-	9.57	7.504	>	6	10	80
840	chr13	54062269	54062250	-	9.55	10.02	>	6	10	80
841	chr9	32585514	32585495	+	9.516	12.72	>	6	10	80
842	chr7	73648212	73648193	-	9.484	13.375	>	6	10	80
843	chr19	27425889	27425870	-	9.44	11.26	>	6	10	80
844	chr13	100854377	100854358	-	9.42	17.78	>	6	10	80
845	chr5	140749784	140749765	-	9.414	22.17	>	6	10	80
846	chr4	127027444	127027425	+	9.4	22.48	>	6	10	80
847	chr11	109221866	109221847	-	9.3	9.67	>	6	10	80
848	chr16	16596794	16596775	+	9.28	5.977	>	6	10	80
849	chr2	128605294	128605275	-	9.25	9.07	>	6	10	80
850	chr2	61492265	61492246	+	9.25	6.99	>	6	10	80
851	chr10	74217479	74217460	+	9.22	7.7	>	6	10	80
852	chr9	68016722	68016703	+	9.2	8.305	>	6	10	80
853	chr6	144248136	144248117	+	9.19	7.742	>	6	10	80
854	chr13	51191948	51191929	+	9.17	5.492	>	6	10	80
855	chr2	103424848	103424829	-	9.164	12.29	>	6	10	80
856	chr7	64751734	64751715	-	9.13	16.66	>	6	10	80
857	chr7	27160004	27159985	+	9.125	14.17	>	6	10	80
858	chr13	95986545	95986526	+	9.08	13.76	>	6	10	80
859	chr5	135118653	135118634	+	9.08	29.22	>	6	10	80
860	chr10	49786914	49786895	-	9.07	0.785	>	6	10	80
861	chr1	51639072	51639053	+	9.02	3.22	>	6	10	80
862	chr14	105307894	105307875	+	8.95	2.453	>	6	10	80
863	chr19	40231990	40231971	-	8.95	19.89	>	6	10	80
864	chr10	69656526	69656507	+	8.95	12.99	>	6	10	80
865	chr7	142714879	142714860	-	8.945	27.2	>	6	10	80
866	chr6	129256260	129256241	-	8.93	14.53	>	6	10	80
867	chr5	138199783	138199764	+	8.9	8.414	>	6	10	80
868	chr8	36193738	36193719	+	8.89	10.43	>	6	10	80
869	chr11	49597354	49597335	+	8.87	6.92	>	6	10	80
870	chr1	139405977	139405958	-	8.86	4.043	>	6	10	80
871	chr3	124289118	124289099	-	8.84	12.69	>	6	10	80
872	chr9	13196005	13195986	-	8.83	30.6	>	6	10	80
873	chr14	115819240	115819221	+	8.83	10.71	>	6	10	80
874	chr5	146914595	146914576	+	8.82	39.7	>	6	10	80
875	chr4	119223866	119223847	-	8.766	16.34	>	6	10	80
876	chr15	85879204	85879185	-	8.76	17.27	>	6	10	80
877	chr4	124682485	124682466	+	8.7	17.45	>	6	10	80
878	chr17	34956526	34956507	+	8.695	22.17	>	6	10	80
879	chr12	39494054	39494035	-	8.65	2.455	>	6	10	80
880	chr9	34485824	34485805	-	8.625	10.6	>	6	10	80
881	chr2	180786948	180786929	+	8.57	17.27	>	6	10	80
882	chr4	62230989	62230970	+	8.57	12.25	>	6	10	80
883	chr2	16357480	16357461	+	8.55	2.205	>	6	10	80
884	chr17	9759516	9759497	+	8.54	11.53	>	6	10	80
885	chr10	13018670	13018651	+	8.54	19.64	>	6	10	80
886	chr4	32570820	32570801	-	8.52	6.645	>	6	10	80
887	chr9	86451919	86451900	-	8.49	16.77	>	6	10	80
888	chr7	139590495	139590476	+	8.49	20.39	>	6	10	80
889	chr16	31944169	31944150	+	8.445	14.11	>	6	10	80
890	chr3	104701211	104701192	-	8.44	24.84	>	6	10	80
891	chr2	160955546	160955527	-	8.414	14.05	>	6	10	80
892	chr18	32811889	32811870	+	8.4	4.918	>	6	10	80
893	chr14	115042240	115042221	-	8.4	14.734	>	6	10	80
894	chr2	28464119	28464100	-	8.33	19.16	>	6	10	80
895	chr2	76369931	76369912	+	8.28	9.1	>	6	10	80
896	chr3	107605512	107605493	+	8.28	12.57	>	6	10	80
897	chr14	121220891	121220872	-	8.23	10.8	>	6	10	80
898	chr1	103796539	103796520	+	8.22	10.74	>	6	10	80
899	chr16	23151589	23151570	+	8.21	3.11	>	6	10	80
900	chr5	33371346	33371327	-	8.19	15.74	>	6	10	80
901	chr13	103121088	103121069	-	8.18	6.016	>	6	10	80
902	chr10	60760529	60760510	+	8.14	24.72	>	6	10	80
903	chr1	169921787	169921768	+	8.12	12.62	>	6	10	80
904	chr13	42826816	42826797	-	8.11	17.0	>	6	10	80
905	chr6	72601930	72601911	+	8.11	24.06	>	6	10	80
906	chr7	81345319	81345300	-	7.99	7.87	>	6	10	80
907	chr11	33934471	33934452	+	7.98	18.27	>	6	10	80
908	chr18	77044808	77044789	-	7.97	11.42	>	6	10	80
909	chr7	67217278	67217259	+	7.926	7.28	>	6	10	80
910	chr2	164074027	164074008	+	7.906	10.22	>	6	10	80
911	chr3	45373410	45373391	+	7.855	1.438	>	6	10	80
912	chr1	152768355	152768336	-	7.84	9.35	>	6	10	80
913	chr11	102267665	102267646	-	7.81	17.44	>	6	10	80
914	chr11	43411664	43411645	-	7.81	21.72	>	6	10	80
915	chr2	129880054	129880035	+	7.805	6.484	>	6	10	80
916	chr11	81972241	81972222	+	7.797	9.07	>	6	10	80
917	chr9	65581143	65581124	-	7.793	11.17	>	6	10	80
918	chr4	106228720	106228701	+	7.727	13.9	>	6	10	80
919	chr6	119467876	119467857	+	7.703	18.1	>	6	10	80
920	chr10	122794511	122794492	+	7.695	15.734	>	6	10	80
921	chr14	34813484	34813465	-	7.69	11.805	>	6	10	80
922	chr15	19280629	19280610	+	7.68	3.066	>	6	10	80
923	chr13	38235597	38235578	-	7.676	11.836	>	6	10	80
924	chr13	21710105	21710086	+	7.67	14.95	>	6	10	80
925	chr11	104231353	104231334	-	7.67	18.38	>	6	10	80
926	chr6	86401304	86401285	-	7.64	23.28	>	6	10	80
927	chr4	24245320	24245301	-	7.633	3.027	>	6	10	80
928	chr9	29655082	29655063	+	7.613	20.11	>	6	10	80
929	chr9	58535957	58535938	-	7.605	16.9	>	6	10	80
930	chr5	112427478	112427459	-	7.598	9.93	>	6	10	80
931	chr4	140539353	140539334	-	7.58	22.9	>	6	10	80
932	chr14	105302910	105302891	+	7.57	4.605	>	6	10	80
933	chr7	19713404	19713385	-	7.543	26.19	>	6	10	80
934	chr1	127487367	127487348	-	7.52	14.33	>	6	10	80
935	chr19	56806125	56806106	-	7.504	5.934	>	6	10	80
936	chr19	47175662	47175643	-	7.46	21.67	>	6	10	80
937	chr2	150795624	150795605	-	7.44	6.633	>	6	10	80
938	chr2	137114826	137114807	+	7.438	4.08	>	6	10	80
939	chr10	119244230	119244211	+	7.434	4.305	>	6	10	80
940	chr5	117094622	117094603	+	7.42	22.22	>	6	10	80
941	chr11	67100384	67100365	-	7.42	22.83	>	6	10	80
942	chr5	30686988	30686969	+	7.41	18.64	>	6	10	80
943	chr8	105291139	105291120	-	7.41	11.78	>	6	10	80
944	chr7	143470174	143470155	-	7.39	17.94	>	6	10	80
945	chr15	8099290	8099271	-	7.35	8.336	>	6	10	80
946	chr7	119015949	119015930	+	7.34	17.75	>	6	10	80
947	chr17	56306039	56306020	-	7.305	16.48	>	6	10	80
948	chr1	134636895	134636876	+	7.3	5.97	>	6	10	80
949	chr17	65541217	65541198	+	7.258	9.125	>	6	10	80
950	chr14	49218880	49218861	+	7.25	8.47	>	6	10	80
951	chr1	25527154	25527135	+	7.2	7.453	>	6	10	80
952	chr1	146515575	146515556	+	7.18	3.11	>	6	10	80
953	chr9	44109578	44109559	+	7.176	33.9	>	6	10	80
954	chr11	108889358	108889339	+	7.15	8.016	>	6	10	80
955	chr7	138398615	138398596	+	7.117	4.707	>	6	10	80
956	chr5	32204842	32204823	+	7.11	6.15	>	6	10	80
957	chr8	14859581	14859562	+	7.1	5.27	>	6	10	80
958	chr11	95676507	95676488	-	7.09	14.555	>	6	10	80
959	chr6	85141186	85141167	+	7.08	33.56	>	6	10	80
960	chr14	20340404	20340385	-	7.04	15.81	>	6	10	80
961	chr1	193130339	193130320	-	7.023	5.71	>	6	10	80
962	chr9	98032882	98032863	+	6.992	4.73	>	6	10	80
963	chr7	143793289	143793270	+	6.98	21.42	>	6	10	80
964	chr12	32292312	32292293	-	6.895	8.26	>	6	10	80
965	chr17	45724453	45724434	-	6.89	12.125	>	6	10	80
966	chr14	102512314	102512295	+	6.89	1.602	>	6	10	80
967	chr8	11943038	11943019	+	6.88	5.47	>	6	10	80
968	chr7	83553561	83553542	+	6.867	8.27	>	6	10	80
969	chr9	64960779	64960760	-	6.85	16.31	>	6	10	80
970	chr9	30426996	30426977	+	6.832	15.31	>	6	10	80
971	chr11	119249183	119249164	+	6.785	23.48	>	6	10	80
972	chr8	90795542	90795523	+	6.77	10.67	>	6	10	80
973	chr2	113498926	113498907	-	6.766	9.86	>	6	10	80
974	chr13	62926662	62926643	+	6.75	4.73	>	6	10	80
975	chr1	127485025	127485006	+	6.715	16.44	>	6	10	80
976	chr17	78592615	78592596	+	6.715	8.945	>	6	10	80
977	chr2	118246134	118246115	-	6.668	13.72	>	6	10	80
978	chr2	92474875	92474856	-	6.652	13.95	>	6	10	80
979	chr7	17061423	17061404	+	6.645	15.1	>	6	10	80
980	chr10	122090678	122090659	+	6.63	8.38	>	6	10	80
981	chr13	64448147	64448128	+	6.594	17.92	>	6	10	80
982	chr2	34642611	34642592	-	6.562	14.51	>	6	10	80
983	chr5	117509743	117509724	+	6.54	26.92	>	6	10	80
984	chr7	131371109	131371090	+	6.516	4.71	>	6	10	80
985	chr6	94054143	94054124	-	6.5	13.34	>	6	10	80
986	chr14	20697228	20697209	+	6.465	17.88	>	6	10	80
987	chr10	122798121	122798102	+	6.46	15.23	>	6	10	80
988	chr13	14196604	14196585	+	6.45	1.613	>	6	10	80
989	chr3	118991976	118991957	+	6.438	8.26	>	6	10	80
990	chr9	107231295	107231276	-	6.434	7.414	>	6	10	80
991	chr15	24557016	24556997	-	6.418	3.371	>	6	10	80
992	chr2	178407758	178407739	+	6.414	11.43	>	6	10	80
993	chr9	90683476	90683457	-	6.38	1.322	>	6	10	80
994	chr6	22968335	22968316	-	6.34	6.418	>	6	10	80
995	chr12	67217811	67217792	+	6.336	1.95	>	6	10	80
996	chr10	82910438	82910419	+	6.277	10.99	>	6	10	80
997	chr7	49125716	49125697	+	6.258	16.88	>	6	10	80
998	chr11	119491305	119491286	-	6.215	10.81	>	6	10	80
999	chr11	32341308	32341289	-	6.21	14.555	>	6	10	80
1000	chr19	8713406	8713387	+	6.19	10.44	>	6	10	80
1001	chr4	48048044	48048025	+	6.152	6.21	>	6	10	80
1002	chr11	52764825	52764806	+	6.15	7.75	>	6	10	80
1003	chr13	20564636	20564617	-	6.145	4.82	>	6	10	80
1004	chr10	39105011	39104992	-	6.14	7.152	>	6	10	80
1005	chr11	98909856	98909837	-	6.117	18.95	>	6	10	80
1006	chr1	151025102	151025083	+	6.117	4.496	>	6	10	80
1007	chr5	98167777	98167758	-	6.113	9.555	>	6	10	80
1008	chr8	88118562	88118543	+	6.062	3.66	>	6	10	80
1009	chr16	92511934	92511915	+	6.035	16.34	>	6	10	80
1010	chr15	25792295	25792276	-	6.008	6.87	>	6	10	80
1011	chr13	92751194	92751175	+	5.938	12.68	>	6	10	80
1012	chr5	101688793	101688774	-	5.934	12.51	>	6	10	80
1013	chr7	112023252	112023233	+	5.93	8.26	>	6	10	80
1014	chr14	21854038	21854019	-	5.914	27.36	>	6	10	80
1015	chr8	32003733	32003714	-	5.9	2.012	>	6	10	80
1016	chr13	53095394	53095375	-	5.867	6.086	>	6	10	80
1017	chr1	182554179	182554160	+	5.836	10.15	>	6	10	80
1018	chr6	18381568	18381549	+	5.832	1.955	>	6	10	80
1019	chr9	77389590	77389571	+	5.832	5.68	>	6	10	80
1020	chr16	5254481	5254462	-	5.812	12.77	>	6	10	80
1021	chr2	93199625	93199606	+	5.797	14.08	>	6	10	80
1022	chr9	81631651	81631632	-	5.793	3.863	>	6	10	80
1023	chr2	152887412	152887393	-	5.78	4.652	>	6	10	80
1024	chr4	153481137	153481118	-	5.766	3.3	>	6	10	80
1025	chr8	72239706	72239687	-	5.754	5.32	>	6	10	80
1026	chr18	65750236	65750217	-	5.703	2.543	>	6	10	80
1027	chr6	61311882	61311863	-	5.68	7.43	>	6	10	80
1028	chr18	46143625	46143606	+	5.676	6.477	>	6	10	80
1029	chr6	120836118	120836099	+	5.64	7.797	>	6	10	80
1030	chr6	100563990	100563971	-	5.625	4.164	>	6	10	80
1031	chr3	13475098	13475079	-	5.61	1.948	>	6	10	80
1032	chr2	132262968	132262949	+	5.6	7.164	>	6	10	80
1033	chr11	103334169	103334150	+	5.594	12.02	>	6	10	80
1034	chr6	54255029	54255010	+	5.586	4.35	>	6	10	80
1035	chr13	101711018	101710999	+	5.543	9.15	>	6	10	80
1036	chr5	39644761	39644742	-	5.54	3.531	>	6	10	80
1037	chr8	90795201	90795182	-	5.516	4.996	>	6	10	80
1038	chr18	23162646	23162627	+	5.51	1.562	>	6	10	80
1039	chr16	78165563	78165544	+	5.477	7.39	>	6	10	80
1040	chr2	96584106	96584087	-	5.44	3.29	>	6	10	80
1041	chr12	72070473	72070454	+	5.426	11.336	>	6	10	80
1042	chr12	24708691	24708672	+	5.414	9.914	>	6	10	80
1043	chr8	92367135	92367116	-	5.406	6.984	>	6	10	80
1044	chr17	83866777	83866758	+	5.4	23.0	>	6	10	80
1045	chr13	55322636	55322617	-	5.4	7.0	>	6	10	80
1046	chr6	88893771	88893752	-	5.395	16.78	>	6	10	80
1047	chr19	8718731	8718712	-	5.383	8.6	>	6	10	80
1048	chr12	59220179	59220160	-	5.38	2.5	>	6	10	80
1049	chr14	60784526	60784507	+	5.367	16.06	>	6	10	80
1050	chr3	153658591	153658572	+	5.33	6.258	>	6	10	80
1051	chr9	77386949	77386930	-	5.312	12.24	>	6	10	80
1052	chr10	83219903	83219884	+	5.312	6.188	>	6	10	80
1053	chr6	15176967	15176948	-	5.31	2.947	>	6	10	80
1054	chr2	152604207	152604188	-	5.27	19.44	>	6	10	80
1055	chr2	39003369	39003350	-	5.26	1.671	>	6	10	80
1056	chr16	31425707	31425688	-	5.254	13.484	>	6	10	80
1057	chr5	137503018	137502999	-	5.227	3.691	>	6	10	80
1058	chr18	13973086	13973067	-	5.207	0.71	>	6	10	80
1059	chr17	68849016	68848997	-	5.2	1.891	>	6	10	80
1060	chr2	128408931	128408912	-	5.19	8.72	>	6	10	80
1061	chr14	97559790	97559771	-	5.16	2.041	>	6	10	80
1062	chr8	67903864	67903845	-	5.13	6.113	>	6	10	80
1063	chr14	56888181	56888162	-	5.125	3.316	>	6	10	80
1064	chr4	132198465	132198446	+	5.125	11.19	>	6	10	80
1065	chr2	39005861	39005842	-	5.12	3.883	>	6	10	80
1066	chr7	137471679	137471660	-	5.1	19.97	>	6	10	80
1067	chr6	64949075	64949056	+	5.09	5.168	>	6	10	80
1068	chr18	16821148	16821129	+	5.043	1.935	>	6	10	80
1069	chr2	93813566	93813547	+	5.04	13.086	>	6	10	80
1070	chr6	126481478	126481459	-	5.023	10.89	>	6	10	80
1071	chr1	181881093	181881074	-	4.984	10.19	>	6	10	80
1072	chr6	108065822	108065803	-	4.977	6.67	>	6	10	80
1073	chr4	88550373	88550354	+	4.938	4.04	>	6	10	80
1074	chr5	137502167	137502148	+	4.867	8.81	>	6	10	80
1075	chr8	77618148	77618129	-	4.86	4.188	>	6	10	80
1076	chr7	120098024	120098005	+	4.855	7.22	>	6	10	80
1077	chr2	75152706	75152687	-	4.824	10.55	>	6	10	80
1078	chr11	87950193	87950174	+	4.78	11.09	>	6	10	80
1079	chr11	94598936	94598917	-	4.746	10.49	>	6	10	80
1080	chr1	10229119	10229100	+	4.746	0.972	>	6	10	80
1081	chr7	143476888	143476869	+	4.746	8.89	>	6	10	80
1082	chr9	102607693	102607674	-	4.715	3.604	>	6	10	80
1083	chr8	32009749	32009730	+	4.71	6.785	>	6	10	80
1084	chr3	99262117	99262098	-	4.707	1.889	>	6	10	80
1085	chr18	75607987	75607968	+	4.664	23.11	>	6	10	80
1086	chr7	75380211	75380192	-	4.64	2.41	>	6	10	80
1087	chr3	135863108	135863089	+	4.64	3.164	>	6	10	80
1088	chr4	87369015	87368996	-	4.625	9.125	>	6	10	80
1089	chr8	84639535	84639516	+	4.605	13.88	>	6	10	80
1090	chr15	74524301	74524282	+	4.586	13.7	>	6	10	80
1091	chr17	57007316	57007297	-	4.582	9.42	>	6	10	80
1092	chr11	30893985	30893966	+	4.547	0.9004	>	6	10	80
1093	chr19	57360190	57360171	-	4.543	2.654	>	6	10	80
1094	chr8	110102657	110102638	-	4.53	9.24	>	6	10	80
1095	chr7	135389259	135389240	-	4.53	9.336	>	6	10	80
1096	chr4	152527530	152527511	+	4.516	13.99	>	6	10	80
1097	chr13	103710441	103710422	+	4.5	4.57	>	6	10	80
1098	chr10	120896053	120896034	+	4.5	2.322	>	6	10	80
1099	chr18	5155632	5155613	-	4.484	6.39	>	6	10	80
1100	chr12	80141693	80141674	-	4.45	17.05	>	6	10	80
1101	chr5	118763566	118763547	-	4.418	12.81	>	6	10	80
1102	chr12	14150175	14150156	+	4.406	3.688	>	6	10	80
1103	chr10	128990300	128990281	-	4.4	8.03	>	6	10	80
1104	chr10	30834038	30834019	-	4.37	4.473	>	6	10	80
1105	chr6	50618483	50618464	+	4.367	12.766	>	6	10	80
1106	chr15	9748972	9748953	-	4.36	3.496	>	6	10	80
1107	chr16	92308164	92308145	-	4.355	11.22	>	6	10	80
1108	chr2	9881964	9881945	-	4.355	2.918	>	6	10	80
1109	chr8	123106089	123106070	+	4.336	8.18	>	6	10	80
1110	chr5	98346264	98346245	+	4.324	2.342	>	6	10	80
1111	chr10	40249841	40249822	-	4.316	12.23	>	6	10	80
1112	chr3	141457685	141457666	+	4.312	4.707	>	6	10	80
1113	chr9	40192620	40192601	-	4.3	2.145	>	6	10	80
1114	chr9	72448248	72448229	+	4.29	7.78	>	6	10	80
1115	chr13	24316809	24316790	-	4.273	3.682	>	6	10	80
1116	chr1	50927249	50927230	+	4.258	4.5	>	6	10	80
1117	chr11	102690417	102690398	-	4.223	12.195	>	6	10	80
1118	chr4	116627141	116627122	+	4.207	6.52	>	6	10	80
1119	chr15	76198817	76198798	+	4.164	10.72	>	6	10	80
1120	chr15	12113620	12113601	-	4.156	3.312	>	6	10	80
1121	chr1	115675059	115675040	+	4.152	5.223	>	6	10	80
1122	chr2	34644807	34644788	-	4.15	8.266	>	6	10	80
1123	chr2	166084974	166084955	-	4.133	18.12	>	6	10	80
1124	chr11	21571906	21571887	-	4.13	2.105	>	6	10	80
1125	chr15	9449709	9449690	-	4.062	0.543	>	6	10	80
1126	chr5	92664520	92664501	-	4.055	3.326	>	6	10	80
1127	chr12	77001216	77001197	+	4.043	1.105	>	6	10	80
1128	chr6	93757507	93757488	-	4.01	5.273	>	6	10	80
1129	chr19	56302794	56302775	+	4.01	3.797	>	6	10	80
1130	chr13	71954038	71954019	-	4.008	1.19	>	6	10	80
1131	chr4	17852015	17851996	-	4.0	0.8535	>	6	10	80
1132	chr18	39136126	39136107	+	3.992	1.932	>	6	10	80
1133	chr1	153489234	153489215	-	3.99	7.715	>	6	10	80
1134	chr9	66136172	66136153	-	3.988	5.383	>	6	10	80
1135	chr11	109621431	109621412	-	3.979	11.484	>	6	10	80
1136	chr13	91723318	91723299	+	3.959	5.49	>	6	10	80
1137	chr13	3642291	3642272	-	3.959	4.75	>	6	10	80
1138	chr13	47304770	47304751	+	3.957	6.746	>	6	10	80
1139	chr2	121144456	121144437	+	3.953	4.504	>	6	10	80
1140	chr13	93772223	93772204	-	3.928	3.56	>	6	10	80
1141	chr10	70967079	70967060	+	3.916	4.88	>	6	10	80
1142	chr13	59417085	59417066	-	3.91	5.0	>	6	10	80
1143	chr7	102484972	102484953	-	3.883	7.0	>	6	10	80
1144	chr5	38235667	38235648	-	3.879	10.78	>	6	10	80
1145	chr14	56885401	56885382	+	3.87	2.412	>	6	10	80
1146	chr11	75170669	75170650	-	3.861	7.984	>	6	10	80
1147	chr11	77980417	77980398	+	3.846	9.5	>	6	10	80
1148	chr9	94738712	94738693	+	3.828	14.92	>	6	10	80
1149	chr6	140466500	140466481	-	3.816	3.785	>	6	10	80
1150	chr19	57361025	57361006	-	3.814	6.484	>	6	10	80
1151	chr12	58972459	58972440	+	3.777	2.135	>	6	10	80
1152	chr2	61490636	61490617	+	3.775	5.23	>	6	10	80
1153	chr4	44310651	44310632	+	3.762	4.973	>	6	10	80
1154	chr11	52766147	52766128	+	3.734	1.83	>	6	10	80
1155	chr13	72627587	72627568	-	3.717	4.066	>	6	10	80
1156	chr9	23012459	23012440	-	3.71	1.704	>	6	10	80
1157	chr16	31427924	31427905	-	3.705	3.383	>	6	10	80
1158	chr12	29895773	29895754	+	3.691	1.481	>	6	10	80
1159	chr9	73154557	73154538	+	3.666	9.1	>	6	10	80
1160	chr1	127484437	127484418	-	3.66	8.8	>	6	10	80
1161	chr9	107566236	107566217	+	3.656	7.098	>	6	10	80
1162	chr2	68118338	68118319	+	3.652	4.36	>	6	10	80
1163	chr11	11140836	11140817	-	3.629	13.69	>	6	10	80
1164	chr12	74014936	74014917	-	3.627	5.97	>	6	10	80
1165	chr7	138396301	138396282	-	3.621	0.934	>	6	10	80
1166	chr14	103534605	103534586	+	3.617	5.312	>	6	10	80
1167	chr10	115164112	115164093	-	3.613	3.031	>	6	10	80
1168	chr7	119019764	119019745	+	3.598	7.113	>	6	10	80
1169	chr13	96389525	96389506	-	3.588	1.339	>	6	10	80
1170	chr14	74723724	74723705	-	3.586	5.766	>	6	10	80
1171	chr14	55114114	55114095	-	3.57	7.387	>	6	10	80
1172	chr9	62784468	62784449	+	3.562	12.84	>	6	10	80
1173	chr10	127678167	127678148	-	3.541	2.129	>	6	10	80
1174	chr17	55948218	55948199	-	3.535	4.3	>	6	10	80
1175	chr11	78183263	78183244	-	3.525	12.305	>	6	10	80
1176	chr6	59207403	59207384	-	3.508	1.477	>	6	10	80
1177	chr6	135416919	135416900	+	3.498	4.027	>	6	10	80
1178	chr5	122104403	122104384	+	3.492	11.98	>	6	10	80
1179	chr13	37971068	37971049	-	3.482	3.088	>	6	10	80
1180	chr5	114612410	114612391	+	3.48	13.6	>	6	10	80
1181	chr10	114442226	114442207	+	3.46	2.104	>	6	10	80
1182	chr2	145655527	145655508	-	3.44	2.05	>	6	10	80
1183	chr7	109507351	109507332	-	3.418	1.832	>	6	10	80
1184	chr16	10009965	10009946	+	3.402	4.965	>	6	10	80
1185	chr14	67969032	67969013	-	3.385	5.523	>	6	10	80
1186	chr5	140744055	140744036	-	3.348	10.35	>	6	10	80
1187	chr1	56984334	56984315	+	3.338	2.584	>	6	10	80
1188	chr2	137110782	137110763	+	3.328	1.323	>	6	10	80
1189	chr16	22267525	22267506	+	3.322	1.262	>	6	10	80
1190	chr16	4884595	4884576	-	3.3	2.822	>	6	10	80
1191	chr5	19458406	19458387	-	3.291	6.625	>	6	10	80
1192	chr1	84697217	84697198	-	3.29	7.492	>	6	10	80
1193	chr14	122903088	122903069	-	3.29	2.205	>	6	10	80
1194	chr7	64056729	64056710	-	3.273	1.214	>	6	10	80
1195	chr9	71624061	71624042	-	3.273	15.39	>	6	10	80
1196	chr9	96885958	96885939	-	3.271	10.016	>	6	10	80
1197	chr18	46964733	46964714	-	3.266	8.555	>	6	10	80
1198	chr3	122638475	122638456	+	3.26	4.82	>	6	10	80
1199	chr9	94733848	94733829	+	3.256	3.768	>	6	10	80
1200	chr1	167938404	167938385	-	3.25	6.79	>	6	10	80
1201	chr1	180811841	180811822	+	3.244	6.383	>	6	10	80
1202	chr10	42760472	42760453	+	3.229	1.784	>	6	10	80
1203	chr18	20598347	20598328	+	3.213	4.758	>	6	10	80
1204	chr17	71909305	71909286	+	3.203	3.572	>	6	10	80
1205	chr1	34459898	34459879	+	3.193	3.389	>	6	10	80
1206	chr4	117202234	117202215	-	3.191	9.61	>	6	10	80
1207	chr15	101313974	101313955	-	3.178	2.96	>	6	10	80
1208	chr16	13438138	13438119	+	3.176	1.241	>	6	10	80
1209	chr7	114878499	114878480	+	3.174	1.604	>	6	10	80
1210	chr11	109866735	109866716	+	3.166	2.812	>	6	10	80
1211	chr3	123509329	123509310	+	3.162	5.67	>	6	10	80
1212	chr3	114085881	114085862	-	3.146	0.5283	>	6	10	80
1213	chr4	120149384	120149365	-	3.145	8.09	>	6	10	80
1214	chr16	4549594	4549575	-	3.137	11.12	>	6	10	80
1215	chr15	78872224	78872205	+	3.133	9.35	>	6	10	80
1216	chr12	57231261	57231242	-	3.127	3.32	>	6	10	80
1217	chr9	71624949	71624930	-	3.125	15.0	>	6	10	80
1218	chr4	18963859	18963840	-	3.12	4.01	>	6	10	80
1219	chr8	40913366	40913347	-	3.115	1.625	>	6	10	80
1220	chr5	21645240	21645221	-	3.11	1.259	>	6	10	80
1221	chr10	68357244	68357225	+	3.094	1.353	>	6	10	80
1222	chr2	93812077	93812058	-	3.06	11.82	>	6	10	80
1223	chr12	75669431	75669412	-	3.05	4.1	>	6	10	80
1224	chr1	12844023	12844004	+	3.033	4.33	>	6	10	80
1225	chr12	86697142	86697123	+	3.025	6.996	>	6	10	80
1226	chr9	98033678	98033659	+	3.021	1.525	>	6	10	80
1227	chr19	37946902	37946883	+	3.02	4.082	>	6	10	80
1228	chr9	75271676	75271657	+	3.01	4.42	>	6	10	80
1229	chr11	55162881	55162862	+	2.996	3.625	>	6	10	80
1230	chr17	25274339	25274320	-	2.984	4.45	>	6	10	80
1231	chr6	108065317	108065298	+	2.984	5.535	>	6	10	80
1232	chr7	5071749	5071730	-	2.928	2.754	>	6	10	80
1233	chr3	152477906	152477887	-	2.922	3.295	>	6	10	80
1234	chr5	28090770	28090751	-	2.922	2.412	>	6	10	80
1235	chr14	78282622	78282603	+	2.91	2.186	>	6	10	80
1236	chr14	88480122	88480103	-	2.906	3.236	>	6	10	80
1237	chr7	107569047	107569028	+	2.902	1.588	>	6	10	80
1238	chr3	83777088	83777069	-	2.879	3.992	>	6	10	80
1239	chr8	48550865	48550846	+	2.871	0.592	>	6	10	80
1240	chr7	132575955	132575936	-	2.855	4.473	>	6	10	80
1241	chr14	79769127	79769108	-	2.852	4.36	>	6	10	80
1242	chr17	69974245	69974226	-	2.799	1.284	>	6	10	80
1243	chr12	66284211	66284192	-	2.793	5.484	>	6	10	80
1244	chr6	83796902	83796883	-	2.785	3.35	>	6	10	80
1245	chr9	44108077	44108058	+	2.785	11.375	>	6	10	80
1246	chr11	116023924	116023905	+	2.777	6.906	>	6	10	80
1247	chr3	86779824	86779805	-	2.775	8.64	>	6	10	80
1248	chr19	46056202	46056183	+	2.77	5.27	>	6	10	80
1249	chr10	108210181	108210162	-	2.762	0.674	>	6	10	80
1250	chr8	27001386	27001367	+	0.4329	0.4077	>	6	10	80
1251	chr17	28338029	28338010	-	0.252	0.265	>	6	10	80
1252	chr11	76445826	76445807	-	0.2268	0.1863	>	6	10	80
1253	chr5	144244146	144244127	-	0.311	0.3691	>	6	10	80
1254	chr14	79768803	79768784	-	0.3076	0.2808	>	6	10	80
1255	chr9	26778623	26778604	-	1.299	0.6914	>	6	10	80
1256	chr7	25392052	25392033	+	0.2487	0.242	>	6	10	80
1257	chr3	101484879	101484860	-	0.3438	0.528	>	6	10	80
1258	chr2	69113988	69113969	+	0.2472	0.1981	>	6	10	80
1259	chr13	29852447	29852428	-	0.1781	0.1941	>	6	10	80
1260	chr2	60213231	60213212	-	0.1073	0.1628	>	6	10	80
1261	chr2	171418157	171418138	-	0.1407	0.2131	>	6	10	80
1262	chr7	64392050	64392031	-	0.514	0.2006	>	6	10	80
1263	chr15	36157434	36157415	-	0.7227	0.836	>	6	10	80
1264	chr4	49662357	49662338	-	0.4692	0.2915	>	6	10	80
1265	chr4	48422356	48422337	+	1.027	0.5225	>	6	10	80
1266	chr18	82720514	82720495	+	0.1605	0.1409	>	6	10	80
1267	chr1	172022686	172022667	+	0.1733	0.1764	>	6	10	80
1268	chr7	139595890	139595871	+	0.1575	0.2125	>	6	10	80
1269	chr12	73007842	73007823	-	0.345	0.2974	>	6	10	80
1270	chr17	27192928	27192909	-	0.1056	0.4468	>	6	10	80
1271	chr1	53698960	53698941	+	0.557	0.255	>	6	10	80
1272	chr18	12734380	12734361	+	0.207	0.1383	>	6	10	80
1273	chr6	126767488	126767469	-	0.2039	0.2483	>	6	10	80
1274	chr2	92856249	92856230	-	2.734	0.857	>	6	10	80
1275	chr11	74572851	74572832	+	0.2646	0.2705	>	6	10	80
1276	chr9	59675637	59675618	-	0.4082	0.744	>	6	10	80
1277	chr15	55025647	55025628	+	0.1847	0.1536	>	6	10	80
1278	chr4	120579150	120579131	-	0.33	0.264	>	6	10	80
1279	chr15	74525720	74525701	+	0.2172	0.2104	>	6	10	80
1280	chr1	88748095	88748076	+	0.1973	0.1881	>	6	10	80
1281	chr15	32239655	32239636	-	0.2822	0.1587	>	6	10	80
1282	chr7	36571183	36571164	+	0.1103	0.1942	>	6	10	80
1283	chr11	113855351	113855332	-	0.1613	0.1947	>	6	10	80
1284	chr6	90609163	90609144	+	2.127	1.159	>	6	10	80
1285	chr3	146181407	146181388	-	0.2034	0.3416	>	6	10	80
1286	chr10	69857222	69857203	-	0.3232	0.3599	>	6	10	80
1287	chr2	158361425	158361406	-	0.5625	0.2502	>	6	10	80
1288	chr5	136268179	136268160	-	0.1886	0.2153	>	6	10	80
1289	chr16	11983350	11983331	-	1.634	1.076	>	6	10	80
1290	chr2	84437773	84437754	+	0.2305	0.14	>	6	10	80
1291	chr18	24002018	24001999	-	0.133	0.1333	>	6	10	80
1292	chr1	130151533	130151514	-	0.4075	0.3347	>	6	10	80
1293	chr9	59675855	59675836	+	0.3367	0.2161	>	6	10	80
1294	chr11	116840251	116840232	-	0.3374	0.637	>	6	10	80
1295	chr2	155819963	155819944	+	0.07886	0.146	>	6	10	80
1296	chr14	105301632	105301613	+	0.206	0.2114	>	6	10	80
1297	chr12	9044592	9044573	+	0.1821	0.2019	>	6	10	80
1298	chr18	13971224	13971205	-	0.5337	0.3596	>	6	10	80
1299	chr5	136267600	136267581	-	0.2751	0.189	>	6	10	80
1300	chr5	33371430	33371411	+	0.3992	0.1644	>	6	10	80
1301	chr14	51090397	51090378	-	0.4153	0.243	>	6	10	80
1302	chr1	77935072	77935053	+	0.1814	0.1729	>	6	10	80
1303	chr11	119246049	119246030	-	0.204	0.3367	>	6	10	80
1304	chr17	50274949	50274930	-	0.441	0.1749	>	6	10	80
1305	chr8	108956442	108956423	+	0.5635	0.3044	>	6	10	80
1306	chr11	66885340	66885321	+	0.1636	0.169	>	6	10	80
1307	chr7	30099945	30099926	-	0.1979	0.1757	>	6	10	80
1308	chr15	99973159	99973140	-	0.1998	0.3345	>	6	10	80
1309	chr5	16308949	16308930	+	0.1567	0.1411	>	6	10	80
1310	chr6	119466578	119466559	-	0.9824	0.9795	>	6	10	80
1311	chr2	136886679	136886660	+	0.7764	0.2095	>	6	10	80
1312	chr14	79763594	79763575	-	0.2852	0.151	>	6	10	80
1313	chr2	170416012	170415993	+	0.1837	0.1256	>	6	10	80
1314	chr4	41015236	41015217	-	0.1882	0.1434	>	6	10	80
1315	chr11	70975109	70975090	+	0.713	0.3914	>	6	10	80
1316	chr5	122773202	122773183	+	0.11584	0.1375	>	6	10	80
1317	chr4	128588031	128588012	-	0.2659	0.1909	>	6	10	80
1318	chr8	122576186	122576167	-	0.11285	0.1545	>	6	10	80
1319	chr7	76383989	76383970	+	0.1553	0.154	>	6	10	80
1320	chr9	41467019	41467000	-	0.2223	0.1565	>	6	10	80
1321	chr1	32712246	32712227	-	0.05322	0.1516	>	6	10	80
1322	chr16	23974866	23974847	-	0.5283	0.3425	>	6	10	80
1323	chr15	84066194	84066175	-	0.6196	1.17	>	6	10	80
1324	chr11	40148920	40148901	-	1.272	0.642	>	6	10	80
1325	chr7	27166488	27166469	-	0.306	0.491	>	6	10	80
1326	chr11	30240273	30240254	+	0.4001	0.2556	>	6	10	80
1327	chr2	69115969	69115950	-	0.1754	0.1587	>	6	10	80
1328	chr9	113420569	113420550	-	0.2261	0.2178	>	6	10	80
1329	chr12	99882528	99882509	-	0.2617	0.1387	>	6	10	80
1330	chr5	77347648	77347629	-	0.3625	0.4211	>	6	10	80
1331	chr10	49780455	49780436	+	0.2179	0.1394	>	6	10	80
1332	chr5	75855263	75855244	-	0.6416	0.4326	>	6	10	80
1333	chr2	124087358	124087339	-	0.6436	0.2075	>	6	10	80
1334	chr14	49219056	49219037	+	0.678	0.694	>	6	10	80
1335	chr5	147938091	147938072	+	0.368	0.1842	>	6	10	80
1336	chr11	32340288	32340269	+	0.1792	0.1648	>	6	10	80
1337	chr16	50181579	50181560	+	0.2006	0.1838	>	6	10	80
1338	chr16	20496121	20496102	-	0.6714	0.1777	>	6	10	80
1339	chr8	76775680	76775661	+	0.135	0.1975	>	6	10	80
1340	chr14	65597676	65597657	+	0.6543	0.452	>	6	10	80
1341	chr7	64754771	64754752	+	0.1351	0.2295	>	6	10	80
1342	chr2	166083979	166083960	-	0.2964	0.2065	>	6	10	80
1343	chr16	44140440	44140421	+	0.4607	0.3381	>	6	10	80
1344	chr12	90524338	90524319	-	0.3223	0.2983	>	6	10	80
1345	chr5	89391716	89391697	+	0.1626	0.1418	>	6	10	80
1346	chr9	59675438	59675419	-	0.2104	0.1542	>	6	10	80
1347	chr19	16339103	16339084	-	0.1967	0.1177	>	6	10	80
1348	chr13	30545067	30545048	+	0.3672	0.2915	>	6	10	80
1349	chr1	92462681	92462662	+	0.3916	0.1832	>	6	10	80
1350	chr4	84066283	84066264	-	0.1898	0.1552	>	6	10	80
1351	chr9	83373922	83373903	-	0.2197	0.1434	>	6	10	80
1352	chr4	88773969	88773950	-	0.9507	8.01	>	6	10	80
1353	chr9	123132258	123132239	-	0.1687	0.1416	>	6	10	80
1354	chr17	34958843	34958824	-	0.2079	0.5464	>	6	10	80
1355	chr12	50946225	50946206	+	0.2341	0.157	>	6	10	80
1356	chr13	73647252	73647233	+	0.267	0.1704	>	6	10	80
1357	chr11	83279300	83279281	-	0.4434	0.2251	>	6	10	80
1358	chr17	8986048	8986029	-	0.3325	0.212	>	6	10	80
1359	chr4	14935721	14935702	-	0.7095	0.296	>	6	10	80
1360	chr4	75076699	75076680	+	0.09125	0.2014	>	6	10	80
1361	chr5	114610713	114610694	+	0.0985	0.1626	>	6	10	80
1362	chr9	83378273	83378254	-	0.471	0.2808	>	6	10	80
1363	chr9	107773182	107773163	-	0.1786	0.1414	>	6	10	80
1364	chr9	41218030	41218011	+	0.1323	0.1355	>	6	10	80
1365	chr9	105644718	105644699	+	0.4255	0.1808	>	6	10	80
1366	chr8	84264441	84264422	-	1.261	1.4795	>	6	10	80
1367	chr4	135959453	135959434	+	0.112	0.2223	>	6	10	80
1368	chr1	24684268	24684249	+	0.4001	0.1942	>	6	10	80
1369	chr3	87748577	87748558	-	0.7593	0.4382	>	6	10	80
1370	chr9	54690950	54690931	+	0.11566	0.136	>	6	10	80
1371	chr15	82277690	82277671	-	0.9043	0.4492	>	6	10	80
1372	chr5	115498528	115498509	-	0.2693	0.2164	>	6	10	80
1373	chr9	56621276	56621257	+	0.10846	0.253	>	6	10	80
1374	chr18	81956733	81956714	-	0.2815	0.2637	>	6	10	80
1375	chr10	22791401	22791382	-	0.1346	0.2358	>	6	10	80
1376	chr15	82271301	82271282	+	0.836	0.1838	>	6	10	80
1377	chr12	69946159	69946140	+	0.555	0.455	>	6	10	80
1378	chr14	101442800	101442781	+	0.2983	0.1344	>	6	10	80
1379	chr2	164777017	164776998	-	0.5176	0.361	>	6	10	80
1380	chr10	24631573	24631554	-	1.178	1.224	>	6	10	80
1381	chr1	136528510	136528491	-	1.761	0.7373	>	6	10	80
1382	chr10	19222118	19222099	-	1.411	0.8228	>	6	10	80
1383	chr14	56885508	56885489	-	2.348	4.004	>	6	10	80
1384	chr8	85060493	85060474	-	0.9688	0.437	>	6	10	80
1385	chr11	96075822	96075803	-	0.9316	0.4944	>	6	10	80
1386	chr11	77476535	77476516	+	0.1632	0.2383	>	6	10	80
1387	chr1	81294004	81293985	-	0.905	0.562	>	6	10	80
1388	chr12	15520954	15520935	+	0.7183	0.4033	>	6	10	80
1389	chr7	66397054	66397035	+	0.1594	0.2107	>	6	10	80
1390	chr12	74014582	74014563	-	0.2377	0.1973	>	6	10	80
1391	chr5	144242554	144242535	-	0.241	0.1987	>	6	10	80
1392	chr15	66894943	66894924	+	0.2703	0.2021	>	6	10	80
1393	chr6	126484995	126484976	-	0.4333	1.278	>	6	10	80
1394	chr4	48427148	48427129	+	0.678	0.3833	>	6	10	80
1395	chr15	71459211	71459192	+	0.252	0.1731	>	6	10	80
1396	chr3	19896435	19896416	-	0.2361	0.1467	>	6	10	80
1397	chr8	68268707	68268688	-	0.1398	0.1492	>	6	10	80
1398	chr1	182555580	182555561	-	0.1982	0.1915	>	6	10	80
1399	chr9	44413186	44413167	-	0.534	0.393	>	6	10	80
1400	chr14	70151716	70151697	+	0.3604	0.2382	>	6	10	80
1401	chr4	62478250	62478231	+	0.438	0.1328	>	6	10	80
1402	chr3	127561629	127561610	-	0.2183	0.12354	>	6	10	80
1403	chr3	69139614	69139595	-	0.397	0.2261	>	6	10	80
1404	chr17	17919616	17919597	+	0.1678	0.167	>	6	10	80
1405	chr4	139314214	139314195	-	0.2279	0.269	>	6	10	80
1406	chr18	61952763	61952744	-	0.2372	0.1731	>	6	10	80
1407	chr9	7599188	7599169	+	0.33	0.191	>	6	10	80
1408	chr10	120898341	120898322	-	0.3386	0.1467	>	6	10	80
1409	chr11	57469613	57469594	-	0.1846	0.2297	>	6	10	80
1410	chr18	58480198	58480179	-	0.2095	0.1665	>	6	10	80
1411	chr17	12380527	12380508	-	0.658	0.591	>	6	10	80
1412	chr2	107940173	107940154	+	0.11664	0.1351	>	6	10	80
1413	chr2	32580534	32580515	-	0.2605	0.4055	>	6	10	80
1414	chr15	98813480	98813461	+	0.3496	0.5376	>	6	10	80
1415	chr6	54253893	54253874	+	0.1663	0.1743	>	6	10	80
1416	chr1	135800865	135800846	+	0.1766	0.1665	>	6	10	80
1417	chr15	58426369	58426350	+	0.1996	0.1519	>	6	10	80
1418	chr4	87367775	87367756	+	0.3853	0.1472	>	6	10	80
1419	chr2	96583103	96583084	-	0.809	0.3242	>	6	10	80
1420	chr4	63366959	63366940	-	0.1979	0.1753	>	6	10	80
1421	chr4	59761293	59761274	-	0.3435	0.2113	>	6	10	80
1422	chr10	7832162	7832143	+	0.2646	0.1672	>	6	10	80
1423	chr7	89904213	89904194	-	0.2908	0.156	>	6	10	80
1424	chr1	30697342	30697323	+	0.1025	0.1263	>	6	10	80
1425	chr1	58987602	58987583	+	0.2202	0.1498	>	6	10	80
1426	chr15	7452190	7452171	+	0.1405	0.12085	>	6	10	80
1427	chr4	139877044	139877025	+	0.3875	0.2688	>	6	10	80
1428	chr3	83291887	83291868	-	0.0825	0.137	>	6	10	80
1429	chr15	68912907	68912888	-	0.5024	0.2024	>	6	10	80
1430	chr14	64593744	64593725	-	1.073	0.5703	>	6	10	80
1431	chr1	56980349	56980330	-	0.2778	0.2322	>	6	10	80
1432	chr14	75833620	75833601	-	0.6006	0.4543	>	6	10	80
1433	chr16	62904648	62904629	-	0.217	0.1924	>	6	10	80
1434	chr5	35991229	35991210	-	1.033	1.082	>	6	10	80
1435	chr5	44287418	44287399	-	0.248	0.155	>	6	10	80
1436	chr15	76199915	76199896	-	0.07776	0.3071	>	6	10	80
1437	chr4	131240262	131240243	-	0.241	0.206	>	6	10	80
1438	chr5	102147917	102147898	-	0.228	0.2458	>	6	10	80
1439	chr3	93086926	93086907	+	0.0978	0.1787	>	6	10	80
1440	chr6	126163382	126163363	+	2.373	1.376	>	6	10	80
1441	chr3	45375769	45375750	+	1.051	0.2544	>	6	10	80
1442	chr16	90306219	90306200	-	0.3647	0.3506	>	6	10	80
1443	chr17	3249270	3249251	-	0.1843	0.136	>	6	10	80
1444	chr4	143024421	143024402	-	0.087	0.1317	>	6	10	80
1445	chr19	47513892	47513873	-	0.2471	0.1393	>	6	10	80
1446	chr6	66534595	66534576	-	1.387	0.675	>	6	10	80
1447	chr6	134963172	134963153	-	0.6475	0.5996	>	6	10	80
1448	chr14	56369245	56369226	+	0.2401	0.1912	>	6	10	80
1449	chr18	53460219	53460200	+	0.1775	0.162	>	6	10	80
1450	chr7	89476922	89476903	-	0.2163	0.1522	>	6	10	80
1451	chr6	34273116	34273097	+	0.0673	0.1545	>	6	10	80
1452	chr7	142295608	142295589	-	1.062	6.32	>	6	10	80
1453	chr3	22302208	22302189	+	0.992	0.3848	>	6	10	80
1454	chr6	31045994	31045975	-	0.7534	0.959	>	6	10	80
1455	chr9	57143378	57143359	-	0.1816	0.2302	>	6	10	80
1456	chr6	101268340	101268321	+	0.2712	0.1924	>	6	10	80
1457	chr9	58897456	58897437	-	0.7163	0.4846	>	6	10	80
1458	chr17	79601068	79601049	+	0.2245	0.12476	>	6	10	80
1459	chr16	5254607	5254588	-	0.2883	0.22	>	6	10	80
1460	chr4	83595536	83595517	+	1.783	1.041	>	6	10	80
1461	chr9	51159881	51159862	-	0.6875	0.266	>	6	10	80
1462	chr14	66354429	66354410	+	0.1142	0.1388	>	6	10	80
1463	chr5	117090283	117090264	+	0.5806	0.4014	>	6	10	80
1464	chr2	168061425	168061406	-	0.1733	0.2051	>	6	10	80
1465	chr5	9169228	9169209	+	0.3306	0.1686	>	6	10	80
1466	chr6	28418701	28418682	-	0.4202	0.266	>	6	10	80
1467	chr12	105038443	105038424	-	0.1501	0.2063	>	6	10	80
1468	chr1	182558143	182558124	-	0.2264	0.1511	>	6	10	80
1469	chr8	47713300	47713281	-	1.078	1.646	>	6	10	80
1470	chr18	47357393	47357374	+	0.2007	0.1278	>	6	10	80
1471	chr1	118771083	118771064	-	0.1254	0.2006	>	6	10	80
1472	chr16	6493044	6493025	-	0.1927	0.1516	>	6	10	80
1473	chr9	42951005	42950986	-	0.3914	0.2078	>	6	10	80
1474	chr13	53430986	53430967	-	0.6504	0.3672	>	6	10	80
1475	chr13	67609268	67609249	+	2.162	0.826	>	6	10	80
1476	chr1	53035072	53035053	+	0.1465	0.1494	>	6	10	80
1477	chr7	99471824	99471805	-	0.3745	0.4907	>	6	10	80
1478	chr11	36543574	36543555	-	0.1156	0.1614	>	6	10	80
1479	chr5	124334258	124334239	-	0.3428	0.273	>	6	10	80
1480	chr10	76771414	76771395	-	0.1296	0.2047	>	6	10	80
1481	chr10	4386719	4386700	+	0.32	0.4492	>	6	10	80
1482	chr5	116554091	116554072	+	0.0876	0.1714	>	6	10	80
1483	chr10	41734858	41734839	+	0.1406	0.2605	>	6	10	80
1484	chr10	50906875	50906856	-	0.2361	0.1674	>	6	10	80
1485	chr11	31651668	31651649	+	0.07605	0.1534	>	6	10	80
1486	chr6	116193190	116193171	+	0.3687	0.372	>	6	10	80
1487	chr1	188976509	188976490	+	0.343	0.1833	>	6	10	80
1488	chr12	101976095	101976076	+	0.681	0.4116	>	6	10	80
1489	chr15	75925915	75925896	+	0.6084	0.9233	>	6	10	80
1490	chr1	4777287	4777268	-	0.9443	1.425	>	6	10	80
1491	chr18	86560230	86560211	+	0.7866	1.138	>	6	10	80
1492	chr7	43574878	43574859	+	1.292	1.347	>	6	10	80
1493	chr7	98200601	98200582	-	0.2927	0.1711	>	6	10	80
1494	chr4	143319849	143319830	+	0.2299	0.1525	>	6	10	80
1495	chr2	128601696	128601677	-	0.1208	0.207	>	6	10	80
1496	chr17	57004491	57004472	-	0.1467	0.2932	>	6	10	80
1497	chr2	35196541	35196522	-	1.081	0.3997	>	6	10	80
1498	chr5	29779371	29779352	+	0.1531	0.1671	>	6	10	80
1499	chr10	93038429	93038410	-	0.163	0.1875	>	6	10	80
0	chr4	87368268	87368249	+	90.56	65.75	>	6	11	79
1	chr11	109860827	109860808	-	89.2	47.97	>	6	11	79
2	chr3	22309188	22309169	+	81.5	60.4	>	6	11	79
3	chr10	5161770	5161751	-	79.2	55.88	>	6	11	79
4	chr16	71247702	71247683	+	68.56	43.2	>	6	11	79
5	chr16	72980067	72980048	-	68.3	56.7	>	6	11	79
6	chr6	60556001	60555982	+	67.7	40.38	>	6	11	79
7	chr5	7996919	7996900	-	66.06	59.4	>	6	11	79
8	chr14	12140114	12140095	-	65.1	51.62	>	6	11	79
9	chr13	81439574	81439555	+	64.94	46.94	>	6	11	79
10	chr9	103996726	103996707	-	64.9	51.25	>	6	11	79
11	chr15	56066340	56066321	+	63.97	42.94	>	6	11	79
12	chr10	106609250	106609231	+	63.97	42.62	>	6	11	79
13	chr1	144380222	144380203	-	63.4	48.44	>	6	11	79
14	chr10	8240468	8240449	-	62.34	45.88	>	6	11	79
15	chr12	77000269	77000250	+	62.22	54.97	>	6	11	79
16	chr1	44745882	44745863	+	62.12	40.25	>	6	11	79
17	chr4	81178889	81178870	+	62.03	50.0	>	6	11	79
18	chr9	10909768	10909749	+	61.12	47.94	>	6	11	79
19	chr6	64650119	64650100	-	60.56	60.88	>	6	11	79
20	chr15	32766485	32766466	-	60.56	46.62	>	6	11	79
21	chr4	9135983	9135964	+	60.03	34.12	>	6	11	79
22	chr7	118305013	118304994	+	59.5	47.62	>	6	11	79
23	chr10	39520570	39520551	-	58.34	40.5	>	6	11	79
24	chr1	78724658	78724639	+	58.25	47.28	>	6	11	79
25	chr2	160598038	160598019	+	57.94	55.8	>	6	11	79
26	chr18	33790258	33790239	-	57.72	56.3	>	6	11	79
27	chr12	40837750	40837731	+	57.5	46.25	>	6	11	79
28	chr8	41443763	41443744	+	57.34	56.06	>	6	11	79
29	chr14	68494314	68494295	-	56.94	24.97	>	6	11	79
30	chr1	11657910	11657891	+	56.8	43.62	>	6	11	79
31	chr11	77100337	77100318	+	55.88	49.25	>	6	11	79
32	chr16	41244935	41244916	-	55.72	48.0	>	6	11	79
33	chr14	87452291	87452272	-	55.72	63.0	>	6	11	79
34	chr18	16217050	16217031	+	54.9	26.8	>	6	11	79
35	chr11	53255133	53255114	-	54.8	39.5	>	6	11	79
36	chr9	7216447	7216428	+	54.56	27.64	>	6	11	79
37	chr8	35850598	35850579	-	54.5	50.94	>	6	11	79
38	chr8	102781131	102781112	-	54.44	41.34	>	6	11	79
39	chr5	49962010	49961991	-	54.16	50.88	>	6	11	79
40	chr7	90410162	90410143	-	54.06	39.75	>	6	11	79
41	chr4	15328717	15328698	+	54.03	40.72	>	6	11	79
42	chr11	31949616	31949597	-	54.0	41.44	>	6	11	79
43	chr1	120586671	120586652	+	53.8	57.06	>	6	11	79
44	chr13	19698921	19698902	+	53.16	40.8	>	6	11	79
45	chr12	57825950	57825931	+	53.03	34.38	>	6	11	79
46	chr16	72215933	72215914	-	52.7	45.56	>	6	11	79
47	chr9	15685402	15685383	+	52.62	45.03	>	6	11	79
48	chr10	10321327	10321308	-	52.47	23.97	>	6	11	79
49	chr9	49494135	49494116	+	52.4	51.5	>	6	11	79
50	chr3	50906169	50906150	-	52.12	57.06	>	6	11	79
51	chr11	57467973	57467954	-	52.03	54.47	>	6	11	79
52	chr11	113165316	113165297	-	51.88	57.94	>	6	11	79
53	chr9	51152608	51152589	-	51.8	48.22	>	6	11	79
54	chr16	58299658	58299639	+	51.56	30.08	>	6	11	79
55	chr16	22564783	22564764	+	51.44	49.16	>	6	11	79
56	chr8	36523135	36523116	-	51.4	44.44	>	6	11	79
57	chr14	34810941	34810922	+	51.3	52.97	>	6	11	79
58	chr6	101261740	101261721	-	51.0	49.47	>	6	11	79
59	chr7	132213694	132213675	-	50.8	38.62	>	6	11	79
60	chr2	48886271	48886252	-	50.28	44.53	>	6	11	79
61	chr12	54060974	54060955	-	50.12	27.78	>	6	11	79
62	chr1	5905019	5905000	-	50.06	44.22	>	6	11	79
63	chr9	26776375	26776356	-	50.0	53.88	>	6	11	79
64	chr1	103799519	103799500	+	49.53	56.44	>	6	11	79
65	chr9	88222188	88222169	-	49.5	40.1	>	6	11	79
66	chr18	58481884	58481865	-	49.28	39.28	>	6	11	79
67	chr13	100112788	100112769	+	49.16	37.22	>	6	11	79
68	chr3	14679394	14679375	+	49.06	29.97	>	6	11	79
69	chr16	37109459	37109440	+	48.75	19.0	>	6	11	79
70	chr3	153655318	153655299	-	48.72	48.28	>	6	11	79
71	chr16	89765698	89765679	-	48.38	54.0	>	6	11	79
72	chr13	89543228	89543209	-	48.3	56.84	>	6	11	79
73	chr11	40149509	40149490	-	48.28	36.34	>	6	11	79
74	chr3	113080940	113080921	-	48.2	53.4	>	6	11	79
75	chr10	70963797	70963778	-	47.53	51.97	>	6	11	79
76	chr6	66533480	66533461	-	47.34	41.22	>	6	11	79
77	chr18	57976815	57976796	+	47.28	41.3	>	6	11	79
78	chr12	92303388	92303369	+	47.12	48.12	>	6	11	79
79	chr6	43686140	43686121	+	47.1	34.0	>	6	11	79
80	chr15	11038687	11038668	+	47.06	40.16	>	6	11	79
81	chr6	13281064	13281045	-	47.06	44.4	>	6	11	79
82	chr4	25180081	25180062	-	46.94	22.34	>	6	11	79
83	chr2	110229883	110229864	+	46.8	37.2	>	6	11	79
84	chr2	118638293	118638274	+	46.34	48.4	>	6	11	79
85	chr14	67674858	67674839	-	46.2	40.62	>	6	11	79
86	chr1	179477262	179477243	-	45.97	54.9	>	6	11	79
87	chr12	78056191	78056172	+	45.84	48.03	>	6	11	79
88	chr15	44836402	44836383	+	45.7	45.75	>	6	11	79
89	chr9	80293262	80293243	+	45.3	48.66	>	6	11	79
90	chr1	21411405	21411386	+	45.28	35.97	>	6	11	79
91	chr8	80483379	80483360	-	45.28	32.34	>	6	11	79
92	chr16	55477026	55477007	-	44.9	60.88	>	6	11	79
93	chr9	122729759	122729740	-	44.72	40.56	>	6	11	79
94	chr2	17415581	17415562	-	44.56	38.03	>	6	11	79
95	chr4	13778049	13778030	-	44.5	20.47	>	6	11	79
96	chr16	64748455	64748436	-	44.47	52.25	>	6	11	79
97	chr6	57570627	57570608	-	44.28	34.06	>	6	11	79
98	chr16	13117421	13117402	+	44.28	48.25	>	6	11	79
99	chr1	54381475	54381456	-	44.12	34.1	>	6	11	79
100	chr15	40166896	40166877	+	44.03	40.53	>	6	11	79
101	chr17	83271696	83271677	+	44.0	39.2	>	6	11	79
102	chr9	63136063	63136044	+	43.94	32.22	>	6	11	79
103	chr3	68056550	68056531	+	43.88	35.0	>	6	11	79
104	chr3	25220822	25220803	-	43.8	23.62	>	6	11	79
105	chr7	118102455	118102436	-	43.53	59.94	>	6	11	79
106	chr9	51335485	51335466	+	43.47	26.75	>	6	11	79
107	chr16	96671807	96671788	-	43.4	27.66	>	6	11	79
108	chr2	113494904	113494885	+	43.34	43.28	>	6	11	79
109	chr1	55404561	55404542	+	43.25	39.06	>	6	11	79
110	chr3	80079969	80079950	+	43.0	35.7	>	6	11	79
111	chr11	25862989	25862970	-	42.66	37.9	>	6	11	79
112	chr13	109213188	109213169	-	42.6	60.5	>	6	11	79
113	chr8	58566283	58566264	+	42.56	33.8	>	6	11	79
114	chr16	72218227	72218208	+	42.38	47.1	>	6	11	79
115	chr14	102510640	102510621	-	42.34	35.9	>	6	11	79
116	chr7	143154010	143153991	+	42.16	43.66	>	6	11	79
117	chr6	143219585	143219566	+	42.1	41.62	>	6	11	79
118	chr17	86906334	86906315	-	41.97	47.25	>	6	11	79
119	chr8	62080400	62080381	+	41.97	30.6	>	6	11	79
120	chr3	57843985	57843966	+	41.94	43.75	>	6	11	79
121	chr18	3495634	3495615	+	41.62	36.03	>	6	11	79
122	chr7	125393847	125393828	-	41.56	47.0	>	6	11	79
123	chr7	86211564	86211545	-	41.56	46.4	>	6	11	79
124	chr9	60245127	60245108	+	41.38	43.16	>	6	11	79
125	chr6	131353859	131353840	-	41.3	15.89	>	6	11	79
126	chr15	98173991	98173972	-	41.25	24.88	>	6	11	79
127	chr17	88641249	88641230	-	41.12	34.25	>	6	11	79
128	chr9	87027908	87027889	+	41.1	38.34	>	6	11	79
129	chr4	70621553	70621534	-	40.97	48.38	>	6	11	79
130	chr12	41487236	41487217	-	40.88	35.94	>	6	11	79
131	chr4	127368548	127368529	+	40.8	49.72	>	6	11	79
132	chr8	50293750	50293731	-	40.75	48.2	>	6	11	79
133	chr16	27468981	27468962	+	40.75	34.62	>	6	11	79
134	chr7	121641354	121641335	-	40.7	30.69	>	6	11	79
135	chr3	29726795	29726776	-	40.7	30.42	>	6	11	79
136	chr14	29110872	29110853	-	40.66	51.22	>	6	11	79
137	chr13	116712427	116712408	-	40.62	33.1	>	6	11	79
138	chr18	19939562	19939543	-	40.47	45.7	>	6	11	79
139	chr15	80704533	80704514	-	40.28	46.53	>	6	11	79
140	chr18	50137074	50137055	+	40.28	37.62	>	6	11	79
141	chr13	15763212	15763193	-	40.25	29.53	>	6	11	79
142	chr19	50185486	50185467	+	40.22	44.2	>	6	11	79
143	chr12	74013965	74013946	-	40.22	40.8	>	6	11	79
144	chr1	138835543	138835524	+	40.06	20.81	>	6	11	79
145	chr15	55550924	55550905	-	40.06	37.12	>	6	11	79
146	chr1	61771439	61771420	-	40.06	23.55	>	6	11	79
147	chr12	34664961	34664942	+	40.0	19.7	>	6	11	79
148	chr14	78288101	78288082	-	39.8	38.8	>	6	11	79
149	chr2	4499416	4499397	+	39.78	33.88	>	6	11	79
150	chr13	30260132	30260113	-	39.75	32.75	>	6	11	79
151	chr9	68015271	68015252	+	39.2	39.0	>	6	11	79
152	chr1	126993502	126993483	-	39.06	47.2	>	6	11	79
153	chr16	25349824	25349805	-	39.0	41.2	>	6	11	79
154	chr1	14729249	14729230	-	38.94	39.3	>	6	11	79
155	chr15	59389427	59389408	+	38.7	46.34	>	6	11	79
156	chr6	100882590	100882571	+	38.66	49.44	>	6	11	79
157	chr3	9711121	9711102	+	38.62	35.47	>	6	11	79
158	chr6	21214019	21214000	-	38.47	24.2	>	6	11	79
159	chr17	42603617	42603598	-	38.47	42.5	>	6	11	79
160	chr4	80517548	80517529	-	38.47	41.4	>	6	11	79
161	chr9	85328584	85328565	-	38.28	30.06	>	6	11	79
162	chr17	44262001	44261982	+	38.22	44.16	>	6	11	79
163	chr10	102449665	102449646	+	38.2	48.84	>	6	11	79
164	chr17	14520745	14520726	-	38.12	30.45	>	6	11	79
165	chr13	51830925	51830906	+	38.0	56.0	>	6	11	79
166	chr12	83502436	83502417	-	37.97	34.4	>	6	11	79
167	chr5	75853265	75853246	-	37.94	27.88	>	6	11	79
168	chr13	110382742	110382723	+	37.88	61.84	>	6	11	79
169	chr5	62481159	62481140	-	37.8	35.4	>	6	11	79
170	chr7	49121503	49121484	-	37.7	29.61	>	6	11	79
171	chr15	11966575	11966556	-	37.66	34.72	>	6	11	79
172	chr3	31146135	31146116	+	37.53	44.5	>	6	11	79
173	chr2	37815879	37815860	+	37.47	39.2	>	6	11	79
174	chr5	33033442	33033423	-	37.44	48.28	>	6	11	79
175	chr9	7595466	7595447	-	37.4	28.72	>	6	11	79
176	chr5	21641153	21641134	-	37.3	33.66	>	6	11	79
177	chr14	48367302	48367283	-	37.12	39.88	>	6	11	79
178	chr17	14524624	14524605	+	37.1	38.88	>	6	11	79
179	chr4	84064835	84064816	+	37.06	23.38	>	6	11	79
180	chr4	63368786	63368767	+	37.06	51.6	>	6	11	79
181	chr5	102149680	102149661	+	37.03	38.97	>	6	11	79
182	chr12	32897684	32897665	-	36.88	40.9	>	6	11	79
183	chr16	91936532	91936513	+	36.72	43.06	>	6	11	79
184	chr6	37046379	37046360	-	36.72	47.7	>	6	11	79
185	chr18	59081896	59081877	+	36.7	37.34	>	6	11	79
186	chr6	103697552	103697533	-	36.3	43.6	>	6	11	79
187	chr18	19937930	19937911	+	36.3	37.56	>	6	11	79
188	chr6	93757594	93757575	+	36.28	18.31	>	6	11	79
189	chr17	9756371	9756352	+	36.28	21.2	>	6	11	79
190	chr2	96585854	96585835	+	36.25	26.84	>	6	11	79
191	chr11	82915176	82915157	+	36.2	36.34	>	6	11	79
192	chr6	6005837	6005818	+	36.03	35.2	>	6	11	79
193	chr1	98392238	98392219	-	36.03	38.97	>	6	11	79
194	chr7	48749384	48749365	+	35.94	38.3	>	6	11	79
195	chr11	105911812	105911793	-	35.9	37.8	>	6	11	79
196	chr10	45045486	45045467	-	35.8	35.22	>	6	11	79
197	chr2	4492748	4492729	-	35.75	19.97	>	6	11	79
198	chr6	18087397	18087378	+	35.75	40.84	>	6	11	79
199	chr5	90203341	90203322	+	35.7	41.12	>	6	11	79
200	chr7	136489148	136489129	+	35.62	28.06	>	6	11	79
201	chr9	109862620	109862601	-	35.6	34.12	>	6	11	79
202	chr15	59876355	59876336	+	35.3	32.16	>	6	11	79
203	chr14	76473612	76473593	-	35.25	45.66	>	6	11	79
204	chr3	128349320	128349301	+	35.03	41.75	>	6	11	79
205	chr3	45375963	45375944	+	35.03	23.92	>	6	11	79
206	chr3	133314669	133314650	+	34.97	39.0	>	6	11	79
207	chr1	96801850	96801831	-	34.84	30.55	>	6	11	79
208	chr7	115216958	115216939	+	34.62	30.45	>	6	11	79
209	chr9	59282577	59282558	-	34.62	26.88	>	6	11	79
210	chr2	148112135	148112116	-	34.5	31.5	>	6	11	79
211	chr18	52457916	52457897	-	34.47	28.2	>	6	11	79
212	chr6	56691454	56691435	-	34.34	42.2	>	6	11	79
213	chr13	20292580	20292561	-	34.3	38.5	>	6	11	79
214	chr13	57260119	57260100	-	34.25	52.66	>	6	11	79
215	chr13	113877615	113877596	+	34.25	36.75	>	6	11	79
216	chr13	116715029	116715010	-	34.1	31.72	>	6	11	79
217	chr4	83596692	83596673	-	34.1	52.75	>	6	11	79
218	chr8	64941619	64941600	-	34.06	33.75	>	6	11	79
219	chr3	51701488	51701469	+	34.03	22.56	>	6	11	79
220	chr14	120061322	120061303	-	33.84	29.2	>	6	11	79
221	chr7	75910166	75910147	+	33.8	57.6	>	6	11	79
222	chr4	98702698	98702679	-	33.78	31.62	>	6	11	79
223	chr3	146185137	146185118	+	33.62	52.6	>	6	11	79
224	chr4	151157152	151157133	+	33.53	59.38	>	6	11	79
225	chr5	43391861	43391842	-	33.5	21.5	>	6	11	79
226	chr11	93856511	93856492	-	33.47	26.19	>	6	11	79
227	chr14	59605843	59605824	+	33.47	40.3	>	6	11	79
228	chr14	84438580	84438561	+	33.44	23.31	>	6	11	79
229	chr12	50943824	50943805	-	33.28	38.56	>	6	11	79
230	chr7	83550335	83550316	-	33.2	30.12	>	6	11	79
231	chr6	117167008	117166989	+	33.03	30.3	>	6	11	79
232	chr4	12538791	12538772	+	33.0	21.84	>	6	11	79
233	chr18	47353079	47353060	+	32.84	24.58	>	6	11	79
234	chr5	12541496	12541477	-	32.72	22.56	>	6	11	79
235	chr2	60721127	60721108	+	32.72	22.53	>	6	11	79
236	chr11	78838251	78838232	+	32.72	51.5	>	6	11	79
237	chr8	73356225	73356206	+	32.62	23.39	>	6	11	79
238	chr12	10598567	10598548	+	32.5	41.56	>	6	11	79
239	chr19	20345158	20345139	-	32.25	47.94	>	6	11	79
240	chr17	58909486	58909467	-	32.16	39.4	>	6	11	79
241	chr10	69655037	69655018	-	32.12	36.56	>	6	11	79
242	chr4	3967733	3967714	-	32.12	41.75	>	6	11	79
243	chr16	21192795	21192776	-	32.06	38.78	>	6	11	79
244	chr11	12291593	12291574	-	32.0	15.54	>	6	11	79
245	chr11	117385082	117385063	+	31.83	36.6	>	6	11	79
246	chr12	32292095	32292076	+	31.73	20.83	>	6	11	79
247	chr4	64833096	64833077	+	31.69	34.34	>	6	11	79
248	chr13	47301245	47301226	+	31.67	43.9	>	6	11	79
249	chr1	89631957	89631938	-	31.56	45.38	>	6	11	79
250	chr9	69296601	69296582	-	31.53	38.66	>	6	11	79
251	chr3	53735364	53735345	+	31.28	24.5	>	6	11	79
252	chr10	45373471	45373452	-	31.2	37.7	>	6	11	79
253	chr8	91797725	91797706	+	31.19	30.23	>	6	11	79
254	chr4	88035662	88035643	+	31.06	19.66	>	6	11	79
255	chr2	75151187	75151168	-	31.05	37.9	>	6	11	79
256	chr14	66791971	66791952	-	31.02	32.1	>	6	11	79
257	chr2	93199062	93199043	-	30.9	51.25	>	6	11	79
258	chr2	73551006	73550987	+	30.86	53.72	>	6	11	79
259	chr12	89451144	89451125	-	30.81	40.1	>	6	11	79
260	chr16	66086729	66086710	-	30.81	33.7	>	6	11	79
261	chr14	114791647	114791628	-	30.72	37.2	>	6	11	79
262	chr4	43420547	43420528	-	30.61	34.5	>	6	11	79
263	chr1	87447687	87447668	+	30.56	32.53	>	6	11	79
264	chr15	55306471	55306452	+	30.56	24.06	>	6	11	79
265	chr15	97667578	97667559	+	30.52	37.12	>	6	11	79
266	chr2	16359548	16359529	+	30.47	16.92	>	6	11	79
267	chr14	8356099	8356080	+	30.42	51.06	>	6	11	79
268	chr3	19894816	19894797	-	30.38	33.66	>	6	11	79
269	chr12	43813750	43813731	-	30.34	24.06	>	6	11	79
270	chr2	27770378	27770359	+	30.12	46.8	>	6	11	79
271	chr16	48675836	48675817	-	30.12	28.97	>	6	11	79
272	chr10	13016733	13016714	+	30.1	53.44	>	6	11	79
273	chr2	76367359	76367340	+	30.05	30.6	>	6	11	79
274	chr2	115515230	115515211	+	30.05	12.29	>	6	11	79
275	chr19	16785108	16785089	-	30.03	27.4	>	6	11	79
276	chr3	78948444	78948425	+	30.03	29.16	>	6	11	79
277	chr1	37250876	37250857	-	29.94	25.45	>	6	11	79
278	chr18	74431409	74431390	+	29.94	28.48	>	6	11	79
279	chr1	38787652	38787633	-	29.89	46.22	>	6	11	79
280	chr3	14874584	14874565	+	29.88	22.88	>	6	11	79
281	chr9	69505778	69505759	+	29.88	30.58	>	6	11	79
282	chr10	84450913	84450894	-	29.77	31.7	>	6	11	79
283	chr2	172216047	172216028	-	29.77	65.06	>	6	11	79
284	chr10	97712895	97712876	+	29.72	22.83	>	6	11	79
285	chr1	4770074	4770055	+	29.72	39.66	>	6	11	79
286	chr12	50301580	50301561	-	29.69	16.55	>	6	11	79
287	chr15	85266923	85266904	+	29.69	42.06	>	6	11	79
288	chr4	85403030	85403011	+	29.62	27.23	>	6	11	79
289	chr6	97526370	97526351	-	29.53	31.17	>	6	11	79
290	chr8	112046096	112046077	+	29.5	62.6	>	6	11	79
291	chr12	96311368	96311349	-	29.48	23.8	>	6	11	79
292	chr1	93507239	93507220	-	29.45	32.5	>	6	11	79
293	chr13	21714927	21714908	+	29.4	37.72	>	6	11	79
294	chr6	49008180	49008161	+	29.38	27.1	>	6	11	79
295	chr17	17749545	17749526	-	29.36	32.88	>	6	11	79
296	chr6	145360253	145360234	+	29.34	33.62	>	6	11	79
297	chr7	17066630	17066611	-	29.27	41.75	>	6	11	79
298	chr12	81788850	81788831	-	29.25	32.47	>	6	11	79
299	chr7	129649172	129649153	+	29.19	42.88	>	6	11	79
300	chr14	104039053	104039034	+	29.17	41.16	>	6	11	79
301	chr13	41634744	41634725	-	29.08	40.84	>	6	11	79
302	chr7	138835232	138835213	-	29.02	47.88	>	6	11	79
303	chr15	97195797	97195778	+	28.92	38.5	>	6	11	79
304	chr1	119087737	119087718	+	28.89	50.28	>	6	11	79
305	chr4	85819373	85819354	-	28.86	29.28	>	6	11	79
306	chr11	30657307	30657288	-	28.86	6.477	>	6	11	79
307	chr5	49369245	49369226	+	28.66	27.94	>	6	11	79
308	chr6	106805067	106805048	+	28.61	20.38	>	6	11	79
309	chr6	31660958	31660939	+	28.53	52.9	>	6	11	79
310	chr12	8306749	8306730	-	28.48	47.94	>	6	11	79
311	chr13	42822785	42822766	-	28.47	44.4	>	6	11	79
312	chr15	34968778	34968759	+	28.4	27.94	>	6	11	79
313	chr7	68369859	68369840	+	28.38	58.97	>	6	11	79
314	chr15	80266443	80266424	+	28.33	34.62	>	6	11	79
315	chr6	102171110	102171091	+	28.19	24.06	>	6	11	79
316	chr16	72605273	72605254	-	28.11	17.7	>	6	11	79
317	chr18	65490506	65490487	+	28.06	33.94	>	6	11	79
318	chr3	55373775	55373756	+	28.0	19.75	>	6	11	79
319	chr1	53927814	53927795	-	27.97	28.48	>	6	11	79
320	chr2	160368066	160368047	-	27.95	21.97	>	6	11	79
321	chr10	42295232	42295213	-	27.94	37.8	>	6	11	79
322	chr7	116040411	116040392	-	27.9	26.19	>	6	11	79
323	chr10	116197535	116197516	-	27.81	28.58	>	6	11	79
324	chr5	20773533	20773514	-	27.81	20.77	>	6	11	79
325	chr12	80725012	80724993	-	27.73	38.97	>	6	11	79
326	chr15	66899881	66899862	-	27.6	21.5	>	6	11	79
327	chr18	16822208	16822189	-	27.56	13.28	>	6	11	79
328	chr18	14503254	14503235	-	27.55	19.48	>	6	11	79
329	chr5	98344786	98344767	+	27.44	28.3	>	6	11	79
330	chr10	77517236	77517217	+	27.39	30.44	>	6	11	79
331	chr1	44741472	44741453	-	27.38	6.344	>	6	11	79
332	chr6	127945983	127945964	-	27.28	24.97	>	6	11	79
333	chr16	42914955	42914936	-	27.27	20.78	>	6	11	79
334	chr18	39137558	39137539	+	27.11	15.805	>	6	11	79
335	chr13	42575907	42575888	+	27.11	22.34	>	6	11	79
336	chr2	13278209	13278190	+	27.06	48.53	>	6	11	79
337	chr18	43836585	43836566	-	27.06	22.66	>	6	11	79
338	chr4	114647896	114647877	+	27.05	26.58	>	6	11	79
339	chr16	44149214	44149195	-	27.03	37.28	>	6	11	79
340	chr13	109776299	109776280	+	27.02	27.47	>	6	11	79
341	chr19	30217515	30217496	+	27.0	44.25	>	6	11	79
342	chr6	61316075	61316056	+	26.94	38.16	>	6	11	79
343	chr17	78598832	78598813	+	26.92	37.16	>	6	11	79
344	chr2	117231457	117231438	-	26.88	23.62	>	6	11	79
345	chr4	115101816	115101797	+	26.84	34.88	>	6	11	79
346	chr10	57448131	57448112	-	26.8	44.97	>	6	11	79
347	chr13	113046665	113046646	+	26.77	22.72	>	6	11	79
348	chr4	110022447	110022428	-	26.58	43.47	>	6	11	79
349	chr7	101653829	101653810	+	26.5	47.97	>	6	11	79
350	chr5	67756338	67756319	+	26.5	26.55	>	6	11	79
351	chr3	62192717	62192698	-	26.5	17.1	>	6	11	79
352	chr10	17728146	17728127	-	26.45	14.96	>	6	11	79
353	chr5	37752557	37752538	-	26.33	30.73	>	6	11	79
354	chr1	60961316	60961297	-	26.3	26.22	>	6	11	79
355	chr17	68176981	68176962	+	26.27	18.84	>	6	11	79
356	chr7	37357871	37357852	-	26.2	67.6	>	6	11	79
357	chr4	32572316	32572297	-	26.16	44.75	>	6	11	79
358	chr4	96696741	96696722	+	26.12	32.22	>	6	11	79
359	chr4	109729491	109729472	-	26.06	50.3	>	6	11	79
360	chr10	111977780	111977761	+	25.78	32.1	>	6	11	79
361	chr5	45424489	45424470	-	25.73	30.9	>	6	11	79
362	chr2	61494577	61494558	-	25.72	22.25	>	6	11	79
363	chr6	13287046	13287027	+	25.69	21.62	>	6	11	79
364	chr9	116060829	116060810	+	25.66	36.5	>	6	11	79
365	chr8	17537753	17537734	-	25.64	36.44	>	6	11	79
366	chr9	77781636	77781617	-	25.62	27.94	>	6	11	79
367	chr15	5106460	5106441	-	25.56	29.45	>	6	11	79
368	chr17	93141334	93141315	-	25.53	33.03	>	6	11	79
369	chr6	97759520	97759501	+	25.52	17.88	>	6	11	79
370	chr8	119384750	119384731	-	25.47	45.94	>	6	11	79
371	chr6	88113322	88113303	+	25.38	41.75	>	6	11	79
372	chr15	101984527	101984508	-	25.38	56.7	>	6	11	79
373	chr8	54493335	54493316	-	25.34	39.7	>	6	11	79
374	chr9	24119622	24119603	+	25.33	14.83	>	6	11	79
375	chr3	50077169	50077150	-	25.31	24.22	>	6	11	79
376	chr4	47419767	47419748	+	25.23	44.03	>	6	11	79
377	chr2	76115910	76115891	+	25.22	28.97	>	6	11	79
378	chr15	67174759	67174740	+	25.2	12.74	>	6	11	79
379	chr8	125574509	125574490	+	25.17	12.85	>	6	11	79
380	chr1	161737065	161737046	-	25.11	39.75	>	6	11	79
381	chr3	85571455	85571436	-	25.1	9.7	>	6	11	79
382	chr18	19577078	19577059	-	25.02	27.28	>	6	11	79
383	chr19	36083087	36083068	-	25.0	29.4	>	6	11	79
384	chr8	115709616	115709597	-	24.98	9.14	>	6	11	79
385	chr10	126330794	126330775	-	24.84	24.02	>	6	11	79
386	chr15	25993551	25993532	+	24.81	33.28	>	6	11	79
387	chr5	131430355	131430336	-	24.78	45.44	>	6	11	79
388	chr1	9545352	9545333	-	24.78	38.06	>	6	11	79
389	chr19	28768445	28768426	-	24.75	36.44	>	6	11	79
390	chr10	24630876	24630857	+	24.72	22.94	>	6	11	79
391	chr17	54351102	54351083	+	24.53	15.79	>	6	11	79
392	chr16	20496806	20496787	+	24.47	28.86	>	6	11	79
393	chr12	109394024	109394005	-	24.44	15.02	>	6	11	79
394	chr13	21803288	21803269	-	24.42	40.1	>	6	11	79
395	chr3	103392995	103392976	+	24.38	33.9	>	6	11	79
396	chr15	25428758	25428739	+	24.31	24.08	>	6	11	79
397	chr3	135206860	135206841	-	24.3	9.21	>	6	11	79
398	chr8	65139261	65139242	+	24.3	33.56	>	6	11	79
399	chr9	29650850	29650831	-	24.23	35.72	>	6	11	79
400	chr3	127971093	127971074	+	24.2	46.1	>	6	11	79
401	chr2	104035038	104035019	+	24.16	33.7	>	6	11	79
402	chr9	81635302	81635283	+	24.11	12.08	>	6	11	79
403	chr6	95484597	95484578	+	24.03	13.41	>	6	11	79
404	chr14	72293991	72293972	-	23.83	34.2	>	6	11	79
405	chr18	65490035	65490016	-	23.72	29.94	>	6	11	79
406	chr12	38123788	38123769	-	23.66	16.0	>	6	11	79
407	chr18	70184838	70184819	-	23.66	11.39	>	6	11	79
408	chr3	152095252	152095233	-	23.53	23.67	>	6	11	79
409	chr8	32002994	32002975	-	23.5	23.94	>	6	11	79
410	chr11	22206830	22206811	-	23.48	11.1	>	6	11	79
411	chr5	76541051	76541032	-	23.44	19.22	>	6	11	79
412	chr10	52106337	52106318	+	23.38	22.61	>	6	11	79
413	chr1	84697462	84697443	-	23.38	25.22	>	6	11	79
414	chr1	67181385	67181366	+	23.34	35.0	>	6	11	79
415	chr6	101267027	101267008	+	23.31	12.77	>	6	11	79
416	chr6	129255175	129255156	-	23.25	41.8	>	6	11	79
417	chr4	115710017	115709998	-	23.19	25.83	>	6	11	79
418	chr2	118241614	118241595	-	23.19	37.16	>	6	11	79
419	chr8	71371784	71371765	+	23.11	28.11	>	6	11	79
420	chr7	73422670	73422651	-	23.11	37.7	>	6	11	79
421	chr5	33039602	33039583	+	23.05	27.48	>	6	11	79
422	chr2	153143004	153142985	-	23.02	20.31	>	6	11	79
423	chr14	98181824	98181805	-	23.0	7.93	>	6	11	79
424	chr2	136887058	136887039	-	22.97	12.49	>	6	11	79
425	chr1	135136701	135136682	-	22.88	42.44	>	6	11	79
426	chr5	4948481	4948462	-	22.86	27.0	>	6	11	79
427	chr10	71422814	71422795	+	22.81	51.25	>	6	11	79
428	chr8	64597251	64597232	-	22.66	30.06	>	6	11	79
429	chr1	162336834	162336815	-	22.45	14.914	>	6	11	79
430	chr9	94738996	94738977	+	22.42	42.94	>	6	11	79
431	chr17	53403136	53403117	+	22.4	18.28	>	6	11	79
432	chr2	155811920	155811901	-	22.36	51.28	>	6	11	79
433	chr12	52010769	52010750	+	22.33	16.6	>	6	11	79
434	chr3	44912870	44912851	-	22.31	11.58	>	6	11	79
435	chr5	98348848	98348829	+	22.25	34.97	>	6	11	79
436	chr15	80706301	80706282	+	22.25	25.52	>	6	11	79
437	chr1	167932285	167932266	-	22.22	36.66	>	6	11	79
438	chr14	121455709	121455690	-	22.2	25.7	>	6	11	79
439	chr4	98243714	98243695	-	22.16	26.34	>	6	11	79
440	chr4	143027468	143027449	+	22.14	29.11	>	6	11	79
441	chr2	153668926	153668907	+	22.14	25.36	>	6	11	79
442	chr9	41461929	41461910	-	22.14	12.42	>	6	11	79
443	chr4	109431143	109431124	-	22.1	22.34	>	6	11	79
444	chr5	44831505	44831486	-	22.08	22.05	>	6	11	79
445	chr8	119676601	119676582	-	22.03	33.06	>	6	11	79
446	chr17	40824060	40824041	-	22.02	34.28	>	6	11	79
447	chr15	37102366	37102347	-	22.0	13.84	>	6	11	79
448	chr1	119083862	119083843	-	21.92	45.47	>	6	11	79
449	chr5	41044703	41044684	-	21.78	28.61	>	6	11	79
450	chr19	24622032	24622013	+	21.77	22.19	>	6	11	79
451	chr3	58159626	58159607	-	21.75	32.1	>	6	11	79
452	chr1	38130140	38130121	-	21.75	23.66	>	6	11	79
453	chr2	129472129	129472110	-	21.73	30.17	>	6	11	79
454	chr9	15682043	15682024	-	21.73	11.22	>	6	11	79
455	chr9	69502720	69502701	-	21.7	34.7	>	6	11	79
456	chr14	21120676	21120657	+	21.69	43.16	>	6	11	79
457	chr7	110645588	110645569	-	21.69	43.56	>	6	11	79
458	chr16	78950579	78950560	-	21.64	3.295	>	6	11	79
459	chr7	131899517	131899498	+	21.56	16.44	>	6	11	79
460	chr8	106403484	106403465	-	21.53	20.23	>	6	11	79
461	chr17	73303429	73303410	+	21.48	50.6	>	6	11	79
462	chr1	83727325	83727306	+	21.48	26.81	>	6	11	79
463	chr13	29857603	29857584	+	21.42	9.836	>	6	11	79
464	chr14	104033786	104033767	+	21.34	21.16	>	6	11	79
465	chr7	119011391	119011372	+	21.31	35.56	>	6	11	79
466	chr1	69165377	69165358	+	21.31	25.0	>	6	11	79
467	chr1	192727176	192727157	+	21.28	21.9	>	6	11	79
468	chr9	50438293	50438274	-	21.2	27.17	>	6	11	79
469	chr15	46990407	46990388	-	21.14	10.516	>	6	11	79
470	chr13	73646874	73646855	+	21.14	37.5	>	6	11	79
471	chr16	67089956	67089937	+	21.12	15.94	>	6	11	79
472	chr2	83332995	83332976	-	21.02	18.14	>	6	11	79
473	chr8	10415030	10415011	+	21.0	37.3	>	6	11	79
474	chr1	35716149	35716130	-	20.89	18.69	>	6	11	79
475	chr7	43920039	43920020	-	20.83	34.3	>	6	11	79
476	chr8	15138726	15138707	+	20.81	41.03	>	6	11	79
477	chr13	6515705	6515686	+	20.8	28.08	>	6	11	79
478	chr2	64948996	64948977	-	20.72	23.2	>	6	11	79
479	chr19	20345737	20345718	+	20.7	55.44	>	6	11	79
480	chr5	33994851	33994832	+	20.64	14.97	>	6	11	79
481	chr14	76479953	76479934	+	20.62	37.16	>	6	11	79
482	chr3	144737048	144737029	+	20.58	28.33	>	6	11	79
483	chr2	13597223	13597204	-	20.5	12.72	>	6	11	79
484	chr9	118908437	118908418	-	20.5	27.45	>	6	11	79
485	chr4	153484615	153484596	-	20.39	17.89	>	6	11	79
486	chr19	12433211	12433192	+	20.36	28.34	>	6	11	79
487	chr15	31611224	31611205	+	20.34	11.17	>	6	11	79
488	chr3	107206198	107206179	+	20.34	39.22	>	6	11	79
489	chr17	86909946	86909927	+	20.31	22.38	>	6	11	79
490	chr7	89473669	89473650	-	20.22	24.19	>	6	11	79
491	chr6	35252603	35252584	+	20.22	32.56	>	6	11	79
492	chr6	126168001	126167982	-	20.17	8.76	>	6	11	79
493	chr16	42169942	42169923	+	20.12	43.34	>	6	11	79
494	chr6	90607354	90607335	+	20.11	24.86	>	6	11	79
495	chr6	31664664	31664645	+	20.11	41.5	>	6	11	79
496	chr13	100002039	100002020	+	20.02	21.73	>	6	11	79
497	chr6	97523337	97523318	-	19.97	25.72	>	6	11	79
498	chr4	123529452	123529433	-	19.95	17.69	>	6	11	79
499	chr18	53744741	53744722	-	19.94	29.1	>	6	11	79
500	chr9	13849232	13849213	+	19.9	15.484	>	6	11	79
501	chr15	14052128	14052109	-	19.89	12.375	>	6	11	79
502	chr3	68053761	68053742	-	19.88	27.33	>	6	11	79
503	chr14	50799990	50799971	+	19.83	30.28	>	6	11	79
504	chr8	50292348	50292329	+	19.83	31.36	>	6	11	79
505	chr19	52993242	52993223	-	19.81	45.25	>	6	11	79
506	chr8	24546435	24546416	-	19.8	56.1	>	6	11	79
507	chr2	166085186	166085167	+	19.78	40.2	>	6	11	79
508	chr15	80260893	80260874	-	19.75	33.7	>	6	11	79
509	chr18	75606699	75606680	+	19.72	50.94	>	6	11	79
510	chr2	135957961	135957942	-	19.69	27.1	>	6	11	79
511	chr11	75179118	75179099	+	19.67	22.83	>	6	11	79
512	chr6	77628987	77628968	+	19.66	40.56	>	6	11	79
513	chr4	82614384	82614365	-	19.62	15.836	>	6	11	79
514	chr17	27190013	27189994	+	19.5	26.89	>	6	11	79
515	chr14	121451301	121451282	-	19.45	26.11	>	6	11	79
516	chr9	69987821	69987802	-	19.44	12.234	>	6	11	79
517	chr6	40479902	40479883	+	19.42	24.72	>	6	11	79
518	chr4	82619779	82619760	-	19.42	11.22	>	6	11	79
519	chr2	160593235	160593216	-	19.4	45.8	>	6	11	79
520	chr4	48691990	48691971	+	19.4	34.88	>	6	11	79
521	chr1	11140123	11140104	-	19.39	7.324	>	6	11	79
522	chr6	67858160	67858141	+	19.36	18.55	>	6	11	79
523	chr1	91914028	91914009	+	19.36	22.06	>	6	11	79
524	chr15	76196896	76196877	+	19.33	35.8	>	6	11	79
525	chr11	43767011	43766992	+	19.27	27.44	>	6	11	79
526	chr17	8463677	8463658	+	19.23	31.38	>	6	11	79
527	chr2	60442102	60442083	-	19.22	10.555	>	6	11	79
528	chr10	8242562	8242543	+	19.2	18.4	>	6	11	79
529	chr15	8382407	8382388	+	19.16	11.64	>	6	11	79
530	chr19	11360302	11360283	+	19.14	15.06	>	6	11	79
531	chr12	79305335	79305316	+	19.11	29.94	>	6	11	79
532	chr13	38992697	38992678	+	19.03	12.445	>	6	11	79
533	chr8	91147955	91147936	-	19.0	26.05	>	6	11	79
534	chr13	64443476	64443457	+	19.0	35.6	>	6	11	79
535	chr8	117898214	117898195	+	18.92	34.16	>	6	11	79
536	chr11	42423473	42423454	-	18.77	18.48	>	6	11	79
537	chr9	114957195	114957176	-	18.77	27.38	>	6	11	79
538	chr5	149647926	149647907	+	18.72	23.06	>	6	11	79
539	chr5	128440068	128440049	-	18.69	40.7	>	6	11	79
540	chr6	90606762	90606743	-	18.67	32.6	>	6	11	79
541	chr10	58560031	58560012	+	18.67	23.25	>	6	11	79
542	chr18	25538443	25538424	+	18.66	23.94	>	6	11	79
543	chr11	22987510	22987491	+	18.56	23.83	>	6	11	79
544	chr13	57269837	57269818	-	18.55	36.6	>	6	11	79
545	chr13	53096854	53096835	-	18.55	32.88	>	6	11	79
546	chr7	124783020	124783001	-	18.55	23.44	>	6	11	79
547	chr7	40687242	40687223	-	18.52	26.28	>	6	11	79
548	chr4	109438113	109438094	+	18.45	31.61	>	6	11	79
549	chr13	46663777	46663758	-	18.45	5.215	>	6	11	79
550	chr2	21927862	21927843	-	18.45	17.72	>	6	11	79
551	chr11	72564476	72564457	-	18.39	17.95	>	6	11	79
552	chr14	57362951	57362932	-	18.3	10.125	>	6	11	79
553	chr13	54063511	54063492	-	18.3	12.516	>	6	11	79
554	chr8	127191530	127191511	+	18.27	39.03	>	6	11	79
555	chr4	24249781	24249762	+	18.25	8.38	>	6	11	79
556	chr1	175603551	175603532	-	18.2	12.0	>	6	11	79
557	chr7	131897479	131897460	+	18.19	16.34	>	6	11	79
558	chr2	125259455	125259436	-	18.17	32.72	>	6	11	79
559	chr8	11943262	11943243	-	18.0	20.05	>	6	11	79
560	chr13	74861814	74861795	+	17.98	11.664	>	6	11	79
561	chr3	37302880	37302861	-	17.98	17.84	>	6	11	79
562	chr2	165391753	165391734	+	17.95	20.97	>	6	11	79
563	chr1	167669968	167669949	-	17.94	39.3	>	6	11	79
564	chr14	24311319	24311300	+	17.89	24.48	>	6	11	79
565	chr6	125622660	125622641	+	17.86	24.67	>	6	11	79
566	chr16	91694897	91694878	+	17.83	21.03	>	6	11	79
567	chr7	100886752	100886733	-	17.8	33.3	>	6	11	79
568	chr2	165779092	165779073	+	17.7	43.9	>	6	11	79
569	chr4	118988734	118988715	-	17.7	12.37	>	6	11	79
570	chr9	111939788	111939769	+	17.64	16.92	>	6	11	79
571	chr9	40806571	40806552	+	17.64	39.78	>	6	11	79
572	chr19	21571392	21571373	+	17.64	11.9	>	6	11	79
573	chr10	49785057	49785038	-	17.56	2.498	>	6	11	79
574	chr3	84922220	84922201	+	17.47	28.94	>	6	11	79
575	chr12	7991018	7990999	+	17.47	17.66	>	6	11	79
576	chr8	106687694	106687675	+	17.45	42.0	>	6	11	79
577	chr19	15998346	15998327	+	17.33	27.56	>	6	11	79
578	chr10	30838389	30838370	+	17.3	7.543	>	6	11	79
579	chr2	6469364	6469345	-	17.28	15.65	>	6	11	79
580	chr9	59678540	59678521	-	17.28	29.06	>	6	11	79
581	chr18	60143536	60143517	-	17.25	6.348	>	6	11	79
582	chr2	76114972	76114953	-	17.25	26.88	>	6	11	79
583	chr1	192722361	192722342	-	17.23	36.0	>	6	11	79
584	chr13	6737153	6737134	+	17.23	24.25	>	6	11	79
585	chr10	116199232	116199213	+	17.23	24.89	>	6	11	79
586	chr18	6627309	6627290	+	17.06	30.4	>	6	11	79
587	chr7	117375969	117375950	-	17.03	13.42	>	6	11	79
588	chr11	7200225	7200206	+	17.03	39.34	>	6	11	79
589	chr3	152474817	152474798	+	16.98	9.51	>	6	11	79
590	chr12	4107565	4107546	+	16.97	22.11	>	6	11	79
591	chr18	78212287	78212268	-	16.83	18.31	>	6	11	79
592	chr2	17842170	17842151	-	16.81	6.844	>	6	11	79
593	chr5	112429191	112429172	-	16.78	14.19	>	6	11	79
594	chr9	54169687	54169668	+	16.73	16.64	>	6	11	79
595	chr9	78597063	78597044	+	16.73	17.98	>	6	11	79
596	chr2	125556029	125556010	+	16.69	19.19	>	6	11	79
597	chr4	86545837	86545818	-	16.69	26.34	>	6	11	79
598	chr11	34229190	34229171	+	16.55	19.56	>	6	11	79
599	chr13	60479163	60479144	+	16.52	1.697	>	6	11	79
600	chr11	57788119	57788100	+	16.36	29.88	>	6	11	79
601	chr5	117504639	117504620	+	16.36	53.34	>	6	11	79
602	chr1	128368923	128368904	+	16.28	14.01	>	6	11	79
603	chr14	51098507	51098488	-	16.28	41.22	>	6	11	79
604	chr10	14404268	14404249	+	16.23	20.66	>	6	11	79
605	chr18	65752297	65752278	-	16.1	16.11	>	6	11	79
606	chr3	59077498	59077479	+	16.1	40.72	>	6	11	79
607	chr1	119919473	119919454	+	16.06	20.62	>	6	11	79
608	chr1	86598699	86598680	+	16.03	48.72	>	6	11	79
609	chr1	80178208	80178189	-	16.0	17.12	>	6	11	79
610	chr15	64132164	64132145	+	15.96	15.336	>	6	11	79
611	chr2	4652218	4652199	-	15.91	22.83	>	6	11	79
612	chr9	40805489	40805470	-	15.86	35.53	>	6	11	79
613	chr13	30549079	30549060	-	15.805	25.34	>	6	11	79
614	chr3	82350530	82350511	-	15.805	7.78	>	6	11	79
615	chr7	81155234	81155215	-	15.805	19.0	>	6	11	79
616	chr4	107701325	107701306	-	15.8	18.55	>	6	11	79
617	chr11	76655250	76655231	+	15.8	25.19	>	6	11	79
618	chr7	122945377	122945358	+	15.72	20.64	>	6	11	79
619	chr16	32697312	32697293	+	15.695	24.02	>	6	11	79
620	chr13	114460825	114460806	-	15.65	8.25	>	6	11	79
621	chr19	59389409	59389390	+	15.65	31.4	>	6	11	79
622	chr7	45451495	45451476	+	15.64	35.4	>	6	11	79
623	chr15	85599066	85599047	+	15.625	30.86	>	6	11	79
624	chr10	9012998	9012979	+	15.6	21.77	>	6	11	79
625	chr13	24318872	24318853	-	15.58	11.58	>	6	11	79
626	chr3	123506917	123506898	-	15.53	17.17	>	6	11	79
627	chr13	101719731	101719712	-	15.48	25.34	>	6	11	79
628	chr12	12412898	12412879	-	15.43	30.47	>	6	11	79
629	chr10	127342496	127342477	-	15.4	29.73	>	6	11	79
630	chr7	28972871	28972852	+	15.39	21.2	>	6	11	79
631	chr5	130862481	130862462	+	15.33	29.22	>	6	11	79
632	chr13	53779354	53779335	+	15.31	23.8	>	6	11	79
633	chr11	51582940	51582921	-	15.305	26.1	>	6	11	79
634	chr3	34150257	34150238	+	15.3	17.19	>	6	11	79
635	chr9	30423156	30423137	-	15.29	30.31	>	6	11	79
636	chr1	55886585	55886566	+	15.29	16.73	>	6	11	79
637	chr8	121104251	121104232	+	15.28	31.56	>	6	11	79
638	chr2	31683894	31683875	+	15.27	30.73	>	6	11	79
639	chr9	121458682	121458663	+	15.27	42.72	>	6	11	79
640	chr13	111421545	111421526	+	15.22	27.25	>	6	11	79
641	chr18	56572965	56572946	+	15.22	32.7	>	6	11	79
642	chr18	42593315	42593296	+	15.2	8.75	>	6	11	79
643	chr8	118287683	118287664	+	15.2	7.145	>	6	11	79
644	chr14	47742843	47742824	+	15.18	9.65	>	6	11	79
645	chr1	184791312	184791293	-	15.164	27.39	>	6	11	79
646	chr6	106800166	106800147	-	15.1	18.75	>	6	11	79
647	chr11	12025880	12025861	+	15.06	18.02	>	6	11	79
648	chr5	129594341	129594322	-	15.03	29.4	>	6	11	79
649	chr13	16005724	16005705	+	15.016	13.71	>	6	11	79
650	chr14	65597230	65597211	+	15.016	14.01	>	6	11	79
651	chr5	99900280	99900261	-	14.95	10.75	>	6	11	79
652	chr8	11421350	11421331	-	14.945	26.12	>	6	11	79
653	chr19	4755748	4755729	+	14.93	24.55	>	6	11	79
654	chr10	110733540	110733521	-	14.914	16.5	>	6	11	79
655	chr5	67752088	67752069	+	14.89	18.31	>	6	11	79
656	chr9	77381774	77381755	-	14.85	26.45	>	6	11	79
657	chr18	81951830	81951811	-	14.76	34.06	>	6	11	79
658	chr1	86059644	86059625	+	14.734	30.22	>	6	11	79
659	chr1	52630636	52630617	-	14.734	9.89	>	6	11	79
660	chr2	174308107	174308088	+	14.69	14.67	>	6	11	79
661	chr11	99364649	99364630	-	14.6	16.03	>	6	11	79
662	chr13	109558424	109558405	+	14.49	16.98	>	6	11	79
663	chr12	58201405	58201386	-	14.48	6.883	>	6	11	79
664	chr7	137471937	137471918	+	14.445	28.83	>	6	11	79
665	chr17	26916803	26916784	+	14.414	25.05	>	6	11	79
666	chr5	87871626	87871607	-	14.414	20.39	>	6	11	79
667	chr2	125252443	125252424	+	14.414	25.9	>	6	11	79
668	chr1	9549185	9549166	+	14.414	19.5	>	6	11	79
669	chr11	11788608	11788589	-	14.38	31.97	>	6	11	79
670	chr7	43928727	43928708	+	14.36	11.45	>	6	11	79
671	chr10	60760656	60760637	-	14.31	36.9	>	6	11	79
672	chr6	17362958	17362939	+	14.31	3.076	>	6	11	79
673	chr1	136521528	136521509	-	14.305	21.69	>	6	11	79
674	chr2	153147934	153147915	+	14.28	18.94	>	6	11	79
675	chr8	61522313	61522294	+	14.266	28.28	>	6	11	79
676	chr18	56759303	56759284	+	14.266	12.61	>	6	11	79
677	chr14	115451146	115451127	-	14.234	4.215	>	6	11	79
678	chr1	176218428	176218409	+	14.195	14.99	>	6	11	79
679	chr15	97665520	97665501	-	14.18	30.02	>	6	11	79
680	chr13	20299620	20299601	+	14.18	33.25	>	6	11	79
681	chr9	59969601	59969582	-	14.14	17.69	>	6	11	79
682	chr16	57611975	57611956	+	14.055	18.66	>	6	11	79
683	chr12	15816144	15816125	+	13.984	8.52	>	6	11	79
684	chr15	82271381	82271362	-	13.95	28.55	>	6	11	79
685	chr7	74363644	74363625	-	13.95	40.8	>	6	11	79
686	chr3	73066293	73066274	+	13.95	16.86	>	6	11	79
687	chr1	118772515	118772496	-	13.945	30.34	>	6	11	79
688	chr4	110020493	110020474	-	13.94	26.28	>	6	11	79
689	chr3	34639420	34639401	-	13.94	14.87	>	6	11	79
690	chr2	131530224	131530205	-	13.92	25.86	>	6	11	79
691	chr4	20024128	20024109	+	13.91	12.516	>	6	11	79
692	chr8	74980870	74980851	-	13.81	30.2	>	6	11	79
693	chr18	75757719	75757700	+	13.734	18.78	>	6	11	79
694	chr7	89908147	89908128	-	13.72	13.79	>	6	11	79
695	chr4	150257406	150257387	+	13.72	23.58	>	6	11	79
696	chr2	55022781	55022762	-	13.664	7.77	>	6	11	79
697	chr18	64506771	64506752	-	13.63	18.4	>	6	11	79
698	chr14	123353156	123353137	-	13.61	11.6	>	6	11	79
699	chr4	139872794	139872775	+	13.59	35.75	>	6	11	79
700	chr13	51839869	51839850	+	13.586	21.19	>	6	11	79
701	chr5	146162789	146162770	+	13.516	23.42	>	6	11	79
702	chr9	83785201	83785182	+	13.49	14.66	>	6	11	79
703	chr3	59079480	59079461	+	13.44	28.77	>	6	11	79
704	chr10	11345312	11345293	-	13.375	5.086	>	6	11	79
705	chr11	46252188	46252169	-	13.34	28.12	>	6	11	79
706	chr4	85404971	85404952	+	13.32	14.11	>	6	11	79
707	chr4	130738774	130738755	+	13.31	16.47	>	6	11	79
708	chr5	86432914	86432895	+	13.305	16.02	>	6	11	79
709	chr3	22306829	22306810	+	13.266	18.6	>	6	11	79
710	chr2	91930225	91930206	-	13.25	19.55	>	6	11	79
711	chr6	108417714	108417695	+	13.234	10.66	>	6	11	79
712	chr12	17011790	17011771	-	13.16	20.73	>	6	11	79
713	chr5	87551137	87551118	-	13.15	21.52	>	6	11	79
714	chr4	106227683	106227664	-	13.14	14.38	>	6	11	79
715	chr4	139877472	139877453	+	13.1	27.4	>	6	11	79
716	chr1	88742593	88742574	-	13.086	17.75	>	6	11	79
717	chr3	52254088	52254069	+	13.02	34.16	>	6	11	79
718	chr9	73159469	73159450	+	12.99	27.5	>	6	11	79
719	chr7	29297253	29297234	-	12.984	28.8	>	6	11	79
720	chr13	116312336	116312317	-	12.93	10.21	>	6	11	79
721	chr2	157117146	157117127	-	12.91	21.92	>	6	11	79
722	chr9	60243712	60243693	+	12.89	13.59	>	6	11	79
723	chr1	179845066	179845047	-	12.88	17.89	>	6	11	79
724	chr11	103332754	103332735	+	12.875	24.97	>	6	11	79
725	chr1	53032774	53032755	-	12.87	13.05	>	6	11	79
726	chr8	45345197	45345178	+	12.81	16.72	>	6	11	79
727	chr12	113216133	113216114	+	12.74	53.7	>	6	11	79
728	chr15	36152194	36152175	-	12.72	16.9	>	6	11	79
729	chr1	72876274	72876255	+	12.69	17.11	>	6	11	79
730	chr9	14774009	14773990	+	12.664	9.0	>	6	11	79
731	chr12	74317197	74317178	-	12.664	11.76	>	6	11	79
732	chr7	107819649	107819630	-	12.64	16.3	>	6	11	79
733	chr13	55327907	55327888	+	12.64	17.61	>	6	11	79
734	chr3	54796015	54795996	+	12.63	22.77	>	6	11	79
735	chr6	60963937	60963918	+	12.61	7.094	>	6	11	79
736	chr8	21981891	21981872	-	12.61	17.33	>	6	11	79
737	chr10	38269349	38269330	-	12.52	19.28	>	6	11	79
738	chr6	51170619	51170600	-	12.5	20.02	>	6	11	79
739	chr2	148110356	148110337	-	12.43	16.03	>	6	11	79
740	chr1	88301823	88301804	-	12.42	19.61	>	6	11	79
741	chr6	115037959	115037940	-	12.33	15.375	>	6	11	79
742	chr16	11980974	11980955	+	12.33	3.668	>	6	11	79
743	chr15	44832771	44832752	-	12.31	24.2	>	6	11	79
744	chr19	26193888	26193869	-	12.29	7.65	>	6	11	79
745	chr17	8988263	8988244	-	12.29	10.71	>	6	11	79
746	chr14	66358860	66358841	+	12.28	18.22	>	6	11	79
747	chr12	40832432	40832413	-	12.26	13.56	>	6	11	79
748	chr2	53206958	53206939	-	12.18	12.55	>	6	11	79
749	chr16	42914617	42914598	+	12.16	7.133	>	6	11	79
750	chr11	111523686	111523667	-	12.14	23.53	>	6	11	79
751	chr6	121556678	121556659	+	12.11	18.8	>	6	11	79
752	chr7	43926199	43926180	-	12.1	21.69	>	6	11	79
753	chr3	3311028	3311009	+	12.09	10.74	>	6	11	79
754	chr12	17018680	17018661	+	12.04	21.19	>	6	11	79
755	chr18	33794794	33794775	+	11.97	24.89	>	6	11	79
756	chr15	73791915	73791896	+	11.96	24.61	>	6	11	79
757	chr12	82489256	82489237	+	11.945	11.805	>	6	11	79
758	chr19	37559803	37559784	+	11.91	21.4	>	6	11	79
759	chr12	36195155	36195136	-	11.91	7.07	>	6	11	79
760	chr3	30515246	30515227	-	11.875	11.664	>	6	11	79
761	chr19	27426681	27426662	-	11.81	11.945	>	6	11	79
762	chr2	75590427	75590408	-	11.75	21.66	>	6	11	79
763	chr2	17849498	17849479	+	11.75	6.633	>	6	11	79
764	chr9	83371155	83371136	-	11.75	6.18	>	6	11	79
765	chr9	30936846	30936827	-	11.734	17.67	>	6	11	79
766	chr15	94690037	94690018	+	11.73	23.03	>	6	11	79
767	chr2	147379133	147379114	+	11.69	9.875	>	6	11	79
768	chr4	121232314	121232295	-	11.664	7.945	>	6	11	79
769	chr18	56333219	56333200	-	11.64	4.934	>	6	11	79
770	chr16	25952209	25952190	-	11.64	6.688	>	6	11	79
771	chr13	94976326	94976307	+	11.63	16.62	>	6	11	79
772	chr2	30942898	30942879	-	11.57	22.28	>	6	11	79
773	chr6	104479441	104479422	+	11.55	10.57	>	6	11	79
774	chr5	113080039	113080020	-	11.52	26.94	>	6	11	79
775	chr16	30550607	30550588	-	11.52	17.62	>	6	11	79
776	chr1	160194976	160194957	+	11.51	18.28	>	6	11	79
777	chr11	56116782	56116763	-	11.48	30.47	>	6	11	79
778	chr6	112484521	112484502	-	11.48	12.14	>	6	11	79
779	chr14	21853546	21853527	-	11.445	30.66	>	6	11	79
780	chr9	58534993	58534974	+	11.414	20.97	>	6	11	79
781	chr17	73302318	73302299	+	11.414	39.62	>	6	11	79
782	chr1	85842459	85842440	-	11.41	14.02	>	6	11	79
783	chr17	16926410	16926391	-	11.35	2.584	>	6	11	79
784	chr12	29894861	29894842	+	11.31	16.72	>	6	11	79
785	chr2	127832989	127832970	+	11.22	7.293	>	6	11	79
786	chr16	20724653	20724634	+	11.18	15.11	>	6	11	79
787	chr1	180811112	180811093	-	11.164	28.33	>	6	11	79
788	chr13	109210611	109210592	-	11.16	17.5	>	6	11	79
789	chr18	5990207	5990188	-	11.14	3.14	>	6	11	79
790	chr18	12102268	12102249	-	11.125	23.38	>	6	11	79
791	chr19	59380193	59380174	+	11.08	23.9	>	6	11	79
792	chr2	101665476	101665457	+	11.055	26.06	>	6	11	79
793	chr12	108541242	108541223	-	11.02	27.9	>	6	11	79
794	chr2	32583648	32583629	+	11.016	30.19	>	6	11	79
795	chr1	181881807	181881788	-	10.98	11.91	>	6	11	79
796	chr5	117506576	117506557	+	10.94	40.06	>	6	11	79
797	chr1	38789153	38789134	+	10.89	22.95	>	6	11	79
798	chr10	102445139	102445120	-	10.875	19.4	>	6	11	79
799	chr12	81788941	81788922	+	10.87	12.51	>	6	11	79
800	chr9	78233462	78233443	-	10.86	15.93	>	6	11	79
801	chr10	96618527	96618508	+	10.86	3.014	>	6	11	79
802	chr8	84639419	84639400	-	10.85	34.7	>	6	11	79
803	chr17	8468905	8468886	+	10.85	20.27	>	6	11	79
804	chr2	67535551	67535532	+	10.83	7.83	>	6	11	79
805	chr18	52947340	52947321	+	10.82	10.15	>	6	11	79
806	chr13	72625410	72625391	-	10.78	6.715	>	6	11	79
807	chr11	31942449	31942430	+	10.69	22.72	>	6	11	79
808	chr1	6190743	6190724	-	10.63	7.344	>	6	11	79
809	chr7	74367549	74367530	+	10.6	15.16	>	6	11	79
810	chr4	22482970	22482951	+	10.58	4.45	>	6	11	79
811	chr13	20298018	20297999	+	10.56	24.86	>	6	11	79
812	chr16	75325511	75325492	-	10.484	5.44	>	6	11	79
813	chr6	54586377	54586358	+	10.44	8.14	>	6	11	79
814	chr14	59604211	59604192	-	10.375	15.664	>	6	11	79
815	chr2	107946040	107946021	-	10.31	11.08	>	6	11	79
816	chr1	62701219	62701200	-	10.3	12.74	>	6	11	79
817	chr7	75914120	75914101	+	10.266	24.1	>	6	11	79
818	chr5	98167679	98167660	+	10.26	12.875	>	6	11	79
819	chr9	99671799	99671780	+	10.23	22.52	>	6	11	79
820	chr1	179847901	179847882	+	10.16	11.88	>	6	11	79
821	chr15	80080817	80080798	-	10.15	32.28	>	6	11	79
822	chr6	137747756	137747737	-	10.09	27.12	>	6	11	79
823	chr6	77249625	77249606	-	10.09	6.945	>	6	11	79
824	chr5	149049190	149049171	-	10.08	15.81	>	6	11	79
825	chr18	32814407	32814388	-	10.07	2.566	>	6	11	79
826	chr11	46258405	46258386	-	10.06	20.3	>	6	11	79
827	chr11	81974830	81974811	-	10.01	5.44	>	6	11	79
828	chr19	48414047	48414028	+	9.99	12.77	>	6	11	79
829	chr11	34836484	34836465	+	9.86	20.75	>	6	11	79
830	chr17	24437345	24437326	-	9.81	19.33	>	6	11	79
831	chr6	59208753	59208734	-	9.734	12.92	>	6	11	79
832	chr13	37325694	37325675	-	9.734	20.84	>	6	11	79
833	chr11	43412967	43412948	-	9.72	22.2	>	6	11	79
834	chr13	49651342	49651323	-	9.71	2.496	>	6	11	79
835	chr7	143151380	143151361	+	9.69	18.05	>	6	11	79
836	chr16	4285478	4285459	-	9.67	7.94	>	6	11	79
837	chr11	29715017	29714998	-	9.664	9.12	>	6	11	79
838	chr3	134654263	134654244	+	9.62	3.898	>	6	11	79
839	chr8	28978824	28978805	-	9.57	7.504	>	6	11	79
840	chr13	54062269	54062250	-	9.55	10.02	>	6	11	79
841	chr9	32585514	32585495	+	9.516	12.72	>	6	11	79
842	chr7	73648212	73648193	-	9.484	13.375	>	6	11	79
843	chr19	27425889	27425870	-	9.44	11.26	>	6	11	79
844	chr13	100854377	100854358	-	9.42	17.78	>	6	11	79
845	chr5	140749784	140749765	-	9.414	22.17	>	6	11	79
846	chr4	127027444	127027425	+	9.4	22.48	>	6	11	79
847	chr11	109221866	109221847	-	9.3	9.67	>	6	11	79
848	chr16	16596794	16596775	+	9.28	5.977	>	6	11	79
849	chr2	128605294	128605275	-	9.25	9.07	>	6	11	79
850	chr2	61492265	61492246	+	9.25	6.99	>	6	11	79
851	chr10	74217479	74217460	+	9.22	7.7	>	6	11	79
852	chr9	68016722	68016703	+	9.2	8.305	>	6	11	79
853	chr6	144248136	144248117	+	9.19	7.742	>	6	11	79
854	chr13	51191948	51191929	+	9.17	5.492	>	6	11	79
855	chr2	103424848	103424829	-	9.164	12.29	>	6	11	79
856	chr7	64751734	64751715	-	9.13	16.66	>	6	11	79
857	chr7	27160004	27159985	+	9.125	14.17	>	6	11	79
858	chr13	95986545	95986526	+	9.08	13.76	>	6	11	79
859	chr5	135118653	135118634	+	9.08	29.22	>	6	11	79
860	chr10	49786914	49786895	-	9.07	0.785	>	6	11	79
861	chr1	51639072	51639053	+	9.02	3.22	>	6	11	79
862	chr14	105307894	105307875	+	8.95	2.453	>	6	11	79
863	chr19	40231990	40231971	-	8.95	19.89	>	6	11	79
864	chr10	69656526	69656507	+	8.95	12.99	>	6	11	79
865	chr7	142714879	142714860	-	8.945	27.2	>	6	11	79
866	chr6	129256260	129256241	-	8.93	14.53	>	6	11	79
867	chr5	138199783	138199764	+	8.9	8.414	>	6	11	79
868	chr8	36193738	36193719	+	8.89	10.43	>	6	11	79
869	chr11	49597354	49597335	+	8.87	6.92	>	6	11	79
870	chr1	139405977	139405958	-	8.86	4.043	>	6	11	79
871	chr3	124289118	124289099	-	8.84	12.69	>	6	11	79
872	chr9	13196005	13195986	-	8.83	30.6	>	6	11	79
873	chr14	115819240	115819221	+	8.83	10.71	>	6	11	79
874	chr5	146914595	146914576	+	8.82	39.7	>	6	11	79
875	chr4	119223866	119223847	-	8.766	16.34	>	6	11	79
876	chr15	85879204	85879185	-	8.76	17.27	>	6	11	79
877	chr4	124682485	124682466	+	8.7	17.45	>	6	11	79
878	chr17	34956526	34956507	+	8.695	22.17	>	6	11	79
879	chr12	39494054	39494035	-	8.65	2.455	>	6	11	79
880	chr9	34485824	34485805	-	8.625	10.6	>	6	11	79
881	chr2	180786948	180786929	+	8.57	17.27	>	6	11	79
882	chr4	62230989	62230970	+	8.57	12.25	>	6	11	79
883	chr2	16357480	16357461	+	8.55	2.205	>	6	11	79
884	chr17	9759516	9759497	+	8.54	11.53	>	6	11	79
885	chr10	13018670	13018651	+	8.54	19.64	>	6	11	79
886	chr4	32570820	32570801	-	8.52	6.645	>	6	11	79
887	chr9	86451919	86451900	-	8.49	16.77	>	6	11	79
888	chr7	139590495	139590476	+	8.49	20.39	>	6	11	79
889	chr16	31944169	31944150	+	8.445	14.11	>	6	11	79
890	chr3	104701211	104701192	-	8.44	24.84	>	6	11	79
891	chr2	160955546	160955527	-	8.414	14.05	>	6	11	79
892	chr18	32811889	32811870	+	8.4	4.918	>	6	11	79
893	chr14	115042240	115042221	-	8.4	14.734	>	6	11	79
894	chr2	28464119	28464100	-	8.33	19.16	>	6	11	79
895	chr2	76369931	76369912	+	8.28	9.1	>	6	11	79
896	chr3	107605512	107605493	+	8.28	12.57	>	6	11	79
897	chr14	121220891	121220872	-	8.23	10.8	>	6	11	79
898	chr1	103796539	103796520	+	8.22	10.74	>	6	11	79
899	chr16	23151589	23151570	+	8.21	3.11	>	6	11	79
900	chr5	33371346	33371327	-	8.19	15.74	>	6	11	79
901	chr13	103121088	103121069	-	8.18	6.016	>	6	11	79
902	chr10	60760529	60760510	+	8.14	24.72	>	6	11	79
903	chr1	169921787	169921768	+	8.12	12.62	>	6	11	79
904	chr13	42826816	42826797	-	8.11	17.0	>	6	11	79
905	chr6	72601930	72601911	+	8.11	24.06	>	6	11	79
906	chr7	81345319	81345300	-	7.99	7.87	>	6	11	79
907	chr11	33934471	33934452	+	7.98	18.27	>	6	11	79
908	chr18	77044808	77044789	-	7.97	11.42	>	6	11	79
909	chr7	67217278	67217259	+	7.926	7.28	>	6	11	79
910	chr2	164074027	164074008	+	7.906	10.22	>	6	11	79
911	chr3	45373410	45373391	+	7.855	1.438	>	6	11	79
912	chr1	152768355	152768336	-	7.84	9.35	>	6	11	79
913	chr11	102267665	102267646	-	7.81	17.44	>	6	11	79
914	chr11	43411664	43411645	-	7.81	21.72	>	6	11	79
915	chr2	129880054	129880035	+	7.805	6.484	>	6	11	79
916	chr11	81972241	81972222	+	7.797	9.07	>	6	11	79
917	chr9	65581143	65581124	-	7.793	11.17	>	6	11	79
918	chr4	106228720	106228701	+	7.727	13.9	>	6	11	79
919	chr6	119467876	119467857	+	7.703	18.1	>	6	11	79
920	chr10	122794511	122794492	+	7.695	15.734	>	6	11	79
921	chr14	34813484	34813465	-	7.69	11.805	>	6	11	79
922	chr15	19280629	19280610	+	7.68	3.066	>	6	11	79
923	chr13	38235597	38235578	-	7.676	11.836	>	6	11	79
924	chr13	21710105	21710086	+	7.67	14.95	>	6	11	79
925	chr11	104231353	104231334	-	7.67	18.38	>	6	11	79
926	chr6	86401304	86401285	-	7.64	23.28	>	6	11	79
927	chr4	24245320	24245301	-	7.633	3.027	>	6	11	79
928	chr9	29655082	29655063	+	7.613	20.11	>	6	11	79
929	chr9	58535957	58535938	-	7.605	16.9	>	6	11	79
930	chr5	112427478	112427459	-	7.598	9.93	>	6	11	79
931	chr4	140539353	140539334	-	7.58	22.9	>	6	11	79
932	chr14	105302910	105302891	+	7.57	4.605	>	6	11	79
933	chr7	19713404	19713385	-	7.543	26.19	>	6	11	79
934	chr1	127487367	127487348	-	7.52	14.33	>	6	11	79
935	chr19	56806125	56806106	-	7.504	5.934	>	6	11	79
936	chr19	47175662	47175643	-	7.46	21.67	>	6	11	79
937	chr2	150795624	150795605	-	7.44	6.633	>	6	11	79
938	chr2	137114826	137114807	+	7.438	4.08	>	6	11	79
939	chr10	119244230	119244211	+	7.434	4.305	>	6	11	79
940	chr5	117094622	117094603	+	7.42	22.22	>	6	11	79
941	chr11	67100384	67100365	-	7.42	22.83	>	6	11	79
942	chr5	30686988	30686969	+	7.41	18.64	>	6	11	79
943	chr8	105291139	105291120	-	7.41	11.78	>	6	11	79
944	chr7	143470174	143470155	-	7.39	17.94	>	6	11	79
945	chr15	8099290	8099271	-	7.35	8.336	>	6	11	79
946	chr7	119015949	119015930	+	7.34	17.75	>	6	11	79
947	chr17	56306039	56306020	-	7.305	16.48	>	6	11	79
948	chr1	134636895	134636876	+	7.3	5.97	>	6	11	79
949	chr17	65541217	65541198	+	7.258	9.125	>	6	11	79
950	chr14	49218880	49218861	+	7.25	8.47	>	6	11	79
951	chr1	25527154	25527135	+	7.2	7.453	>	6	11	79
952	chr1	146515575	146515556	+	7.18	3.11	>	6	11	79
953	chr9	44109578	44109559	+	7.176	33.9	>	6	11	79
954	chr11	108889358	108889339	+	7.15	8.016	>	6	11	79
955	chr7	138398615	138398596	+	7.117	4.707	>	6	11	79
956	chr5	32204842	32204823	+	7.11	6.15	>	6	11	79
957	chr8	14859581	14859562	+	7.1	5.27	>	6	11	79
958	chr11	95676507	95676488	-	7.09	14.555	>	6	11	79
959	chr6	85141186	85141167	+	7.08	33.56	>	6	11	79
960	chr14	20340404	20340385	-	7.04	15.81	>	6	11	79
961	chr1	193130339	193130320	-	7.023	5.71	>	6	11	79
962	chr9	98032882	98032863	+	6.992	4.73	>	6	11	79
963	chr7	143793289	143793270	+	6.98	21.42	>	6	11	79
964	chr12	32292312	32292293	-	6.895	8.26	>	6	11	79
965	chr17	45724453	45724434	-	6.89	12.125	>	6	11	79
966	chr14	102512314	102512295	+	6.89	1.602	>	6	11	79
967	chr8	11943038	11943019	+	6.88	5.47	>	6	11	79
968	chr7	83553561	83553542	+	6.867	8.27	>	6	11	79
969	chr9	64960779	64960760	-	6.85	16.31	>	6	11	79
970	chr9	30426996	30426977	+	6.832	15.31	>	6	11	79
971	chr11	119249183	119249164	+	6.785	23.48	>	6	11	79
972	chr8	90795542	90795523	+	6.77	10.67	>	6	11	79
973	chr2	113498926	113498907	-	6.766	9.86	>	6	11	79
974	chr13	62926662	62926643	+	6.75	4.73	>	6	11	79
975	chr1	127485025	127485006	+	6.715	16.44	>	6	11	79
976	chr17	78592615	78592596	+	6.715	8.945	>	6	11	79
977	chr2	118246134	118246115	-	6.668	13.72	>	6	11	79
978	chr2	92474875	92474856	-	6.652	13.95	>	6	11	79
979	chr7	17061423	17061404	+	6.645	15.1	>	6	11	79
980	chr10	122090678	122090659	+	6.63	8.38	>	6	11	79
981	chr13	64448147	64448128	+	6.594	17.92	>	6	11	79
982	chr2	34642611	34642592	-	6.562	14.51	>	6	11	79
983	chr5	117509743	117509724	+	6.54	26.92	>	6	11	79
984	chr7	131371109	131371090	+	6.516	4.71	>	6	11	79
985	chr6	94054143	94054124	-	6.5	13.34	>	6	11	79
986	chr14	20697228	20697209	+	6.465	17.88	>	6	11	79
987	chr10	122798121	122798102	+	6.46	15.23	>	6	11	79
988	chr13	14196604	14196585	+	6.45	1.613	>	6	11	79
989	chr3	118991976	118991957	+	6.438	8.26	>	6	11	79
990	chr9	107231295	107231276	-	6.434	7.414	>	6	11	79
991	chr15	24557016	24556997	-	6.418	3.371	>	6	11	79
992	chr2	178407758	178407739	+	6.414	11.43	>	6	11	79
993	chr9	90683476	90683457	-	6.38	1.322	>	6	11	79
994	chr6	22968335	22968316	-	6.34	6.418	>	6	11	79
995	chr12	67217811	67217792	+	6.336	1.95	>	6	11	79
996	chr10	82910438	82910419	+	6.277	10.99	>	6	11	79
997	chr7	49125716	49125697	+	6.258	16.88	>	6	11	79
998	chr11	119491305	119491286	-	6.215	10.81	>	6	11	79
999	chr11	32341308	32341289	-	6.21	14.555	>	6	11	79
1000	chr19	8713406	8713387	+	6.19	10.44	>	6	11	79
1001	chr4	48048044	48048025	+	6.152	6.21	>	6	11	79
1002	chr11	52764825	52764806	+	6.15	7.75	>	6	11	79
1003	chr13	20564636	20564617	-	6.145	4.82	>	6	11	79
1004	chr10	39105011	39104992	-	6.14	7.152	>	6	11	79
1005	chr11	98909856	98909837	-	6.117	18.95	>	6	11	79
1006	chr1	151025102	151025083	+	6.117	4.496	>	6	11	79
1007	chr5	98167777	98167758	-	6.113	9.555	>	6	11	79
1008	chr8	88118562	88118543	+	6.062	3.66	>	6	11	79
1009	chr16	92511934	92511915	+	6.035	16.34	>	6	11	79
1010	chr15	25792295	25792276	-	6.008	6.87	>	6	11	79
1011	chr13	92751194	92751175	+	5.938	12.68	>	6	11	79
1012	chr5	101688793	101688774	-	5.934	12.51	>	6	11	79
1013	chr7	112023252	112023233	+	5.93	8.26	>	6	11	79
1014	chr14	21854038	21854019	-	5.914	27.36	>	6	11	79
1015	chr8	32003733	32003714	-	5.9	2.012	>	6	11	79
1016	chr13	53095394	53095375	-	5.867	6.086	>	6	11	79
1017	chr1	182554179	182554160	+	5.836	10.15	>	6	11	79
1018	chr6	18381568	18381549	+	5.832	1.955	>	6	11	79
1019	chr9	77389590	77389571	+	5.832	5.68	>	6	11	79
1020	chr16	5254481	5254462	-	5.812	12.77	>	6	11	79
1021	chr2	93199625	93199606	+	5.797	14.08	>	6	11	79
1022	chr9	81631651	81631632	-	5.793	3.863	>	6	11	79
1023	chr2	152887412	152887393	-	5.78	4.652	>	6	11	79
1024	chr4	153481137	153481118	-	5.766	3.3	>	6	11	79
1025	chr8	72239706	72239687	-	5.754	5.32	>	6	11	79
1026	chr18	65750236	65750217	-	5.703	2.543	>	6	11	79
1027	chr6	61311882	61311863	-	5.68	7.43	>	6	11	79
1028	chr18	46143625	46143606	+	5.676	6.477	>	6	11	79
1029	chr6	120836118	120836099	+	5.64	7.797	>	6	11	79
1030	chr6	100563990	100563971	-	5.625	4.164	>	6	11	79
1031	chr3	13475098	13475079	-	5.61	1.948	>	6	11	79
1032	chr2	132262968	132262949	+	5.6	7.164	>	6	11	79
1033	chr11	103334169	103334150	+	5.594	12.02	>	6	11	79
1034	chr6	54255029	54255010	+	5.586	4.35	>	6	11	79
1035	chr13	101711018	101710999	+	5.543	9.15	>	6	11	79
1036	chr5	39644761	39644742	-	5.54	3.531	>	6	11	79
1037	chr8	90795201	90795182	-	5.516	4.996	>	6	11	79
1038	chr18	23162646	23162627	+	5.51	1.562	>	6	11	79
1039	chr16	78165563	78165544	+	5.477	7.39	>	6	11	79
1040	chr2	96584106	96584087	-	5.44	3.29	>	6	11	79
1041	chr12	72070473	72070454	+	5.426	11.336	>	6	11	79
1042	chr12	24708691	24708672	+	5.414	9.914	>	6	11	79
1043	chr8	92367135	92367116	-	5.406	6.984	>	6	11	79
1044	chr17	83866777	83866758	+	5.4	23.0	>	6	11	79
1045	chr13	55322636	55322617	-	5.4	7.0	>	6	11	79
1046	chr6	88893771	88893752	-	5.395	16.78	>	6	11	79
1047	chr19	8718731	8718712	-	5.383	8.6	>	6	11	79
1048	chr12	59220179	59220160	-	5.38	2.5	>	6	11	79
1049	chr14	60784526	60784507	+	5.367	16.06	>	6	11	79
1050	chr3	153658591	153658572	+	5.33	6.258	>	6	11	79
1051	chr9	77386949	77386930	-	5.312	12.24	>	6	11	79
1052	chr10	83219903	83219884	+	5.312	6.188	>	6	11	79
1053	chr6	15176967	15176948	-	5.31	2.947	>	6	11	79
1054	chr2	152604207	152604188	-	5.27	19.44	>	6	11	79
1055	chr2	39003369	39003350	-	5.26	1.671	>	6	11	79
1056	chr16	31425707	31425688	-	5.254	13.484	>	6	11	79
1057	chr5	137503018	137502999	-	5.227	3.691	>	6	11	79
1058	chr18	13973086	13973067	-	5.207	0.71	>	6	11	79
1059	chr17	68849016	68848997	-	5.2	1.891	>	6	11	79
1060	chr2	128408931	128408912	-	5.19	8.72	>	6	11	79
1061	chr14	97559790	97559771	-	5.16	2.041	>	6	11	79
1062	chr8	67903864	67903845	-	5.13	6.113	>	6	11	79
1063	chr14	56888181	56888162	-	5.125	3.316	>	6	11	79
1064	chr4	132198465	132198446	+	5.125	11.19	>	6	11	79
1065	chr2	39005861	39005842	-	5.12	3.883	>	6	11	79
1066	chr7	137471679	137471660	-	5.1	19.97	>	6	11	79
1067	chr6	64949075	64949056	+	5.09	5.168	>	6	11	79
1068	chr18	16821148	16821129	+	5.043	1.935	>	6	11	79
1069	chr2	93813566	93813547	+	5.04	13.086	>	6	11	79
1070	chr6	126481478	126481459	-	5.023	10.89	>	6	11	79
1071	chr1	181881093	181881074	-	4.984	10.19	>	6	11	79
1072	chr6	108065822	108065803	-	4.977	6.67	>	6	11	79
1073	chr4	88550373	88550354	+	4.938	4.04	>	6	11	79
1074	chr5	137502167	137502148	+	4.867	8.81	>	6	11	79
1075	chr8	77618148	77618129	-	4.86	4.188	>	6	11	79
1076	chr7	120098024	120098005	+	4.855	7.22	>	6	11	79
1077	chr2	75152706	75152687	-	4.824	10.55	>	6	11	79
1078	chr11	87950193	87950174	+	4.78	11.09	>	6	11	79
1079	chr11	94598936	94598917	-	4.746	10.49	>	6	11	79
1080	chr1	10229119	10229100	+	4.746	0.972	>	6	11	79
1081	chr7	143476888	143476869	+	4.746	8.89	>	6	11	79
1082	chr9	102607693	102607674	-	4.715	3.604	>	6	11	79
1083	chr8	32009749	32009730	+	4.71	6.785	>	6	11	79
1084	chr3	99262117	99262098	-	4.707	1.889	>	6	11	79
1085	chr18	75607987	75607968	+	4.664	23.11	>	6	11	79
1086	chr7	75380211	75380192	-	4.64	2.41	>	6	11	79
1087	chr3	135863108	135863089	+	4.64	3.164	>	6	11	79
1088	chr4	87369015	87368996	-	4.625	9.125	>	6	11	79
1089	chr8	84639535	84639516	+	4.605	13.88	>	6	11	79
1090	chr15	74524301	74524282	+	4.586	13.7	>	6	11	79
1091	chr17	57007316	57007297	-	4.582	9.42	>	6	11	79
1092	chr11	30893985	30893966	+	4.547	0.9004	>	6	11	79
1093	chr19	57360190	57360171	-	4.543	2.654	>	6	11	79
1094	chr8	110102657	110102638	-	4.53	9.24	>	6	11	79
1095	chr7	135389259	135389240	-	4.53	9.336	>	6	11	79
1096	chr4	152527530	152527511	+	4.516	13.99	>	6	11	79
1097	chr13	103710441	103710422	+	4.5	4.57	>	6	11	79
1098	chr10	120896053	120896034	+	4.5	2.322	>	6	11	79
1099	chr18	5155632	5155613	-	4.484	6.39	>	6	11	79
1100	chr12	80141693	80141674	-	4.45	17.05	>	6	11	79
1101	chr5	118763566	118763547	-	4.418	12.81	>	6	11	79
1102	chr12	14150175	14150156	+	4.406	3.688	>	6	11	79
1103	chr10	128990300	128990281	-	4.4	8.03	>	6	11	79
1104	chr10	30834038	30834019	-	4.37	4.473	>	6	11	79
1105	chr6	50618483	50618464	+	4.367	12.766	>	6	11	79
1106	chr15	9748972	9748953	-	4.36	3.496	>	6	11	79
1107	chr16	92308164	92308145	-	4.355	11.22	>	6	11	79
1108	chr2	9881964	9881945	-	4.355	2.918	>	6	11	79
1109	chr8	123106089	123106070	+	4.336	8.18	>	6	11	79
1110	chr5	98346264	98346245	+	4.324	2.342	>	6	11	79
1111	chr10	40249841	40249822	-	4.316	12.23	>	6	11	79
1112	chr3	141457685	141457666	+	4.312	4.707	>	6	11	79
1113	chr9	40192620	40192601	-	4.3	2.145	>	6	11	79
1114	chr9	72448248	72448229	+	4.29	7.78	>	6	11	79
1115	chr13	24316809	24316790	-	4.273	3.682	>	6	11	79
1116	chr1	50927249	50927230	+	4.258	4.5	>	6	11	79
1117	chr11	102690417	102690398	-	4.223	12.195	>	6	11	79
1118	chr4	116627141	116627122	+	4.207	6.52	>	6	11	79
1119	chr15	76198817	76198798	+	4.164	10.72	>	6	11	79
1120	chr15	12113620	12113601	-	4.156	3.312	>	6	11	79
1121	chr1	115675059	115675040	+	4.152	5.223	>	6	11	79
1122	chr2	34644807	34644788	-	4.15	8.266	>	6	11	79
1123	chr2	166084974	166084955	-	4.133	18.12	>	6	11	79
1124	chr11	21571906	21571887	-	4.13	2.105	>	6	11	79
1125	chr15	9449709	9449690	-	4.062	0.543	>	6	11	79
1126	chr5	92664520	92664501	-	4.055	3.326	>	6	11	79
1127	chr12	77001216	77001197	+	4.043	1.105	>	6	11	79
1128	chr6	93757507	93757488	-	4.01	5.273	>	6	11	79
1129	chr19	56302794	56302775	+	4.01	3.797	>	6	11	79
1130	chr13	71954038	71954019	-	4.008	1.19	>	6	11	79
1131	chr4	17852015	17851996	-	4.0	0.8535	>	6	11	79
1132	chr18	39136126	39136107	+	3.992	1.932	>	6	11	79
1133	chr1	153489234	153489215	-	3.99	7.715	>	6	11	79
1134	chr9	66136172	66136153	-	3.988	5.383	>	6	11	79
1135	chr11	109621431	109621412	-	3.979	11.484	>	6	11	79
1136	chr13	91723318	91723299	+	3.959	5.49	>	6	11	79
1137	chr13	3642291	3642272	-	3.959	4.75	>	6	11	79
1138	chr13	47304770	47304751	+	3.957	6.746	>	6	11	79
1139	chr2	121144456	121144437	+	3.953	4.504	>	6	11	79
1140	chr13	93772223	93772204	-	3.928	3.56	>	6	11	79
1141	chr10	70967079	70967060	+	3.916	4.88	>	6	11	79
1142	chr13	59417085	59417066	-	3.91	5.0	>	6	11	79
1143	chr7	102484972	102484953	-	3.883	7.0	>	6	11	79
1144	chr5	38235667	38235648	-	3.879	10.78	>	6	11	79
1145	chr14	56885401	56885382	+	3.87	2.412	>	6	11	79
1146	chr11	75170669	75170650	-	3.861	7.984	>	6	11	79
1147	chr11	77980417	77980398	+	3.846	9.5	>	6	11	79
1148	chr9	94738712	94738693	+	3.828	14.92	>	6	11	79
1149	chr6	140466500	140466481	-	3.816	3.785	>	6	11	79
1150	chr19	57361025	57361006	-	3.814	6.484	>	6	11	79
1151	chr12	58972459	58972440	+	3.777	2.135	>	6	11	79
1152	chr2	61490636	61490617	+	3.775	5.23	>	6	11	79
1153	chr4	44310651	44310632	+	3.762	4.973	>	6	11	79
1154	chr11	52766147	52766128	+	3.734	1.83	>	6	11	79
1155	chr13	72627587	72627568	-	3.717	4.066	>	6	11	79
1156	chr9	23012459	23012440	-	3.71	1.704	>	6	11	79
1157	chr16	31427924	31427905	-	3.705	3.383	>	6	11	79
1158	chr12	29895773	29895754	+	3.691	1.481	>	6	11	79
1159	chr9	73154557	73154538	+	3.666	9.1	>	6	11	79
1160	chr1	127484437	127484418	-	3.66	8.8	>	6	11	79
1161	chr9	107566236	107566217	+	3.656	7.098	>	6	11	79
1162	chr2	68118338	68118319	+	3.652	4.36	>	6	11	79
1163	chr11	11140836	11140817	-	3.629	13.69	>	6	11	79
1164	chr12	74014936	74014917	-	3.627	5.97	>	6	11	79
1165	chr7	138396301	138396282	-	3.621	0.934	>	6	11	79
1166	chr14	103534605	103534586	+	3.617	5.312	>	6	11	79
1167	chr10	115164112	115164093	-	3.613	3.031	>	6	11	79
1168	chr7	119019764	119019745	+	3.598	7.113	>	6	11	79
1169	chr13	96389525	96389506	-	3.588	1.339	>	6	11	79
1170	chr14	74723724	74723705	-	3.586	5.766	>	6	11	79
1171	chr14	55114114	55114095	-	3.57	7.387	>	6	11	79
1172	chr9	62784468	62784449	+	3.562	12.84	>	6	11	79
1173	chr10	127678167	127678148	-	3.541	2.129	>	6	11	79
1174	chr17	55948218	55948199	-	3.535	4.3	>	6	11	79
1175	chr11	78183263	78183244	-	3.525	12.305	>	6	11	79
1176	chr6	59207403	59207384	-	3.508	1.477	>	6	11	79
1177	chr6	135416919	135416900	+	3.498	4.027	>	6	11	79
1178	chr5	122104403	122104384	+	3.492	11.98	>	6	11	79
1179	chr13	37971068	37971049	-	3.482	3.088	>	6	11	79
1180	chr5	114612410	114612391	+	3.48	13.6	>	6	11	79
1181	chr10	114442226	114442207	+	3.46	2.104	>	6	11	79
1182	chr2	145655527	145655508	-	3.44	2.05	>	6	11	79
1183	chr7	109507351	109507332	-	3.418	1.832	>	6	11	79
1184	chr16	10009965	10009946	+	3.402	4.965	>	6	11	79
1185	chr14	67969032	67969013	-	3.385	5.523	>	6	11	79
1186	chr5	140744055	140744036	-	3.348	10.35	>	6	11	79
1187	chr1	56984334	56984315	+	3.338	2.584	>	6	11	79
1188	chr2	137110782	137110763	+	3.328	1.323	>	6	11	79
1189	chr16	22267525	22267506	+	3.322	1.262	>	6	11	79
1190	chr16	4884595	4884576	-	3.3	2.822	>	6	11	79
1191	chr5	19458406	19458387	-	3.291	6.625	>	6	11	79
1192	chr1	84697217	84697198	-	3.29	7.492	>	6	11	79
1193	chr14	122903088	122903069	-	3.29	2.205	>	6	11	79
1194	chr7	64056729	64056710	-	3.273	1.214	>	6	11	79
1195	chr9	71624061	71624042	-	3.273	15.39	>	6	11	79
1196	chr9	96885958	96885939	-	3.271	10.016	>	6	11	79
1197	chr18	46964733	46964714	-	3.266	8.555	>	6	11	79
1198	chr3	122638475	122638456	+	3.26	4.82	>	6	11	79
1199	chr9	94733848	94733829	+	3.256	3.768	>	6	11	79
1200	chr1	167938404	167938385	-	3.25	6.79	>	6	11	79
1201	chr1	180811841	180811822	+	3.244	6.383	>	6	11	79
1202	chr10	42760472	42760453	+	3.229	1.784	>	6	11	79
1203	chr18	20598347	20598328	+	3.213	4.758	>	6	11	79
1204	chr17	71909305	71909286	+	3.203	3.572	>	6	11	79
1205	chr1	34459898	34459879	+	3.193	3.389	>	6	11	79
1206	chr4	117202234	117202215	-	3.191	9.61	>	6	11	79
1207	chr15	101313974	101313955	-	3.178	2.96	>	6	11	79
1208	chr16	13438138	13438119	+	3.176	1.241	>	6	11	79
1209	chr7	114878499	114878480	+	3.174	1.604	>	6	11	79
1210	chr11	109866735	109866716	+	3.166	2.812	>	6	11	79
1211	chr3	123509329	123509310	+	3.162	5.67	>	6	11	79
1212	chr3	114085881	114085862	-	3.146	0.5283	>	6	11	79
1213	chr4	120149384	120149365	-	3.145	8.09	>	6	11	79
1214	chr16	4549594	4549575	-	3.137	11.12	>	6	11	79
1215	chr15	78872224	78872205	+	3.133	9.35	>	6	11	79
1216	chr12	57231261	57231242	-	3.127	3.32	>	6	11	79
1217	chr9	71624949	71624930	-	3.125	15.0	>	6	11	79
1218	chr4	18963859	18963840	-	3.12	4.01	>	6	11	79
1219	chr8	40913366	40913347	-	3.115	1.625	>	6	11	79
1220	chr5	21645240	21645221	-	3.11	1.259	>	6	11	79
1221	chr10	68357244	68357225	+	3.094	1.353	>	6	11	79
1222	chr2	93812077	93812058	-	3.06	11.82	>	6	11	79
1223	chr12	75669431	75669412	-	3.05	4.1	>	6	11	79
1224	chr1	12844023	12844004	+	3.033	4.33	>	6	11	79
1225	chr12	86697142	86697123	+	3.025	6.996	>	6	11	79
1226	chr9	98033678	98033659	+	3.021	1.525	>	6	11	79
1227	chr19	37946902	37946883	+	3.02	4.082	>	6	11	79
1228	chr9	75271676	75271657	+	3.01	4.42	>	6	11	79
1229	chr11	55162881	55162862	+	2.996	3.625	>	6	11	79
1230	chr17	25274339	25274320	-	2.984	4.45	>	6	11	79
1231	chr6	108065317	108065298	+	2.984	5.535	>	6	11	79
1232	chr7	5071749	5071730	-	2.928	2.754	>	6	11	79
1233	chr3	152477906	152477887	-	2.922	3.295	>	6	11	79
1234	chr5	28090770	28090751	-	2.922	2.412	>	6	11	79
1235	chr14	78282622	78282603	+	2.91	2.186	>	6	11	79
1236	chr14	88480122	88480103	-	2.906	3.236	>	6	11	79
1237	chr7	107569047	107569028	+	2.902	1.588	>	6	11	79
1238	chr3	83777088	83777069	-	2.879	3.992	>	6	11	79
1239	chr8	48550865	48550846	+	2.871	0.592	>	6	11	79
1240	chr7	132575955	132575936	-	2.855	4.473	>	6	11	79
1241	chr14	79769127	79769108	-	2.852	4.36	>	6	11	79
1242	chr17	69974245	69974226	-	2.799	1.284	>	6	11	79
1243	chr12	66284211	66284192	-	2.793	5.484	>	6	11	79
1244	chr6	83796902	83796883	-	2.785	3.35	>	6	11	79
1245	chr9	44108077	44108058	+	2.785	11.375	>	6	11	79
1246	chr11	116023924	116023905	+	2.777	6.906	>	6	11	79
1247	chr3	86779824	86779805	-	2.775	8.64	>	6	11	79
1248	chr19	46056202	46056183	+	2.77	5.27	>	6	11	79
1249	chr10	108210181	108210162	-	2.762	0.674	>	6	11	79
1250	chr8	27001386	27001367	+	0.4329	0.4077	>	6	11	79
1251	chr17	28338029	28338010	-	0.252	0.265	>	6	11	79
1252	chr11	76445826	76445807	-	0.2268	0.1863	>	6	11	79
1253	chr5	144244146	144244127	-	0.311	0.3691	>	6	11	79
1254	chr14	79768803	79768784	-	0.3076	0.2808	>	6	11	79
1255	chr9	26778623	26778604	-	1.299	0.6914	>	6	11	79
1256	chr7	25392052	25392033	+	0.2487	0.242	>	6	11	79
1257	chr3	101484879	101484860	-	0.3438	0.528	>	6	11	79
1258	chr2	69113988	69113969	+	0.2472	0.1981	>	6	11	79
1259	chr13	29852447	29852428	-	0.1781	0.1941	>	6	11	79
1260	chr2	60213231	60213212	-	0.1073	0.1628	>	6	11	79
1261	chr2	171418157	171418138	-	0.1407	0.2131	>	6	11	79
1262	chr7	64392050	64392031	-	0.514	0.2006	>	6	11	79
1263	chr15	36157434	36157415	-	0.7227	0.836	>	6	11	79
1264	chr4	49662357	49662338	-	0.4692	0.2915	>	6	11	79
1265	chr4	48422356	48422337	+	1.027	0.5225	>	6	11	79
1266	chr18	82720514	82720495	+	0.1605	0.1409	>	6	11	79
1267	chr1	172022686	172022667	+	0.1733	0.1764	>	6	11	79
1268	chr7	139595890	139595871	+	0.1575	0.2125	>	6	11	79
1269	chr12	73007842	73007823	-	0.345	0.2974	>	6	11	79
1270	chr17	27192928	27192909	-	0.1056	0.4468	>	6	11	79
1271	chr1	53698960	53698941	+	0.557	0.255	>	6	11	79
1272	chr18	12734380	12734361	+	0.207	0.1383	>	6	11	79
1273	chr6	126767488	126767469	-	0.2039	0.2483	>	6	11	79
1274	chr2	92856249	92856230	-	2.734	0.857	>	6	11	79
1275	chr11	74572851	74572832	+	0.2646	0.2705	>	6	11	79
1276	chr9	59675637	59675618	-	0.4082	0.744	>	6	11	79
1277	chr15	55025647	55025628	+	0.1847	0.1536	>	6	11	79
1278	chr4	120579150	120579131	-	0.33	0.264	>	6	11	79
1279	chr15	74525720	74525701	+	0.2172	0.2104	>	6	11	79
1280	chr1	88748095	88748076	+	0.1973	0.1881	>	6	11	79
1281	chr15	32239655	32239636	-	0.2822	0.1587	>	6	11	79
1282	chr7	36571183	36571164	+	0.1103	0.1942	>	6	11	79
1283	chr11	113855351	113855332	-	0.1613	0.1947	>	6	11	79
1284	chr6	90609163	90609144	+	2.127	1.159	>	6	11	79
1285	chr3	146181407	146181388	-	0.2034	0.3416	>	6	11	79
1286	chr10	69857222	69857203	-	0.3232	0.3599	>	6	11	79
1287	chr2	158361425	158361406	-	0.5625	0.2502	>	6	11	79
1288	chr5	136268179	136268160	-	0.1886	0.2153	>	6	11	79
1289	chr16	11983350	11983331	-	1.634	1.076	>	6	11	79
1290	chr2	84437773	84437754	+	0.2305	0.14	>	6	11	79
1291	chr18	24002018	24001999	-	0.133	0.1333	>	6	11	79
1292	chr1	130151533	130151514	-	0.4075	0.3347	>	6	11	79
1293	chr9	59675855	59675836	+	0.3367	0.2161	>	6	11	79
1294	chr11	116840251	116840232	-	0.3374	0.637	>	6	11	79
1295	chr2	155819963	155819944	+	0.07886	0.146	>	6	11	79
1296	chr14	105301632	105301613	+	0.206	0.2114	>	6	11	79
1297	chr12	9044592	9044573	+	0.1821	0.2019	>	6	11	79
1298	chr18	13971224	13971205	-	0.5337	0.3596	>	6	11	79
1299	chr5	136267600	136267581	-	0.2751	0.189	>	6	11	79
1300	chr5	33371430	33371411	+	0.3992	0.1644	>	6	11	79
1301	chr14	51090397	51090378	-	0.4153	0.243	>	6	11	79
1302	chr1	77935072	77935053	+	0.1814	0.1729	>	6	11	79
1303	chr11	119246049	119246030	-	0.204	0.3367	>	6	11	79
1304	chr17	50274949	50274930	-	0.441	0.1749	>	6	11	79
1305	chr8	108956442	108956423	+	0.5635	0.3044	>	6	11	79
1306	chr11	66885340	66885321	+	0.1636	0.169	>	6	11	79
1307	chr7	30099945	30099926	-	0.1979	0.1757	>	6	11	79
1308	chr15	99973159	99973140	-	0.1998	0.3345	>	6	11	79
1309	chr5	16308949	16308930	+	0.1567	0.1411	>	6	11	79
1310	chr6	119466578	119466559	-	0.9824	0.9795	>	6	11	79
1311	chr2	136886679	136886660	+	0.7764	0.2095	>	6	11	79
1312	chr14	79763594	79763575	-	0.2852	0.151	>	6	11	79
1313	chr2	170416012	170415993	+	0.1837	0.1256	>	6	11	79
1314	chr4	41015236	41015217	-	0.1882	0.1434	>	6	11	79
1315	chr11	70975109	70975090	+	0.713	0.3914	>	6	11	79
1316	chr5	122773202	122773183	+	0.11584	0.1375	>	6	11	79
1317	chr4	128588031	128588012	-	0.2659	0.1909	>	6	11	79
1318	chr8	122576186	122576167	-	0.11285	0.1545	>	6	11	79
1319	chr7	76383989	76383970	+	0.1553	0.154	>	6	11	79
1320	chr9	41467019	41467000	-	0.2223	0.1565	>	6	11	79
1321	chr1	32712246	32712227	-	0.05322	0.1516	>	6	11	79
1322	chr16	23974866	23974847	-	0.5283	0.3425	>	6	11	79
1323	chr15	84066194	84066175	-	0.6196	1.17	>	6	11	79
1324	chr11	40148920	40148901	-	1.272	0.642	>	6	11	79
1325	chr7	27166488	27166469	-	0.306	0.491	>	6	11	79
1326	chr11	30240273	30240254	+	0.4001	0.2556	>	6	11	79
1327	chr2	69115969	69115950	-	0.1754	0.1587	>	6	11	79
1328	chr9	113420569	113420550	-	0.2261	0.2178	>	6	11	79
1329	chr12	99882528	99882509	-	0.2617	0.1387	>	6	11	79
1330	chr5	77347648	77347629	-	0.3625	0.4211	>	6	11	79
1331	chr10	49780455	49780436	+	0.2179	0.1394	>	6	11	79
1332	chr5	75855263	75855244	-	0.6416	0.4326	>	6	11	79
1333	chr2	124087358	124087339	-	0.6436	0.2075	>	6	11	79
1334	chr14	49219056	49219037	+	0.678	0.694	>	6	11	79
1335	chr5	147938091	147938072	+	0.368	0.1842	>	6	11	79
1336	chr11	32340288	32340269	+	0.1792	0.1648	>	6	11	79
1337	chr16	50181579	50181560	+	0.2006	0.1838	>	6	11	79
1338	chr16	20496121	20496102	-	0.6714	0.1777	>	6	11	79
1339	chr8	76775680	76775661	+	0.135	0.1975	>	6	11	79
1340	chr14	65597676	65597657	+	0.6543	0.452	>	6	11	79
1341	chr7	64754771	64754752	+	0.1351	0.2295	>	6	11	79
1342	chr2	166083979	166083960	-	0.2964	0.2065	>	6	11	79
1343	chr16	44140440	44140421	+	0.4607	0.3381	>	6	11	79
1344	chr12	90524338	90524319	-	0.3223	0.2983	>	6	11	79
1345	chr5	89391716	89391697	+	0.1626	0.1418	>	6	11	79
1346	chr9	59675438	59675419	-	0.2104	0.1542	>	6	11	79
1347	chr19	16339103	16339084	-	0.1967	0.1177	>	6	11	79
1348	chr13	30545067	30545048	+	0.3672	0.2915	>	6	11	79
1349	chr1	92462681	92462662	+	0.3916	0.1832	>	6	11	79
1350	chr4	84066283	84066264	-	0.1898	0.1552	>	6	11	79
1351	chr9	83373922	83373903	-	0.2197	0.1434	>	6	11	79
1352	chr4	88773969	88773950	-	0.9507	8.01	>	6	11	79
1353	chr9	123132258	123132239	-	0.1687	0.1416	>	6	11	79
1354	chr17	34958843	34958824	-	0.2079	0.5464	>	6	11	79
1355	chr12	50946225	50946206	+	0.2341	0.157	>	6	11	79
1356	chr13	73647252	73647233	+	0.267	0.1704	>	6	11	79
1357	chr11	83279300	83279281	-	0.4434	0.2251	>	6	11	79
1358	chr17	8986048	8986029	-	0.3325	0.212	>	6	11	79
1359	chr4	14935721	14935702	-	0.7095	0.296	>	6	11	79
1360	chr4	75076699	75076680	+	0.09125	0.2014	>	6	11	79
1361	chr5	114610713	114610694	+	0.0985	0.1626	>	6	11	79
1362	chr9	83378273	83378254	-	0.471	0.2808	>	6	11	79
1363	chr9	107773182	107773163	-	0.1786	0.1414	>	6	11	79
1364	chr9	41218030	41218011	+	0.1323	0.1355	>	6	11	79
1365	chr9	105644718	105644699	+	0.4255	0.1808	>	6	11	79
1366	chr8	84264441	84264422	-	1.261	1.4795	>	6	11	79
1367	chr4	135959453	135959434	+	0.112	0.2223	>	6	11	79
1368	chr1	24684268	24684249	+	0.4001	0.1942	>	6	11	79
1369	chr3	87748577	87748558	-	0.7593	0.4382	>	6	11	79
1370	chr9	54690950	54690931	+	0.11566	0.136	>	6	11	79
1371	chr15	82277690	82277671	-	0.9043	0.4492	>	6	11	79
1372	chr5	115498528	115498509	-	0.2693	0.2164	>	6	11	79
1373	chr9	56621276	56621257	+	0.10846	0.253	>	6	11	79
1374	chr18	81956733	81956714	-	0.2815	0.2637	>	6	11	79
1375	chr10	22791401	22791382	-	0.1346	0.2358	>	6	11	79
1376	chr15	82271301	82271282	+	0.836	0.1838	>	6	11	79
1377	chr12	69946159	69946140	+	0.555	0.455	>	6	11	79
1378	chr14	101442800	101442781	+	0.2983	0.1344	>	6	11	79
1379	chr2	164777017	164776998	-	0.5176	0.361	>	6	11	79
1380	chr10	24631573	24631554	-	1.178	1.224	>	6	11	79
1381	chr1	136528510	136528491	-	1.761	0.7373	>	6	11	79
1382	chr10	19222118	19222099	-	1.411	0.8228	>	6	11	79
1383	chr14	56885508	56885489	-	2.348	4.004	>	6	11	79
1384	chr8	85060493	85060474	-	0.9688	0.437	>	6	11	79
1385	chr11	96075822	96075803	-	0.9316	0.4944	>	6	11	79
1386	chr11	77476535	77476516	+	0.1632	0.2383	>	6	11	79
1387	chr1	81294004	81293985	-	0.905	0.562	>	6	11	79
1388	chr12	15520954	15520935	+	0.7183	0.4033	>	6	11	79
1389	chr7	66397054	66397035	+	0.1594	0.2107	>	6	11	79
1390	chr12	74014582	74014563	-	0.2377	0.1973	>	6	11	79
1391	chr5	144242554	144242535	-	0.241	0.1987	>	6	11	79
1392	chr15	66894943	66894924	+	0.2703	0.2021	>	6	11	79
1393	chr6	126484995	126484976	-	0.4333	1.278	>	6	11	79
1394	chr4	48427148	48427129	+	0.678	0.3833	>	6	11	79
1395	chr15	71459211	71459192	+	0.252	0.1731	>	6	11	79
1396	chr3	19896435	19896416	-	0.2361	0.1467	>	6	11	79
1397	chr8	68268707	68268688	-	0.1398	0.1492	>	6	11	79
1398	chr1	182555580	182555561	-	0.1982	0.1915	>	6	11	79
1399	chr9	44413186	44413167	-	0.534	0.393	>	6	11	79
1400	chr14	70151716	70151697	+	0.3604	0.2382	>	6	11	79
1401	chr4	62478250	62478231	+	0.438	0.1328	>	6	11	79
1402	chr3	127561629	127561610	-	0.2183	0.12354	>	6	11	79
1403	chr3	69139614	69139595	-	0.397	0.2261	>	6	11	79
1404	chr17	17919616	17919597	+	0.1678	0.167	>	6	11	79
1405	chr4	139314214	139314195	-	0.2279	0.269	>	6	11	79
1406	chr18	61952763	61952744	-	0.2372	0.1731	>	6	11	79
1407	chr9	7599188	7599169	+	0.33	0.191	>	6	11	79
1408	chr10	120898341	120898322	-	0.3386	0.1467	>	6	11	79
1409	chr11	57469613	57469594	-	0.1846	0.2297	>	6	11	79
1410	chr18	58480198	58480179	-	0.2095	0.1665	>	6	11	79
1411	chr17	12380527	12380508	-	0.658	0.591	>	6	11	79
1412	chr2	107940173	107940154	+	0.11664	0.1351	>	6	11	79
1413	chr2	32580534	32580515	-	0.2605	0.4055	>	6	11	79
1414	chr15	98813480	98813461	+	0.3496	0.5376	>	6	11	79
1415	chr6	54253893	54253874	+	0.1663	0.1743	>	6	11	79
1416	chr1	135800865	135800846	+	0.1766	0.1665	>	6	11	79
1417	chr15	58426369	58426350	+	0.1996	0.1519	>	6	11	79
1418	chr4	87367775	87367756	+	0.3853	0.1472	>	6	11	79
1419	chr2	96583103	96583084	-	0.809	0.3242	>	6	11	79
1420	chr4	63366959	63366940	-	0.1979	0.1753	>	6	11	79
1421	chr4	59761293	59761274	-	0.3435	0.2113	>	6	11	79
1422	chr10	7832162	7832143	+	0.2646	0.1672	>	6	11	79
1423	chr7	89904213	89904194	-	0.2908	0.156	>	6	11	79
1424	chr1	30697342	30697323	+	0.1025	0.1263	>	6	11	79
1425	chr1	58987602	58987583	+	0.2202	0.1498	>	6	11	79
1426	chr15	7452190	7452171	+	0.1405	0.12085	>	6	11	79
1427	chr4	139877044	139877025	+	0.3875	0.2688	>	6	11	79
1428	chr3	83291887	83291868	-	0.0825	0.137	>	6	11	79
1429	chr15	68912907	68912888	-	0.5024	0.2024	>	6	11	79
1430	chr14	64593744	64593725	-	1.073	0.5703	>	6	11	79
1431	chr1	56980349	56980330	-	0.2778	0.2322	>	6	11	79
1432	chr14	75833620	75833601	-	0.6006	0.4543	>	6	11	79
1433	chr16	62904648	62904629	-	0.217	0.1924	>	6	11	79
1434	chr5	35991229	35991210	-	1.033	1.082	>	6	11	79
1435	chr5	44287418	44287399	-	0.248	0.155	>	6	11	79
1436	chr15	76199915	76199896	-	0.07776	0.3071	>	6	11	79
1437	chr4	131240262	131240243	-	0.241	0.206	>	6	11	79
1438	chr5	102147917	102147898	-	0.228	0.2458	>	6	11	79
1439	chr3	93086926	93086907	+	0.0978	0.1787	>	6	11	79
1440	chr6	126163382	126163363	+	2.373	1.376	>	6	11	79
1441	chr3	45375769	45375750	+	1.051	0.2544	>	6	11	79
1442	chr16	90306219	90306200	-	0.3647	0.3506	>	6	11	79
1443	chr17	3249270	3249251	-	0.1843	0.136	>	6	11	79
1444	chr4	143024421	143024402	-	0.087	0.1317	>	6	11	79
1445	chr19	47513892	47513873	-	0.2471	0.1393	>	6	11	79
1446	chr6	66534595	66534576	-	1.387	0.675	>	6	11	79
1447	chr6	134963172	134963153	-	0.6475	0.5996	>	6	11	79
1448	chr14	56369245	56369226	+	0.2401	0.1912	>	6	11	79
1449	chr18	53460219	53460200	+	0.1775	0.162	>	6	11	79
1450	chr7	89476922	89476903	-	0.2163	0.1522	>	6	11	79
1451	chr6	34273116	34273097	+	0.0673	0.1545	>	6	11	79
1452	chr7	142295608	142295589	-	1.062	6.32	>	6	11	79
1453	chr3	22302208	22302189	+	0.992	0.3848	>	6	11	79
1454	chr6	31045994	31045975	-	0.7534	0.959	>	6	11	79
1455	chr9	57143378	57143359	-	0.1816	0.2302	>	6	11	79
1456	chr6	101268340	101268321	+	0.2712	0.1924	>	6	11	79
1457	chr9	58897456	58897437	-	0.7163	0.4846	>	6	11	79
1458	chr17	79601068	79601049	+	0.2245	0.12476	>	6	11	79
1459	chr16	5254607	5254588	-	0.2883	0.22	>	6	11	79
1460	chr4	83595536	83595517	+	1.783	1.041	>	6	11	79
1461	chr9	51159881	51159862	-	0.6875	0.266	>	6	11	79
1462	chr14	66354429	66354410	+	0.1142	0.1388	>	6	11	79
1463	chr5	117090283	117090264	+	0.5806	0.4014	>	6	11	79
1464	chr2	168061425	168061406	-	0.1733	0.2051	>	6	11	79
1465	chr5	9169228	9169209	+	0.3306	0.1686	>	6	11	79
1466	chr6	28418701	28418682	-	0.4202	0.266	>	6	11	79
1467	chr12	105038443	105038424	-	0.1501	0.2063	>	6	11	79
1468	chr1	182558143	182558124	-	0.2264	0.1511	>	6	11	79
1469	chr8	47713300	47713281	-	1.078	1.646	>	6	11	79
1470	chr18	47357393	47357374	+	0.2007	0.1278	>	6	11	79
1471	chr1	118771083	118771064	-	0.1254	0.2006	>	6	11	79
1472	chr16	6493044	6493025	-	0.1927	0.1516	>	6	11	79
1473	chr9	42951005	42950986	-	0.3914	0.2078	>	6	11	79
1474	chr13	53430986	53430967	-	0.6504	0.3672	>	6	11	79
1475	chr13	67609268	67609249	+	2.162	0.826	>	6	11	79
1476	chr1	53035072	53035053	+	0.1465	0.1494	>	6	11	79
1477	chr7	99471824	99471805	-	0.3745	0.4907	>	6	11	79
1478	chr11	36543574	36543555	-	0.1156	0.1614	>	6	11	79
1479	chr5	124334258	124334239	-	0.3428	0.273	>	6	11	79
1480	chr10	76771414	76771395	-	0.1296	0.2047	>	6	11	79
1481	chr10	4386719	4386700	+	0.32	0.4492	>	6	11	79
1482	chr5	116554091	116554072	+	0.0876	0.1714	>	6	11	79
1483	chr10	41734858	41734839	+	0.1406	0.2605	>	6	11	79
1484	chr10	50906875	50906856	-	0.2361	0.1674	>	6	11	79
1485	chr11	31651668	31651649	+	0.07605	0.1534	>	6	11	79
1486	chr6	116193190	116193171	+	0.3687	0.372	>	6	11	79
1487	chr1	188976509	188976490	+	0.343	0.1833	>	6	11	79
1488	chr12	101976095	101976076	+	0.681	0.4116	>	6	11	79
1489	chr15	75925915	75925896	+	0.6084	0.9233	>	6	11	79
1490	chr1	4777287	4777268	-	0.9443	1.425	>	6	11	79
1491	chr18	86560230	86560211	+	0.7866	1.138	>	6	11	79
1492	chr7	43574878	43574859	+	1.292	1.347	>	6	11	79
1493	chr7	98200601	98200582	-	0.2927	0.1711	>	6	11	79
1494	chr4	143319849	143319830	+	0.2299	0.1525	>	6	11	79
1495	chr2	128601696	128601677	-	0.1208	0.207	>	6	11	79
1496	chr17	57004491	57004472	-	0.1467	0.2932	>	6	11	79
1497	chr2	35196541	35196522	-	1.081	0.3997	>	6	11	79
1498	chr5	29779371	29779352	+	0.1531	0.1671	>	6	11	79
1499	chr10	93038429	93038410	-	0.163	0.1875	>	6	11	79
0	chr4	87368268	87368249	+	90.56	65.75	>	6	12	78
1	chr11	109860827	109860808	-	89.2	47.97	>	6	12	78
2	chr3	22309188	22309169	+	81.5	60.4	>	6	12	78
3	chr10	5161770	5161751	-	79.2	55.88	>	6	12	78
4	chr16	71247702	71247683	+	68.56	43.2	>	6	12	78
5	chr16	72980067	72980048	-	68.3	56.7	>	6	12	78
6	chr6	60556001	60555982	+	67.7	40.38	>	6	12	78
7	chr5	7996919	7996900	-	66.06	59.4	>	6	12	78
8	chr14	12140114	12140095	-	65.1	51.62	>	6	12	78
9	chr13	81439574	81439555	+	64.94	46.94	>	6	12	78
10	chr9	103996726	103996707	-	64.9	51.25	>	6	12	78
11	chr15	56066340	56066321	+	63.97	42.94	>	6	12	78
12	chr10	106609250	106609231	+	63.97	42.62	>	6	12	78
13	chr1	144380222	144380203	-	63.4	48.44	>	6	12	78
14	chr10	8240468	8240449	-	62.34	45.88	>	6	12	78
15	chr12	77000269	77000250	+	62.22	54.97	>	6	12	78
16	chr1	44745882	44745863	+	62.12	40.25	>	6	12	78
17	chr4	81178889	81178870	+	62.03	50.0	>	6	12	78
18	chr9	10909768	10909749	+	61.12	47.94	>	6	12	78
19	chr6	64650119	64650100	-	60.56	60.88	>	6	12	78
20	chr15	32766485	32766466	-	60.56	46.62	>	6	12	78
21	chr4	9135983	9135964	+	60.03	34.12	>	6	12	78
22	chr7	118305013	118304994	+	59.5	47.62	>	6	12	78
23	chr10	39520570	39520551	-	58.34	40.5	>	6	12	78
24	chr1	78724658	78724639	+	58.25	47.28	>	6	12	78
25	chr2	160598038	160598019	+	57.94	55.8	>	6	12	78
26	chr18	33790258	33790239	-	57.72	56.3	>	6	12	78
27	chr12	40837750	40837731	+	57.5	46.25	>	6	12	78
28	chr8	41443763	41443744	+	57.34	56.06	>	6	12	78
29	chr14	68494314	68494295	-	56.94	24.97	>	6	12	78
30	chr1	11657910	11657891	+	56.8	43.62	>	6	12	78
31	chr11	77100337	77100318	+	55.88	49.25	>	6	12	78
32	chr16	41244935	41244916	-	55.72	48.0	>	6	12	78
33	chr14	87452291	87452272	-	55.72	63.0	>	6	12	78
34	chr18	16217050	16217031	+	54.9	26.8	>	6	12	78
35	chr11	53255133	53255114	-	54.8	39.5	>	6	12	78
36	chr9	7216447	7216428	+	54.56	27.64	>	6	12	78
37	chr8	35850598	35850579	-	54.5	50.94	>	6	12	78
38	chr8	102781131	102781112	-	54.44	41.34	>	6	12	78
39	chr5	49962010	49961991	-	54.16	50.88	>	6	12	78
40	chr7	90410162	90410143	-	54.06	39.75	>	6	12	78
41	chr4	15328717	15328698	+	54.03	40.72	>	6	12	78
42	chr11	31949616	31949597	-	54.0	41.44	>	6	12	78
43	chr1	120586671	120586652	+	53.8	57.06	>	6	12	78
44	chr13	19698921	19698902	+	53.16	40.8	>	6	12	78
45	chr12	57825950	57825931	+	53.03	34.38	>	6	12	78
46	chr16	72215933	72215914	-	52.7	45.56	>	6	12	78
47	chr9	15685402	15685383	+	52.62	45.03	>	6	12	78
48	chr10	10321327	10321308	-	52.47	23.97	>	6	12	78
49	chr9	49494135	49494116	+	52.4	51.5	>	6	12	78
50	chr3	50906169	50906150	-	52.12	57.06	>	6	12	78
51	chr11	57467973	57467954	-	52.03	54.47	>	6	12	78
52	chr11	113165316	113165297	-	51.88	57.94	>	6	12	78
53	chr9	51152608	51152589	-	51.8	48.22	>	6	12	78
54	chr16	58299658	58299639	+	51.56	30.08	>	6	12	78
55	chr16	22564783	22564764	+	51.44	49.16	>	6	12	78
56	chr8	36523135	36523116	-	51.4	44.44	>	6	12	78
57	chr14	34810941	34810922	+	51.3	52.97	>	6	12	78
58	chr6	101261740	101261721	-	51.0	49.47	>	6	12	78
59	chr7	132213694	132213675	-	50.8	38.62	>	6	12	78
60	chr2	48886271	48886252	-	50.28	44.53	>	6	12	78
61	chr12	54060974	54060955	-	50.12	27.78	>	6	12	78
62	chr1	5905019	5905000	-	50.06	44.22	>	6	12	78
63	chr9	26776375	26776356	-	50.0	53.88	>	6	12	78
64	chr1	103799519	103799500	+	49.53	56.44	>	6	12	78
65	chr9	88222188	88222169	-	49.5	40.1	>	6	12	78
66	chr18	58481884	58481865	-	49.28	39.28	>	6	12	78
67	chr13	100112788	100112769	+	49.16	37.22	>	6	12	78
68	chr3	14679394	14679375	+	49.06	29.97	>	6	12	78
69	chr16	37109459	37109440	+	48.75	19.0	>	6	12	78
70	chr3	153655318	153655299	-	48.72	48.28	>	6	12	78
71	chr16	89765698	89765679	-	48.38	54.0	>	6	12	78
72	chr13	89543228	89543209	-	48.3	56.84	>	6	12	78
73	chr11	40149509	40149490	-	48.28	36.34	>	6	12	78
74	chr3	113080940	113080921	-	48.2	53.4	>	6	12	78
75	chr10	70963797	70963778	-	47.53	51.97	>	6	12	78
76	chr6	66533480	66533461	-	47.34	41.22	>	6	12	78
77	chr18	57976815	57976796	+	47.28	41.3	>	6	12	78
78	chr12	92303388	92303369	+	47.12	48.12	>	6	12	78
79	chr6	43686140	43686121	+	47.1	34.0	>	6	12	78
80	chr15	11038687	11038668	+	47.06	40.16	>	6	12	78
81	chr6	13281064	13281045	-	47.06	44.4	>	6	12	78
82	chr4	25180081	25180062	-	46.94	22.34	>	6	12	78
83	chr2	110229883	110229864	+	46.8	37.2	>	6	12	78
84	chr2	118638293	118638274	+	46.34	48.4	>	6	12	78
85	chr14	67674858	67674839	-	46.2	40.62	>	6	12	78
86	chr1	179477262	179477243	-	45.97	54.9	>	6	12	78
87	chr12	78056191	78056172	+	45.84	48.03	>	6	12	78
88	chr15	44836402	44836383	+	45.7	45.75	>	6	12	78
89	chr9	80293262	80293243	+	45.3	48.66	>	6	12	78
90	chr1	21411405	21411386	+	45.28	35.97	>	6	12	78
91	chr8	80483379	80483360	-	45.28	32.34	>	6	12	78
92	chr16	55477026	55477007	-	44.9	60.88	>	6	12	78
93	chr9	122729759	122729740	-	44.72	40.56	>	6	12	78
94	chr2	17415581	17415562	-	44.56	38.03	>	6	12	78
95	chr4	13778049	13778030	-	44.5	20.47	>	6	12	78
96	chr16	64748455	64748436	-	44.47	52.25	>	6	12	78
97	chr6	57570627	57570608	-	44.28	34.06	>	6	12	78
98	chr16	13117421	13117402	+	44.28	48.25	>	6	12	78
99	chr1	54381475	54381456	-	44.12	34.1	>	6	12	78
100	chr15	40166896	40166877	+	44.03	40.53	>	6	12	78
101	chr17	83271696	83271677	+	44.0	39.2	>	6	12	78
102	chr9	63136063	63136044	+	43.94	32.22	>	6	12	78
103	chr3	68056550	68056531	+	43.88	35.0	>	6	12	78
104	chr3	25220822	25220803	-	43.8	23.62	>	6	12	78
105	chr7	118102455	118102436	-	43.53	59.94	>	6	12	78
106	chr9	51335485	51335466	+	43.47	26.75	>	6	12	78
107	chr16	96671807	96671788	-	43.4	27.66	>	6	12	78
108	chr2	113494904	113494885	+	43.34	43.28	>	6	12	78
109	chr1	55404561	55404542	+	43.25	39.06	>	6	12	78
110	chr3	80079969	80079950	+	43.0	35.7	>	6	12	78
111	chr11	25862989	25862970	-	42.66	37.9	>	6	12	78
112	chr13	109213188	109213169	-	42.6	60.5	>	6	12	78
113	chr8	58566283	58566264	+	42.56	33.8	>	6	12	78
114	chr16	72218227	72218208	+	42.38	47.1	>	6	12	78
115	chr14	102510640	102510621	-	42.34	35.9	>	6	12	78
116	chr7	143154010	143153991	+	42.16	43.66	>	6	12	78
117	chr6	143219585	143219566	+	42.1	41.62	>	6	12	78
118	chr17	86906334	86906315	-	41.97	47.25	>	6	12	78
119	chr8	62080400	62080381	+	41.97	30.6	>	6	12	78
120	chr3	57843985	57843966	+	41.94	43.75	>	6	12	78
121	chr18	3495634	3495615	+	41.62	36.03	>	6	12	78
122	chr7	125393847	125393828	-	41.56	47.0	>	6	12	78
123	chr7	86211564	86211545	-	41.56	46.4	>	6	12	78
124	chr9	60245127	60245108	+	41.38	43.16	>	6	12	78
125	chr6	131353859	131353840	-	41.3	15.89	>	6	12	78
126	chr15	98173991	98173972	-	41.25	24.88	>	6	12	78
127	chr17	88641249	88641230	-	41.12	34.25	>	6	12	78
128	chr9	87027908	87027889	+	41.1	38.34	>	6	12	78
129	chr4	70621553	70621534	-	40.97	48.38	>	6	12	78
130	chr12	41487236	41487217	-	40.88	35.94	>	6	12	78
131	chr4	127368548	127368529	+	40.8	49.72	>	6	12	78
132	chr8	50293750	50293731	-	40.75	48.2	>	6	12	78
133	chr16	27468981	27468962	+	40.75	34.62	>	6	12	78
134	chr7	121641354	121641335	-	40.7	30.69	>	6	12	78
135	chr3	29726795	29726776	-	40.7	30.42	>	6	12	78
136	chr14	29110872	29110853	-	40.66	51.22	>	6	12	78
137	chr13	116712427	116712408	-	40.62	33.1	>	6	12	78
138	chr18	19939562	19939543	-	40.47	45.7	>	6	12	78
139	chr15	80704533	80704514	-	40.28	46.53	>	6	12	78
140	chr18	50137074	50137055	+	40.28	37.62	>	6	12	78
141	chr13	15763212	15763193	-	40.25	29.53	>	6	12	78
142	chr19	50185486	50185467	+	40.22	44.2	>	6	12	78
143	chr12	74013965	74013946	-	40.22	40.8	>	6	12	78
144	chr1	138835543	138835524	+	40.06	20.81	>	6	12	78
145	chr15	55550924	55550905	-	40.06	37.12	>	6	12	78
146	chr1	61771439	61771420	-	40.06	23.55	>	6	12	78
147	chr12	34664961	34664942	+	40.0	19.7	>	6	12	78
148	chr14	78288101	78288082	-	39.8	38.8	>	6	12	78
149	chr2	4499416	4499397	+	39.78	33.88	>	6	12	78
150	chr13	30260132	30260113	-	39.75	32.75	>	6	12	78
151	chr9	68015271	68015252	+	39.2	39.0	>	6	12	78
152	chr1	126993502	126993483	-	39.06	47.2	>	6	12	78
153	chr16	25349824	25349805	-	39.0	41.2	>	6	12	78
154	chr1	14729249	14729230	-	38.94	39.3	>	6	12	78
155	chr15	59389427	59389408	+	38.7	46.34	>	6	12	78
156	chr6	100882590	100882571	+	38.66	49.44	>	6	12	78
157	chr3	9711121	9711102	+	38.62	35.47	>	6	12	78
158	chr6	21214019	21214000	-	38.47	24.2	>	6	12	78
159	chr17	42603617	42603598	-	38.47	42.5	>	6	12	78
160	chr4	80517548	80517529	-	38.47	41.4	>	6	12	78
161	chr9	85328584	85328565	-	38.28	30.06	>	6	12	78
162	chr17	44262001	44261982	+	38.22	44.16	>	6	12	78
163	chr10	102449665	102449646	+	38.2	48.84	>	6	12	78
164	chr17	14520745	14520726	-	38.12	30.45	>	6	12	78
165	chr13	51830925	51830906	+	38.0	56.0	>	6	12	78
166	chr12	83502436	83502417	-	37.97	34.4	>	6	12	78
167	chr5	75853265	75853246	-	37.94	27.88	>	6	12	78
168	chr13	110382742	110382723	+	37.88	61.84	>	6	12	78
169	chr5	62481159	62481140	-	37.8	35.4	>	6	12	78
170	chr7	49121503	49121484	-	37.7	29.61	>	6	12	78
171	chr15	11966575	11966556	-	37.66	34.72	>	6	12	78
172	chr3	31146135	31146116	+	37.53	44.5	>	6	12	78
173	chr2	37815879	37815860	+	37.47	39.2	>	6	12	78
174	chr5	33033442	33033423	-	37.44	48.28	>	6	12	78
175	chr9	7595466	7595447	-	37.4	28.72	>	6	12	78
176	chr5	21641153	21641134	-	37.3	33.66	>	6	12	78
177	chr14	48367302	48367283	-	37.12	39.88	>	6	12	78
178	chr17	14524624	14524605	+	37.1	38.88	>	6	12	78
179	chr4	84064835	84064816	+	37.06	23.38	>	6	12	78
180	chr4	63368786	63368767	+	37.06	51.6	>	6	12	78
181	chr5	102149680	102149661	+	37.03	38.97	>	6	12	78
182	chr12	32897684	32897665	-	36.88	40.9	>	6	12	78
183	chr16	91936532	91936513	+	36.72	43.06	>	6	12	78
184	chr6	37046379	37046360	-	36.72	47.7	>	6	12	78
185	chr18	59081896	59081877	+	36.7	37.34	>	6	12	78
186	chr6	103697552	103697533	-	36.3	43.6	>	6	12	78
187	chr18	19937930	19937911	+	36.3	37.56	>	6	12	78
188	chr6	93757594	93757575	+	36.28	18.31	>	6	12	78
189	chr17	9756371	9756352	+	36.28	21.2	>	6	12	78
190	chr2	96585854	96585835	+	36.25	26.84	>	6	12	78
191	chr11	82915176	82915157	+	36.2	36.34	>	6	12	78
192	chr6	6005837	6005818	+	36.03	35.2	>	6	12	78
193	chr1	98392238	98392219	-	36.03	38.97	>	6	12	78
194	chr7	48749384	48749365	+	35.94	38.3	>	6	12	78
195	chr11	105911812	105911793	-	35.9	37.8	>	6	12	78
196	chr10	45045486	45045467	-	35.8	35.22	>	6	12	78
197	chr2	4492748	4492729	-	35.75	19.97	>	6	12	78
198	chr6	18087397	18087378	+	35.75	40.84	>	6	12	78
199	chr5	90203341	90203322	+	35.7	41.12	>	6	12	78
200	chr7	136489148	136489129	+	35.62	28.06	>	6	12	78
201	chr9	109862620	109862601	-	35.6	34.12	>	6	12	78
202	chr15	59876355	59876336	+	35.3	32.16	>	6	12	78
203	chr14	76473612	76473593	-	35.25	45.66	>	6	12	78
204	chr3	128349320	128349301	+	35.03	41.75	>	6	12	78
205	chr3	45375963	45375944	+	35.03	23.92	>	6	12	78
206	chr3	133314669	133314650	+	34.97	39.0	>	6	12	78
207	chr1	96801850	96801831	-	34.84	30.55	>	6	12	78
208	chr7	115216958	115216939	+	34.62	30.45	>	6	12	78
209	chr9	59282577	59282558	-	34.62	26.88	>	6	12	78
210	chr2	148112135	148112116	-	34.5	31.5	>	6	12	78
211	chr18	52457916	52457897	-	34.47	28.2	>	6	12	78
212	chr6	56691454	56691435	-	34.34	42.2	>	6	12	78
213	chr13	20292580	20292561	-	34.3	38.5	>	6	12	78
214	chr13	57260119	57260100	-	34.25	52.66	>	6	12	78
215	chr13	113877615	113877596	+	34.25	36.75	>	6	12	78
216	chr13	116715029	116715010	-	34.1	31.72	>	6	12	78
217	chr4	83596692	83596673	-	34.1	52.75	>	6	12	78
218	chr8	64941619	64941600	-	34.06	33.75	>	6	12	78
219	chr3	51701488	51701469	+	34.03	22.56	>	6	12	78
220	chr14	120061322	120061303	-	33.84	29.2	>	6	12	78
221	chr7	75910166	75910147	+	33.8	57.6	>	6	12	78
222	chr4	98702698	98702679	-	33.78	31.62	>	6	12	78
223	chr3	146185137	146185118	+	33.62	52.6	>	6	12	78
224	chr4	151157152	151157133	+	33.53	59.38	>	6	12	78
225	chr5	43391861	43391842	-	33.5	21.5	>	6	12	78
226	chr11	93856511	93856492	-	33.47	26.19	>	6	12	78
227	chr14	59605843	59605824	+	33.47	40.3	>	6	12	78
228	chr14	84438580	84438561	+	33.44	23.31	>	6	12	78
229	chr12	50943824	50943805	-	33.28	38.56	>	6	12	78
230	chr7	83550335	83550316	-	33.2	30.12	>	6	12	78
231	chr6	117167008	117166989	+	33.03	30.3	>	6	12	78
232	chr4	12538791	12538772	+	33.0	21.84	>	6	12	78
233	chr18	47353079	47353060	+	32.84	24.58	>	6	12	78
234	chr5	12541496	12541477	-	32.72	22.56	>	6	12	78
235	chr2	60721127	60721108	+	32.72	22.53	>	6	12	78
236	chr11	78838251	78838232	+	32.72	51.5	>	6	12	78
237	chr8	73356225	73356206	+	32.62	23.39	>	6	12	78
238	chr12	10598567	10598548	+	32.5	41.56	>	6	12	78
239	chr19	20345158	20345139	-	32.25	47.94	>	6	12	78
240	chr17	58909486	58909467	-	32.16	39.4	>	6	12	78
241	chr10	69655037	69655018	-	32.12	36.56	>	6	12	78
242	chr4	3967733	3967714	-	32.12	41.75	>	6	12	78
243	chr16	21192795	21192776	-	32.06	38.78	>	6	12	78
244	chr11	12291593	12291574	-	32.0	15.54	>	6	12	78
245	chr11	117385082	117385063	+	31.83	36.6	>	6	12	78
246	chr12	32292095	32292076	+	31.73	20.83	>	6	12	78
247	chr4	64833096	64833077	+	31.69	34.34	>	6	12	78
248	chr13	47301245	47301226	+	31.67	43.9	>	6	12	78
249	chr1	89631957	89631938	-	31.56	45.38	>	6	12	78
250	chr9	69296601	69296582	-	31.53	38.66	>	6	12	78
251	chr3	53735364	53735345	+	31.28	24.5	>	6	12	78
252	chr10	45373471	45373452	-	31.2	37.7	>	6	12	78
253	chr8	91797725	91797706	+	31.19	30.23	>	6	12	78
254	chr4	88035662	88035643	+	31.06	19.66	>	6	12	78
255	chr2	75151187	75151168	-	31.05	37.9	>	6	12	78
256	chr14	66791971	66791952	-	31.02	32.1	>	6	12	78
257	chr2	93199062	93199043	-	30.9	51.25	>	6	12	78
258	chr2	73551006	73550987	+	30.86	53.72	>	6	12	78
259	chr12	89451144	89451125	-	30.81	40.1	>	6	12	78
260	chr16	66086729	66086710	-	30.81	33.7	>	6	12	78
261	chr14	114791647	114791628	-	30.72	37.2	>	6	12	78
262	chr4	43420547	43420528	-	30.61	34.5	>	6	12	78
263	chr1	87447687	87447668	+	30.56	32.53	>	6	12	78
264	chr15	55306471	55306452	+	30.56	24.06	>	6	12	78
265	chr15	97667578	97667559	+	30.52	37.12	>	6	12	78
266	chr2	16359548	16359529	+	30.47	16.92	>	6	12	78
267	chr14	8356099	8356080	+	30.42	51.06	>	6	12	78
268	chr3	19894816	19894797	-	30.38	33.66	>	6	12	78
269	chr12	43813750	43813731	-	30.34	24.06	>	6	12	78
270	chr2	27770378	27770359	+	30.12	46.8	>	6	12	78
271	chr16	48675836	48675817	-	30.12	28.97	>	6	12	78
272	chr10	13016733	13016714	+	30.1	53.44	>	6	12	78
273	chr2	76367359	76367340	+	30.05	30.6	>	6	12	78
274	chr2	115515230	115515211	+	30.05	12.29	>	6	12	78
275	chr19	16785108	16785089	-	30.03	27.4	>	6	12	78
276	chr3	78948444	78948425	+	30.03	29.16	>	6	12	78
277	chr1	37250876	37250857	-	29.94	25.45	>	6	12	78
278	chr18	74431409	74431390	+	29.94	28.48	>	6	12	78
279	chr1	38787652	38787633	-	29.89	46.22	>	6	12	78
280	chr3	14874584	14874565	+	29.88	22.88	>	6	12	78
281	chr9	69505778	69505759	+	29.88	30.58	>	6	12	78
282	chr10	84450913	84450894	-	29.77	31.7	>	6	12	78
283	chr2	172216047	172216028	-	29.77	65.06	>	6	12	78
284	chr10	97712895	97712876	+	29.72	22.83	>	6	12	78
285	chr1	4770074	4770055	+	29.72	39.66	>	6	12	78
286	chr12	50301580	50301561	-	29.69	16.55	>	6	12	78
287	chr15	85266923	85266904	+	29.69	42.06	>	6	12	78
288	chr4	85403030	85403011	+	29.62	27.23	>	6	12	78
289	chr6	97526370	97526351	-	29.53	31.17	>	6	12	78
290	chr8	112046096	112046077	+	29.5	62.6	>	6	12	78
291	chr12	96311368	96311349	-	29.48	23.8	>	6	12	78
292	chr1	93507239	93507220	-	29.45	32.5	>	6	12	78
293	chr13	21714927	21714908	+	29.4	37.72	>	6	12	78
294	chr6	49008180	49008161	+	29.38	27.1	>	6	12	78
295	chr17	17749545	17749526	-	29.36	32.88	>	6	12	78
296	chr6	145360253	145360234	+	29.34	33.62	>	6	12	78
297	chr7	17066630	17066611	-	29.27	41.75	>	6	12	78
298	chr12	81788850	81788831	-	29.25	32.47	>	6	12	78
299	chr7	129649172	129649153	+	29.19	42.88	>	6	12	78
300	chr14	104039053	104039034	+	29.17	41.16	>	6	12	78
301	chr13	41634744	41634725	-	29.08	40.84	>	6	12	78
302	chr7	138835232	138835213	-	29.02	47.88	>	6	12	78
303	chr15	97195797	97195778	+	28.92	38.5	>	6	12	78
304	chr1	119087737	119087718	+	28.89	50.28	>	6	12	78
305	chr4	85819373	85819354	-	28.86	29.28	>	6	12	78
306	chr11	30657307	30657288	-	28.86	6.477	>	6	12	78
307	chr5	49369245	49369226	+	28.66	27.94	>	6	12	78
308	chr6	106805067	106805048	+	28.61	20.38	>	6	12	78
309	chr6	31660958	31660939	+	28.53	52.9	>	6	12	78
310	chr12	8306749	8306730	-	28.48	47.94	>	6	12	78
311	chr13	42822785	42822766	-	28.47	44.4	>	6	12	78
312	chr15	34968778	34968759	+	28.4	27.94	>	6	12	78
313	chr7	68369859	68369840	+	28.38	58.97	>	6	12	78
314	chr15	80266443	80266424	+	28.33	34.62	>	6	12	78
315	chr6	102171110	102171091	+	28.19	24.06	>	6	12	78
316	chr16	72605273	72605254	-	28.11	17.7	>	6	12	78
317	chr18	65490506	65490487	+	28.06	33.94	>	6	12	78
318	chr3	55373775	55373756	+	28.0	19.75	>	6	12	78
319	chr1	53927814	53927795	-	27.97	28.48	>	6	12	78
320	chr2	160368066	160368047	-	27.95	21.97	>	6	12	78
321	chr10	42295232	42295213	-	27.94	37.8	>	6	12	78
322	chr7	116040411	116040392	-	27.9	26.19	>	6	12	78
323	chr10	116197535	116197516	-	27.81	28.58	>	6	12	78
324	chr5	20773533	20773514	-	27.81	20.77	>	6	12	78
325	chr12	80725012	80724993	-	27.73	38.97	>	6	12	78
326	chr15	66899881	66899862	-	27.6	21.5	>	6	12	78
327	chr18	16822208	16822189	-	27.56	13.28	>	6	12	78
328	chr18	14503254	14503235	-	27.55	19.48	>	6	12	78
329	chr5	98344786	98344767	+	27.44	28.3	>	6	12	78
330	chr10	77517236	77517217	+	27.39	30.44	>	6	12	78
331	chr1	44741472	44741453	-	27.38	6.344	>	6	12	78
332	chr6	127945983	127945964	-	27.28	24.97	>	6	12	78
333	chr16	42914955	42914936	-	27.27	20.78	>	6	12	78
334	chr18	39137558	39137539	+	27.11	15.805	>	6	12	78
335	chr13	42575907	42575888	+	27.11	22.34	>	6	12	78
336	chr2	13278209	13278190	+	27.06	48.53	>	6	12	78
337	chr18	43836585	43836566	-	27.06	22.66	>	6	12	78
338	chr4	114647896	114647877	+	27.05	26.58	>	6	12	78
339	chr16	44149214	44149195	-	27.03	37.28	>	6	12	78
340	chr13	109776299	109776280	+	27.02	27.47	>	6	12	78
341	chr19	30217515	30217496	+	27.0	44.25	>	6	12	78
342	chr6	61316075	61316056	+	26.94	38.16	>	6	12	78
343	chr17	78598832	78598813	+	26.92	37.16	>	6	12	78
344	chr2	117231457	117231438	-	26.88	23.62	>	6	12	78
345	chr4	115101816	115101797	+	26.84	34.88	>	6	12	78
346	chr10	57448131	57448112	-	26.8	44.97	>	6	12	78
347	chr13	113046665	113046646	+	26.77	22.72	>	6	12	78
348	chr4	110022447	110022428	-	26.58	43.47	>	6	12	78
349	chr7	101653829	101653810	+	26.5	47.97	>	6	12	78
350	chr5	67756338	67756319	+	26.5	26.55	>	6	12	78
351	chr3	62192717	62192698	-	26.5	17.1	>	6	12	78
352	chr10	17728146	17728127	-	26.45	14.96	>	6	12	78
353	chr5	37752557	37752538	-	26.33	30.73	>	6	12	78
354	chr1	60961316	60961297	-	26.3	26.22	>	6	12	78
355	chr17	68176981	68176962	+	26.27	18.84	>	6	12	78
356	chr7	37357871	37357852	-	26.2	67.6	>	6	12	78
357	chr4	32572316	32572297	-	26.16	44.75	>	6	12	78
358	chr4	96696741	96696722	+	26.12	32.22	>	6	12	78
359	chr4	109729491	109729472	-	26.06	50.3	>	6	12	78
360	chr10	111977780	111977761	+	25.78	32.1	>	6	12	78
361	chr5	45424489	45424470	-	25.73	30.9	>	6	12	78
362	chr2	61494577	61494558	-	25.72	22.25	>	6	12	78
363	chr6	13287046	13287027	+	25.69	21.62	>	6	12	78
364	chr9	116060829	116060810	+	25.66	36.5	>	6	12	78
365	chr8	17537753	17537734	-	25.64	36.44	>	6	12	78
366	chr9	77781636	77781617	-	25.62	27.94	>	6	12	78
367	chr15	5106460	5106441	-	25.56	29.45	>	6	12	78
368	chr17	93141334	93141315	-	25.53	33.03	>	6	12	78
369	chr6	97759520	97759501	+	25.52	17.88	>	6	12	78
370	chr8	119384750	119384731	-	25.47	45.94	>	6	12	78
371	chr6	88113322	88113303	+	25.38	41.75	>	6	12	78
372	chr15	101984527	101984508	-	25.38	56.7	>	6	12	78
373	chr8	54493335	54493316	-	25.34	39.7	>	6	12	78
374	chr9	24119622	24119603	+	25.33	14.83	>	6	12	78
375	chr3	50077169	50077150	-	25.31	24.22	>	6	12	78
376	chr4	47419767	47419748	+	25.23	44.03	>	6	12	78
377	chr2	76115910	76115891	+	25.22	28.97	>	6	12	78
378	chr15	67174759	67174740	+	25.2	12.74	>	6	12	78
379	chr8	125574509	125574490	+	25.17	12.85	>	6	12	78
380	chr1	161737065	161737046	-	25.11	39.75	>	6	12	78
381	chr3	85571455	85571436	-	25.1	9.7	>	6	12	78
382	chr18	19577078	19577059	-	25.02	27.28	>	6	12	78
383	chr19	36083087	36083068	-	25.0	29.4	>	6	12	78
384	chr8	115709616	115709597	-	24.98	9.14	>	6	12	78
385	chr10	126330794	126330775	-	24.84	24.02	>	6	12	78
386	chr15	25993551	25993532	+	24.81	33.28	>	6	12	78
387	chr5	131430355	131430336	-	24.78	45.44	>	6	12	78
388	chr1	9545352	9545333	-	24.78	38.06	>	6	12	78
389	chr19	28768445	28768426	-	24.75	36.44	>	6	12	78
390	chr10	24630876	24630857	+	24.72	22.94	>	6	12	78
391	chr17	54351102	54351083	+	24.53	15.79	>	6	12	78
392	chr16	20496806	20496787	+	24.47	28.86	>	6	12	78
393	chr12	109394024	109394005	-	24.44	15.02	>	6	12	78
394	chr13	21803288	21803269	-	24.42	40.1	>	6	12	78
395	chr3	103392995	103392976	+	24.38	33.9	>	6	12	78
396	chr15	25428758	25428739	+	24.31	24.08	>	6	12	78
397	chr3	135206860	135206841	-	24.3	9.21	>	6	12	78
398	chr8	65139261	65139242	+	24.3	33.56	>	6	12	78
399	chr9	29650850	29650831	-	24.23	35.72	>	6	12	78
400	chr3	127971093	127971074	+	24.2	46.1	>	6	12	78
401	chr2	104035038	104035019	+	24.16	33.7	>	6	12	78
402	chr9	81635302	81635283	+	24.11	12.08	>	6	12	78
403	chr6	95484597	95484578	+	24.03	13.41	>	6	12	78
404	chr14	72293991	72293972	-	23.83	34.2	>	6	12	78
405	chr18	65490035	65490016	-	23.72	29.94	>	6	12	78
406	chr12	38123788	38123769	-	23.66	16.0	>	6	12	78
407	chr18	70184838	70184819	-	23.66	11.39	>	6	12	78
408	chr3	152095252	152095233	-	23.53	23.67	>	6	12	78
409	chr8	32002994	32002975	-	23.5	23.94	>	6	12	78
410	chr11	22206830	22206811	-	23.48	11.1	>	6	12	78
411	chr5	76541051	76541032	-	23.44	19.22	>	6	12	78
412	chr10	52106337	52106318	+	23.38	22.61	>	6	12	78
413	chr1	84697462	84697443	-	23.38	25.22	>	6	12	78
414	chr1	67181385	67181366	+	23.34	35.0	>	6	12	78
415	chr6	101267027	101267008	+	23.31	12.77	>	6	12	78
416	chr6	129255175	129255156	-	23.25	41.8	>	6	12	78
417	chr4	115710017	115709998	-	23.19	25.83	>	6	12	78
418	chr2	118241614	118241595	-	23.19	37.16	>	6	12	78
419	chr8	71371784	71371765	+	23.11	28.11	>	6	12	78
420	chr7	73422670	73422651	-	23.11	37.7	>	6	12	78
421	chr5	33039602	33039583	+	23.05	27.48	>	6	12	78
422	chr2	153143004	153142985	-	23.02	20.31	>	6	12	78
423	chr14	98181824	98181805	-	23.0	7.93	>	6	12	78
424	chr2	136887058	136887039	-	22.97	12.49	>	6	12	78
425	chr1	135136701	135136682	-	22.88	42.44	>	6	12	78
426	chr5	4948481	4948462	-	22.86	27.0	>	6	12	78
427	chr10	71422814	71422795	+	22.81	51.25	>	6	12	78
428	chr8	64597251	64597232	-	22.66	30.06	>	6	12	78
429	chr1	162336834	162336815	-	22.45	14.914	>	6	12	78
430	chr9	94738996	94738977	+	22.42	42.94	>	6	12	78
431	chr17	53403136	53403117	+	22.4	18.28	>	6	12	78
432	chr2	155811920	155811901	-	22.36	51.28	>	6	12	78
433	chr12	52010769	52010750	+	22.33	16.6	>	6	12	78
434	chr3	44912870	44912851	-	22.31	11.58	>	6	12	78
435	chr5	98348848	98348829	+	22.25	34.97	>	6	12	78
436	chr15	80706301	80706282	+	22.25	25.52	>	6	12	78
437	chr1	167932285	167932266	-	22.22	36.66	>	6	12	78
438	chr14	121455709	121455690	-	22.2	25.7	>	6	12	78
439	chr4	98243714	98243695	-	22.16	26.34	>	6	12	78
440	chr4	143027468	143027449	+	22.14	29.11	>	6	12	78
441	chr2	153668926	153668907	+	22.14	25.36	>	6	12	78
442	chr9	41461929	41461910	-	22.14	12.42	>	6	12	78
443	chr4	109431143	109431124	-	22.1	22.34	>	6	12	78
444	chr5	44831505	44831486	-	22.08	22.05	>	6	12	78
445	chr8	119676601	119676582	-	22.03	33.06	>	6	12	78
446	chr17	40824060	40824041	-	22.02	34.28	>	6	12	78
447	chr15	37102366	37102347	-	22.0	13.84	>	6	12	78
448	chr1	119083862	119083843	-	21.92	45.47	>	6	12	78
449	chr5	41044703	41044684	-	21.78	28.61	>	6	12	78
450	chr19	24622032	24622013	+	21.77	22.19	>	6	12	78
451	chr3	58159626	58159607	-	21.75	32.1	>	6	12	78
452	chr1	38130140	38130121	-	21.75	23.66	>	6	12	78
453	chr2	129472129	129472110	-	21.73	30.17	>	6	12	78
454	chr9	15682043	15682024	-	21.73	11.22	>	6	12	78
455	chr9	69502720	69502701	-	21.7	34.7	>	6	12	78
456	chr14	21120676	21120657	+	21.69	43.16	>	6	12	78
457	chr7	110645588	110645569	-	21.69	43.56	>	6	12	78
458	chr16	78950579	78950560	-	21.64	3.295	>	6	12	78
459	chr7	131899517	131899498	+	21.56	16.44	>	6	12	78
460	chr8	106403484	106403465	-	21.53	20.23	>	6	12	78
461	chr17	73303429	73303410	+	21.48	50.6	>	6	12	78
462	chr1	83727325	83727306	+	21.48	26.81	>	6	12	78
463	chr13	29857603	29857584	+	21.42	9.836	>	6	12	78
464	chr14	104033786	104033767	+	21.34	21.16	>	6	12	78
465	chr7	119011391	119011372	+	21.31	35.56	>	6	12	78
466	chr1	69165377	69165358	+	21.31	25.0	>	6	12	78
467	chr1	192727176	192727157	+	21.28	21.9	>	6	12	78
468	chr9	50438293	50438274	-	21.2	27.17	>	6	12	78
469	chr15	46990407	46990388	-	21.14	10.516	>	6	12	78
470	chr13	73646874	73646855	+	21.14	37.5	>	6	12	78
471	chr16	67089956	67089937	+	21.12	15.94	>	6	12	78
472	chr2	83332995	83332976	-	21.02	18.14	>	6	12	78
473	chr8	10415030	10415011	+	21.0	37.3	>	6	12	78
474	chr1	35716149	35716130	-	20.89	18.69	>	6	12	78
475	chr7	43920039	43920020	-	20.83	34.3	>	6	12	78
476	chr8	15138726	15138707	+	20.81	41.03	>	6	12	78
477	chr13	6515705	6515686	+	20.8	28.08	>	6	12	78
478	chr2	64948996	64948977	-	20.72	23.2	>	6	12	78
479	chr19	20345737	20345718	+	20.7	55.44	>	6	12	78
480	chr5	33994851	33994832	+	20.64	14.97	>	6	12	78
481	chr14	76479953	76479934	+	20.62	37.16	>	6	12	78
482	chr3	144737048	144737029	+	20.58	28.33	>	6	12	78
483	chr2	13597223	13597204	-	20.5	12.72	>	6	12	78
484	chr9	118908437	118908418	-	20.5	27.45	>	6	12	78
485	chr4	153484615	153484596	-	20.39	17.89	>	6	12	78
486	chr19	12433211	12433192	+	20.36	28.34	>	6	12	78
487	chr15	31611224	31611205	+	20.34	11.17	>	6	12	78
488	chr3	107206198	107206179	+	20.34	39.22	>	6	12	78
489	chr17	86909946	86909927	+	20.31	22.38	>	6	12	78
490	chr7	89473669	89473650	-	20.22	24.19	>	6	12	78
491	chr6	35252603	35252584	+	20.22	32.56	>	6	12	78
492	chr6	126168001	126167982	-	20.17	8.76	>	6	12	78
493	chr16	42169942	42169923	+	20.12	43.34	>	6	12	78
494	chr6	90607354	90607335	+	20.11	24.86	>	6	12	78
495	chr6	31664664	31664645	+	20.11	41.5	>	6	12	78
496	chr13	100002039	100002020	+	20.02	21.73	>	6	12	78
497	chr6	97523337	97523318	-	19.97	25.72	>	6	12	78
498	chr4	123529452	123529433	-	19.95	17.69	>	6	12	78
499	chr18	53744741	53744722	-	19.94	29.1	>	6	12	78
500	chr9	13849232	13849213	+	19.9	15.484	>	6	12	78
501	chr15	14052128	14052109	-	19.89	12.375	>	6	12	78
502	chr3	68053761	68053742	-	19.88	27.33	>	6	12	78
503	chr14	50799990	50799971	+	19.83	30.28	>	6	12	78
504	chr8	50292348	50292329	+	19.83	31.36	>	6	12	78
505	chr19	52993242	52993223	-	19.81	45.25	>	6	12	78
506	chr8	24546435	24546416	-	19.8	56.1	>	6	12	78
507	chr2	166085186	166085167	+	19.78	40.2	>	6	12	78
508	chr15	80260893	80260874	-	19.75	33.7	>	6	12	78
509	chr18	75606699	75606680	+	19.72	50.94	>	6	12	78
510	chr2	135957961	135957942	-	19.69	27.1	>	6	12	78
511	chr11	75179118	75179099	+	19.67	22.83	>	6	12	78
512	chr6	77628987	77628968	+	19.66	40.56	>	6	12	78
513	chr4	82614384	82614365	-	19.62	15.836	>	6	12	78
514	chr17	27190013	27189994	+	19.5	26.89	>	6	12	78
515	chr14	121451301	121451282	-	19.45	26.11	>	6	12	78
516	chr9	69987821	69987802	-	19.44	12.234	>	6	12	78
517	chr6	40479902	40479883	+	19.42	24.72	>	6	12	78
518	chr4	82619779	82619760	-	19.42	11.22	>	6	12	78
519	chr2	160593235	160593216	-	19.4	45.8	>	6	12	78
520	chr4	48691990	48691971	+	19.4	34.88	>	6	12	78
521	chr1	11140123	11140104	-	19.39	7.324	>	6	12	78
522	chr6	67858160	67858141	+	19.36	18.55	>	6	12	78
523	chr1	91914028	91914009	+	19.36	22.06	>	6	12	78
524	chr15	76196896	76196877	+	19.33	35.8	>	6	12	78
525	chr11	43767011	43766992	+	19.27	27.44	>	6	12	78
526	chr17	8463677	8463658	+	19.23	31.38	>	6	12	78
527	chr2	60442102	60442083	-	19.22	10.555	>	6	12	78
528	chr10	8242562	8242543	+	19.2	18.4	>	6	12	78
529	chr15	8382407	8382388	+	19.16	11.64	>	6	12	78
530	chr19	11360302	11360283	+	19.14	15.06	>	6	12	78
531	chr12	79305335	79305316	+	19.11	29.94	>	6	12	78
532	chr13	38992697	38992678	+	19.03	12.445	>	6	12	78
533	chr8	91147955	91147936	-	19.0	26.05	>	6	12	78
534	chr13	64443476	64443457	+	19.0	35.6	>	6	12	78
535	chr8	117898214	117898195	+	18.92	34.16	>	6	12	78
536	chr11	42423473	42423454	-	18.77	18.48	>	6	12	78
537	chr9	114957195	114957176	-	18.77	27.38	>	6	12	78
538	chr5	149647926	149647907	+	18.72	23.06	>	6	12	78
539	chr5	128440068	128440049	-	18.69	40.7	>	6	12	78
540	chr6	90606762	90606743	-	18.67	32.6	>	6	12	78
541	chr10	58560031	58560012	+	18.67	23.25	>	6	12	78
542	chr18	25538443	25538424	+	18.66	23.94	>	6	12	78
543	chr11	22987510	22987491	+	18.56	23.83	>	6	12	78
544	chr13	57269837	57269818	-	18.55	36.6	>	6	12	78
545	chr13	53096854	53096835	-	18.55	32.88	>	6	12	78
546	chr7	124783020	124783001	-	18.55	23.44	>	6	12	78
547	chr7	40687242	40687223	-	18.52	26.28	>	6	12	78
548	chr4	109438113	109438094	+	18.45	31.61	>	6	12	78
549	chr13	46663777	46663758	-	18.45	5.215	>	6	12	78
550	chr2	21927862	21927843	-	18.45	17.72	>	6	12	78
551	chr11	72564476	72564457	-	18.39	17.95	>	6	12	78
552	chr14	57362951	57362932	-	18.3	10.125	>	6	12	78
553	chr13	54063511	54063492	-	18.3	12.516	>	6	12	78
554	chr8	127191530	127191511	+	18.27	39.03	>	6	12	78
555	chr4	24249781	24249762	+	18.25	8.38	>	6	12	78
556	chr1	175603551	175603532	-	18.2	12.0	>	6	12	78
557	chr7	131897479	131897460	+	18.19	16.34	>	6	12	78
558	chr2	125259455	125259436	-	18.17	32.72	>	6	12	78
559	chr8	11943262	11943243	-	18.0	20.05	>	6	12	78
560	chr13	74861814	74861795	+	17.98	11.664	>	6	12	78
561	chr3	37302880	37302861	-	17.98	17.84	>	6	12	78
562	chr2	165391753	165391734	+	17.95	20.97	>	6	12	78
563	chr1	167669968	167669949	-	17.94	39.3	>	6	12	78
564	chr14	24311319	24311300	+	17.89	24.48	>	6	12	78
565	chr6	125622660	125622641	+	17.86	24.67	>	6	12	78
566	chr16	91694897	91694878	+	17.83	21.03	>	6	12	78
567	chr7	100886752	100886733	-	17.8	33.3	>	6	12	78
568	chr2	165779092	165779073	+	17.7	43.9	>	6	12	78
569	chr4	118988734	118988715	-	17.7	12.37	>	6	12	78
570	chr9	111939788	111939769	+	17.64	16.92	>	6	12	78
571	chr9	40806571	40806552	+	17.64	39.78	>	6	12	78
572	chr19	21571392	21571373	+	17.64	11.9	>	6	12	78
573	chr10	49785057	49785038	-	17.56	2.498	>	6	12	78
574	chr3	84922220	84922201	+	17.47	28.94	>	6	12	78
575	chr12	7991018	7990999	+	17.47	17.66	>	6	12	78
576	chr8	106687694	106687675	+	17.45	42.0	>	6	12	78
577	chr19	15998346	15998327	+	17.33	27.56	>	6	12	78
578	chr10	30838389	30838370	+	17.3	7.543	>	6	12	78
579	chr2	6469364	6469345	-	17.28	15.65	>	6	12	78
580	chr9	59678540	59678521	-	17.28	29.06	>	6	12	78
581	chr18	60143536	60143517	-	17.25	6.348	>	6	12	78
582	chr2	76114972	76114953	-	17.25	26.88	>	6	12	78
583	chr1	192722361	192722342	-	17.23	36.0	>	6	12	78
584	chr13	6737153	6737134	+	17.23	24.25	>	6	12	78
585	chr10	116199232	116199213	+	17.23	24.89	>	6	12	78
586	chr18	6627309	6627290	+	17.06	30.4	>	6	12	78
587	chr7	117375969	117375950	-	17.03	13.42	>	6	12	78
588	chr11	7200225	7200206	+	17.03	39.34	>	6	12	78
589	chr3	152474817	152474798	+	16.98	9.51	>	6	12	78
590	chr12	4107565	4107546	+	16.97	22.11	>	6	12	78
591	chr18	78212287	78212268	-	16.83	18.31	>	6	12	78
592	chr2	17842170	17842151	-	16.81	6.844	>	6	12	78
593	chr5	112429191	112429172	-	16.78	14.19	>	6	12	78
594	chr9	54169687	54169668	+	16.73	16.64	>	6	12	78
595	chr9	78597063	78597044	+	16.73	17.98	>	6	12	78
596	chr2	125556029	125556010	+	16.69	19.19	>	6	12	78
597	chr4	86545837	86545818	-	16.69	26.34	>	6	12	78
598	chr11	34229190	34229171	+	16.55	19.56	>	6	12	78
599	chr13	60479163	60479144	+	16.52	1.697	>	6	12	78
600	chr11	57788119	57788100	+	16.36	29.88	>	6	12	78
601	chr5	117504639	117504620	+	16.36	53.34	>	6	12	78
602	chr1	128368923	128368904	+	16.28	14.01	>	6	12	78
603	chr14	51098507	51098488	-	16.28	41.22	>	6	12	78
604	chr10	14404268	14404249	+	16.23	20.66	>	6	12	78
605	chr18	65752297	65752278	-	16.1	16.11	>	6	12	78
606	chr3	59077498	59077479	+	16.1	40.72	>	6	12	78
607	chr1	119919473	119919454	+	16.06	20.62	>	6	12	78
608	chr1	86598699	86598680	+	16.03	48.72	>	6	12	78
609	chr1	80178208	80178189	-	16.0	17.12	>	6	12	78
610	chr15	64132164	64132145	+	15.96	15.336	>	6	12	78
611	chr2	4652218	4652199	-	15.91	22.83	>	6	12	78
612	chr9	40805489	40805470	-	15.86	35.53	>	6	12	78
613	chr13	30549079	30549060	-	15.805	25.34	>	6	12	78
614	chr3	82350530	82350511	-	15.805	7.78	>	6	12	78
615	chr7	81155234	81155215	-	15.805	19.0	>	6	12	78
616	chr4	107701325	107701306	-	15.8	18.55	>	6	12	78
617	chr11	76655250	76655231	+	15.8	25.19	>	6	12	78
618	chr7	122945377	122945358	+	15.72	20.64	>	6	12	78
619	chr16	32697312	32697293	+	15.695	24.02	>	6	12	78
620	chr13	114460825	114460806	-	15.65	8.25	>	6	12	78
621	chr19	59389409	59389390	+	15.65	31.4	>	6	12	78
622	chr7	45451495	45451476	+	15.64	35.4	>	6	12	78
623	chr15	85599066	85599047	+	15.625	30.86	>	6	12	78
624	chr10	9012998	9012979	+	15.6	21.77	>	6	12	78
625	chr13	24318872	24318853	-	15.58	11.58	>	6	12	78
626	chr3	123506917	123506898	-	15.53	17.17	>	6	12	78
627	chr13	101719731	101719712	-	15.48	25.34	>	6	12	78
628	chr12	12412898	12412879	-	15.43	30.47	>	6	12	78
629	chr10	127342496	127342477	-	15.4	29.73	>	6	12	78
630	chr7	28972871	28972852	+	15.39	21.2	>	6	12	78
631	chr5	130862481	130862462	+	15.33	29.22	>	6	12	78
632	chr13	53779354	53779335	+	15.31	23.8	>	6	12	78
633	chr11	51582940	51582921	-	15.305	26.1	>	6	12	78
634	chr3	34150257	34150238	+	15.3	17.19	>	6	12	78
635	chr9	30423156	30423137	-	15.29	30.31	>	6	12	78
636	chr1	55886585	55886566	+	15.29	16.73	>	6	12	78
637	chr8	121104251	121104232	+	15.28	31.56	>	6	12	78
638	chr2	31683894	31683875	+	15.27	30.73	>	6	12	78
639	chr9	121458682	121458663	+	15.27	42.72	>	6	12	78
640	chr13	111421545	111421526	+	15.22	27.25	>	6	12	78
641	chr18	56572965	56572946	+	15.22	32.7	>	6	12	78
642	chr18	42593315	42593296	+	15.2	8.75	>	6	12	78
643	chr8	118287683	118287664	+	15.2	7.145	>	6	12	78
644	chr14	47742843	47742824	+	15.18	9.65	>	6	12	78
645	chr1	184791312	184791293	-	15.164	27.39	>	6	12	78
646	chr6	106800166	106800147	-	15.1	18.75	>	6	12	78
647	chr11	12025880	12025861	+	15.06	18.02	>	6	12	78
648	chr5	129594341	129594322	-	15.03	29.4	>	6	12	78
649	chr13	16005724	16005705	+	15.016	13.71	>	6	12	78
650	chr14	65597230	65597211	+	15.016	14.01	>	6	12	78
651	chr5	99900280	99900261	-	14.95	10.75	>	6	12	78
652	chr8	11421350	11421331	-	14.945	26.12	>	6	12	78
653	chr19	4755748	4755729	+	14.93	24.55	>	6	12	78
654	chr10	110733540	110733521	-	14.914	16.5	>	6	12	78
655	chr5	67752088	67752069	+	14.89	18.31	>	6	12	78
656	chr9	77381774	77381755	-	14.85	26.45	>	6	12	78
657	chr18	81951830	81951811	-	14.76	34.06	>	6	12	78
658	chr1	86059644	86059625	+	14.734	30.22	>	6	12	78
659	chr1	52630636	52630617	-	14.734	9.89	>	6	12	78
660	chr2	174308107	174308088	+	14.69	14.67	>	6	12	78
661	chr11	99364649	99364630	-	14.6	16.03	>	6	12	78
662	chr13	109558424	109558405	+	14.49	16.98	>	6	12	78
663	chr12	58201405	58201386	-	14.48	6.883	>	6	12	78
664	chr7	137471937	137471918	+	14.445	28.83	>	6	12	78
665	chr17	26916803	26916784	+	14.414	25.05	>	6	12	78
666	chr5	87871626	87871607	-	14.414	20.39	>	6	12	78
667	chr2	125252443	125252424	+	14.414	25.9	>	6	12	78
668	chr1	9549185	9549166	+	14.414	19.5	>	6	12	78
669	chr11	11788608	11788589	-	14.38	31.97	>	6	12	78
670	chr7	43928727	43928708	+	14.36	11.45	>	6	12	78
671	chr10	60760656	60760637	-	14.31	36.9	>	6	12	78
672	chr6	17362958	17362939	+	14.31	3.076	>	6	12	78
673	chr1	136521528	136521509	-	14.305	21.69	>	6	12	78
674	chr2	153147934	153147915	+	14.28	18.94	>	6	12	78
675	chr8	61522313	61522294	+	14.266	28.28	>	6	12	78
676	chr18	56759303	56759284	+	14.266	12.61	>	6	12	78
677	chr14	115451146	115451127	-	14.234	4.215	>	6	12	78
678	chr1	176218428	176218409	+	14.195	14.99	>	6	12	78
679	chr15	97665520	97665501	-	14.18	30.02	>	6	12	78
680	chr13	20299620	20299601	+	14.18	33.25	>	6	12	78
681	chr9	59969601	59969582	-	14.14	17.69	>	6	12	78
682	chr16	57611975	57611956	+	14.055	18.66	>	6	12	78
683	chr12	15816144	15816125	+	13.984	8.52	>	6	12	78
684	chr15	82271381	82271362	-	13.95	28.55	>	6	12	78
685	chr7	74363644	74363625	-	13.95	40.8	>	6	12	78
686	chr3	73066293	73066274	+	13.95	16.86	>	6	12	78
687	chr1	118772515	118772496	-	13.945	30.34	>	6	12	78
688	chr4	110020493	110020474	-	13.94	26.28	>	6	12	78
689	chr3	34639420	34639401	-	13.94	14.87	>	6	12	78
690	chr2	131530224	131530205	-	13.92	25.86	>	6	12	78
691	chr4	20024128	20024109	+	13.91	12.516	>	6	12	78
692	chr8	74980870	74980851	-	13.81	30.2	>	6	12	78
693	chr18	75757719	75757700	+	13.734	18.78	>	6	12	78
694	chr7	89908147	89908128	-	13.72	13.79	>	6	12	78
695	chr4	150257406	150257387	+	13.72	23.58	>	6	12	78
696	chr2	55022781	55022762	-	13.664	7.77	>	6	12	78
697	chr18	64506771	64506752	-	13.63	18.4	>	6	12	78
698	chr14	123353156	123353137	-	13.61	11.6	>	6	12	78
699	chr4	139872794	139872775	+	13.59	35.75	>	6	12	78
700	chr13	51839869	51839850	+	13.586	21.19	>	6	12	78
701	chr5	146162789	146162770	+	13.516	23.42	>	6	12	78
702	chr9	83785201	83785182	+	13.49	14.66	>	6	12	78
703	chr3	59079480	59079461	+	13.44	28.77	>	6	12	78
704	chr10	11345312	11345293	-	13.375	5.086	>	6	12	78
705	chr11	46252188	46252169	-	13.34	28.12	>	6	12	78
706	chr4	85404971	85404952	+	13.32	14.11	>	6	12	78
707	chr4	130738774	130738755	+	13.31	16.47	>	6	12	78
708	chr5	86432914	86432895	+	13.305	16.02	>	6	12	78
709	chr3	22306829	22306810	+	13.266	18.6	>	6	12	78
710	chr2	91930225	91930206	-	13.25	19.55	>	6	12	78
711	chr6	108417714	108417695	+	13.234	10.66	>	6	12	78
712	chr12	17011790	17011771	-	13.16	20.73	>	6	12	78
713	chr5	87551137	87551118	-	13.15	21.52	>	6	12	78
714	chr4	106227683	106227664	-	13.14	14.38	>	6	12	78
715	chr4	139877472	139877453	+	13.1	27.4	>	6	12	78
716	chr1	88742593	88742574	-	13.086	17.75	>	6	12	78
717	chr3	52254088	52254069	+	13.02	34.16	>	6	12	78
718	chr9	73159469	73159450	+	12.99	27.5	>	6	12	78
719	chr7	29297253	29297234	-	12.984	28.8	>	6	12	78
720	chr13	116312336	116312317	-	12.93	10.21	>	6	12	78
721	chr2	157117146	157117127	-	12.91	21.92	>	6	12	78
722	chr9	60243712	60243693	+	12.89	13.59	>	6	12	78
723	chr1	179845066	179845047	-	12.88	17.89	>	6	12	78
724	chr11	103332754	103332735	+	12.875	24.97	>	6	12	78
725	chr1	53032774	53032755	-	12.87	13.05	>	6	12	78
726	chr8	45345197	45345178	+	12.81	16.72	>	6	12	78
727	chr12	113216133	113216114	+	12.74	53.7	>	6	12	78
728	chr15	36152194	36152175	-	12.72	16.9	>	6	12	78
729	chr1	72876274	72876255	+	12.69	17.11	>	6	12	78
730	chr9	14774009	14773990	+	12.664	9.0	>	6	12	78
731	chr12	74317197	74317178	-	12.664	11.76	>	6	12	78
732	chr7	107819649	107819630	-	12.64	16.3	>	6	12	78
733	chr13	55327907	55327888	+	12.64	17.61	>	6	12	78
734	chr3	54796015	54795996	+	12.63	22.77	>	6	12	78
735	chr6	60963937	60963918	+	12.61	7.094	>	6	12	78
736	chr8	21981891	21981872	-	12.61	17.33	>	6	12	78
737	chr10	38269349	38269330	-	12.52	19.28	>	6	12	78
738	chr6	51170619	51170600	-	12.5	20.02	>	6	12	78
739	chr2	148110356	148110337	-	12.43	16.03	>	6	12	78
740	chr1	88301823	88301804	-	12.42	19.61	>	6	12	78
741	chr6	115037959	115037940	-	12.33	15.375	>	6	12	78
742	chr16	11980974	11980955	+	12.33	3.668	>	6	12	78
743	chr15	44832771	44832752	-	12.31	24.2	>	6	12	78
744	chr19	26193888	26193869	-	12.29	7.65	>	6	12	78
745	chr17	8988263	8988244	-	12.29	10.71	>	6	12	78
746	chr14	66358860	66358841	+	12.28	18.22	>	6	12	78
747	chr12	40832432	40832413	-	12.26	13.56	>	6	12	78
748	chr2	53206958	53206939	-	12.18	12.55	>	6	12	78
749	chr16	42914617	42914598	+	12.16	7.133	>	6	12	78
750	chr11	111523686	111523667	-	12.14	23.53	>	6	12	78
751	chr6	121556678	121556659	+	12.11	18.8	>	6	12	78
752	chr7	43926199	43926180	-	12.1	21.69	>	6	12	78
753	chr3	3311028	3311009	+	12.09	10.74	>	6	12	78
754	chr12	17018680	17018661	+	12.04	21.19	>	6	12	78
755	chr18	33794794	33794775	+	11.97	24.89	>	6	12	78
756	chr15	73791915	73791896	+	11.96	24.61	>	6	12	78
757	chr12	82489256	82489237	+	11.945	11.805	>	6	12	78
758	chr19	37559803	37559784	+	11.91	21.4	>	6	12	78
759	chr12	36195155	36195136	-	11.91	7.07	>	6	12	78
760	chr3	30515246	30515227	-	11.875	11.664	>	6	12	78
761	chr19	27426681	27426662	-	11.81	11.945	>	6	12	78
762	chr2	75590427	75590408	-	11.75	21.66	>	6	12	78
763	chr2	17849498	17849479	+	11.75	6.633	>	6	12	78
764	chr9	83371155	83371136	-	11.75	6.18	>	6	12	78
765	chr9	30936846	30936827	-	11.734	17.67	>	6	12	78
766	chr15	94690037	94690018	+	11.73	23.03	>	6	12	78
767	chr2	147379133	147379114	+	11.69	9.875	>	6	12	78
768	chr4	121232314	121232295	-	11.664	7.945	>	6	12	78
769	chr18	56333219	56333200	-	11.64	4.934	>	6	12	78
770	chr16	25952209	25952190	-	11.64	6.688	>	6	12	78
771	chr13	94976326	94976307	+	11.63	16.62	>	6	12	78
772	chr2	30942898	30942879	-	11.57	22.28	>	6	12	78
773	chr6	104479441	104479422	+	11.55	10.57	>	6	12	78
774	chr5	113080039	113080020	-	11.52	26.94	>	6	12	78
775	chr16	30550607	30550588	-	11.52	17.62	>	6	12	78
776	chr1	160194976	160194957	+	11.51	18.28	>	6	12	78
777	chr11	56116782	56116763	-	11.48	30.47	>	6	12	78
778	chr6	112484521	112484502	-	11.48	12.14	>	6	12	78
779	chr14	21853546	21853527	-	11.445	30.66	>	6	12	78
780	chr9	58534993	58534974	+	11.414	20.97	>	6	12	78
781	chr17	73302318	73302299	+	11.414	39.62	>	6	12	78
782	chr1	85842459	85842440	-	11.41	14.02	>	6	12	78
783	chr17	16926410	16926391	-	11.35	2.584	>	6	12	78
784	chr12	29894861	29894842	+	11.31	16.72	>	6	12	78
785	chr2	127832989	127832970	+	11.22	7.293	>	6	12	78
786	chr16	20724653	20724634	+	11.18	15.11	>	6	12	78
787	chr1	180811112	180811093	-	11.164	28.33	>	6	12	78
788	chr13	109210611	109210592	-	11.16	17.5	>	6	12	78
789	chr18	5990207	5990188	-	11.14	3.14	>	6	12	78
790	chr18	12102268	12102249	-	11.125	23.38	>	6	12	78
791	chr19	59380193	59380174	+	11.08	23.9	>	6	12	78
792	chr2	101665476	101665457	+	11.055	26.06	>	6	12	78
793	chr12	108541242	108541223	-	11.02	27.9	>	6	12	78
794	chr2	32583648	32583629	+	11.016	30.19	>	6	12	78
795	chr1	181881807	181881788	-	10.98	11.91	>	6	12	78
796	chr5	117506576	117506557	+	10.94	40.06	>	6	12	78
797	chr1	38789153	38789134	+	10.89	22.95	>	6	12	78
798	chr10	102445139	102445120	-	10.875	19.4	>	6	12	78
799	chr12	81788941	81788922	+	10.87	12.51	>	6	12	78
800	chr9	78233462	78233443	-	10.86	15.93	>	6	12	78
801	chr10	96618527	96618508	+	10.86	3.014	>	6	12	78
802	chr8	84639419	84639400	-	10.85	34.7	>	6	12	78
803	chr17	8468905	8468886	+	10.85	20.27	>	6	12	78
804	chr2	67535551	67535532	+	10.83	7.83	>	6	12	78
805	chr18	52947340	52947321	+	10.82	10.15	>	6	12	78
806	chr13	72625410	72625391	-	10.78	6.715	>	6	12	78
807	chr11	31942449	31942430	+	10.69	22.72	>	6	12	78
808	chr1	6190743	6190724	-	10.63	7.344	>	6	12	78
809	chr7	74367549	74367530	+	10.6	15.16	>	6	12	78
810	chr4	22482970	22482951	+	10.58	4.45	>	6	12	78
811	chr13	20298018	20297999	+	10.56	24.86	>	6	12	78
812	chr16	75325511	75325492	-	10.484	5.44	>	6	12	78
813	chr6	54586377	54586358	+	10.44	8.14	>	6	12	78
814	chr14	59604211	59604192	-	10.375	15.664	>	6	12	78
815	chr2	107946040	107946021	-	10.31	11.08	>	6	12	78
816	chr1	62701219	62701200	-	10.3	12.74	>	6	12	78
817	chr7	75914120	75914101	+	10.266	24.1	>	6	12	78
818	chr5	98167679	98167660	+	10.26	12.875	>	6	12	78
819	chr9	99671799	99671780	+	10.23	22.52	>	6	12	78
820	chr1	179847901	179847882	+	10.16	11.88	>	6	12	78
821	chr15	80080817	80080798	-	10.15	32.28	>	6	12	78
822	chr6	137747756	137747737	-	10.09	27.12	>	6	12	78
823	chr6	77249625	77249606	-	10.09	6.945	>	6	12	78
824	chr5	149049190	149049171	-	10.08	15.81	>	6	12	78
825	chr18	32814407	32814388	-	10.07	2.566	>	6	12	78
826	chr11	46258405	46258386	-	10.06	20.3	>	6	12	78
827	chr11	81974830	81974811	-	10.01	5.44	>	6	12	78
828	chr19	48414047	48414028	+	9.99	12.77	>	6	12	78
829	chr11	34836484	34836465	+	9.86	20.75	>	6	12	78
830	chr17	24437345	24437326	-	9.81	19.33	>	6	12	78
831	chr6	59208753	59208734	-	9.734	12.92	>	6	12	78
832	chr13	37325694	37325675	-	9.734	20.84	>	6	12	78
833	chr11	43412967	43412948	-	9.72	22.2	>	6	12	78
834	chr13	49651342	49651323	-	9.71	2.496	>	6	12	78
835	chr7	143151380	143151361	+	9.69	18.05	>	6	12	78
836	chr16	4285478	4285459	-	9.67	7.94	>	6	12	78
837	chr11	29715017	29714998	-	9.664	9.12	>	6	12	78
838	chr3	134654263	134654244	+	9.62	3.898	>	6	12	78
839	chr8	28978824	28978805	-	9.57	7.504	>	6	12	78
840	chr13	54062269	54062250	-	9.55	10.02	>	6	12	78
841	chr9	32585514	32585495	+	9.516	12.72	>	6	12	78
842	chr7	73648212	73648193	-	9.484	13.375	>	6	12	78
843	chr19	27425889	27425870	-	9.44	11.26	>	6	12	78
844	chr13	100854377	100854358	-	9.42	17.78	>	6	12	78
845	chr5	140749784	140749765	-	9.414	22.17	>	6	12	78
846	chr4	127027444	127027425	+	9.4	22.48	>	6	12	78
847	chr11	109221866	109221847	-	9.3	9.67	>	6	12	78
848	chr16	16596794	16596775	+	9.28	5.977	>	6	12	78
849	chr2	128605294	128605275	-	9.25	9.07	>	6	12	78
850	chr2	61492265	61492246	+	9.25	6.99	>	6	12	78
851	chr10	74217479	74217460	+	9.22	7.7	>	6	12	78
852	chr9	68016722	68016703	+	9.2	8.305	>	6	12	78
853	chr6	144248136	144248117	+	9.19	7.742	>	6	12	78
854	chr13	51191948	51191929	+	9.17	5.492	>	6	12	78
855	chr2	103424848	103424829	-	9.164	12.29	>	6	12	78
856	chr7	64751734	64751715	-	9.13	16.66	>	6	12	78
857	chr7	27160004	27159985	+	9.125	14.17	>	6	12	78
858	chr13	95986545	95986526	+	9.08	13.76	>	6	12	78
859	chr5	135118653	135118634	+	9.08	29.22	>	6	12	78
860	chr10	49786914	49786895	-	9.07	0.785	>	6	12	78
861	chr1	51639072	51639053	+	9.02	3.22	>	6	12	78
862	chr14	105307894	105307875	+	8.95	2.453	>	6	12	78
863	chr19	40231990	40231971	-	8.95	19.89	>	6	12	78
864	chr10	69656526	69656507	+	8.95	12.99	>	6	12	78
865	chr7	142714879	142714860	-	8.945	27.2	>	6	12	78
866	chr6	129256260	129256241	-	8.93	14.53	>	6	12	78
867	chr5	138199783	138199764	+	8.9	8.414	>	6	12	78
868	chr8	36193738	36193719	+	8.89	10.43	>	6	12	78
869	chr11	49597354	49597335	+	8.87	6.92	>	6	12	78
870	chr1	139405977	139405958	-	8.86	4.043	>	6	12	78
871	chr3	124289118	124289099	-	8.84	12.69	>	6	12	78
872	chr9	13196005	13195986	-	8.83	30.6	>	6	12	78
873	chr14	115819240	115819221	+	8.83	10.71	>	6	12	78
874	chr5	146914595	146914576	+	8.82	39.7	>	6	12	78
875	chr4	119223866	119223847	-	8.766	16.34	>	6	12	78
876	chr15	85879204	85879185	-	8.76	17.27	>	6	12	78
877	chr4	124682485	124682466	+	8.7	17.45	>	6	12	78
878	chr17	34956526	34956507	+	8.695	22.17	>	6	12	78
879	chr12	39494054	39494035	-	8.65	2.455	>	6	12	78
880	chr9	34485824	34485805	-	8.625	10.6	>	6	12	78
881	chr2	180786948	180786929	+	8.57	17.27	>	6	12	78
882	chr4	62230989	62230970	+	8.57	12.25	>	6	12	78
883	chr2	16357480	16357461	+	8.55	2.205	>	6	12	78
884	chr17	9759516	9759497	+	8.54	11.53	>	6	12	78
885	chr10	13018670	13018651	+	8.54	19.64	>	6	12	78
886	chr4	32570820	32570801	-	8.52	6.645	>	6	12	78
887	chr9	86451919	86451900	-	8.49	16.77	>	6	12	78
888	chr7	139590495	139590476	+	8.49	20.39	>	6	12	78
889	chr16	31944169	31944150	+	8.445	14.11	>	6	12	78
890	chr3	104701211	104701192	-	8.44	24.84	>	6	12	78
891	chr2	160955546	160955527	-	8.414	14.05	>	6	12	78
892	chr18	32811889	32811870	+	8.4	4.918	>	6	12	78
893	chr14	115042240	115042221	-	8.4	14.734	>	6	12	78
894	chr2	28464119	28464100	-	8.33	19.16	>	6	12	78
895	chr2	76369931	76369912	+	8.28	9.1	>	6	12	78
896	chr3	107605512	107605493	+	8.28	12.57	>	6	12	78
897	chr14	121220891	121220872	-	8.23	10.8	>	6	12	78
898	chr1	103796539	103796520	+	8.22	10.74	>	6	12	78
899	chr16	23151589	23151570	+	8.21	3.11	>	6	12	78
900	chr5	33371346	33371327	-	8.19	15.74	>	6	12	78
901	chr13	103121088	103121069	-	8.18	6.016	>	6	12	78
902	chr10	60760529	60760510	+	8.14	24.72	>	6	12	78
903	chr1	169921787	169921768	+	8.12	12.62	>	6	12	78
904	chr13	42826816	42826797	-	8.11	17.0	>	6	12	78
905	chr6	72601930	72601911	+	8.11	24.06	>	6	12	78
906	chr7	81345319	81345300	-	7.99	7.87	>	6	12	78
907	chr11	33934471	33934452	+	7.98	18.27	>	6	12	78
908	chr18	77044808	77044789	-	7.97	11.42	>	6	12	78
909	chr7	67217278	67217259	+	7.926	7.28	>	6	12	78
910	chr2	164074027	164074008	+	7.906	10.22	>	6	12	78
911	chr3	45373410	45373391	+	7.855	1.438	>	6	12	78
912	chr1	152768355	152768336	-	7.84	9.35	>	6	12	78
913	chr11	102267665	102267646	-	7.81	17.44	>	6	12	78
914	chr11	43411664	43411645	-	7.81	21.72	>	6	12	78
915	chr2	129880054	129880035	+	7.805	6.484	>	6	12	78
916	chr11	81972241	81972222	+	7.797	9.07	>	6	12	78
917	chr9	65581143	65581124	-	7.793	11.17	>	6	12	78
918	chr4	106228720	106228701	+	7.727	13.9	>	6	12	78
919	chr6	119467876	119467857	+	7.703	18.1	>	6	12	78
920	chr10	122794511	122794492	+	7.695	15.734	>	6	12	78
921	chr14	34813484	34813465	-	7.69	11.805	>	6	12	78
922	chr15	19280629	19280610	+	7.68	3.066	>	6	12	78
923	chr13	38235597	38235578	-	7.676	11.836	>	6	12	78
924	chr13	21710105	21710086	+	7.67	14.95	>	6	12	78
925	chr11	104231353	104231334	-	7.67	18.38	>	6	12	78
926	chr6	86401304	86401285	-	7.64	23.28	>	6	12	78
927	chr4	24245320	24245301	-	7.633	3.027	>	6	12	78
928	chr9	29655082	29655063	+	7.613	20.11	>	6	12	78
929	chr9	58535957	58535938	-	7.605	16.9	>	6	12	78
930	chr5	112427478	112427459	-	7.598	9.93	>	6	12	78
931	chr4	140539353	140539334	-	7.58	22.9	>	6	12	78
932	chr14	105302910	105302891	+	7.57	4.605	>	6	12	78
933	chr7	19713404	19713385	-	7.543	26.19	>	6	12	78
934	chr1	127487367	127487348	-	7.52	14.33	>	6	12	78
935	chr19	56806125	56806106	-	7.504	5.934	>	6	12	78
936	chr19	47175662	47175643	-	7.46	21.67	>	6	12	78
937	chr2	150795624	150795605	-	7.44	6.633	>	6	12	78
938	chr2	137114826	137114807	+	7.438	4.08	>	6	12	78
939	chr10	119244230	119244211	+	7.434	4.305	>	6	12	78
940	chr5	117094622	117094603	+	7.42	22.22	>	6	12	78
941	chr11	67100384	67100365	-	7.42	22.83	>	6	12	78
942	chr5	30686988	30686969	+	7.41	18.64	>	6	12	78
943	chr8	105291139	105291120	-	7.41	11.78	>	6	12	78
944	chr7	143470174	143470155	-	7.39	17.94	>	6	12	78
945	chr15	8099290	8099271	-	7.35	8.336	>	6	12	78
946	chr7	119015949	119015930	+	7.34	17.75	>	6	12	78
947	chr17	56306039	56306020	-	7.305	16.48	>	6	12	78
948	chr1	134636895	134636876	+	7.3	5.97	>	6	12	78
949	chr17	65541217	65541198	+	7.258	9.125	>	6	12	78
950	chr14	49218880	49218861	+	7.25	8.47	>	6	12	78
951	chr1	25527154	25527135	+	7.2	7.453	>	6	12	78
952	chr1	146515575	146515556	+	7.18	3.11	>	6	12	78
953	chr9	44109578	44109559	+	7.176	33.9	>	6	12	78
954	chr11	108889358	108889339	+	7.15	8.016	>	6	12	78
955	chr7	138398615	138398596	+	7.117	4.707	>	6	12	78
956	chr5	32204842	32204823	+	7.11	6.15	>	6	12	78
957	chr8	14859581	14859562	+	7.1	5.27	>	6	12	78
958	chr11	95676507	95676488	-	7.09	14.555	>	6	12	78
959	chr6	85141186	85141167	+	7.08	33.56	>	6	12	78
960	chr14	20340404	20340385	-	7.04	15.81	>	6	12	78
961	chr1	193130339	193130320	-	7.023	5.71	>	6	12	78
962	chr9	98032882	98032863	+	6.992	4.73	>	6	12	78
963	chr7	143793289	143793270	+	6.98	21.42	>	6	12	78
964	chr12	32292312	32292293	-	6.895	8.26	>	6	12	78
965	chr17	45724453	45724434	-	6.89	12.125	>	6	12	78
966	chr14	102512314	102512295	+	6.89	1.602	>	6	12	78
967	chr8	11943038	11943019	+	6.88	5.47	>	6	12	78
968	chr7	83553561	83553542	+	6.867	8.27	>	6	12	78
969	chr9	64960779	64960760	-	6.85	16.31	>	6	12	78
970	chr9	30426996	30426977	+	6.832	15.31	>	6	12	78
971	chr11	119249183	119249164	+	6.785	23.48	>	6	12	78
972	chr8	90795542	90795523	+	6.77	10.67	>	6	12	78
973	chr2	113498926	113498907	-	6.766	9.86	>	6	12	78
974	chr13	62926662	62926643	+	6.75	4.73	>	6	12	78
975	chr1	127485025	127485006	+	6.715	16.44	>	6	12	78
976	chr17	78592615	78592596	+	6.715	8.945	>	6	12	78
977	chr2	118246134	118246115	-	6.668	13.72	>	6	12	78
978	chr2	92474875	92474856	-	6.652	13.95	>	6	12	78
979	chr7	17061423	17061404	+	6.645	15.1	>	6	12	78
980	chr10	122090678	122090659	+	6.63	8.38	>	6	12	78
981	chr13	64448147	64448128	+	6.594	17.92	>	6	12	78
982	chr2	34642611	34642592	-	6.562	14.51	>	6	12	78
983	chr5	117509743	117509724	+	6.54	26.92	>	6	12	78
984	chr7	131371109	131371090	+	6.516	4.71	>	6	12	78
985	chr6	94054143	94054124	-	6.5	13.34	>	6	12	78
986	chr14	20697228	20697209	+	6.465	17.88	>	6	12	78
987	chr10	122798121	122798102	+	6.46	15.23	>	6	12	78
988	chr13	14196604	14196585	+	6.45	1.613	>	6	12	78
989	chr3	118991976	118991957	+	6.438	8.26	>	6	12	78
990	chr9	107231295	107231276	-	6.434	7.414	>	6	12	78
991	chr15	24557016	24556997	-	6.418	3.371	>	6	12	78
992	chr2	178407758	178407739	+	6.414	11.43	>	6	12	78
993	chr9	90683476	90683457	-	6.38	1.322	>	6	12	78
994	chr6	22968335	22968316	-	6.34	6.418	>	6	12	78
995	chr12	67217811	67217792	+	6.336	1.95	>	6	12	78
996	chr10	82910438	82910419	+	6.277	10.99	>	6	12	78
997	chr7	49125716	49125697	+	6.258	16.88	>	6	12	78
998	chr11	119491305	119491286	-	6.215	10.81	>	6	12	78
999	chr11	32341308	32341289	-	6.21	14.555	>	6	12	78
1000	chr19	8713406	8713387	+	6.19	10.44	>	6	12	78
1001	chr4	48048044	48048025	+	6.152	6.21	>	6	12	78
1002	chr11	52764825	52764806	+	6.15	7.75	>	6	12	78
1003	chr13	20564636	20564617	-	6.145	4.82	>	6	12	78
1004	chr10	39105011	39104992	-	6.14	7.152	>	6	12	78
1005	chr11	98909856	98909837	-	6.117	18.95	>	6	12	78
1006	chr1	151025102	151025083	+	6.117	4.496	>	6	12	78
1007	chr5	98167777	98167758	-	6.113	9.555	>	6	12	78
1008	chr8	88118562	88118543	+	6.062	3.66	>	6	12	78
1009	chr16	92511934	92511915	+	6.035	16.34	>	6	12	78
1010	chr15	25792295	25792276	-	6.008	6.87	>	6	12	78
1011	chr13	92751194	92751175	+	5.938	12.68	>	6	12	78
1012	chr5	101688793	101688774	-	5.934	12.51	>	6	12	78
1013	chr7	112023252	112023233	+	5.93	8.26	>	6	12	78
1014	chr14	21854038	21854019	-	5.914	27.36	>	6	12	78
1015	chr8	32003733	32003714	-	5.9	2.012	>	6	12	78
1016	chr13	53095394	53095375	-	5.867	6.086	>	6	12	78
1017	chr1	182554179	182554160	+	5.836	10.15	>	6	12	78
1018	chr6	18381568	18381549	+	5.832	1.955	>	6	12	78
1019	chr9	77389590	77389571	+	5.832	5.68	>	6	12	78
1020	chr16	5254481	5254462	-	5.812	12.77	>	6	12	78
1021	chr2	93199625	93199606	+	5.797	14.08	>	6	12	78
1022	chr9	81631651	81631632	-	5.793	3.863	>	6	12	78
1023	chr2	152887412	152887393	-	5.78	4.652	>	6	12	78
1024	chr4	153481137	153481118	-	5.766	3.3	>	6	12	78
1025	chr8	72239706	72239687	-	5.754	5.32	>	6	12	78
1026	chr18	65750236	65750217	-	5.703	2.543	>	6	12	78
1027	chr6	61311882	61311863	-	5.68	7.43	>	6	12	78
1028	chr18	46143625	46143606	+	5.676	6.477	>	6	12	78
1029	chr6	120836118	120836099	+	5.64	7.797	>	6	12	78
1030	chr6	100563990	100563971	-	5.625	4.164	>	6	12	78
1031	chr3	13475098	13475079	-	5.61	1.948	>	6	12	78
1032	chr2	132262968	132262949	+	5.6	7.164	>	6	12	78
1033	chr11	103334169	103334150	+	5.594	12.02	>	6	12	78
1034	chr6	54255029	54255010	+	5.586	4.35	>	6	12	78
1035	chr13	101711018	101710999	+	5.543	9.15	>	6	12	78
1036	chr5	39644761	39644742	-	5.54	3.531	>	6	12	78
1037	chr8	90795201	90795182	-	5.516	4.996	>	6	12	78
1038	chr18	23162646	23162627	+	5.51	1.562	>	6	12	78
1039	chr16	78165563	78165544	+	5.477	7.39	>	6	12	78
1040	chr2	96584106	96584087	-	5.44	3.29	>	6	12	78
1041	chr12	72070473	72070454	+	5.426	11.336	>	6	12	78
1042	chr12	24708691	24708672	+	5.414	9.914	>	6	12	78
1043	chr8	92367135	92367116	-	5.406	6.984	>	6	12	78
1044	chr17	83866777	83866758	+	5.4	23.0	>	6	12	78
1045	chr13	55322636	55322617	-	5.4	7.0	>	6	12	78
1046	chr6	88893771	88893752	-	5.395	16.78	>	6	12	78
1047	chr19	8718731	8718712	-	5.383	8.6	>	6	12	78
1048	chr12	59220179	59220160	-	5.38	2.5	>	6	12	78
1049	chr14	60784526	60784507	+	5.367	16.06	>	6	12	78
1050	chr3	153658591	153658572	+	5.33	6.258	>	6	12	78
1051	chr9	77386949	77386930	-	5.312	12.24	>	6	12	78
1052	chr10	83219903	83219884	+	5.312	6.188	>	6	12	78
1053	chr6	15176967	15176948	-	5.31	2.947	>	6	12	78
1054	chr2	152604207	152604188	-	5.27	19.44	>	6	12	78
1055	chr2	39003369	39003350	-	5.26	1.671	>	6	12	78
1056	chr16	31425707	31425688	-	5.254	13.484	>	6	12	78
1057	chr5	137503018	137502999	-	5.227	3.691	>	6	12	78
1058	chr18	13973086	13973067	-	5.207	0.71	>	6	12	78
1059	chr17	68849016	68848997	-	5.2	1.891	>	6	12	78
1060	chr2	128408931	128408912	-	5.19	8.72	>	6	12	78
1061	chr14	97559790	97559771	-	5.16	2.041	>	6	12	78
1062	chr8	67903864	67903845	-	5.13	6.113	>	6	12	78
1063	chr14	56888181	56888162	-	5.125	3.316	>	6	12	78
1064	chr4	132198465	132198446	+	5.125	11.19	>	6	12	78
1065	chr2	39005861	39005842	-	5.12	3.883	>	6	12	78
1066	chr7	137471679	137471660	-	5.1	19.97	>	6	12	78
1067	chr6	64949075	64949056	+	5.09	5.168	>	6	12	78
1068	chr18	16821148	16821129	+	5.043	1.935	>	6	12	78
1069	chr2	93813566	93813547	+	5.04	13.086	>	6	12	78
1070	chr6	126481478	126481459	-	5.023	10.89	>	6	12	78
1071	chr1	181881093	181881074	-	4.984	10.19	>	6	12	78
1072	chr6	108065822	108065803	-	4.977	6.67	>	6	12	78
1073	chr4	88550373	88550354	+	4.938	4.04	>	6	12	78
1074	chr5	137502167	137502148	+	4.867	8.81	>	6	12	78
1075	chr8	77618148	77618129	-	4.86	4.188	>	6	12	78
1076	chr7	120098024	120098005	+	4.855	7.22	>	6	12	78
1077	chr2	75152706	75152687	-	4.824	10.55	>	6	12	78
1078	chr11	87950193	87950174	+	4.78	11.09	>	6	12	78
1079	chr11	94598936	94598917	-	4.746	10.49	>	6	12	78
1080	chr1	10229119	10229100	+	4.746	0.972	>	6	12	78
1081	chr7	143476888	143476869	+	4.746	8.89	>	6	12	78
1082	chr9	102607693	102607674	-	4.715	3.604	>	6	12	78
1083	chr8	32009749	32009730	+	4.71	6.785	>	6	12	78
1084	chr3	99262117	99262098	-	4.707	1.889	>	6	12	78
1085	chr18	75607987	75607968	+	4.664	23.11	>	6	12	78
1086	chr7	75380211	75380192	-	4.64	2.41	>	6	12	78
1087	chr3	135863108	135863089	+	4.64	3.164	>	6	12	78
1088	chr4	87369015	87368996	-	4.625	9.125	>	6	12	78
1089	chr8	84639535	84639516	+	4.605	13.88	>	6	12	78
1090	chr15	74524301	74524282	+	4.586	13.7	>	6	12	78
1091	chr17	57007316	57007297	-	4.582	9.42	>	6	12	78
1092	chr11	30893985	30893966	+	4.547	0.9004	>	6	12	78
1093	chr19	57360190	57360171	-	4.543	2.654	>	6	12	78
1094	chr8	110102657	110102638	-	4.53	9.24	>	6	12	78
1095	chr7	135389259	135389240	-	4.53	9.336	>	6	12	78
1096	chr4	152527530	152527511	+	4.516	13.99	>	6	12	78
1097	chr13	103710441	103710422	+	4.5	4.57	>	6	12	78
1098	chr10	120896053	120896034	+	4.5	2.322	>	6	12	78
1099	chr18	5155632	5155613	-	4.484	6.39	>	6	12	78
1100	chr12	80141693	80141674	-	4.45	17.05	>	6	12	78
1101	chr5	118763566	118763547	-	4.418	12.81	>	6	12	78
1102	chr12	14150175	14150156	+	4.406	3.688	>	6	12	78
1103	chr10	128990300	128990281	-	4.4	8.03	>	6	12	78
1104	chr10	30834038	30834019	-	4.37	4.473	>	6	12	78
1105	chr6	50618483	50618464	+	4.367	12.766	>	6	12	78
1106	chr15	9748972	9748953	-	4.36	3.496	>	6	12	78
1107	chr16	92308164	92308145	-	4.355	11.22	>	6	12	78
1108	chr2	9881964	9881945	-	4.355	2.918	>	6	12	78
1109	chr8	123106089	123106070	+	4.336	8.18	>	6	12	78
1110	chr5	98346264	98346245	+	4.324	2.342	>	6	12	78
1111	chr10	40249841	40249822	-	4.316	12.23	>	6	12	78
1112	chr3	141457685	141457666	+	4.312	4.707	>	6	12	78
1113	chr9	40192620	40192601	-	4.3	2.145	>	6	12	78
1114	chr9	72448248	72448229	+	4.29	7.78	>	6	12	78
1115	chr13	24316809	24316790	-	4.273	3.682	>	6	12	78
1116	chr1	50927249	50927230	+	4.258	4.5	>	6	12	78
1117	chr11	102690417	102690398	-	4.223	12.195	>	6	12	78
1118	chr4	116627141	116627122	+	4.207	6.52	>	6	12	78
1119	chr15	76198817	76198798	+	4.164	10.72	>	6	12	78
1120	chr15	12113620	12113601	-	4.156	3.312	>	6	12	78
1121	chr1	115675059	115675040	+	4.152	5.223	>	6	12	78
1122	chr2	34644807	34644788	-	4.15	8.266	>	6	12	78
1123	chr2	166084974	166084955	-	4.133	18.12	>	6	12	78
1124	chr11	21571906	21571887	-	4.13	2.105	>	6	12	78
1125	chr15	9449709	9449690	-	4.062	0.543	>	6	12	78
1126	chr5	92664520	92664501	-	4.055	3.326	>	6	12	78
1127	chr12	77001216	77001197	+	4.043	1.105	>	6	12	78
1128	chr6	93757507	93757488	-	4.01	5.273	>	6	12	78
1129	chr19	56302794	56302775	+	4.01	3.797	>	6	12	78
1130	chr13	71954038	71954019	-	4.008	1.19	>	6	12	78
1131	chr4	17852015	17851996	-	4.0	0.8535	>	6	12	78
1132	chr18	39136126	39136107	+	3.992	1.932	>	6	12	78
1133	chr1	153489234	153489215	-	3.99	7.715	>	6	12	78
1134	chr9	66136172	66136153	-	3.988	5.383	>	6	12	78
1135	chr11	109621431	109621412	-	3.979	11.484	>	6	12	78
1136	chr13	91723318	91723299	+	3.959	5.49	>	6	12	78
1137	chr13	3642291	3642272	-	3.959	4.75	>	6	12	78
1138	chr13	47304770	47304751	+	3.957	6.746	>	6	12	78
1139	chr2	121144456	121144437	+	3.953	4.504	>	6	12	78
1140	chr13	93772223	93772204	-	3.928	3.56	>	6	12	78
1141	chr10	70967079	70967060	+	3.916	4.88	>	6	12	78
1142	chr13	59417085	59417066	-	3.91	5.0	>	6	12	78
1143	chr7	102484972	102484953	-	3.883	7.0	>	6	12	78
1144	chr5	38235667	38235648	-	3.879	10.78	>	6	12	78
1145	chr14	56885401	56885382	+	3.87	2.412	>	6	12	78
1146	chr11	75170669	75170650	-	3.861	7.984	>	6	12	78
1147	chr11	77980417	77980398	+	3.846	9.5	>	6	12	78
1148	chr9	94738712	94738693	+	3.828	14.92	>	6	12	78
1149	chr6	140466500	140466481	-	3.816	3.785	>	6	12	78
1150	chr19	57361025	57361006	-	3.814	6.484	>	6	12	78
1151	chr12	58972459	58972440	+	3.777	2.135	>	6	12	78
1152	chr2	61490636	61490617	+	3.775	5.23	>	6	12	78
1153	chr4	44310651	44310632	+	3.762	4.973	>	6	12	78
1154	chr11	52766147	52766128	+	3.734	1.83	>	6	12	78
1155	chr13	72627587	72627568	-	3.717	4.066	>	6	12	78
1156	chr9	23012459	23012440	-	3.71	1.704	>	6	12	78
1157	chr16	31427924	31427905	-	3.705	3.383	>	6	12	78
1158	chr12	29895773	29895754	+	3.691	1.481	>	6	12	78
1159	chr9	73154557	73154538	+	3.666	9.1	>	6	12	78
1160	chr1	127484437	127484418	-	3.66	8.8	>	6	12	78
1161	chr9	107566236	107566217	+	3.656	7.098	>	6	12	78
1162	chr2	68118338	68118319	+	3.652	4.36	>	6	12	78
1163	chr11	11140836	11140817	-	3.629	13.69	>	6	12	78
1164	chr12	74014936	74014917	-	3.627	5.97	>	6	12	78
1165	chr7	138396301	138396282	-	3.621	0.934	>	6	12	78
1166	chr14	103534605	103534586	+	3.617	5.312	>	6	12	78
1167	chr10	115164112	115164093	-	3.613	3.031	>	6	12	78
1168	chr7	119019764	119019745	+	3.598	7.113	>	6	12	78
1169	chr13	96389525	96389506	-	3.588	1.339	>	6	12	78
1170	chr14	74723724	74723705	-	3.586	5.766	>	6	12	78
1171	chr14	55114114	55114095	-	3.57	7.387	>	6	12	78
1172	chr9	62784468	62784449	+	3.562	12.84	>	6	12	78
1173	chr10	127678167	127678148	-	3.541	2.129	>	6	12	78
1174	chr17	55948218	55948199	-	3.535	4.3	>	6	12	78
1175	chr11	78183263	78183244	-	3.525	12.305	>	6	12	78
1176	chr6	59207403	59207384	-	3.508	1.477	>	6	12	78
1177	chr6	135416919	135416900	+	3.498	4.027	>	6	12	78
1178	chr5	122104403	122104384	+	3.492	11.98	>	6	12	78
1179	chr13	37971068	37971049	-	3.482	3.088	>	6	12	78
1180	chr5	114612410	114612391	+	3.48	13.6	>	6	12	78
1181	chr10	114442226	114442207	+	3.46	2.104	>	6	12	78
1182	chr2	145655527	145655508	-	3.44	2.05	>	6	12	78
1183	chr7	109507351	109507332	-	3.418	1.832	>	6	12	78
1184	chr16	10009965	10009946	+	3.402	4.965	>	6	12	78
1185	chr14	67969032	67969013	-	3.385	5.523	>	6	12	78
1186	chr5	140744055	140744036	-	3.348	10.35	>	6	12	78
1187	chr1	56984334	56984315	+	3.338	2.584	>	6	12	78
1188	chr2	137110782	137110763	+	3.328	1.323	>	6	12	78
1189	chr16	22267525	22267506	+	3.322	1.262	>	6	12	78
1190	chr16	4884595	4884576	-	3.3	2.822	>	6	12	78
1191	chr5	19458406	19458387	-	3.291	6.625	>	6	12	78
1192	chr1	84697217	84697198	-	3.29	7.492	>	6	12	78
1193	chr14	122903088	122903069	-	3.29	2.205	>	6	12	78
1194	chr7	64056729	64056710	-	3.273	1.214	>	6	12	78
1195	chr9	71624061	71624042	-	3.273	15.39	>	6	12	78
1196	chr9	96885958	96885939	-	3.271	10.016	>	6	12	78
1197	chr18	46964733	46964714	-	3.266	8.555	>	6	12	78
1198	chr3	122638475	122638456	+	3.26	4.82	>	6	12	78
1199	chr9	94733848	94733829	+	3.256	3.768	>	6	12	78
1200	chr1	167938404	167938385	-	3.25	6.79	>	6	12	78
1201	chr1	180811841	180811822	+	3.244	6.383	>	6	12	78
1202	chr10	42760472	42760453	+	3.229	1.784	>	6	12	78
1203	chr18	20598347	20598328	+	3.213	4.758	>	6	12	78
1204	chr17	71909305	71909286	+	3.203	3.572	>	6	12	78
1205	chr1	34459898	34459879	+	3.193	3.389	>	6	12	78
1206	chr4	117202234	117202215	-	3.191	9.61	>	6	12	78
1207	chr15	101313974	101313955	-	3.178	2.96	>	6	12	78
1208	chr16	13438138	13438119	+	3.176	1.241	>	6	12	78
1209	chr7	114878499	114878480	+	3.174	1.604	>	6	12	78
1210	chr11	109866735	109866716	+	3.166	2.812	>	6	12	78
1211	chr3	123509329	123509310	+	3.162	5.67	>	6	12	78
1212	chr3	114085881	114085862	-	3.146	0.5283	>	6	12	78
1213	chr4	120149384	120149365	-	3.145	8.09	>	6	12	78
1214	chr16	4549594	4549575	-	3.137	11.12	>	6	12	78
1215	chr15	78872224	78872205	+	3.133	9.35	>	6	12	78
1216	chr12	57231261	57231242	-	3.127	3.32	>	6	12	78
1217	chr9	71624949	71624930	-	3.125	15.0	>	6	12	78
1218	chr4	18963859	18963840	-	3.12	4.01	>	6	12	78
1219	chr8	40913366	40913347	-	3.115	1.625	>	6	12	78
1220	chr5	21645240	21645221	-	3.11	1.259	>	6	12	78
1221	chr10	68357244	68357225	+	3.094	1.353	>	6	12	78
1222	chr2	93812077	93812058	-	3.06	11.82	>	6	12	78
1223	chr12	75669431	75669412	-	3.05	4.1	>	6	12	78
1224	chr1	12844023	12844004	+	3.033	4.33	>	6	12	78
1225	chr12	86697142	86697123	+	3.025	6.996	>	6	12	78
1226	chr9	98033678	98033659	+	3.021	1.525	>	6	12	78
1227	chr19	37946902	37946883	+	3.02	4.082	>	6	12	78
1228	chr9	75271676	75271657	+	3.01	4.42	>	6	12	78
1229	chr11	55162881	55162862	+	2.996	3.625	>	6	12	78
1230	chr17	25274339	25274320	-	2.984	4.45	>	6	12	78
1231	chr6	108065317	108065298	+	2.984	5.535	>	6	12	78
1232	chr7	5071749	5071730	-	2.928	2.754	>	6	12	78
1233	chr3	152477906	152477887	-	2.922	3.295	>	6	12	78
1234	chr5	28090770	28090751	-	2.922	2.412	>	6	12	78
1235	chr14	78282622	78282603	+	2.91	2.186	>	6	12	78
1236	chr14	88480122	88480103	-	2.906	3.236	>	6	12	78
1237	chr7	107569047	107569028	+	2.902	1.588	>	6	12	78
1238	chr3	83777088	83777069	-	2.879	3.992	>	6	12	78
1239	chr8	48550865	48550846	+	2.871	0.592	>	6	12	78
1240	chr7	132575955	132575936	-	2.855	4.473	>	6	12	78
1241	chr14	79769127	79769108	-	2.852	4.36	>	6	12	78
1242	chr17	69974245	69974226	-	2.799	1.284	>	6	12	78
1243	chr12	66284211	66284192	-	2.793	5.484	>	6	12	78
1244	chr6	83796902	83796883	-	2.785	3.35	>	6	12	78
1245	chr9	44108077	44108058	+	2.785	11.375	>	6	12	78
1246	chr11	116023924	116023905	+	2.777	6.906	>	6	12	78
1247	chr3	86779824	86779805	-	2.775	8.64	>	6	12	78
1248	chr19	46056202	46056183	+	2.77	5.27	>	6	12	78
1249	chr10	108210181	108210162	-	2.762	0.674	>	6	12	78
1250	chr8	27001386	27001367	+	0.4329	0.4077	>	6	12	78
1251	chr17	28338029	28338010	-	0.252	0.265	>	6	12	78
1252	chr11	76445826	76445807	-	0.2268	0.1863	>	6	12	78
1253	chr5	144244146	144244127	-	0.311	0.3691	>	6	12	78
1254	chr14	79768803	79768784	-	0.3076	0.2808	>	6	12	78
1255	chr9	26778623	26778604	-	1.299	0.6914	>	6	12	78
1256	chr7	25392052	25392033	+	0.2487	0.242	>	6	12	78
1257	chr3	101484879	101484860	-	0.3438	0.528	>	6	12	78
1258	chr2	69113988	69113969	+	0.2472	0.1981	>	6	12	78
1259	chr13	29852447	29852428	-	0.1781	0.1941	>	6	12	78
1260	chr2	60213231	60213212	-	0.1073	0.1628	>	6	12	78
1261	chr2	171418157	171418138	-	0.1407	0.2131	>	6	12	78
1262	chr7	64392050	64392031	-	0.514	0.2006	>	6	12	78
1263	chr15	36157434	36157415	-	0.7227	0.836	>	6	12	78
1264	chr4	49662357	49662338	-	0.4692	0.2915	>	6	12	78
1265	chr4	48422356	48422337	+	1.027	0.5225	>	6	12	78
1266	chr18	82720514	82720495	+	0.1605	0.1409	>	6	12	78
1267	chr1	172022686	172022667	+	0.1733	0.1764	>	6	12	78
1268	chr7	139595890	139595871	+	0.1575	0.2125	>	6	12	78
1269	chr12	73007842	73007823	-	0.345	0.2974	>	6	12	78
1270	chr17	27192928	27192909	-	0.1056	0.4468	>	6	12	78
1271	chr1	53698960	53698941	+	0.557	0.255	>	6	12	78
1272	chr18	12734380	12734361	+	0.207	0.1383	>	6	12	78
1273	chr6	126767488	126767469	-	0.2039	0.2483	>	6	12	78
1274	chr2	92856249	92856230	-	2.734	0.857	>	6	12	78
1275	chr11	74572851	74572832	+	0.2646	0.2705	>	6	12	78
1276	chr9	59675637	59675618	-	0.4082	0.744	>	6	12	78
1277	chr15	55025647	55025628	+	0.1847	0.1536	>	6	12	78
1278	chr4	120579150	120579131	-	0.33	0.264	>	6	12	78
1279	chr15	74525720	74525701	+	0.2172	0.2104	>	6	12	78
1280	chr1	88748095	88748076	+	0.1973	0.1881	>	6	12	78
1281	chr15	32239655	32239636	-	0.2822	0.1587	>	6	12	78
1282	chr7	36571183	36571164	+	0.1103	0.1942	>	6	12	78
1283	chr11	113855351	113855332	-	0.1613	0.1947	>	6	12	78
1284	chr6	90609163	90609144	+	2.127	1.159	>	6	12	78
1285	chr3	146181407	146181388	-	0.2034	0.3416	>	6	12	78
1286	chr10	69857222	69857203	-	0.3232	0.3599	>	6	12	78
1287	chr2	158361425	158361406	-	0.5625	0.2502	>	6	12	78
1288	chr5	136268179	136268160	-	0.1886	0.2153	>	6	12	78
1289	chr16	11983350	11983331	-	1.634	1.076	>	6	12	78
1290	chr2	84437773	84437754	+	0.2305	0.14	>	6	12	78
1291	chr18	24002018	24001999	-	0.133	0.1333	>	6	12	78
1292	chr1	130151533	130151514	-	0.4075	0.3347	>	6	12	78
1293	chr9	59675855	59675836	+	0.3367	0.2161	>	6	12	78
1294	chr11	116840251	116840232	-	0.3374	0.637	>	6	12	78
1295	chr2	155819963	155819944	+	0.07886	0.146	>	6	12	78
1296	chr14	105301632	105301613	+	0.206	0.2114	>	6	12	78
1297	chr12	9044592	9044573	+	0.1821	0.2019	>	6	12	78
1298	chr18	13971224	13971205	-	0.5337	0.3596	>	6	12	78
1299	chr5	136267600	136267581	-	0.2751	0.189	>	6	12	78
1300	chr5	33371430	33371411	+	0.3992	0.1644	>	6	12	78
1301	chr14	51090397	51090378	-	0.4153	0.243	>	6	12	78
1302	chr1	77935072	77935053	+	0.1814	0.1729	>	6	12	78
1303	chr11	119246049	119246030	-	0.204	0.3367	>	6	12	78
1304	chr17	50274949	50274930	-	0.441	0.1749	>	6	12	78
1305	chr8	108956442	108956423	+	0.5635	0.3044	>	6	12	78
1306	chr11	66885340	66885321	+	0.1636	0.169	>	6	12	78
1307	chr7	30099945	30099926	-	0.1979	0.1757	>	6	12	78
1308	chr15	99973159	99973140	-	0.1998	0.3345	>	6	12	78
1309	chr5	16308949	16308930	+	0.1567	0.1411	>	6	12	78
1310	chr6	119466578	119466559	-	0.9824	0.9795	>	6	12	78
1311	chr2	136886679	136886660	+	0.7764	0.2095	>	6	12	78
1312	chr14	79763594	79763575	-	0.2852	0.151	>	6	12	78
1313	chr2	170416012	170415993	+	0.1837	0.1256	>	6	12	78
1314	chr4	41015236	41015217	-	0.1882	0.1434	>	6	12	78
1315	chr11	70975109	70975090	+	0.713	0.3914	>	6	12	78
1316	chr5	122773202	122773183	+	0.11584	0.1375	>	6	12	78
1317	chr4	128588031	128588012	-	0.2659	0.1909	>	6	12	78
1318	chr8	122576186	122576167	-	0.11285	0.1545	>	6	12	78
1319	chr7	76383989	76383970	+	0.1553	0.154	>	6	12	78
1320	chr9	41467019	41467000	-	0.2223	0.1565	>	6	12	78
1321	chr1	32712246	32712227	-	0.05322	0.1516	>	6	12	78
1322	chr16	23974866	23974847	-	0.5283	0.3425	>	6	12	78
1323	chr15	84066194	84066175	-	0.6196	1.17	>	6	12	78
1324	chr11	40148920	40148901	-	1.272	0.642	>	6	12	78
1325	chr7	27166488	27166469	-	0.306	0.491	>	6	12	78
1326	chr11	30240273	30240254	+	0.4001	0.2556	>	6	12	78
1327	chr2	69115969	69115950	-	0.1754	0.1587	>	6	12	78
1328	chr9	113420569	113420550	-	0.2261	0.2178	>	6	12	78
1329	chr12	99882528	99882509	-	0.2617	0.1387	>	6	12	78
1330	chr5	77347648	77347629	-	0.3625	0.4211	>	6	12	78
1331	chr10	49780455	49780436	+	0.2179	0.1394	>	6	12	78
1332	chr5	75855263	75855244	-	0.6416	0.4326	>	6	12	78
1333	chr2	124087358	124087339	-	0.6436	0.2075	>	6	12	78
1334	chr14	49219056	49219037	+	0.678	0.694	>	6	12	78
1335	chr5	147938091	147938072	+	0.368	0.1842	>	6	12	78
1336	chr11	32340288	32340269	+	0.1792	0.1648	>	6	12	78
1337	chr16	50181579	50181560	+	0.2006	0.1838	>	6	12	78
1338	chr16	20496121	20496102	-	0.6714	0.1777	>	6	12	78
1339	chr8	76775680	76775661	+	0.135	0.1975	>	6	12	78
1340	chr14	65597676	65597657	+	0.6543	0.452	>	6	12	78
1341	chr7	64754771	64754752	+	0.1351	0.2295	>	6	12	78
1342	chr2	166083979	166083960	-	0.2964	0.2065	>	6	12	78
1343	chr16	44140440	44140421	+	0.4607	0.3381	>	6	12	78
1344	chr12	90524338	90524319	-	0.3223	0.2983	>	6	12	78
1345	chr5	89391716	89391697	+	0.1626	0.1418	>	6	12	78
1346	chr9	59675438	59675419	-	0.2104	0.1542	>	6	12	78
1347	chr19	16339103	16339084	-	0.1967	0.1177	>	6	12	78
1348	chr13	30545067	30545048	+	0.3672	0.2915	>	6	12	78
1349	chr1	92462681	92462662	+	0.3916	0.1832	>	6	12	78
1350	chr4	84066283	84066264	-	0.1898	0.1552	>	6	12	78
1351	chr9	83373922	83373903	-	0.2197	0.1434	>	6	12	78
1352	chr4	88773969	88773950	-	0.9507	8.01	>	6	12	78
1353	chr9	123132258	123132239	-	0.1687	0.1416	>	6	12	78
1354	chr17	34958843	34958824	-	0.2079	0.5464	>	6	12	78
1355	chr12	50946225	50946206	+	0.2341	0.157	>	6	12	78
1356	chr13	73647252	73647233	+	0.267	0.1704	>	6	12	78
1357	chr11	83279300	83279281	-	0.4434	0.2251	>	6	12	78
1358	chr17	8986048	8986029	-	0.3325	0.212	>	6	12	78
1359	chr4	14935721	14935702	-	0.7095	0.296	>	6	12	78
1360	chr4	75076699	75076680	+	0.09125	0.2014	>	6	12	78
1361	chr5	114610713	114610694	+	0.0985	0.1626	>	6	12	78
1362	chr9	83378273	83378254	-	0.471	0.2808	>	6	12	78
1363	chr9	107773182	107773163	-	0.1786	0.1414	>	6	12	78
1364	chr9	41218030	41218011	+	0.1323	0.1355	>	6	12	78
1365	chr9	105644718	105644699	+	0.4255	0.1808	>	6	12	78
1366	chr8	84264441	84264422	-	1.261	1.4795	>	6	12	78
1367	chr4	135959453	135959434	+	0.112	0.2223	>	6	12	78
1368	chr1	24684268	24684249	+	0.4001	0.1942	>	6	12	78
1369	chr3	87748577	87748558	-	0.7593	0.4382	>	6	12	78
1370	chr9	54690950	54690931	+	0.11566	0.136	>	6	12	78
1371	chr15	82277690	82277671	-	0.9043	0.4492	>	6	12	78
1372	chr5	115498528	115498509	-	0.2693	0.2164	>	6	12	78
1373	chr9	56621276	56621257	+	0.10846	0.253	>	6	12	78
1374	chr18	81956733	81956714	-	0.2815	0.2637	>	6	12	78
1375	chr10	22791401	22791382	-	0.1346	0.2358	>	6	12	78
1376	chr15	82271301	82271282	+	0.836	0.1838	>	6	12	78
1377	chr12	69946159	69946140	+	0.555	0.455	>	6	12	78
1378	chr14	101442800	101442781	+	0.2983	0.1344	>	6	12	78
1379	chr2	164777017	164776998	-	0.5176	0.361	>	6	12	78
1380	chr10	24631573	24631554	-	1.178	1.224	>	6	12	78
1381	chr1	136528510	136528491	-	1.761	0.7373	>	6	12	78
1382	chr10	19222118	19222099	-	1.411	0.8228	>	6	12	78
1383	chr14	56885508	56885489	-	2.348	4.004	>	6	12	78
1384	chr8	85060493	85060474	-	0.9688	0.437	>	6	12	78
1385	chr11	96075822	96075803	-	0.9316	0.4944	>	6	12	78
1386	chr11	77476535	77476516	+	0.1632	0.2383	>	6	12	78
1387	chr1	81294004	81293985	-	0.905	0.562	>	6	12	78
1388	chr12	15520954	15520935	+	0.7183	0.4033	>	6	12	78
1389	chr7	66397054	66397035	+	0.1594	0.2107	>	6	12	78
1390	chr12	74014582	74014563	-	0.2377	0.1973	>	6	12	78
1391	chr5	144242554	144242535	-	0.241	0.1987	>	6	12	78
1392	chr15	66894943	66894924	+	0.2703	0.2021	>	6	12	78
1393	chr6	126484995	126484976	-	0.4333	1.278	>	6	12	78
1394	chr4	48427148	48427129	+	0.678	0.3833	>	6	12	78
1395	chr15	71459211	71459192	+	0.252	0.1731	>	6	12	78
1396	chr3	19896435	19896416	-	0.2361	0.1467	>	6	12	78
1397	chr8	68268707	68268688	-	0.1398	0.1492	>	6	12	78
1398	chr1	182555580	182555561	-	0.1982	0.1915	>	6	12	78
1399	chr9	44413186	44413167	-	0.534	0.393	>	6	12	78
1400	chr14	70151716	70151697	+	0.3604	0.2382	>	6	12	78
1401	chr4	62478250	62478231	+	0.438	0.1328	>	6	12	78
1402	chr3	127561629	127561610	-	0.2183	0.12354	>	6	12	78
1403	chr3	69139614	69139595	-	0.397	0.2261	>	6	12	78
1404	chr17	17919616	17919597	+	0.1678	0.167	>	6	12	78
1405	chr4	139314214	139314195	-	0.2279	0.269	>	6	12	78
1406	chr18	61952763	61952744	-	0.2372	0.1731	>	6	12	78
1407	chr9	7599188	7599169	+	0.33	0.191	>	6	12	78
1408	chr10	120898341	120898322	-	0.3386	0.1467	>	6	12	78
1409	chr11	57469613	57469594	-	0.1846	0.2297	>	6	12	78
1410	chr18	58480198	58480179	-	0.2095	0.1665	>	6	12	78
1411	chr17	12380527	12380508	-	0.658	0.591	>	6	12	78
1412	chr2	107940173	107940154	+	0.11664	0.1351	>	6	12	78
1413	chr2	32580534	32580515	-	0.2605	0.4055	>	6	12	78
1414	chr15	98813480	98813461	+	0.3496	0.5376	>	6	12	78
1415	chr6	54253893	54253874	+	0.1663	0.1743	>	6	12	78
1416	chr1	135800865	135800846	+	0.1766	0.1665	>	6	12	78
1417	chr15	58426369	58426350	+	0.1996	0.1519	>	6	12	78
1418	chr4	87367775	87367756	+	0.3853	0.1472	>	6	12	78
1419	chr2	96583103	96583084	-	0.809	0.3242	>	6	12	78
1420	chr4	63366959	63366940	-	0.1979	0.1753	>	6	12	78
1421	chr4	59761293	59761274	-	0.3435	0.2113	>	6	12	78
1422	chr10	7832162	7832143	+	0.2646	0.1672	>	6	12	78
1423	chr7	89904213	89904194	-	0.2908	0.156	>	6	12	78
1424	chr1	30697342	30697323	+	0.1025	0.1263	>	6	12	78
1425	chr1	58987602	58987583	+	0.2202	0.1498	>	6	12	78
1426	chr15	7452190	7452171	+	0.1405	0.12085	>	6	12	78
1427	chr4	139877044	139877025	+	0.3875	0.2688	>	6	12	78
1428	chr3	83291887	83291868	-	0.0825	0.137	>	6	12	78
1429	chr15	68912907	68912888	-	0.5024	0.2024	>	6	12	78
1430	chr14	64593744	64593725	-	1.073	0.5703	>	6	12	78
1431	chr1	56980349	56980330	-	0.2778	0.2322	>	6	12	78
1432	chr14	75833620	75833601	-	0.6006	0.4543	>	6	12	78
1433	chr16	62904648	62904629	-	0.217	0.1924	>	6	12	78
1434	chr5	35991229	35991210	-	1.033	1.082	>	6	12	78
1435	chr5	44287418	44287399	-	0.248	0.155	>	6	12	78
1436	chr15	76199915	76199896	-	0.07776	0.3071	>	6	12	78
1437	chr4	131240262	131240243	-	0.241	0.206	>	6	12	78
1438	chr5	102147917	102147898	-	0.228	0.2458	>	6	12	78
1439	chr3	93086926	93086907	+	0.0978	0.1787	>	6	12	78
1440	chr6	126163382	126163363	+	2.373	1.376	>	6	12	78
1441	chr3	45375769	45375750	+	1.051	0.2544	>	6	12	78
1442	chr16	90306219	90306200	-	0.3647	0.3506	>	6	12	78
1443	chr17	3249270	3249251	-	0.1843	0.136	>	6	12	78
1444	chr4	143024421	143024402	-	0.087	0.1317	>	6	12	78
1445	chr19	47513892	47513873	-	0.2471	0.1393	>	6	12	78
1446	chr6	66534595	66534576	-	1.387	0.675	>	6	12	78
1447	chr6	134963172	134963153	-	0.6475	0.5996	>	6	12	78
1448	chr14	56369245	56369226	+	0.2401	0.1912	>	6	12	78
1449	chr18	53460219	53460200	+	0.1775	0.162	>	6	12	78
1450	chr7	89476922	89476903	-	0.2163	0.1522	>	6	12	78
1451	chr6	34273116	34273097	+	0.0673	0.1545	>	6	12	78
1452	chr7	142295608	142295589	-	1.062	6.32	>	6	12	78
1453	chr3	22302208	22302189	+	0.992	0.3848	>	6	12	78
1454	chr6	31045994	31045975	-	0.7534	0.959	>	6	12	78
1455	chr9	57143378	57143359	-	0.1816	0.2302	>	6	12	78
1456	chr6	101268340	101268321	+	0.2712	0.1924	>	6	12	78
1457	chr9	58897456	58897437	-	0.7163	0.4846	>	6	12	78
1458	chr17	79601068	79601049	+	0.2245	0.12476	>	6	12	78
1459	chr16	5254607	5254588	-	0.2883	0.22	>	6	12	78
1460	chr4	83595536	83595517	+	1.783	1.041	>	6	12	78
1461	chr9	51159881	51159862	-	0.6875	0.266	>	6	12	78
1462	chr14	66354429	66354410	+	0.1142	0.1388	>	6	12	78
1463	chr5	117090283	117090264	+	0.5806	0.4014	>	6	12	78
1464	chr2	168061425	168061406	-	0.1733	0.2051	>	6	12	78
1465	chr5	9169228	9169209	+	0.3306	0.1686	>	6	12	78
1466	chr6	28418701	28418682	-	0.4202	0.266	>	6	12	78
1467	chr12	105038443	105038424	-	0.1501	0.2063	>	6	12	78
1468	chr1	182558143	182558124	-	0.2264	0.1511	>	6	12	78
1469	chr8	47713300	47713281	-	1.078	1.646	>	6	12	78
1470	chr18	47357393	47357374	+	0.2007	0.1278	>	6	12	78
1471	chr1	118771083	118771064	-	0.1254	0.2006	>	6	12	78
1472	chr16	6493044	6493025	-	0.1927	0.1516	>	6	12	78
1473	chr9	42951005	42950986	-	0.3914	0.2078	>	6	12	78
1474	chr13	53430986	53430967	-	0.6504	0.3672	>	6	12	78
1475	chr13	67609268	67609249	+	2.162	0.826	>	6	12	78
1476	chr1	53035072	53035053	+	0.1465	0.1494	>	6	12	78
1477	chr7	99471824	99471805	-	0.3745	0.4907	>	6	12	78
1478	chr11	36543574	36543555	-	0.1156	0.1614	>	6	12	78
1479	chr5	124334258	124334239	-	0.3428	0.273	>	6	12	78
1480	chr10	76771414	76771395	-	0.1296	0.2047	>	6	12	78
1481	chr10	4386719	4386700	+	0.32	0.4492	>	6	12	78
1482	chr5	116554091	116554072	+	0.0876	0.1714	>	6	12	78
1483	chr10	41734858	41734839	+	0.1406	0.2605	>	6	12	78
1484	chr10	50906875	50906856	-	0.2361	0.1674	>	6	12	78
1485	chr11	31651668	31651649	+	0.07605	0.1534	>	6	12	78
1486	chr6	116193190	116193171	+	0.3687	0.372	>	6	12	78
1487	chr1	188976509	188976490	+	0.343	0.1833	>	6	12	78
1488	chr12	101976095	101976076	+	0.681	0.4116	>	6	12	78
1489	chr15	75925915	75925896	+	0.6084	0.9233	>	6	12	78
1490	chr1	4777287	4777268	-	0.9443	1.425	>	6	12	78
1491	chr18	86560230	86560211	+	0.7866	1.138	>	6	12	78
1492	chr7	43574878	43574859	+	1.292	1.347	>	6	12	78
1493	chr7	98200601	98200582	-	0.2927	0.1711	>	6	12	78
1494	chr4	143319849	143319830	+	0.2299	0.1525	>	6	12	78
1495	chr2	128601696	128601677	-	0.1208	0.207	>	6	12	78
1496	chr17	57004491	57004472	-	0.1467	0.2932	>	6	12	78
1497	chr2	35196541	35196522	-	1.081	0.3997	>	6	12	78
1498	chr5	29779371	29779352	+	0.1531	0.1671	>	6	12	78
1499	chr10	93038429	93038410	-	0.163	0.1875	>	6	12	78
0	chr4	87368268	87368249	+	90.56	65.75	>	6	13	77
1	chr11	109860827	109860808	-	89.2	47.97	>	6	13	77
2	chr3	22309188	22309169	+	81.5	60.4	>	6	13	77
3	chr10	5161770	5161751	-	79.2	55.88	>	6	13	77
4	chr16	71247702	71247683	+	68.56	43.2	>	6	13	77
5	chr16	72980067	72980048	-	68.3	56.7	>	6	13	77
6	chr6	60556001	60555982	+	67.7	40.38	>	6	13	77
7	chr5	7996919	7996900	-	66.06	59.4	>	6	13	77
8	chr14	12140114	12140095	-	65.1	51.62	>	6	13	77
9	chr13	81439574	81439555	+	64.94	46.94	>	6	13	77
10	chr9	103996726	103996707	-	64.9	51.25	>	6	13	77
11	chr15	56066340	56066321	+	63.97	42.94	>	6	13	77
12	chr10	106609250	106609231	+	63.97	42.62	>	6	13	77
13	chr1	144380222	144380203	-	63.4	48.44	>	6	13	77
14	chr10	8240468	8240449	-	62.34	45.88	>	6	13	77
15	chr12	77000269	77000250	+	62.22	54.97	>	6	13	77
16	chr1	44745882	44745863	+	62.12	40.25	>	6	13	77
17	chr4	81178889	81178870	+	62.03	50.0	>	6	13	77
18	chr9	10909768	10909749	+	61.12	47.94	>	6	13	77
19	chr6	64650119	64650100	-	60.56	60.88	>	6	13	77
20	chr15	32766485	32766466	-	60.56	46.62	>	6	13	77
21	chr4	9135983	9135964	+	60.03	34.12	>	6	13	77
22	chr7	118305013	118304994	+	59.5	47.62	>	6	13	77
23	chr10	39520570	39520551	-	58.34	40.5	>	6	13	77
24	chr1	78724658	78724639	+	58.25	47.28	>	6	13	77
25	chr2	160598038	160598019	+	57.94	55.8	>	6	13	77
26	chr18	33790258	33790239	-	57.72	56.3	>	6	13	77
27	chr12	40837750	40837731	+	57.5	46.25	>	6	13	77
28	chr8	41443763	41443744	+	57.34	56.06	>	6	13	77
29	chr14	68494314	68494295	-	56.94	24.97	>	6	13	77
30	chr1	11657910	11657891	+	56.8	43.62	>	6	13	77
31	chr11	77100337	77100318	+	55.88	49.25	>	6	13	77
32	chr16	41244935	41244916	-	55.72	48.0	>	6	13	77
33	chr14	87452291	87452272	-	55.72	63.0	>	6	13	77
34	chr18	16217050	16217031	+	54.9	26.8	>	6	13	77
35	chr11	53255133	53255114	-	54.8	39.5	>	6	13	77
36	chr9	7216447	7216428	+	54.56	27.64	>	6	13	77
37	chr8	35850598	35850579	-	54.5	50.94	>	6	13	77
38	chr8	102781131	102781112	-	54.44	41.34	>	6	13	77
39	chr5	49962010	49961991	-	54.16	50.88	>	6	13	77
40	chr7	90410162	90410143	-	54.06	39.75	>	6	13	77
41	chr4	15328717	15328698	+	54.03	40.72	>	6	13	77
42	chr11	31949616	31949597	-	54.0	41.44	>	6	13	77
43	chr1	120586671	120586652	+	53.8	57.06	>	6	13	77
44	chr13	19698921	19698902	+	53.16	40.8	>	6	13	77
45	chr12	57825950	57825931	+	53.03	34.38	>	6	13	77
46	chr16	72215933	72215914	-	52.7	45.56	>	6	13	77
47	chr9	15685402	15685383	+	52.62	45.03	>	6	13	77
48	chr10	10321327	10321308	-	52.47	23.97	>	6	13	77
49	chr9	49494135	49494116	+	52.4	51.5	>	6	13	77
50	chr3	50906169	50906150	-	52.12	57.06	>	6	13	77
51	chr11	57467973	57467954	-	52.03	54.47	>	6	13	77
52	chr11	113165316	113165297	-	51.88	57.94	>	6	13	77
53	chr9	51152608	51152589	-	51.8	48.22	>	6	13	77
54	chr16	58299658	58299639	+	51.56	30.08	>	6	13	77
55	chr16	22564783	22564764	+	51.44	49.16	>	6	13	77
56	chr8	36523135	36523116	-	51.4	44.44	>	6	13	77
57	chr14	34810941	34810922	+	51.3	52.97	>	6	13	77
58	chr6	101261740	101261721	-	51.0	49.47	>	6	13	77
59	chr7	132213694	132213675	-	50.8	38.62	>	6	13	77
60	chr2	48886271	48886252	-	50.28	44.53	>	6	13	77
61	chr12	54060974	54060955	-	50.12	27.78	>	6	13	77
62	chr1	5905019	5905000	-	50.06	44.22	>	6	13	77
63	chr9	26776375	26776356	-	50.0	53.88	>	6	13	77
64	chr1	103799519	103799500	+	49.53	56.44	>	6	13	77
65	chr9	88222188	88222169	-	49.5	40.1	>	6	13	77
66	chr18	58481884	58481865	-	49.28	39.28	>	6	13	77
67	chr13	100112788	100112769	+	49.16	37.22	>	6	13	77
68	chr3	14679394	14679375	+	49.06	29.97	>	6	13	77
69	chr16	37109459	37109440	+	48.75	19.0	>	6	13	77
70	chr3	153655318	153655299	-	48.72	48.28	>	6	13	77
71	chr16	89765698	89765679	-	48.38	54.0	>	6	13	77
72	chr13	89543228	89543209	-	48.3	56.84	>	6	13	77
73	chr11	40149509	40149490	-	48.28	36.34	>	6	13	77
74	chr3	113080940	113080921	-	48.2	53.4	>	6	13	77
75	chr10	70963797	70963778	-	47.53	51.97	>	6	13	77
76	chr6	66533480	66533461	-	47.34	41.22	>	6	13	77
77	chr18	57976815	57976796	+	47.28	41.3	>	6	13	77
78	chr12	92303388	92303369	+	47.12	48.12	>	6	13	77
79	chr6	43686140	43686121	+	47.1	34.0	>	6	13	77
80	chr15	11038687	11038668	+	47.06	40.16	>	6	13	77
81	chr6	13281064	13281045	-	47.06	44.4	>	6	13	77
82	chr4	25180081	25180062	-	46.94	22.34	>	6	13	77
83	chr2	110229883	110229864	+	46.8	37.2	>	6	13	77
84	chr2	118638293	118638274	+	46.34	48.4	>	6	13	77
85	chr14	67674858	67674839	-	46.2	40.62	>	6	13	77
86	chr1	179477262	179477243	-	45.97	54.9	>	6	13	77
87	chr12	78056191	78056172	+	45.84	48.03	>	6	13	77
88	chr15	44836402	44836383	+	45.7	45.75	>	6	13	77
89	chr9	80293262	80293243	+	45.3	48.66	>	6	13	77
90	chr1	21411405	21411386	+	45.28	35.97	>	6	13	77
91	chr8	80483379	80483360	-	45.28	32.34	>	6	13	77
92	chr16	55477026	55477007	-	44.9	60.88	>	6	13	77
93	chr9	122729759	122729740	-	44.72	40.56	>	6	13	77
94	chr2	17415581	17415562	-	44.56	38.03	>	6	13	77
95	chr4	13778049	13778030	-	44.5	20.47	>	6	13	77
96	chr16	64748455	64748436	-	44.47	52.25	>	6	13	77
97	chr6	57570627	57570608	-	44.28	34.06	>	6	13	77
98	chr16	13117421	13117402	+	44.28	48.25	>	6	13	77
99	chr1	54381475	54381456	-	44.12	34.1	>	6	13	77
100	chr15	40166896	40166877	+	44.03	40.53	>	6	13	77
101	chr17	83271696	83271677	+	44.0	39.2	>	6	13	77
102	chr9	63136063	63136044	+	43.94	32.22	>	6	13	77
103	chr3	68056550	68056531	+	43.88	35.0	>	6	13	77
104	chr3	25220822	25220803	-	43.8	23.62	>	6	13	77
105	chr7	118102455	118102436	-	43.53	59.94	>	6	13	77
106	chr9	51335485	51335466	+	43.47	26.75	>	6	13	77
107	chr16	96671807	96671788	-	43.4	27.66	>	6	13	77
108	chr2	113494904	113494885	+	43.34	43.28	>	6	13	77
109	chr1	55404561	55404542	+	43.25	39.06	>	6	13	77
110	chr3	80079969	80079950	+	43.0	35.7	>	6	13	77
111	chr11	25862989	25862970	-	42.66	37.9	>	6	13	77
112	chr13	109213188	109213169	-	42.6	60.5	>	6	13	77
113	chr8	58566283	58566264	+	42.56	33.8	>	6	13	77
114	chr16	72218227	72218208	+	42.38	47.1	>	6	13	77
115	chr14	102510640	102510621	-	42.34	35.9	>	6	13	77
116	chr7	143154010	143153991	+	42.16	43.66	>	6	13	77
117	chr6	143219585	143219566	+	42.1	41.62	>	6	13	77
118	chr17	86906334	86906315	-	41.97	47.25	>	6	13	77
119	chr8	62080400	62080381	+	41.97	30.6	>	6	13	77
120	chr3	57843985	57843966	+	41.94	43.75	>	6	13	77
121	chr18	3495634	3495615	+	41.62	36.03	>	6	13	77
122	chr7	125393847	125393828	-	41.56	47.0	>	6	13	77
123	chr7	86211564	86211545	-	41.56	46.4	>	6	13	77
124	chr9	60245127	60245108	+	41.38	43.16	>	6	13	77
125	chr6	131353859	131353840	-	41.3	15.89	>	6	13	77
126	chr15	98173991	98173972	-	41.25	24.88	>	6	13	77
127	chr17	88641249	88641230	-	41.12	34.25	>	6	13	77
128	chr9	87027908	87027889	+	41.1	38.34	>	6	13	77
129	chr4	70621553	70621534	-	40.97	48.38	>	6	13	77
130	chr12	41487236	41487217	-	40.88	35.94	>	6	13	77
131	chr4	127368548	127368529	+	40.8	49.72	>	6	13	77
132	chr8	50293750	50293731	-	40.75	48.2	>	6	13	77
133	chr16	27468981	27468962	+	40.75	34.62	>	6	13	77
134	chr7	121641354	121641335	-	40.7	30.69	>	6	13	77
135	chr3	29726795	29726776	-	40.7	30.42	>	6	13	77
136	chr14	29110872	29110853	-	40.66	51.22	>	6	13	77
137	chr13	116712427	116712408	-	40.62	33.1	>	6	13	77
138	chr18	19939562	19939543	-	40.47	45.7	>	6	13	77
139	chr15	80704533	80704514	-	40.28	46.53	>	6	13	77
140	chr18	50137074	50137055	+	40.28	37.62	>	6	13	77
141	chr13	15763212	15763193	-	40.25	29.53	>	6	13	77
142	chr19	50185486	50185467	+	40.22	44.2	>	6	13	77
143	chr12	74013965	74013946	-	40.22	40.8	>	6	13	77
144	chr1	138835543	138835524	+	40.06	20.81	>	6	13	77
145	chr15	55550924	55550905	-	40.06	37.12	>	6	13	77
146	chr1	61771439	61771420	-	40.06	23.55	>	6	13	77
147	chr12	34664961	34664942	+	40.0	19.7	>	6	13	77
148	chr14	78288101	78288082	-	39.8	38.8	>	6	13	77
149	chr2	4499416	4499397	+	39.78	33.88	>	6	13	77
150	chr13	30260132	30260113	-	39.75	32.75	>	6	13	77
151	chr9	68015271	68015252	+	39.2	39.0	>	6	13	77
152	chr1	126993502	126993483	-	39.06	47.2	>	6	13	77
153	chr16	25349824	25349805	-	39.0	41.2	>	6	13	77
154	chr1	14729249	14729230	-	38.94	39.3	>	6	13	77
155	chr15	59389427	59389408	+	38.7	46.34	>	6	13	77
156	chr6	100882590	100882571	+	38.66	49.44	>	6	13	77
157	chr3	9711121	9711102	+	38.62	35.47	>	6	13	77
158	chr6	21214019	21214000	-	38.47	24.2	>	6	13	77
159	chr17	42603617	42603598	-	38.47	42.5	>	6	13	77
160	chr4	80517548	80517529	-	38.47	41.4	>	6	13	77
161	chr9	85328584	85328565	-	38.28	30.06	>	6	13	77
162	chr17	44262001	44261982	+	38.22	44.16	>	6	13	77
163	chr10	102449665	102449646	+	38.2	48.84	>	6	13	77
164	chr17	14520745	14520726	-	38.12	30.45	>	6	13	77
165	chr13	51830925	51830906	+	38.0	56.0	>	6	13	77
166	chr12	83502436	83502417	-	37.97	34.4	>	6	13	77
167	chr5	75853265	75853246	-	37.94	27.88	>	6	13	77
168	chr13	110382742	110382723	+	37.88	61.84	>	6	13	77
169	chr5	62481159	62481140	-	37.8	35.4	>	6	13	77
170	chr7	49121503	49121484	-	37.7	29.61	>	6	13	77
171	chr15	11966575	11966556	-	37.66	34.72	>	6	13	77
172	chr3	31146135	31146116	+	37.53	44.5	>	6	13	77
173	chr2	37815879	37815860	+	37.47	39.2	>	6	13	77
174	chr5	33033442	33033423	-	37.44	48.28	>	6	13	77
175	chr9	7595466	7595447	-	37.4	28.72	>	6	13	77
176	chr5	21641153	21641134	-	37.3	33.66	>	6	13	77
177	chr14	48367302	48367283	-	37.12	39.88	>	6	13	77
178	chr17	14524624	14524605	+	37.1	38.88	>	6	13	77
179	chr4	84064835	84064816	+	37.06	23.38	>	6	13	77
180	chr4	63368786	63368767	+	37.06	51.6	>	6	13	77
181	chr5	102149680	102149661	+	37.03	38.97	>	6	13	77
182	chr12	32897684	32897665	-	36.88	40.9	>	6	13	77
183	chr16	91936532	91936513	+	36.72	43.06	>	6	13	77
184	chr6	37046379	37046360	-	36.72	47.7	>	6	13	77
185	chr18	59081896	59081877	+	36.7	37.34	>	6	13	77
186	chr6	103697552	103697533	-	36.3	43.6	>	6	13	77
187	chr18	19937930	19937911	+	36.3	37.56	>	6	13	77
188	chr6	93757594	93757575	+	36.28	18.31	>	6	13	77
189	chr17	9756371	9756352	+	36.28	21.2	>	6	13	77
190	chr2	96585854	96585835	+	36.25	26.84	>	6	13	77
191	chr11	82915176	82915157	+	36.2	36.34	>	6	13	77
192	chr6	6005837	6005818	+	36.03	35.2	>	6	13	77
193	chr1	98392238	98392219	-	36.03	38.97	>	6	13	77
194	chr7	48749384	48749365	+	35.94	38.3	>	6	13	77
195	chr11	105911812	105911793	-	35.9	37.8	>	6	13	77
196	chr10	45045486	45045467	-	35.8	35.22	>	6	13	77
197	chr2	4492748	4492729	-	35.75	19.97	>	6	13	77
198	chr6	18087397	18087378	+	35.75	40.84	>	6	13	77
199	chr5	90203341	90203322	+	35.7	41.12	>	6	13	77
200	chr7	136489148	136489129	+	35.62	28.06	>	6	13	77
201	chr9	109862620	109862601	-	35.6	34.12	>	6	13	77
202	chr15	59876355	59876336	+	35.3	32.16	>	6	13	77
203	chr14	76473612	76473593	-	35.25	45.66	>	6	13	77
204	chr3	128349320	128349301	+	35.03	41.75	>	6	13	77
205	chr3	45375963	45375944	+	35.03	23.92	>	6	13	77
206	chr3	133314669	133314650	+	34.97	39.0	>	6	13	77
207	chr1	96801850	96801831	-	34.84	30.55	>	6	13	77
208	chr7	115216958	115216939	+	34.62	30.45	>	6	13	77
209	chr9	59282577	59282558	-	34.62	26.88	>	6	13	77
210	chr2	148112135	148112116	-	34.5	31.5	>	6	13	77
211	chr18	52457916	52457897	-	34.47	28.2	>	6	13	77
212	chr6	56691454	56691435	-	34.34	42.2	>	6	13	77
213	chr13	20292580	20292561	-	34.3	38.5	>	6	13	77
214	chr13	57260119	57260100	-	34.25	52.66	>	6	13	77
215	chr13	113877615	113877596	+	34.25	36.75	>	6	13	77
216	chr13	116715029	116715010	-	34.1	31.72	>	6	13	77
217	chr4	83596692	83596673	-	34.1	52.75	>	6	13	77
218	chr8	64941619	64941600	-	34.06	33.75	>	6	13	77
219	chr3	51701488	51701469	+	34.03	22.56	>	6	13	77
220	chr14	120061322	120061303	-	33.84	29.2	>	6	13	77
221	chr7	75910166	75910147	+	33.8	57.6	>	6	13	77
222	chr4	98702698	98702679	-	33.78	31.62	>	6	13	77
223	chr3	146185137	146185118	+	33.62	52.6	>	6	13	77
224	chr4	151157152	151157133	+	33.53	59.38	>	6	13	77
225	chr5	43391861	43391842	-	33.5	21.5	>	6	13	77
226	chr11	93856511	93856492	-	33.47	26.19	>	6	13	77
227	chr14	59605843	59605824	+	33.47	40.3	>	6	13	77
228	chr14	84438580	84438561	+	33.44	23.31	>	6	13	77
229	chr12	50943824	50943805	-	33.28	38.56	>	6	13	77
230	chr7	83550335	83550316	-	33.2	30.12	>	6	13	77
231	chr6	117167008	117166989	+	33.03	30.3	>	6	13	77
232	chr4	12538791	12538772	+	33.0	21.84	>	6	13	77
233	chr18	47353079	47353060	+	32.84	24.58	>	6	13	77
234	chr5	12541496	12541477	-	32.72	22.56	>	6	13	77
235	chr2	60721127	60721108	+	32.72	22.53	>	6	13	77
236	chr11	78838251	78838232	+	32.72	51.5	>	6	13	77
237	chr8	73356225	73356206	+	32.62	23.39	>	6	13	77
238	chr12	10598567	10598548	+	32.5	41.56	>	6	13	77
239	chr19	20345158	20345139	-	32.25	47.94	>	6	13	77
240	chr17	58909486	58909467	-	32.16	39.4	>	6	13	77
241	chr10	69655037	69655018	-	32.12	36.56	>	6	13	77
242	chr4	3967733	3967714	-	32.12	41.75	>	6	13	77
243	chr16	21192795	21192776	-	32.06	38.78	>	6	13	77
244	chr11	12291593	12291574	-	32.0	15.54	>	6	13	77
245	chr11	117385082	117385063	+	31.83	36.6	>	6	13	77
246	chr12	32292095	32292076	+	31.73	20.83	>	6	13	77
247	chr4	64833096	64833077	+	31.69	34.34	>	6	13	77
248	chr13	47301245	47301226	+	31.67	43.9	>	6	13	77
249	chr1	89631957	89631938	-	31.56	45.38	>	6	13	77
250	chr9	69296601	69296582	-	31.53	38.66	>	6	13	77
251	chr3	53735364	53735345	+	31.28	24.5	>	6	13	77
252	chr10	45373471	45373452	-	31.2	37.7	>	6	13	77
253	chr8	91797725	91797706	+	31.19	30.23	>	6	13	77
254	chr4	88035662	88035643	+	31.06	19.66	>	6	13	77
255	chr2	75151187	75151168	-	31.05	37.9	>	6	13	77
256	chr14	66791971	66791952	-	31.02	32.1	>	6	13	77
257	chr2	93199062	93199043	-	30.9	51.25	>	6	13	77
258	chr2	73551006	73550987	+	30.86	53.72	>	6	13	77
259	chr12	89451144	89451125	-	30.81	40.1	>	6	13	77
260	chr16	66086729	66086710	-	30.81	33.7	>	6	13	77
261	chr14	114791647	114791628	-	30.72	37.2	>	6	13	77
262	chr4	43420547	43420528	-	30.61	34.5	>	6	13	77
263	chr1	87447687	87447668	+	30.56	32.53	>	6	13	77
264	chr15	55306471	55306452	+	30.56	24.06	>	6	13	77
265	chr15	97667578	97667559	+	30.52	37.12	>	6	13	77
266	chr2	16359548	16359529	+	30.47	16.92	>	6	13	77
267	chr14	8356099	8356080	+	30.42	51.06	>	6	13	77
268	chr3	19894816	19894797	-	30.38	33.66	>	6	13	77
269	chr12	43813750	43813731	-	30.34	24.06	>	6	13	77
270	chr2	27770378	27770359	+	30.12	46.8	>	6	13	77
271	chr16	48675836	48675817	-	30.12	28.97	>	6	13	77
272	chr10	13016733	13016714	+	30.1	53.44	>	6	13	77
273	chr2	76367359	76367340	+	30.05	30.6	>	6	13	77
274	chr2	115515230	115515211	+	30.05	12.29	>	6	13	77
275	chr19	16785108	16785089	-	30.03	27.4	>	6	13	77
276	chr3	78948444	78948425	+	30.03	29.16	>	6	13	77
277	chr1	37250876	37250857	-	29.94	25.45	>	6	13	77
278	chr18	74431409	74431390	+	29.94	28.48	>	6	13	77
279	chr1	38787652	38787633	-	29.89	46.22	>	6	13	77
280	chr3	14874584	14874565	+	29.88	22.88	>	6	13	77
281	chr9	69505778	69505759	+	29.88	30.58	>	6	13	77
282	chr10	84450913	84450894	-	29.77	31.7	>	6	13	77
283	chr2	172216047	172216028	-	29.77	65.06	>	6	13	77
284	chr10	97712895	97712876	+	29.72	22.83	>	6	13	77
285	chr1	4770074	4770055	+	29.72	39.66	>	6	13	77
286	chr12	50301580	50301561	-	29.69	16.55	>	6	13	77
287	chr15	85266923	85266904	+	29.69	42.06	>	6	13	77
288	chr4	85403030	85403011	+	29.62	27.23	>	6	13	77
289	chr6	97526370	97526351	-	29.53	31.17	>	6	13	77
290	chr8	112046096	112046077	+	29.5	62.6	>	6	13	77
291	chr12	96311368	96311349	-	29.48	23.8	>	6	13	77
292	chr1	93507239	93507220	-	29.45	32.5	>	6	13	77
293	chr13	21714927	21714908	+	29.4	37.72	>	6	13	77
294	chr6	49008180	49008161	+	29.38	27.1	>	6	13	77
295	chr17	17749545	17749526	-	29.36	32.88	>	6	13	77
296	chr6	145360253	145360234	+	29.34	33.62	>	6	13	77
297	chr7	17066630	17066611	-	29.27	41.75	>	6	13	77
298	chr12	81788850	81788831	-	29.25	32.47	>	6	13	77
299	chr7	129649172	129649153	+	29.19	42.88	>	6	13	77
300	chr14	104039053	104039034	+	29.17	41.16	>	6	13	77
301	chr13	41634744	41634725	-	29.08	40.84	>	6	13	77
302	chr7	138835232	138835213	-	29.02	47.88	>	6	13	77
303	chr15	97195797	97195778	+	28.92	38.5	>	6	13	77
304	chr1	119087737	119087718	+	28.89	50.28	>	6	13	77
305	chr4	85819373	85819354	-	28.86	29.28	>	6	13	77
306	chr11	30657307	30657288	-	28.86	6.477	>	6	13	77
307	chr5	49369245	49369226	+	28.66	27.94	>	6	13	77
308	chr6	106805067	106805048	+	28.61	20.38	>	6	13	77
309	chr6	31660958	31660939	+	28.53	52.9	>	6	13	77
310	chr12	8306749	8306730	-	28.48	47.94	>	6	13	77
311	chr13	42822785	42822766	-	28.47	44.4	>	6	13	77
312	chr15	34968778	34968759	+	28.4	27.94	>	6	13	77
313	chr7	68369859	68369840	+	28.38	58.97	>	6	13	77
314	chr15	80266443	80266424	+	28.33	34.62	>	6	13	77
315	chr6	102171110	102171091	+	28.19	24.06	>	6	13	77
316	chr16	72605273	72605254	-	28.11	17.7	>	6	13	77
317	chr18	65490506	65490487	+	28.06	33.94	>	6	13	77
318	chr3	55373775	55373756	+	28.0	19.75	>	6	13	77
319	chr1	53927814	53927795	-	27.97	28.48	>	6	13	77
320	chr2	160368066	160368047	-	27.95	21.97	>	6	13	77
321	chr10	42295232	42295213	-	27.94	37.8	>	6	13	77
322	chr7	116040411	116040392	-	27.9	26.19	>	6	13	77
323	chr10	116197535	116197516	-	27.81	28.58	>	6	13	77
324	chr5	20773533	20773514	-	27.81	20.77	>	6	13	77
325	chr12	80725012	80724993	-	27.73	38.97	>	6	13	77
326	chr15	66899881	66899862	-	27.6	21.5	>	6	13	77
327	chr18	16822208	16822189	-	27.56	13.28	>	6	13	77
328	chr18	14503254	14503235	-	27.55	19.48	>	6	13	77
329	chr5	98344786	98344767	+	27.44	28.3	>	6	13	77
330	chr10	77517236	77517217	+	27.39	30.44	>	6	13	77
331	chr1	44741472	44741453	-	27.38	6.344	>	6	13	77
332	chr6	127945983	127945964	-	27.28	24.97	>	6	13	77
333	chr16	42914955	42914936	-	27.27	20.78	>	6	13	77
334	chr18	39137558	39137539	+	27.11	15.805	>	6	13	77
335	chr13	42575907	42575888	+	27.11	22.34	>	6	13	77
336	chr2	13278209	13278190	+	27.06	48.53	>	6	13	77
337	chr18	43836585	43836566	-	27.06	22.66	>	6	13	77
338	chr4	114647896	114647877	+	27.05	26.58	>	6	13	77
339	chr16	44149214	44149195	-	27.03	37.28	>	6	13	77
340	chr13	109776299	109776280	+	27.02	27.47	>	6	13	77
341	chr19	30217515	30217496	+	27.0	44.25	>	6	13	77
342	chr6	61316075	61316056	+	26.94	38.16	>	6	13	77
343	chr17	78598832	78598813	+	26.92	37.16	>	6	13	77
344	chr2	117231457	117231438	-	26.88	23.62	>	6	13	77
345	chr4	115101816	115101797	+	26.84	34.88	>	6	13	77
346	chr10	57448131	57448112	-	26.8	44.97	>	6	13	77
347	chr13	113046665	113046646	+	26.77	22.72	>	6	13	77
348	chr4	110022447	110022428	-	26.58	43.47	>	6	13	77
349	chr7	101653829	101653810	+	26.5	47.97	>	6	13	77
350	chr5	67756338	67756319	+	26.5	26.55	>	6	13	77
351	chr3	62192717	62192698	-	26.5	17.1	>	6	13	77
352	chr10	17728146	17728127	-	26.45	14.96	>	6	13	77
353	chr5	37752557	37752538	-	26.33	30.73	>	6	13	77
354	chr1	60961316	60961297	-	26.3	26.22	>	6	13	77
355	chr17	68176981	68176962	+	26.27	18.84	>	6	13	77
356	chr7	37357871	37357852	-	26.2	67.6	>	6	13	77
357	chr4	32572316	32572297	-	26.16	44.75	>	6	13	77
358	chr4	96696741	96696722	+	26.12	32.22	>	6	13	77
359	chr4	109729491	109729472	-	26.06	50.3	>	6	13	77
360	chr10	111977780	111977761	+	25.78	32.1	>	6	13	77
361	chr5	45424489	45424470	-	25.73	30.9	>	6	13	77
362	chr2	61494577	61494558	-	25.72	22.25	>	6	13	77
363	chr6	13287046	13287027	+	25.69	21.62	>	6	13	77
364	chr9	116060829	116060810	+	25.66	36.5	>	6	13	77
365	chr8	17537753	17537734	-	25.64	36.44	>	6	13	77
366	chr9	77781636	77781617	-	25.62	27.94	>	6	13	77
367	chr15	5106460	5106441	-	25.56	29.45	>	6	13	77
368	chr17	93141334	93141315	-	25.53	33.03	>	6	13	77
369	chr6	97759520	97759501	+	25.52	17.88	>	6	13	77
370	chr8	119384750	119384731	-	25.47	45.94	>	6	13	77
371	chr6	88113322	88113303	+	25.38	41.75	>	6	13	77
372	chr15	101984527	101984508	-	25.38	56.7	>	6	13	77
373	chr8	54493335	54493316	-	25.34	39.7	>	6	13	77
374	chr9	24119622	24119603	+	25.33	14.83	>	6	13	77
375	chr3	50077169	50077150	-	25.31	24.22	>	6	13	77
376	chr4	47419767	47419748	+	25.23	44.03	>	6	13	77
377	chr2	76115910	76115891	+	25.22	28.97	>	6	13	77
378	chr15	67174759	67174740	+	25.2	12.74	>	6	13	77
379	chr8	125574509	125574490	+	25.17	12.85	>	6	13	77
380	chr1	161737065	161737046	-	25.11	39.75	>	6	13	77
381	chr3	85571455	85571436	-	25.1	9.7	>	6	13	77
382	chr18	19577078	19577059	-	25.02	27.28	>	6	13	77
383	chr19	36083087	36083068	-	25.0	29.4	>	6	13	77
384	chr8	115709616	115709597	-	24.98	9.14	>	6	13	77
385	chr10	126330794	126330775	-	24.84	24.02	>	6	13	77
386	chr15	25993551	25993532	+	24.81	33.28	>	6	13	77
387	chr5	131430355	131430336	-	24.78	45.44	>	6	13	77
388	chr1	9545352	9545333	-	24.78	38.06	>	6	13	77
389	chr19	28768445	28768426	-	24.75	36.44	>	6	13	77
390	chr10	24630876	24630857	+	24.72	22.94	>	6	13	77
391	chr17	54351102	54351083	+	24.53	15.79	>	6	13	77
392	chr16	20496806	20496787	+	24.47	28.86	>	6	13	77
393	chr12	109394024	109394005	-	24.44	15.02	>	6	13	77
394	chr13	21803288	21803269	-	24.42	40.1	>	6	13	77
395	chr3	103392995	103392976	+	24.38	33.9	>	6	13	77
396	chr15	25428758	25428739	+	24.31	24.08	>	6	13	77
397	chr3	135206860	135206841	-	24.3	9.21	>	6	13	77
398	chr8	65139261	65139242	+	24.3	33.56	>	6	13	77
399	chr9	29650850	29650831	-	24.23	35.72	>	6	13	77
400	chr3	127971093	127971074	+	24.2	46.1	>	6	13	77
401	chr2	104035038	104035019	+	24.16	33.7	>	6	13	77
402	chr9	81635302	81635283	+	24.11	12.08	>	6	13	77
403	chr6	95484597	95484578	+	24.03	13.41	>	6	13	77
404	chr14	72293991	72293972	-	23.83	34.2	>	6	13	77
405	chr18	65490035	65490016	-	23.72	29.94	>	6	13	77
406	chr12	38123788	38123769	-	23.66	16.0	>	6	13	77
407	chr18	70184838	70184819	-	23.66	11.39	>	6	13	77
408	chr3	152095252	152095233	-	23.53	23.67	>	6	13	77
409	chr8	32002994	32002975	-	23.5	23.94	>	6	13	77
410	chr11	22206830	22206811	-	23.48	11.1	>	6	13	77
411	chr5	76541051	76541032	-	23.44	19.22	>	6	13	77
412	chr10	52106337	52106318	+	23.38	22.61	>	6	13	77
413	chr1	84697462	84697443	-	23.38	25.22	>	6	13	77
414	chr1	67181385	67181366	+	23.34	35.0	>	6	13	77
415	chr6	101267027	101267008	+	23.31	12.77	>	6	13	77
416	chr6	129255175	129255156	-	23.25	41.8	>	6	13	77
417	chr4	115710017	115709998	-	23.19	25.83	>	6	13	77
418	chr2	118241614	118241595	-	23.19	37.16	>	6	13	77
419	chr8	71371784	71371765	+	23.11	28.11	>	6	13	77
420	chr7	73422670	73422651	-	23.11	37.7	>	6	13	77
421	chr5	33039602	33039583	+	23.05	27.48	>	6	13	77
422	chr2	153143004	153142985	-	23.02	20.31	>	6	13	77
423	chr14	98181824	98181805	-	23.0	7.93	>	6	13	77
424	chr2	136887058	136887039	-	22.97	12.49	>	6	13	77
425	chr1	135136701	135136682	-	22.88	42.44	>	6	13	77
426	chr5	4948481	4948462	-	22.86	27.0	>	6	13	77
427	chr10	71422814	71422795	+	22.81	51.25	>	6	13	77
428	chr8	64597251	64597232	-	22.66	30.06	>	6	13	77
429	chr1	162336834	162336815	-	22.45	14.914	>	6	13	77
430	chr9	94738996	94738977	+	22.42	42.94	>	6	13	77
431	chr17	53403136	53403117	+	22.4	18.28	>	6	13	77
432	chr2	155811920	155811901	-	22.36	51.28	>	6	13	77
433	chr12	52010769	52010750	+	22.33	16.6	>	6	13	77
434	chr3	44912870	44912851	-	22.31	11.58	>	6	13	77
435	chr5	98348848	98348829	+	22.25	34.97	>	6	13	77
436	chr15	80706301	80706282	+	22.25	25.52	>	6	13	77
437	chr1	167932285	167932266	-	22.22	36.66	>	6	13	77
438	chr14	121455709	121455690	-	22.2	25.7	>	6	13	77
439	chr4	98243714	98243695	-	22.16	26.34	>	6	13	77
440	chr4	143027468	143027449	+	22.14	29.11	>	6	13	77
441	chr2	153668926	153668907	+	22.14	25.36	>	6	13	77
442	chr9	41461929	41461910	-	22.14	12.42	>	6	13	77
443	chr4	109431143	109431124	-	22.1	22.34	>	6	13	77
444	chr5	44831505	44831486	-	22.08	22.05	>	6	13	77
445	chr8	119676601	119676582	-	22.03	33.06	>	6	13	77
446	chr17	40824060	40824041	-	22.02	34.28	>	6	13	77
447	chr15	37102366	37102347	-	22.0	13.84	>	6	13	77
448	chr1	119083862	119083843	-	21.92	45.47	>	6	13	77
449	chr5	41044703	41044684	-	21.78	28.61	>	6	13	77
450	chr19	24622032	24622013	+	21.77	22.19	>	6	13	77
451	chr3	58159626	58159607	-	21.75	32.1	>	6	13	77
452	chr1	38130140	38130121	-	21.75	23.66	>	6	13	77
453	chr2	129472129	129472110	-	21.73	30.17	>	6	13	77
454	chr9	15682043	15682024	-	21.73	11.22	>	6	13	77
455	chr9	69502720	69502701	-	21.7	34.7	>	6	13	77
456	chr14	21120676	21120657	+	21.69	43.16	>	6	13	77
457	chr7	110645588	110645569	-	21.69	43.56	>	6	13	77
458	chr16	78950579	78950560	-	21.64	3.295	>	6	13	77
459	chr7	131899517	131899498	+	21.56	16.44	>	6	13	77
460	chr8	106403484	106403465	-	21.53	20.23	>	6	13	77
461	chr17	73303429	73303410	+	21.48	50.6	>	6	13	77
462	chr1	83727325	83727306	+	21.48	26.81	>	6	13	77
463	chr13	29857603	29857584	+	21.42	9.836	>	6	13	77
464	chr14	104033786	104033767	+	21.34	21.16	>	6	13	77
465	chr7	119011391	119011372	+	21.31	35.56	>	6	13	77
466	chr1	69165377	69165358	+	21.31	25.0	>	6	13	77
467	chr1	192727176	192727157	+	21.28	21.9	>	6	13	77
468	chr9	50438293	50438274	-	21.2	27.17	>	6	13	77
469	chr15	46990407	46990388	-	21.14	10.516	>	6	13	77
470	chr13	73646874	73646855	+	21.14	37.5	>	6	13	77
471	chr16	67089956	67089937	+	21.12	15.94	>	6	13	77
472	chr2	83332995	83332976	-	21.02	18.14	>	6	13	77
473	chr8	10415030	10415011	+	21.0	37.3	>	6	13	77
474	chr1	35716149	35716130	-	20.89	18.69	>	6	13	77
475	chr7	43920039	43920020	-	20.83	34.3	>	6	13	77
476	chr8	15138726	15138707	+	20.81	41.03	>	6	13	77
477	chr13	6515705	6515686	+	20.8	28.08	>	6	13	77
478	chr2	64948996	64948977	-	20.72	23.2	>	6	13	77
479	chr19	20345737	20345718	+	20.7	55.44	>	6	13	77
480	chr5	33994851	33994832	+	20.64	14.97	>	6	13	77
481	chr14	76479953	76479934	+	20.62	37.16	>	6	13	77
482	chr3	144737048	144737029	+	20.58	28.33	>	6	13	77
483	chr2	13597223	13597204	-	20.5	12.72	>	6	13	77
484	chr9	118908437	118908418	-	20.5	27.45	>	6	13	77
485	chr4	153484615	153484596	-	20.39	17.89	>	6	13	77
486	chr19	12433211	12433192	+	20.36	28.34	>	6	13	77
487	chr15	31611224	31611205	+	20.34	11.17	>	6	13	77
488	chr3	107206198	107206179	+	20.34	39.22	>	6	13	77
489	chr17	86909946	86909927	+	20.31	22.38	>	6	13	77
490	chr7	89473669	89473650	-	20.22	24.19	>	6	13	77
491	chr6	35252603	35252584	+	20.22	32.56	>	6	13	77
492	chr6	126168001	126167982	-	20.17	8.76	>	6	13	77
493	chr16	42169942	42169923	+	20.12	43.34	>	6	13	77
494	chr6	90607354	90607335	+	20.11	24.86	>	6	13	77
495	chr6	31664664	31664645	+	20.11	41.5	>	6	13	77
496	chr13	100002039	100002020	+	20.02	21.73	>	6	13	77
497	chr6	97523337	97523318	-	19.97	25.72	>	6	13	77
498	chr4	123529452	123529433	-	19.95	17.69	>	6	13	77
499	chr18	53744741	53744722	-	19.94	29.1	>	6	13	77
500	chr9	13849232	13849213	+	19.9	15.484	>	6	13	77
501	chr15	14052128	14052109	-	19.89	12.375	>	6	13	77
502	chr3	68053761	68053742	-	19.88	27.33	>	6	13	77
503	chr14	50799990	50799971	+	19.83	30.28	>	6	13	77
504	chr8	50292348	50292329	+	19.83	31.36	>	6	13	77
505	chr19	52993242	52993223	-	19.81	45.25	>	6	13	77
506	chr8	24546435	24546416	-	19.8	56.1	>	6	13	77
507	chr2	166085186	166085167	+	19.78	40.2	>	6	13	77
508	chr15	80260893	80260874	-	19.75	33.7	>	6	13	77
509	chr18	75606699	75606680	+	19.72	50.94	>	6	13	77
510	chr2	135957961	135957942	-	19.69	27.1	>	6	13	77
511	chr11	75179118	75179099	+	19.67	22.83	>	6	13	77
512	chr6	77628987	77628968	+	19.66	40.56	>	6	13	77
513	chr4	82614384	82614365	-	19.62	15.836	>	6	13	77
514	chr17	27190013	27189994	+	19.5	26.89	>	6	13	77
515	chr14	121451301	121451282	-	19.45	26.11	>	6	13	77
516	chr9	69987821	69987802	-	19.44	12.234	>	6	13	77
517	chr6	40479902	40479883	+	19.42	24.72	>	6	13	77
518	chr4	82619779	82619760	-	19.42	11.22	>	6	13	77
519	chr2	160593235	160593216	-	19.4	45.8	>	6	13	77
520	chr4	48691990	48691971	+	19.4	34.88	>	6	13	77
521	chr1	11140123	11140104	-	19.39	7.324	>	6	13	77
522	chr6	67858160	67858141	+	19.36	18.55	>	6	13	77
523	chr1	91914028	91914009	+	19.36	22.06	>	6	13	77
524	chr15	76196896	76196877	+	19.33	35.8	>	6	13	77
525	chr11	43767011	43766992	+	19.27	27.44	>	6	13	77
526	chr17	8463677	8463658	+	19.23	31.38	>	6	13	77
527	chr2	60442102	60442083	-	19.22	10.555	>	6	13	77
528	chr10	8242562	8242543	+	19.2	18.4	>	6	13	77
529	chr15	8382407	8382388	+	19.16	11.64	>	6	13	77
530	chr19	11360302	11360283	+	19.14	15.06	>	6	13	77
531	chr12	79305335	79305316	+	19.11	29.94	>	6	13	77
532	chr13	38992697	38992678	+	19.03	12.445	>	6	13	77
533	chr8	91147955	91147936	-	19.0	26.05	>	6	13	77
534	chr13	64443476	64443457	+	19.0	35.6	>	6	13	77
535	chr8	117898214	117898195	+	18.92	34.16	>	6	13	77
536	chr11	42423473	42423454	-	18.77	18.48	>	6	13	77
537	chr9	114957195	114957176	-	18.77	27.38	>	6	13	77
538	chr5	149647926	149647907	+	18.72	23.06	>	6	13	77
539	chr5	128440068	128440049	-	18.69	40.7	>	6	13	77
540	chr6	90606762	90606743	-	18.67	32.6	>	6	13	77
541	chr10	58560031	58560012	+	18.67	23.25	>	6	13	77
542	chr18	25538443	25538424	+	18.66	23.94	>	6	13	77
543	chr11	22987510	22987491	+	18.56	23.83	>	6	13	77
544	chr13	57269837	57269818	-	18.55	36.6	>	6	13	77
545	chr13	53096854	53096835	-	18.55	32.88	>	6	13	77
546	chr7	124783020	124783001	-	18.55	23.44	>	6	13	77
547	chr7	40687242	40687223	-	18.52	26.28	>	6	13	77
548	chr4	109438113	109438094	+	18.45	31.61	>	6	13	77
549	chr13	46663777	46663758	-	18.45	5.215	>	6	13	77
550	chr2	21927862	21927843	-	18.45	17.72	>	6	13	77
551	chr11	72564476	72564457	-	18.39	17.95	>	6	13	77
552	chr14	57362951	57362932	-	18.3	10.125	>	6	13	77
553	chr13	54063511	54063492	-	18.3	12.516	>	6	13	77
554	chr8	127191530	127191511	+	18.27	39.03	>	6	13	77
555	chr4	24249781	24249762	+	18.25	8.38	>	6	13	77
556	chr1	175603551	175603532	-	18.2	12.0	>	6	13	77
557	chr7	131897479	131897460	+	18.19	16.34	>	6	13	77
558	chr2	125259455	125259436	-	18.17	32.72	>	6	13	77
559	chr8	11943262	11943243	-	18.0	20.05	>	6	13	77
560	chr13	74861814	74861795	+	17.98	11.664	>	6	13	77
561	chr3	37302880	37302861	-	17.98	17.84	>	6	13	77
562	chr2	165391753	165391734	+	17.95	20.97	>	6	13	77
563	chr1	167669968	167669949	-	17.94	39.3	>	6	13	77
564	chr14	24311319	24311300	+	17.89	24.48	>	6	13	77
565	chr6	125622660	125622641	+	17.86	24.67	>	6	13	77
566	chr16	91694897	91694878	+	17.83	21.03	>	6	13	77
567	chr7	100886752	100886733	-	17.8	33.3	>	6	13	77
568	chr2	165779092	165779073	+	17.7	43.9	>	6	13	77
569	chr4	118988734	118988715	-	17.7	12.37	>	6	13	77
570	chr9	111939788	111939769	+	17.64	16.92	>	6	13	77
571	chr9	40806571	40806552	+	17.64	39.78	>	6	13	77
572	chr19	21571392	21571373	+	17.64	11.9	>	6	13	77
573	chr10	49785057	49785038	-	17.56	2.498	>	6	13	77
574	chr3	84922220	84922201	+	17.47	28.94	>	6	13	77
575	chr12	7991018	7990999	+	17.47	17.66	>	6	13	77
576	chr8	106687694	106687675	+	17.45	42.0	>	6	13	77
577	chr19	15998346	15998327	+	17.33	27.56	>	6	13	77
578	chr10	30838389	30838370	+	17.3	7.543	>	6	13	77
579	chr2	6469364	6469345	-	17.28	15.65	>	6	13	77
580	chr9	59678540	59678521	-	17.28	29.06	>	6	13	77
581	chr18	60143536	60143517	-	17.25	6.348	>	6	13	77
582	chr2	76114972	76114953	-	17.25	26.88	>	6	13	77
583	chr1	192722361	192722342	-	17.23	36.0	>	6	13	77
584	chr13	6737153	6737134	+	17.23	24.25	>	6	13	77
585	chr10	116199232	116199213	+	17.23	24.89	>	6	13	77
586	chr18	6627309	6627290	+	17.06	30.4	>	6	13	77
587	chr7	117375969	117375950	-	17.03	13.42	>	6	13	77
588	chr11	7200225	7200206	+	17.03	39.34	>	6	13	77
589	chr3	152474817	152474798	+	16.98	9.51	>	6	13	77
590	chr12	4107565	4107546	+	16.97	22.11	>	6	13	77
591	chr18	78212287	78212268	-	16.83	18.31	>	6	13	77
592	chr2	17842170	17842151	-	16.81	6.844	>	6	13	77
593	chr5	112429191	112429172	-	16.78	14.19	>	6	13	77
594	chr9	54169687	54169668	+	16.73	16.64	>	6	13	77
595	chr9	78597063	78597044	+	16.73	17.98	>	6	13	77
596	chr2	125556029	125556010	+	16.69	19.19	>	6	13	77
597	chr4	86545837	86545818	-	16.69	26.34	>	6	13	77
598	chr11	34229190	34229171	+	16.55	19.56	>	6	13	77
599	chr13	60479163	60479144	+	16.52	1.697	>	6	13	77
600	chr11	57788119	57788100	+	16.36	29.88	>	6	13	77
601	chr5	117504639	117504620	+	16.36	53.34	>	6	13	77
602	chr1	128368923	128368904	+	16.28	14.01	>	6	13	77
603	chr14	51098507	51098488	-	16.28	41.22	>	6	13	77
604	chr10	14404268	14404249	+	16.23	20.66	>	6	13	77
605	chr18	65752297	65752278	-	16.1	16.11	>	6	13	77
606	chr3	59077498	59077479	+	16.1	40.72	>	6	13	77
607	chr1	119919473	119919454	+	16.06	20.62	>	6	13	77
608	chr1	86598699	86598680	+	16.03	48.72	>	6	13	77
609	chr1	80178208	80178189	-	16.0	17.12	>	6	13	77
610	chr15	64132164	64132145	+	15.96	15.336	>	6	13	77
611	chr2	4652218	4652199	-	15.91	22.83	>	6	13	77
612	chr9	40805489	40805470	-	15.86	35.53	>	6	13	77
613	chr13	30549079	30549060	-	15.805	25.34	>	6	13	77
614	chr3	82350530	82350511	-	15.805	7.78	>	6	13	77
615	chr7	81155234	81155215	-	15.805	19.0	>	6	13	77
616	chr4	107701325	107701306	-	15.8	18.55	>	6	13	77
617	chr11	76655250	76655231	+	15.8	25.19	>	6	13	77
618	chr7	122945377	122945358	+	15.72	20.64	>	6	13	77
619	chr16	32697312	32697293	+	15.695	24.02	>	6	13	77
620	chr13	114460825	114460806	-	15.65	8.25	>	6	13	77
621	chr19	59389409	59389390	+	15.65	31.4	>	6	13	77
622	chr7	45451495	45451476	+	15.64	35.4	>	6	13	77
623	chr15	85599066	85599047	+	15.625	30.86	>	6	13	77
624	chr10	9012998	9012979	+	15.6	21.77	>	6	13	77
625	chr13	24318872	24318853	-	15.58	11.58	>	6	13	77
626	chr3	123506917	123506898	-	15.53	17.17	>	6	13	77
627	chr13	101719731	101719712	-	15.48	25.34	>	6	13	77
628	chr12	12412898	12412879	-	15.43	30.47	>	6	13	77
629	chr10	127342496	127342477	-	15.4	29.73	>	6	13	77
630	chr7	28972871	28972852	+	15.39	21.2	>	6	13	77
631	chr5	130862481	130862462	+	15.33	29.22	>	6	13	77
632	chr13	53779354	53779335	+	15.31	23.8	>	6	13	77
633	chr11	51582940	51582921	-	15.305	26.1	>	6	13	77
634	chr3	34150257	34150238	+	15.3	17.19	>	6	13	77
635	chr9	30423156	30423137	-	15.29	30.31	>	6	13	77
636	chr1	55886585	55886566	+	15.29	16.73	>	6	13	77
637	chr8	121104251	121104232	+	15.28	31.56	>	6	13	77
638	chr2	31683894	31683875	+	15.27	30.73	>	6	13	77
639	chr9	121458682	121458663	+	15.27	42.72	>	6	13	77
640	chr13	111421545	111421526	+	15.22	27.25	>	6	13	77
641	chr18	56572965	56572946	+	15.22	32.7	>	6	13	77
642	chr18	42593315	42593296	+	15.2	8.75	>	6	13	77
643	chr8	118287683	118287664	+	15.2	7.145	>	6	13	77
644	chr14	47742843	47742824	+	15.18	9.65	>	6	13	77
645	chr1	184791312	184791293	-	15.164	27.39	>	6	13	77
646	chr6	106800166	106800147	-	15.1	18.75	>	6	13	77
647	chr11	12025880	12025861	+	15.06	18.02	>	6	13	77
648	chr5	129594341	129594322	-	15.03	29.4	>	6	13	77
649	chr13	16005724	16005705	+	15.016	13.71	>	6	13	77
650	chr14	65597230	65597211	+	15.016	14.01	>	6	13	77
651	chr5	99900280	99900261	-	14.95	10.75	>	6	13	77
652	chr8	11421350	11421331	-	14.945	26.12	>	6	13	77
653	chr19	4755748	4755729	+	14.93	24.55	>	6	13	77
654	chr10	110733540	110733521	-	14.914	16.5	>	6	13	77
655	chr5	67752088	67752069	+	14.89	18.31	>	6	13	77
656	chr9	77381774	77381755	-	14.85	26.45	>	6	13	77
657	chr18	81951830	81951811	-	14.76	34.06	>	6	13	77
658	chr1	86059644	86059625	+	14.734	30.22	>	6	13	77
659	chr1	52630636	52630617	-	14.734	9.89	>	6	13	77
660	chr2	174308107	174308088	+	14.69	14.67	>	6	13	77
661	chr11	99364649	99364630	-	14.6	16.03	>	6	13	77
662	chr13	109558424	109558405	+	14.49	16.98	>	6	13	77
663	chr12	58201405	58201386	-	14.48	6.883	>	6	13	77
664	chr7	137471937	137471918	+	14.445	28.83	>	6	13	77
665	chr17	26916803	26916784	+	14.414	25.05	>	6	13	77
666	chr5	87871626	87871607	-	14.414	20.39	>	6	13	77
667	chr2	125252443	125252424	+	14.414	25.9	>	6	13	77
668	chr1	9549185	9549166	+	14.414	19.5	>	6	13	77
669	chr11	11788608	11788589	-	14.38	31.97	>	6	13	77
670	chr7	43928727	43928708	+	14.36	11.45	>	6	13	77
671	chr10	60760656	60760637	-	14.31	36.9	>	6	13	77
672	chr6	17362958	17362939	+	14.31	3.076	>	6	13	77
673	chr1	136521528	136521509	-	14.305	21.69	>	6	13	77
674	chr2	153147934	153147915	+	14.28	18.94	>	6	13	77
675	chr8	61522313	61522294	+	14.266	28.28	>	6	13	77
676	chr18	56759303	56759284	+	14.266	12.61	>	6	13	77
677	chr14	115451146	115451127	-	14.234	4.215	>	6	13	77
678	chr1	176218428	176218409	+	14.195	14.99	>	6	13	77
679	chr15	97665520	97665501	-	14.18	30.02	>	6	13	77
680	chr13	20299620	20299601	+	14.18	33.25	>	6	13	77
681	chr9	59969601	59969582	-	14.14	17.69	>	6	13	77
682	chr16	57611975	57611956	+	14.055	18.66	>	6	13	77
683	chr12	15816144	15816125	+	13.984	8.52	>	6	13	77
684	chr15	82271381	82271362	-	13.95	28.55	>	6	13	77
685	chr7	74363644	74363625	-	13.95	40.8	>	6	13	77
686	chr3	73066293	73066274	+	13.95	16.86	>	6	13	77
687	chr1	118772515	118772496	-	13.945	30.34	>	6	13	77
688	chr4	110020493	110020474	-	13.94	26.28	>	6	13	77
689	chr3	34639420	34639401	-	13.94	14.87	>	6	13	77
690	chr2	131530224	131530205	-	13.92	25.86	>	6	13	77
691	chr4	20024128	20024109	+	13.91	12.516	>	6	13	77
692	chr8	74980870	74980851	-	13.81	30.2	>	6	13	77
693	chr18	75757719	75757700	+	13.734	18.78	>	6	13	77
694	chr7	89908147	89908128	-	13.72	13.79	>	6	13	77
695	chr4	150257406	150257387	+	13.72	23.58	>	6	13	77
696	chr2	55022781	55022762	-	13.664	7.77	>	6	13	77
697	chr18	64506771	64506752	-	13.63	18.4	>	6	13	77
698	chr14	123353156	123353137	-	13.61	11.6	>	6	13	77
699	chr4	139872794	139872775	+	13.59	35.75	>	6	13	77
700	chr13	51839869	51839850	+	13.586	21.19	>	6	13	77
701	chr5	146162789	146162770	+	13.516	23.42	>	6	13	77
702	chr9	83785201	83785182	+	13.49	14.66	>	6	13	77
703	chr3	59079480	59079461	+	13.44	28.77	>	6	13	77
704	chr10	11345312	11345293	-	13.375	5.086	>	6	13	77
705	chr11	46252188	46252169	-	13.34	28.12	>	6	13	77
706	chr4	85404971	85404952	+	13.32	14.11	>	6	13	77
707	chr4	130738774	130738755	+	13.31	16.47	>	6	13	77
708	chr5	86432914	86432895	+	13.305	16.02	>	6	13	77
709	chr3	22306829	22306810	+	13.266	18.6	>	6	13	77
710	chr2	91930225	91930206	-	13.25	19.55	>	6	13	77
711	chr6	108417714	108417695	+	13.234	10.66	>	6	13	77
712	chr12	17011790	17011771	-	13.16	20.73	>	6	13	77
713	chr5	87551137	87551118	-	13.15	21.52	>	6	13	77
714	chr4	106227683	106227664	-	13.14	14.38	>	6	13	77
715	chr4	139877472	139877453	+	13.1	27.4	>	6	13	77
716	chr1	88742593	88742574	-	13.086	17.75	>	6	13	77
717	chr3	52254088	52254069	+	13.02	34.16	>	6	13	77
718	chr9	73159469	73159450	+	12.99	27.5	>	6	13	77
719	chr7	29297253	29297234	-	12.984	28.8	>	6	13	77
720	chr13	116312336	116312317	-	12.93	10.21	>	6	13	77
721	chr2	157117146	157117127	-	12.91	21.92	>	6	13	77
722	chr9	60243712	60243693	+	12.89	13.59	>	6	13	77
723	chr1	179845066	179845047	-	12.88	17.89	>	6	13	77
724	chr11	103332754	103332735	+	12.875	24.97	>	6	13	77
725	chr1	53032774	53032755	-	12.87	13.05	>	6	13	77
726	chr8	45345197	45345178	+	12.81	16.72	>	6	13	77
727	chr12	113216133	113216114	+	12.74	53.7	>	6	13	77
728	chr15	36152194	36152175	-	12.72	16.9	>	6	13	77
729	chr1	72876274	72876255	+	12.69	17.11	>	6	13	77
730	chr9	14774009	14773990	+	12.664	9.0	>	6	13	77
731	chr12	74317197	74317178	-	12.664	11.76	>	6	13	77
732	chr7	107819649	107819630	-	12.64	16.3	>	6	13	77
733	chr13	55327907	55327888	+	12.64	17.61	>	6	13	77
734	chr3	54796015	54795996	+	12.63	22.77	>	6	13	77
735	chr6	60963937	60963918	+	12.61	7.094	>	6	13	77
736	chr8	21981891	21981872	-	12.61	17.33	>	6	13	77
737	chr10	38269349	38269330	-	12.52	19.28	>	6	13	77
738	chr6	51170619	51170600	-	12.5	20.02	>	6	13	77
739	chr2	148110356	148110337	-	12.43	16.03	>	6	13	77
740	chr1	88301823	88301804	-	12.42	19.61	>	6	13	77
741	chr6	115037959	115037940	-	12.33	15.375	>	6	13	77
742	chr16	11980974	11980955	+	12.33	3.668	>	6	13	77
743	chr15	44832771	44832752	-	12.31	24.2	>	6	13	77
744	chr19	26193888	26193869	-	12.29	7.65	>	6	13	77
745	chr17	8988263	8988244	-	12.29	10.71	>	6	13	77
746	chr14	66358860	66358841	+	12.28	18.22	>	6	13	77
747	chr12	40832432	40832413	-	12.26	13.56	>	6	13	77
748	chr2	53206958	53206939	-	12.18	12.55	>	6	13	77
749	chr16	42914617	42914598	+	12.16	7.133	>	6	13	77
750	chr11	111523686	111523667	-	12.14	23.53	>	6	13	77
751	chr6	121556678	121556659	+	12.11	18.8	>	6	13	77
752	chr7	43926199	43926180	-	12.1	21.69	>	6	13	77
753	chr3	3311028	3311009	+	12.09	10.74	>	6	13	77
754	chr12	17018680	17018661	+	12.04	21.19	>	6	13	77
755	chr18	33794794	33794775	+	11.97	24.89	>	6	13	77
756	chr15	73791915	73791896	+	11.96	24.61	>	6	13	77
757	chr12	82489256	82489237	+	11.945	11.805	>	6	13	77
758	chr19	37559803	37559784	+	11.91	21.4	>	6	13	77
759	chr12	36195155	36195136	-	11.91	7.07	>	6	13	77
760	chr3	30515246	30515227	-	11.875	11.664	>	6	13	77
761	chr19	27426681	27426662	-	11.81	11.945	>	6	13	77
762	chr2	75590427	75590408	-	11.75	21.66	>	6	13	77
763	chr2	17849498	17849479	+	11.75	6.633	>	6	13	77
764	chr9	83371155	83371136	-	11.75	6.18	>	6	13	77
765	chr9	30936846	30936827	-	11.734	17.67	>	6	13	77
766	chr15	94690037	94690018	+	11.73	23.03	>	6	13	77
767	chr2	147379133	147379114	+	11.69	9.875	>	6	13	77
768	chr4	121232314	121232295	-	11.664	7.945	>	6	13	77
769	chr18	56333219	56333200	-	11.64	4.934	>	6	13	77
770	chr16	25952209	25952190	-	11.64	6.688	>	6	13	77
771	chr13	94976326	94976307	+	11.63	16.62	>	6	13	77
772	chr2	30942898	30942879	-	11.57	22.28	>	6	13	77
773	chr6	104479441	104479422	+	11.55	10.57	>	6	13	77
774	chr5	113080039	113080020	-	11.52	26.94	>	6	13	77
775	chr16	30550607	30550588	-	11.52	17.62	>	6	13	77
776	chr1	160194976	160194957	+	11.51	18.28	>	6	13	77
777	chr11	56116782	56116763	-	11.48	30.47	>	6	13	77
778	chr6	112484521	112484502	-	11.48	12.14	>	6	13	77
779	chr14	21853546	21853527	-	11.445	30.66	>	6	13	77
780	chr9	58534993	58534974	+	11.414	20.97	>	6	13	77
781	chr17	73302318	73302299	+	11.414	39.62	>	6	13	77
782	chr1	85842459	85842440	-	11.41	14.02	>	6	13	77
783	chr17	16926410	16926391	-	11.35	2.584	>	6	13	77
784	chr12	29894861	29894842	+	11.31	16.72	>	6	13	77
785	chr2	127832989	127832970	+	11.22	7.293	>	6	13	77
786	chr16	20724653	20724634	+	11.18	15.11	>	6	13	77
787	chr1	180811112	180811093	-	11.164	28.33	>	6	13	77
788	chr13	109210611	109210592	-	11.16	17.5	>	6	13	77
789	chr18	5990207	5990188	-	11.14	3.14	>	6	13	77
790	chr18	12102268	12102249	-	11.125	23.38	>	6	13	77
791	chr19	59380193	59380174	+	11.08	23.9	>	6	13	77
792	chr2	101665476	101665457	+	11.055	26.06	>	6	13	77
793	chr12	108541242	108541223	-	11.02	27.9	>	6	13	77
794	chr2	32583648	32583629	+	11.016	30.19	>	6	13	77
795	chr1	181881807	181881788	-	10.98	11.91	>	6	13	77
796	chr5	117506576	117506557	+	10.94	40.06	>	6	13	77
797	chr1	38789153	38789134	+	10.89	22.95	>	6	13	77
798	chr10	102445139	102445120	-	10.875	19.4	>	6	13	77
799	chr12	81788941	81788922	+	10.87	12.51	>	6	13	77
800	chr9	78233462	78233443	-	10.86	15.93	>	6	13	77
801	chr10	96618527	96618508	+	10.86	3.014	>	6	13	77
802	chr8	84639419	84639400	-	10.85	34.7	>	6	13	77
803	chr17	8468905	8468886	+	10.85	20.27	>	6	13	77
804	chr2	67535551	67535532	+	10.83	7.83	>	6	13	77
805	chr18	52947340	52947321	+	10.82	10.15	>	6	13	77
806	chr13	72625410	72625391	-	10.78	6.715	>	6	13	77
807	chr11	31942449	31942430	+	10.69	22.72	>	6	13	77
808	chr1	6190743	6190724	-	10.63	7.344	>	6	13	77
809	chr7	74367549	74367530	+	10.6	15.16	>	6	13	77
810	chr4	22482970	22482951	+	10.58	4.45	>	6	13	77
811	chr13	20298018	20297999	+	10.56	24.86	>	6	13	77
812	chr16	75325511	75325492	-	10.484	5.44	>	6	13	77
813	chr6	54586377	54586358	+	10.44	8.14	>	6	13	77
814	chr14	59604211	59604192	-	10.375	15.664	>	6	13	77
815	chr2	107946040	107946021	-	10.31	11.08	>	6	13	77
816	chr1	62701219	62701200	-	10.3	12.74	>	6	13	77
817	chr7	75914120	75914101	+	10.266	24.1	>	6	13	77
818	chr5	98167679	98167660	+	10.26	12.875	>	6	13	77
819	chr9	99671799	99671780	+	10.23	22.52	>	6	13	77
820	chr1	179847901	179847882	+	10.16	11.88	>	6	13	77
821	chr15	80080817	80080798	-	10.15	32.28	>	6	13	77
822	chr6	137747756	137747737	-	10.09	27.12	>	6	13	77
823	chr6	77249625	77249606	-	10.09	6.945	>	6	13	77
824	chr5	149049190	149049171	-	10.08	15.81	>	6	13	77
825	chr18	32814407	32814388	-	10.07	2.566	>	6	13	77
826	chr11	46258405	46258386	-	10.06	20.3	>	6	13	77
827	chr11	81974830	81974811	-	10.01	5.44	>	6	13	77
828	chr19	48414047	48414028	+	9.99	12.77	>	6	13	77
829	chr11	34836484	34836465	+	9.86	20.75	>	6	13	77
830	chr17	24437345	24437326	-	9.81	19.33	>	6	13	77
831	chr6	59208753	59208734	-	9.734	12.92	>	6	13	77
832	chr13	37325694	37325675	-	9.734	20.84	>	6	13	77
833	chr11	43412967	43412948	-	9.72	22.2	>	6	13	77
834	chr13	49651342	49651323	-	9.71	2.496	>	6	13	77
835	chr7	143151380	143151361	+	9.69	18.05	>	6	13	77
836	chr16	4285478	4285459	-	9.67	7.94	>	6	13	77
837	chr11	29715017	29714998	-	9.664	9.12	>	6	13	77
838	chr3	134654263	134654244	+	9.62	3.898	>	6	13	77
839	chr8	28978824	28978805	-	9.57	7.504	>	6	13	77
840	chr13	54062269	54062250	-	9.55	10.02	>	6	13	77
841	chr9	32585514	32585495	+	9.516	12.72	>	6	13	77
842	chr7	73648212	73648193	-	9.484	13.375	>	6	13	77
843	chr19	27425889	27425870	-	9.44	11.26	>	6	13	77
844	chr13	100854377	100854358	-	9.42	17.78	>	6	13	77
845	chr5	140749784	140749765	-	9.414	22.17	>	6	13	77
846	chr4	127027444	127027425	+	9.4	22.48	>	6	13	77
847	chr11	109221866	109221847	-	9.3	9.67	>	6	13	77
848	chr16	16596794	16596775	+	9.28	5.977	>	6	13	77
849	chr2	128605294	128605275	-	9.25	9.07	>	6	13	77
850	chr2	61492265	61492246	+	9.25	6.99	>	6	13	77
851	chr10	74217479	74217460	+	9.22	7.7	>	6	13	77
852	chr9	68016722	68016703	+	9.2	8.305	>	6	13	77
853	chr6	144248136	144248117	+	9.19	7.742	>	6	13	77
854	chr13	51191948	51191929	+	9.17	5.492	>	6	13	77
855	chr2	103424848	103424829	-	9.164	12.29	>	6	13	77
856	chr7	64751734	64751715	-	9.13	16.66	>	6	13	77
857	chr7	27160004	27159985	+	9.125	14.17	>	6	13	77
858	chr13	95986545	95986526	+	9.08	13.76	>	6	13	77
859	chr5	135118653	135118634	+	9.08	29.22	>	6	13	77
860	chr10	49786914	49786895	-	9.07	0.785	>	6	13	77
861	chr1	51639072	51639053	+	9.02	3.22	>	6	13	77
862	chr14	105307894	105307875	+	8.95	2.453	>	6	13	77
863	chr19	40231990	40231971	-	8.95	19.89	>	6	13	77
864	chr10	69656526	69656507	+	8.95	12.99	>	6	13	77
865	chr7	142714879	142714860	-	8.945	27.2	>	6	13	77
866	chr6	129256260	129256241	-	8.93	14.53	>	6	13	77
867	chr5	138199783	138199764	+	8.9	8.414	>	6	13	77
868	chr8	36193738	36193719	+	8.89	10.43	>	6	13	77
869	chr11	49597354	49597335	+	8.87	6.92	>	6	13	77
870	chr1	139405977	139405958	-	8.86	4.043	>	6	13	77
871	chr3	124289118	124289099	-	8.84	12.69	>	6	13	77
872	chr9	13196005	13195986	-	8.83	30.6	>	6	13	77
873	chr14	115819240	115819221	+	8.83	10.71	>	6	13	77
874	chr5	146914595	146914576	+	8.82	39.7	>	6	13	77
875	chr4	119223866	119223847	-	8.766	16.34	>	6	13	77
876	chr15	85879204	85879185	-	8.76	17.27	>	6	13	77
877	chr4	124682485	124682466	+	8.7	17.45	>	6	13	77
878	chr17	34956526	34956507	+	8.695	22.17	>	6	13	77
879	chr12	39494054	39494035	-	8.65	2.455	>	6	13	77
880	chr9	34485824	34485805	-	8.625	10.6	>	6	13	77
881	chr2	180786948	180786929	+	8.57	17.27	>	6	13	77
882	chr4	62230989	62230970	+	8.57	12.25	>	6	13	77
883	chr2	16357480	16357461	+	8.55	2.205	>	6	13	77
884	chr17	9759516	9759497	+	8.54	11.53	>	6	13	77
885	chr10	13018670	13018651	+	8.54	19.64	>	6	13	77
886	chr4	32570820	32570801	-	8.52	6.645	>	6	13	77
887	chr9	86451919	86451900	-	8.49	16.77	>	6	13	77
888	chr7	139590495	139590476	+	8.49	20.39	>	6	13	77
889	chr16	31944169	31944150	+	8.445	14.11	>	6	13	77
890	chr3	104701211	104701192	-	8.44	24.84	>	6	13	77
891	chr2	160955546	160955527	-	8.414	14.05	>	6	13	77
892	chr18	32811889	32811870	+	8.4	4.918	>	6	13	77
893	chr14	115042240	115042221	-	8.4	14.734	>	6	13	77
894	chr2	28464119	28464100	-	8.33	19.16	>	6	13	77
895	chr2	76369931	76369912	+	8.28	9.1	>	6	13	77
896	chr3	107605512	107605493	+	8.28	12.57	>	6	13	77
897	chr14	121220891	121220872	-	8.23	10.8	>	6	13	77
898	chr1	103796539	103796520	+	8.22	10.74	>	6	13	77
899	chr16	23151589	23151570	+	8.21	3.11	>	6	13	77
900	chr5	33371346	33371327	-	8.19	15.74	>	6	13	77
901	chr13	103121088	103121069	-	8.18	6.016	>	6	13	77
902	chr10	60760529	60760510	+	8.14	24.72	>	6	13	77
903	chr1	169921787	169921768	+	8.12	12.62	>	6	13	77
904	chr13	42826816	42826797	-	8.11	17.0	>	6	13	77
905	chr6	72601930	72601911	+	8.11	24.06	>	6	13	77
906	chr7	81345319	81345300	-	7.99	7.87	>	6	13	77
907	chr11	33934471	33934452	+	7.98	18.27	>	6	13	77
908	chr18	77044808	77044789	-	7.97	11.42	>	6	13	77
909	chr7	67217278	67217259	+	7.926	7.28	>	6	13	77
910	chr2	164074027	164074008	+	7.906	10.22	>	6	13	77
911	chr3	45373410	45373391	+	7.855	1.438	>	6	13	77
912	chr1	152768355	152768336	-	7.84	9.35	>	6	13	77
913	chr11	102267665	102267646	-	7.81	17.44	>	6	13	77
914	chr11	43411664	43411645	-	7.81	21.72	>	6	13	77
915	chr2	129880054	129880035	+	7.805	6.484	>	6	13	77
916	chr11	81972241	81972222	+	7.797	9.07	>	6	13	77
917	chr9	65581143	65581124	-	7.793	11.17	>	6	13	77
918	chr4	106228720	106228701	+	7.727	13.9	>	6	13	77
919	chr6	119467876	119467857	+	7.703	18.1	>	6	13	77
920	chr10	122794511	122794492	+	7.695	15.734	>	6	13	77
921	chr14	34813484	34813465	-	7.69	11.805	>	6	13	77
922	chr15	19280629	19280610	+	7.68	3.066	>	6	13	77
923	chr13	38235597	38235578	-	7.676	11.836	>	6	13	77
924	chr13	21710105	21710086	+	7.67	14.95	>	6	13	77
925	chr11	104231353	104231334	-	7.67	18.38	>	6	13	77
926	chr6	86401304	86401285	-	7.64	23.28	>	6	13	77
927	chr4	24245320	24245301	-	7.633	3.027	>	6	13	77
928	chr9	29655082	29655063	+	7.613	20.11	>	6	13	77
929	chr9	58535957	58535938	-	7.605	16.9	>	6	13	77
930	chr5	112427478	112427459	-	7.598	9.93	>	6	13	77
931	chr4	140539353	140539334	-	7.58	22.9	>	6	13	77
932	chr14	105302910	105302891	+	7.57	4.605	>	6	13	77
933	chr7	19713404	19713385	-	7.543	26.19	>	6	13	77
934	chr1	127487367	127487348	-	7.52	14.33	>	6	13	77
935	chr19	56806125	56806106	-	7.504	5.934	>	6	13	77
936	chr19	47175662	47175643	-	7.46	21.67	>	6	13	77
937	chr2	150795624	150795605	-	7.44	6.633	>	6	13	77
938	chr2	137114826	137114807	+	7.438	4.08	>	6	13	77
939	chr10	119244230	119244211	+	7.434	4.305	>	6	13	77
940	chr5	117094622	117094603	+	7.42	22.22	>	6	13	77
941	chr11	67100384	67100365	-	7.42	22.83	>	6	13	77
942	chr5	30686988	30686969	+	7.41	18.64	>	6	13	77
943	chr8	105291139	105291120	-	7.41	11.78	>	6	13	77
944	chr7	143470174	143470155	-	7.39	17.94	>	6	13	77
945	chr15	8099290	8099271	-	7.35	8.336	>	6	13	77
946	chr7	119015949	119015930	+	7.34	17.75	>	6	13	77
947	chr17	56306039	56306020	-	7.305	16.48	>	6	13	77
948	chr1	134636895	134636876	+	7.3	5.97	>	6	13	77
949	chr17	65541217	65541198	+	7.258	9.125	>	6	13	77
950	chr14	49218880	49218861	+	7.25	8.47	>	6	13	77
951	chr1	25527154	25527135	+	7.2	7.453	>	6	13	77
952	chr1	146515575	146515556	+	7.18	3.11	>	6	13	77
953	chr9	44109578	44109559	+	7.176	33.9	>	6	13	77
954	chr11	108889358	108889339	+	7.15	8.016	>	6	13	77
955	chr7	138398615	138398596	+	7.117	4.707	>	6	13	77
956	chr5	32204842	32204823	+	7.11	6.15	>	6	13	77
957	chr8	14859581	14859562	+	7.1	5.27	>	6	13	77
958	chr11	95676507	95676488	-	7.09	14.555	>	6	13	77
959	chr6	85141186	85141167	+	7.08	33.56	>	6	13	77
960	chr14	20340404	20340385	-	7.04	15.81	>	6	13	77
961	chr1	193130339	193130320	-	7.023	5.71	>	6	13	77
962	chr9	98032882	98032863	+	6.992	4.73	>	6	13	77
963	chr7	143793289	143793270	+	6.98	21.42	>	6	13	77
964	chr12	32292312	32292293	-	6.895	8.26	>	6	13	77
965	chr17	45724453	45724434	-	6.89	12.125	>	6	13	77
966	chr14	102512314	102512295	+	6.89	1.602	>	6	13	77
967	chr8	11943038	11943019	+	6.88	5.47	>	6	13	77
968	chr7	83553561	83553542	+	6.867	8.27	>	6	13	77
969	chr9	64960779	64960760	-	6.85	16.31	>	6	13	77
970	chr9	30426996	30426977	+	6.832	15.31	>	6	13	77
971	chr11	119249183	119249164	+	6.785	23.48	>	6	13	77
972	chr8	90795542	90795523	+	6.77	10.67	>	6	13	77
973	chr2	113498926	113498907	-	6.766	9.86	>	6	13	77
974	chr13	62926662	62926643	+	6.75	4.73	>	6	13	77
975	chr1	127485025	127485006	+	6.715	16.44	>	6	13	77
976	chr17	78592615	78592596	+	6.715	8.945	>	6	13	77
977	chr2	118246134	118246115	-	6.668	13.72	>	6	13	77
978	chr2	92474875	92474856	-	6.652	13.95	>	6	13	77
979	chr7	17061423	17061404	+	6.645	15.1	>	6	13	77
980	chr10	122090678	122090659	+	6.63	8.38	>	6	13	77
981	chr13	64448147	64448128	+	6.594	17.92	>	6	13	77
982	chr2	34642611	34642592	-	6.562	14.51	>	6	13	77
983	chr5	117509743	117509724	+	6.54	26.92	>	6	13	77
984	chr7	131371109	131371090	+	6.516	4.71	>	6	13	77
985	chr6	94054143	94054124	-	6.5	13.34	>	6	13	77
986	chr14	20697228	20697209	+	6.465	17.88	>	6	13	77
987	chr10	122798121	122798102	+	6.46	15.23	>	6	13	77
988	chr13	14196604	14196585	+	6.45	1.613	>	6	13	77
989	chr3	118991976	118991957	+	6.438	8.26	>	6	13	77
990	chr9	107231295	107231276	-	6.434	7.414	>	6	13	77
991	chr15	24557016	24556997	-	6.418	3.371	>	6	13	77
992	chr2	178407758	178407739	+	6.414	11.43	>	6	13	77
993	chr9	90683476	90683457	-	6.38	1.322	>	6	13	77
994	chr6	22968335	22968316	-	6.34	6.418	>	6	13	77
995	chr12	67217811	67217792	+	6.336	1.95	>	6	13	77
996	chr10	82910438	82910419	+	6.277	10.99	>	6	13	77
997	chr7	49125716	49125697	+	6.258	16.88	>	6	13	77
998	chr11	119491305	119491286	-	6.215	10.81	>	6	13	77
999	chr11	32341308	32341289	-	6.21	14.555	>	6	13	77
1000	chr19	8713406	8713387	+	6.19	10.44	>	6	13	77
1001	chr4	48048044	48048025	+	6.152	6.21	>	6	13	77
1002	chr11	52764825	52764806	+	6.15	7.75	>	6	13	77
1003	chr13	20564636	20564617	-	6.145	4.82	>	6	13	77
1004	chr10	39105011	39104992	-	6.14	7.152	>	6	13	77
1005	chr11	98909856	98909837	-	6.117	18.95	>	6	13	77
1006	chr1	151025102	151025083	+	6.117	4.496	>	6	13	77
1007	chr5	98167777	98167758	-	6.113	9.555	>	6	13	77
1008	chr8	88118562	88118543	+	6.062	3.66	>	6	13	77
1009	chr16	92511934	92511915	+	6.035	16.34	>	6	13	77
1010	chr15	25792295	25792276	-	6.008	6.87	>	6	13	77
1011	chr13	92751194	92751175	+	5.938	12.68	>	6	13	77
1012	chr5	101688793	101688774	-	5.934	12.51	>	6	13	77
1013	chr7	112023252	112023233	+	5.93	8.26	>	6	13	77
1014	chr14	21854038	21854019	-	5.914	27.36	>	6	13	77
1015	chr8	32003733	32003714	-	5.9	2.012	>	6	13	77
1016	chr13	53095394	53095375	-	5.867	6.086	>	6	13	77
1017	chr1	182554179	182554160	+	5.836	10.15	>	6	13	77
1018	chr6	18381568	18381549	+	5.832	1.955	>	6	13	77
1019	chr9	77389590	77389571	+	5.832	5.68	>	6	13	77
1020	chr16	5254481	5254462	-	5.812	12.77	>	6	13	77
1021	chr2	93199625	93199606	+	5.797	14.08	>	6	13	77
1022	chr9	81631651	81631632	-	5.793	3.863	>	6	13	77
1023	chr2	152887412	152887393	-	5.78	4.652	>	6	13	77
1024	chr4	153481137	153481118	-	5.766	3.3	>	6	13	77
1025	chr8	72239706	72239687	-	5.754	5.32	>	6	13	77
1026	chr18	65750236	65750217	-	5.703	2.543	>	6	13	77
1027	chr6	61311882	61311863	-	5.68	7.43	>	6	13	77
1028	chr18	46143625	46143606	+	5.676	6.477	>	6	13	77
1029	chr6	120836118	120836099	+	5.64	7.797	>	6	13	77
1030	chr6	100563990	100563971	-	5.625	4.164	>	6	13	77
1031	chr3	13475098	13475079	-	5.61	1.948	>	6	13	77
1032	chr2	132262968	132262949	+	5.6	7.164	>	6	13	77
1033	chr11	103334169	103334150	+	5.594	12.02	>	6	13	77
1034	chr6	54255029	54255010	+	5.586	4.35	>	6	13	77
1035	chr13	101711018	101710999	+	5.543	9.15	>	6	13	77
1036	chr5	39644761	39644742	-	5.54	3.531	>	6	13	77
1037	chr8	90795201	90795182	-	5.516	4.996	>	6	13	77
1038	chr18	23162646	23162627	+	5.51	1.562	>	6	13	77
1039	chr16	78165563	78165544	+	5.477	7.39	>	6	13	77
1040	chr2	96584106	96584087	-	5.44	3.29	>	6	13	77
1041	chr12	72070473	72070454	+	5.426	11.336	>	6	13	77
1042	chr12	24708691	24708672	+	5.414	9.914	>	6	13	77
1043	chr8	92367135	92367116	-	5.406	6.984	>	6	13	77
1044	chr17	83866777	83866758	+	5.4	23.0	>	6	13	77
1045	chr13	55322636	55322617	-	5.4	7.0	>	6	13	77
1046	chr6	88893771	88893752	-	5.395	16.78	>	6	13	77
1047	chr19	8718731	8718712	-	5.383	8.6	>	6	13	77
1048	chr12	59220179	59220160	-	5.38	2.5	>	6	13	77
1049	chr14	60784526	60784507	+	5.367	16.06	>	6	13	77
1050	chr3	153658591	153658572	+	5.33	6.258	>	6	13	77
1051	chr9	77386949	77386930	-	5.312	12.24	>	6	13	77
1052	chr10	83219903	83219884	+	5.312	6.188	>	6	13	77
1053	chr6	15176967	15176948	-	5.31	2.947	>	6	13	77
1054	chr2	152604207	152604188	-	5.27	19.44	>	6	13	77
1055	chr2	39003369	39003350	-	5.26	1.671	>	6	13	77
1056	chr16	31425707	31425688	-	5.254	13.484	>	6	13	77
1057	chr5	137503018	137502999	-	5.227	3.691	>	6	13	77
1058	chr18	13973086	13973067	-	5.207	0.71	>	6	13	77
1059	chr17	68849016	68848997	-	5.2	1.891	>	6	13	77
1060	chr2	128408931	128408912	-	5.19	8.72	>	6	13	77
1061	chr14	97559790	97559771	-	5.16	2.041	>	6	13	77
1062	chr8	67903864	67903845	-	5.13	6.113	>	6	13	77
1063	chr14	56888181	56888162	-	5.125	3.316	>	6	13	77
1064	chr4	132198465	132198446	+	5.125	11.19	>	6	13	77
1065	chr2	39005861	39005842	-	5.12	3.883	>	6	13	77
1066	chr7	137471679	137471660	-	5.1	19.97	>	6	13	77
1067	chr6	64949075	64949056	+	5.09	5.168	>	6	13	77
1068	chr18	16821148	16821129	+	5.043	1.935	>	6	13	77
1069	chr2	93813566	93813547	+	5.04	13.086	>	6	13	77
1070	chr6	126481478	126481459	-	5.023	10.89	>	6	13	77
1071	chr1	181881093	181881074	-	4.984	10.19	>	6	13	77
1072	chr6	108065822	108065803	-	4.977	6.67	>	6	13	77
1073	chr4	88550373	88550354	+	4.938	4.04	>	6	13	77
1074	chr5	137502167	137502148	+	4.867	8.81	>	6	13	77
1075	chr8	77618148	77618129	-	4.86	4.188	>	6	13	77
1076	chr7	120098024	120098005	+	4.855	7.22	>	6	13	77
1077	chr2	75152706	75152687	-	4.824	10.55	>	6	13	77
1078	chr11	87950193	87950174	+	4.78	11.09	>	6	13	77
1079	chr11	94598936	94598917	-	4.746	10.49	>	6	13	77
1080	chr1	10229119	10229100	+	4.746	0.972	>	6	13	77
1081	chr7	143476888	143476869	+	4.746	8.89	>	6	13	77
1082	chr9	102607693	102607674	-	4.715	3.604	>	6	13	77
1083	chr8	32009749	32009730	+	4.71	6.785	>	6	13	77
1084	chr3	99262117	99262098	-	4.707	1.889	>	6	13	77
1085	chr18	75607987	75607968	+	4.664	23.11	>	6	13	77
1086	chr7	75380211	75380192	-	4.64	2.41	>	6	13	77
1087	chr3	135863108	135863089	+	4.64	3.164	>	6	13	77
1088	chr4	87369015	87368996	-	4.625	9.125	>	6	13	77
1089	chr8	84639535	84639516	+	4.605	13.88	>	6	13	77
1090	chr15	74524301	74524282	+	4.586	13.7	>	6	13	77
1091	chr17	57007316	57007297	-	4.582	9.42	>	6	13	77
1092	chr11	30893985	30893966	+	4.547	0.9004	>	6	13	77
1093	chr19	57360190	57360171	-	4.543	2.654	>	6	13	77
1094	chr8	110102657	110102638	-	4.53	9.24	>	6	13	77
1095	chr7	135389259	135389240	-	4.53	9.336	>	6	13	77
1096	chr4	152527530	152527511	+	4.516	13.99	>	6	13	77
1097	chr13	103710441	103710422	+	4.5	4.57	>	6	13	77
1098	chr10	120896053	120896034	+	4.5	2.322	>	6	13	77
1099	chr18	5155632	5155613	-	4.484	6.39	>	6	13	77
1100	chr12	80141693	80141674	-	4.45	17.05	>	6	13	77
1101	chr5	118763566	118763547	-	4.418	12.81	>	6	13	77
1102	chr12	14150175	14150156	+	4.406	3.688	>	6	13	77
1103	chr10	128990300	128990281	-	4.4	8.03	>	6	13	77
1104	chr10	30834038	30834019	-	4.37	4.473	>	6	13	77
1105	chr6	50618483	50618464	+	4.367	12.766	>	6	13	77
1106	chr15	9748972	9748953	-	4.36	3.496	>	6	13	77
1107	chr16	92308164	92308145	-	4.355	11.22	>	6	13	77
1108	chr2	9881964	9881945	-	4.355	2.918	>	6	13	77
1109	chr8	123106089	123106070	+	4.336	8.18	>	6	13	77
1110	chr5	98346264	98346245	+	4.324	2.342	>	6	13	77
1111	chr10	40249841	40249822	-	4.316	12.23	>	6	13	77
1112	chr3	141457685	141457666	+	4.312	4.707	>	6	13	77
1113	chr9	40192620	40192601	-	4.3	2.145	>	6	13	77
1114	chr9	72448248	72448229	+	4.29	7.78	>	6	13	77
1115	chr13	24316809	24316790	-	4.273	3.682	>	6	13	77
1116	chr1	50927249	50927230	+	4.258	4.5	>	6	13	77
1117	chr11	102690417	102690398	-	4.223	12.195	>	6	13	77
1118	chr4	116627141	116627122	+	4.207	6.52	>	6	13	77
1119	chr15	76198817	76198798	+	4.164	10.72	>	6	13	77
1120	chr15	12113620	12113601	-	4.156	3.312	>	6	13	77
1121	chr1	115675059	115675040	+	4.152	5.223	>	6	13	77
1122	chr2	34644807	34644788	-	4.15	8.266	>	6	13	77
1123	chr2	166084974	166084955	-	4.133	18.12	>	6	13	77
1124	chr11	21571906	21571887	-	4.13	2.105	>	6	13	77
1125	chr15	9449709	9449690	-	4.062	0.543	>	6	13	77
1126	chr5	92664520	92664501	-	4.055	3.326	>	6	13	77
1127	chr12	77001216	77001197	+	4.043	1.105	>	6	13	77
1128	chr6	93757507	93757488	-	4.01	5.273	>	6	13	77
1129	chr19	56302794	56302775	+	4.01	3.797	>	6	13	77
1130	chr13	71954038	71954019	-	4.008	1.19	>	6	13	77
1131	chr4	17852015	17851996	-	4.0	0.8535	>	6	13	77
1132	chr18	39136126	39136107	+	3.992	1.932	>	6	13	77
1133	chr1	153489234	153489215	-	3.99	7.715	>	6	13	77
1134	chr9	66136172	66136153	-	3.988	5.383	>	6	13	77
1135	chr11	109621431	109621412	-	3.979	11.484	>	6	13	77
1136	chr13	91723318	91723299	+	3.959	5.49	>	6	13	77
1137	chr13	3642291	3642272	-	3.959	4.75	>	6	13	77
1138	chr13	47304770	47304751	+	3.957	6.746	>	6	13	77
1139	chr2	121144456	121144437	+	3.953	4.504	>	6	13	77
1140	chr13	93772223	93772204	-	3.928	3.56	>	6	13	77
1141	chr10	70967079	70967060	+	3.916	4.88	>	6	13	77
1142	chr13	59417085	59417066	-	3.91	5.0	>	6	13	77
1143	chr7	102484972	102484953	-	3.883	7.0	>	6	13	77
1144	chr5	38235667	38235648	-	3.879	10.78	>	6	13	77
1145	chr14	56885401	56885382	+	3.87	2.412	>	6	13	77
1146	chr11	75170669	75170650	-	3.861	7.984	>	6	13	77
1147	chr11	77980417	77980398	+	3.846	9.5	>	6	13	77
1148	chr9	94738712	94738693	+	3.828	14.92	>	6	13	77
1149	chr6	140466500	140466481	-	3.816	3.785	>	6	13	77
1150	chr19	57361025	57361006	-	3.814	6.484	>	6	13	77
1151	chr12	58972459	58972440	+	3.777	2.135	>	6	13	77
1152	chr2	61490636	61490617	+	3.775	5.23	>	6	13	77
1153	chr4	44310651	44310632	+	3.762	4.973	>	6	13	77
1154	chr11	52766147	52766128	+	3.734	1.83	>	6	13	77
1155	chr13	72627587	72627568	-	3.717	4.066	>	6	13	77
1156	chr9	23012459	23012440	-	3.71	1.704	>	6	13	77
1157	chr16	31427924	31427905	-	3.705	3.383	>	6	13	77
1158	chr12	29895773	29895754	+	3.691	1.481	>	6	13	77
1159	chr9	73154557	73154538	+	3.666	9.1	>	6	13	77
1160	chr1	127484437	127484418	-	3.66	8.8	>	6	13	77
1161	chr9	107566236	107566217	+	3.656	7.098	>	6	13	77
1162	chr2	68118338	68118319	+	3.652	4.36	>	6	13	77
1163	chr11	11140836	11140817	-	3.629	13.69	>	6	13	77
1164	chr12	74014936	74014917	-	3.627	5.97	>	6	13	77
1165	chr7	138396301	138396282	-	3.621	0.934	>	6	13	77
1166	chr14	103534605	103534586	+	3.617	5.312	>	6	13	77
1167	chr10	115164112	115164093	-	3.613	3.031	>	6	13	77
1168	chr7	119019764	119019745	+	3.598	7.113	>	6	13	77
1169	chr13	96389525	96389506	-	3.588	1.339	>	6	13	77
1170	chr14	74723724	74723705	-	3.586	5.766	>	6	13	77
1171	chr14	55114114	55114095	-	3.57	7.387	>	6	13	77
1172	chr9	62784468	62784449	+	3.562	12.84	>	6	13	77
1173	chr10	127678167	127678148	-	3.541	2.129	>	6	13	77
1174	chr17	55948218	55948199	-	3.535	4.3	>	6	13	77
1175	chr11	78183263	78183244	-	3.525	12.305	>	6	13	77
1176	chr6	59207403	59207384	-	3.508	1.477	>	6	13	77
1177	chr6	135416919	135416900	+	3.498	4.027	>	6	13	77
1178	chr5	122104403	122104384	+	3.492	11.98	>	6	13	77
1179	chr13	37971068	37971049	-	3.482	3.088	>	6	13	77
1180	chr5	114612410	114612391	+	3.48	13.6	>	6	13	77
1181	chr10	114442226	114442207	+	3.46	2.104	>	6	13	77
1182	chr2	145655527	145655508	-	3.44	2.05	>	6	13	77
1183	chr7	109507351	109507332	-	3.418	1.832	>	6	13	77
1184	chr16	10009965	10009946	+	3.402	4.965	>	6	13	77
1185	chr14	67969032	67969013	-	3.385	5.523	>	6	13	77
1186	chr5	140744055	140744036	-	3.348	10.35	>	6	13	77
1187	chr1	56984334	56984315	+	3.338	2.584	>	6	13	77
1188	chr2	137110782	137110763	+	3.328	1.323	>	6	13	77
1189	chr16	22267525	22267506	+	3.322	1.262	>	6	13	77
1190	chr16	4884595	4884576	-	3.3	2.822	>	6	13	77
1191	chr5	19458406	19458387	-	3.291	6.625	>	6	13	77
1192	chr1	84697217	84697198	-	3.29	7.492	>	6	13	77
1193	chr14	122903088	122903069	-	3.29	2.205	>	6	13	77
1194	chr7	64056729	64056710	-	3.273	1.214	>	6	13	77
1195	chr9	71624061	71624042	-	3.273	15.39	>	6	13	77
1196	chr9	96885958	96885939	-	3.271	10.016	>	6	13	77
1197	chr18	46964733	46964714	-	3.266	8.555	>	6	13	77
1198	chr3	122638475	122638456	+	3.26	4.82	>	6	13	77
1199	chr9	94733848	94733829	+	3.256	3.768	>	6	13	77
1200	chr1	167938404	167938385	-	3.25	6.79	>	6	13	77
1201	chr1	180811841	180811822	+	3.244	6.383	>	6	13	77
1202	chr10	42760472	42760453	+	3.229	1.784	>	6	13	77
1203	chr18	20598347	20598328	+	3.213	4.758	>	6	13	77
1204	chr17	71909305	71909286	+	3.203	3.572	>	6	13	77
1205	chr1	34459898	34459879	+	3.193	3.389	>	6	13	77
1206	chr4	117202234	117202215	-	3.191	9.61	>	6	13	77
1207	chr15	101313974	101313955	-	3.178	2.96	>	6	13	77
1208	chr16	13438138	13438119	+	3.176	1.241	>	6	13	77
1209	chr7	114878499	114878480	+	3.174	1.604	>	6	13	77
1210	chr11	109866735	109866716	+	3.166	2.812	>	6	13	77
1211	chr3	123509329	123509310	+	3.162	5.67	>	6	13	77
1212	chr3	114085881	114085862	-	3.146	0.5283	>	6	13	77
1213	chr4	120149384	120149365	-	3.145	8.09	>	6	13	77
1214	chr16	4549594	4549575	-	3.137	11.12	>	6	13	77
1215	chr15	78872224	78872205	+	3.133	9.35	>	6	13	77
1216	chr12	57231261	57231242	-	3.127	3.32	>	6	13	77
1217	chr9	71624949	71624930	-	3.125	15.0	>	6	13	77
1218	chr4	18963859	18963840	-	3.12	4.01	>	6	13	77
1219	chr8	40913366	40913347	-	3.115	1.625	>	6	13	77
1220	chr5	21645240	21645221	-	3.11	1.259	>	6	13	77
1221	chr10	68357244	68357225	+	3.094	1.353	>	6	13	77
1222	chr2	93812077	93812058	-	3.06	11.82	>	6	13	77
1223	chr12	75669431	75669412	-	3.05	4.1	>	6	13	77
1224	chr1	12844023	12844004	+	3.033	4.33	>	6	13	77
1225	chr12	86697142	86697123	+	3.025	6.996	>	6	13	77
1226	chr9	98033678	98033659	+	3.021	1.525	>	6	13	77
1227	chr19	37946902	37946883	+	3.02	4.082	>	6	13	77
1228	chr9	75271676	75271657	+	3.01	4.42	>	6	13	77
1229	chr11	55162881	55162862	+	2.996	3.625	>	6	13	77
1230	chr17	25274339	25274320	-	2.984	4.45	>	6	13	77
1231	chr6	108065317	108065298	+	2.984	5.535	>	6	13	77
1232	chr7	5071749	5071730	-	2.928	2.754	>	6	13	77
1233	chr3	152477906	152477887	-	2.922	3.295	>	6	13	77
1234	chr5	28090770	28090751	-	2.922	2.412	>	6	13	77
1235	chr14	78282622	78282603	+	2.91	2.186	>	6	13	77
1236	chr14	88480122	88480103	-	2.906	3.236	>	6	13	77
1237	chr7	107569047	107569028	+	2.902	1.588	>	6	13	77
1238	chr3	83777088	83777069	-	2.879	3.992	>	6	13	77
1239	chr8	48550865	48550846	+	2.871	0.592	>	6	13	77
1240	chr7	132575955	132575936	-	2.855	4.473	>	6	13	77
1241	chr14	79769127	79769108	-	2.852	4.36	>	6	13	77
1242	chr17	69974245	69974226	-	2.799	1.284	>	6	13	77
1243	chr12	66284211	66284192	-	2.793	5.484	>	6	13	77
1244	chr6	83796902	83796883	-	2.785	3.35	>	6	13	77
1245	chr9	44108077	44108058	+	2.785	11.375	>	6	13	77
1246	chr11	116023924	116023905	+	2.777	6.906	>	6	13	77
1247	chr3	86779824	86779805	-	2.775	8.64	>	6	13	77
1248	chr19	46056202	46056183	+	2.77	5.27	>	6	13	77
1249	chr10	108210181	108210162	-	2.762	0.674	>	6	13	77
1250	chr8	27001386	27001367	+	0.4329	0.4077	>	6	13	77
1251	chr17	28338029	28338010	-	0.252	0.265	>	6	13	77
1252	chr11	76445826	76445807	-	0.2268	0.1863	>	6	13	77
1253	chr5	144244146	144244127	-	0.311	0.3691	>	6	13	77
1254	chr14	79768803	79768784	-	0.3076	0.2808	>	6	13	77
1255	chr9	26778623	26778604	-	1.299	0.6914	>	6	13	77
1256	chr7	25392052	25392033	+	0.2487	0.242	>	6	13	77
1257	chr3	101484879	101484860	-	0.3438	0.528	>	6	13	77
1258	chr2	69113988	69113969	+	0.2472	0.1981	>	6	13	77
1259	chr13	29852447	29852428	-	0.1781	0.1941	>	6	13	77
1260	chr2	60213231	60213212	-	0.1073	0.1628	>	6	13	77
1261	chr2	171418157	171418138	-	0.1407	0.2131	>	6	13	77
1262	chr7	64392050	64392031	-	0.514	0.2006	>	6	13	77
1263	chr15	36157434	36157415	-	0.7227	0.836	>	6	13	77
1264	chr4	49662357	49662338	-	0.4692	0.2915	>	6	13	77
1265	chr4	48422356	48422337	+	1.027	0.5225	>	6	13	77
1266	chr18	82720514	82720495	+	0.1605	0.1409	>	6	13	77
1267	chr1	172022686	172022667	+	0.1733	0.1764	>	6	13	77
1268	chr7	139595890	139595871	+	0.1575	0.2125	>	6	13	77
1269	chr12	73007842	73007823	-	0.345	0.2974	>	6	13	77
1270	chr17	27192928	27192909	-	0.1056	0.4468	>	6	13	77
1271	chr1	53698960	53698941	+	0.557	0.255	>	6	13	77
1272	chr18	12734380	12734361	+	0.207	0.1383	>	6	13	77
1273	chr6	126767488	126767469	-	0.2039	0.2483	>	6	13	77
1274	chr2	92856249	92856230	-	2.734	0.857	>	6	13	77
1275	chr11	74572851	74572832	+	0.2646	0.2705	>	6	13	77
1276	chr9	59675637	59675618	-	0.4082	0.744	>	6	13	77
1277	chr15	55025647	55025628	+	0.1847	0.1536	>	6	13	77
1278	chr4	120579150	120579131	-	0.33	0.264	>	6	13	77
1279	chr15	74525720	74525701	+	0.2172	0.2104	>	6	13	77
1280	chr1	88748095	88748076	+	0.1973	0.1881	>	6	13	77
1281	chr15	32239655	32239636	-	0.2822	0.1587	>	6	13	77
1282	chr7	36571183	36571164	+	0.1103	0.1942	>	6	13	77
1283	chr11	113855351	113855332	-	0.1613	0.1947	>	6	13	77
1284	chr6	90609163	90609144	+	2.127	1.159	>	6	13	77
1285	chr3	146181407	146181388	-	0.2034	0.3416	>	6	13	77
1286	chr10	69857222	69857203	-	0.3232	0.3599	>	6	13	77
1287	chr2	158361425	158361406	-	0.5625	0.2502	>	6	13	77
1288	chr5	136268179	136268160	-	0.1886	0.2153	>	6	13	77
1289	chr16	11983350	11983331	-	1.634	1.076	>	6	13	77
1290	chr2	84437773	84437754	+	0.2305	0.14	>	6	13	77
1291	chr18	24002018	24001999	-	0.133	0.1333	>	6	13	77
1292	chr1	130151533	130151514	-	0.4075	0.3347	>	6	13	77
1293	chr9	59675855	59675836	+	0.3367	0.2161	>	6	13	77
1294	chr11	116840251	116840232	-	0.3374	0.637	>	6	13	77
1295	chr2	155819963	155819944	+	0.07886	0.146	>	6	13	77
1296	chr14	105301632	105301613	+	0.206	0.2114	>	6	13	77
1297	chr12	9044592	9044573	+	0.1821	0.2019	>	6	13	77
1298	chr18	13971224	13971205	-	0.5337	0.3596	>	6	13	77
1299	chr5	136267600	136267581	-	0.2751	0.189	>	6	13	77
1300	chr5	33371430	33371411	+	0.3992	0.1644	>	6	13	77
1301	chr14	51090397	51090378	-	0.4153	0.243	>	6	13	77
1302	chr1	77935072	77935053	+	0.1814	0.1729	>	6	13	77
1303	chr11	119246049	119246030	-	0.204	0.3367	>	6	13	77
1304	chr17	50274949	50274930	-	0.441	0.1749	>	6	13	77
1305	chr8	108956442	108956423	+	0.5635	0.3044	>	6	13	77
1306	chr11	66885340	66885321	+	0.1636	0.169	>	6	13	77
1307	chr7	30099945	30099926	-	0.1979	0.1757	>	6	13	77
1308	chr15	99973159	99973140	-	0.1998	0.3345	>	6	13	77
1309	chr5	16308949	16308930	+	0.1567	0.1411	>	6	13	77
1310	chr6	119466578	119466559	-	0.9824	0.9795	>	6	13	77
1311	chr2	136886679	136886660	+	0.7764	0.2095	>	6	13	77
1312	chr14	79763594	79763575	-	0.2852	0.151	>	6	13	77
1313	chr2	170416012	170415993	+	0.1837	0.1256	>	6	13	77
1314	chr4	41015236	41015217	-	0.1882	0.1434	>	6	13	77
1315	chr11	70975109	70975090	+	0.713	0.3914	>	6	13	77
1316	chr5	122773202	122773183	+	0.11584	0.1375	>	6	13	77
1317	chr4	128588031	128588012	-	0.2659	0.1909	>	6	13	77
1318	chr8	122576186	122576167	-	0.11285	0.1545	>	6	13	77
1319	chr7	76383989	76383970	+	0.1553	0.154	>	6	13	77
1320	chr9	41467019	41467000	-	0.2223	0.1565	>	6	13	77
1321	chr1	32712246	32712227	-	0.05322	0.1516	>	6	13	77
1322	chr16	23974866	23974847	-	0.5283	0.3425	>	6	13	77
1323	chr15	84066194	84066175	-	0.6196	1.17	>	6	13	77
1324	chr11	40148920	40148901	-	1.272	0.642	>	6	13	77
1325	chr7	27166488	27166469	-	0.306	0.491	>	6	13	77
1326	chr11	30240273	30240254	+	0.4001	0.2556	>	6	13	77
1327	chr2	69115969	69115950	-	0.1754	0.1587	>	6	13	77
1328	chr9	113420569	113420550	-	0.2261	0.2178	>	6	13	77
1329	chr12	99882528	99882509	-	0.2617	0.1387	>	6	13	77
1330	chr5	77347648	77347629	-	0.3625	0.4211	>	6	13	77
1331	chr10	49780455	49780436	+	0.2179	0.1394	>	6	13	77
1332	chr5	75855263	75855244	-	0.6416	0.4326	>	6	13	77
1333	chr2	124087358	124087339	-	0.6436	0.2075	>	6	13	77
1334	chr14	49219056	49219037	+	0.678	0.694	>	6	13	77
1335	chr5	147938091	147938072	+	0.368	0.1842	>	6	13	77
1336	chr11	32340288	32340269	+	0.1792	0.1648	>	6	13	77
1337	chr16	50181579	50181560	+	0.2006	0.1838	>	6	13	77
1338	chr16	20496121	20496102	-	0.6714	0.1777	>	6	13	77
1339	chr8	76775680	76775661	+	0.135	0.1975	>	6	13	77
1340	chr14	65597676	65597657	+	0.6543	0.452	>	6	13	77
1341	chr7	64754771	64754752	+	0.1351	0.2295	>	6	13	77
1342	chr2	166083979	166083960	-	0.2964	0.2065	>	6	13	77
1343	chr16	44140440	44140421	+	0.4607	0.3381	>	6	13	77
1344	chr12	90524338	90524319	-	0.3223	0.2983	>	6	13	77
1345	chr5	89391716	89391697	+	0.1626	0.1418	>	6	13	77
1346	chr9	59675438	59675419	-	0.2104	0.1542	>	6	13	77
1347	chr19	16339103	16339084	-	0.1967	0.1177	>	6	13	77
1348	chr13	30545067	30545048	+	0.3672	0.2915	>	6	13	77
1349	chr1	92462681	92462662	+	0.3916	0.1832	>	6	13	77
1350	chr4	84066283	84066264	-	0.1898	0.1552	>	6	13	77
1351	chr9	83373922	83373903	-	0.2197	0.1434	>	6	13	77
1352	chr4	88773969	88773950	-	0.9507	8.01	>	6	13	77
1353	chr9	123132258	123132239	-	0.1687	0.1416	>	6	13	77
1354	chr17	34958843	34958824	-	0.2079	0.5464	>	6	13	77
1355	chr12	50946225	50946206	+	0.2341	0.157	>	6	13	77
1356	chr13	73647252	73647233	+	0.267	0.1704	>	6	13	77
1357	chr11	83279300	83279281	-	0.4434	0.2251	>	6	13	77
1358	chr17	8986048	8986029	-	0.3325	0.212	>	6	13	77
1359	chr4	14935721	14935702	-	0.7095	0.296	>	6	13	77
1360	chr4	75076699	75076680	+	0.09125	0.2014	>	6	13	77
1361	chr5	114610713	114610694	+	0.0985	0.1626	>	6	13	77
1362	chr9	83378273	83378254	-	0.471	0.2808	>	6	13	77
1363	chr9	107773182	107773163	-	0.1786	0.1414	>	6	13	77
1364	chr9	41218030	41218011	+	0.1323	0.1355	>	6	13	77
1365	chr9	105644718	105644699	+	0.4255	0.1808	>	6	13	77
1366	chr8	84264441	84264422	-	1.261	1.4795	>	6	13	77
1367	chr4	135959453	135959434	+	0.112	0.2223	>	6	13	77
1368	chr1	24684268	24684249	+	0.4001	0.1942	>	6	13	77
1369	chr3	87748577	87748558	-	0.7593	0.4382	>	6	13	77
1370	chr9	54690950	54690931	+	0.11566	0.136	>	6	13	77
1371	chr15	82277690	82277671	-	0.9043	0.4492	>	6	13	77
1372	chr5	115498528	115498509	-	0.2693	0.2164	>	6	13	77
1373	chr9	56621276	56621257	+	0.10846	0.253	>	6	13	77
1374	chr18	81956733	81956714	-	0.2815	0.2637	>	6	13	77
1375	chr10	22791401	22791382	-	0.1346	0.2358	>	6	13	77
1376	chr15	82271301	82271282	+	0.836	0.1838	>	6	13	77
1377	chr12	69946159	69946140	+	0.555	0.455	>	6	13	77
1378	chr14	101442800	101442781	+	0.2983	0.1344	>	6	13	77
1379	chr2	164777017	164776998	-	0.5176	0.361	>	6	13	77
1380	chr10	24631573	24631554	-	1.178	1.224	>	6	13	77
1381	chr1	136528510	136528491	-	1.761	0.7373	>	6	13	77
1382	chr10	19222118	19222099	-	1.411	0.8228	>	6	13	77
1383	chr14	56885508	56885489	-	2.348	4.004	>	6	13	77
1384	chr8	85060493	85060474	-	0.9688	0.437	>	6	13	77
1385	chr11	96075822	96075803	-	0.9316	0.4944	>	6	13	77
1386	chr11	77476535	77476516	+	0.1632	0.2383	>	6	13	77
1387	chr1	81294004	81293985	-	0.905	0.562	>	6	13	77
1388	chr12	15520954	15520935	+	0.7183	0.4033	>	6	13	77
1389	chr7	66397054	66397035	+	0.1594	0.2107	>	6	13	77
1390	chr12	74014582	74014563	-	0.2377	0.1973	>	6	13	77
1391	chr5	144242554	144242535	-	0.241	0.1987	>	6	13	77
1392	chr15	66894943	66894924	+	0.2703	0.2021	>	6	13	77
1393	chr6	126484995	126484976	-	0.4333	1.278	>	6	13	77
1394	chr4	48427148	48427129	+	0.678	0.3833	>	6	13	77
1395	chr15	71459211	71459192	+	0.252	0.1731	>	6	13	77
1396	chr3	19896435	19896416	-	0.2361	0.1467	>	6	13	77
1397	chr8	68268707	68268688	-	0.1398	0.1492	>	6	13	77
1398	chr1	182555580	182555561	-	0.1982	0.1915	>	6	13	77
1399	chr9	44413186	44413167	-	0.534	0.393	>	6	13	77
1400	chr14	70151716	70151697	+	0.3604	0.2382	>	6	13	77
1401	chr4	62478250	62478231	+	0.438	0.1328	>	6	13	77
1402	chr3	127561629	127561610	-	0.2183	0.12354	>	6	13	77
1403	chr3	69139614	69139595	-	0.397	0.2261	>	6	13	77
1404	chr17	17919616	17919597	+	0.1678	0.167	>	6	13	77
1405	chr4	139314214	139314195	-	0.2279	0.269	>	6	13	77
1406	chr18	61952763	61952744	-	0.2372	0.1731	>	6	13	77
1407	chr9	7599188	7599169	+	0.33	0.191	>	6	13	77
1408	chr10	120898341	120898322	-	0.3386	0.1467	>	6	13	77
1409	chr11	57469613	57469594	-	0.1846	0.2297	>	6	13	77
1410	chr18	58480198	58480179	-	0.2095	0.1665	>	6	13	77
1411	chr17	12380527	12380508	-	0.658	0.591	>	6	13	77
1412	chr2	107940173	107940154	+	0.11664	0.1351	>	6	13	77
1413	chr2	32580534	32580515	-	0.2605	0.4055	>	6	13	77
1414	chr15	98813480	98813461	+	0.3496	0.5376	>	6	13	77
1415	chr6	54253893	54253874	+	0.1663	0.1743	>	6	13	77
1416	chr1	135800865	135800846	+	0.1766	0.1665	>	6	13	77
1417	chr15	58426369	58426350	+	0.1996	0.1519	>	6	13	77
1418	chr4	87367775	87367756	+	0.3853	0.1472	>	6	13	77
1419	chr2	96583103	96583084	-	0.809	0.3242	>	6	13	77
1420	chr4	63366959	63366940	-	0.1979	0.1753	>	6	13	77
1421	chr4	59761293	59761274	-	0.3435	0.2113	>	6	13	77
1422	chr10	7832162	7832143	+	0.2646	0.1672	>	6	13	77
1423	chr7	89904213	89904194	-	0.2908	0.156	>	6	13	77
1424	chr1	30697342	30697323	+	0.1025	0.1263	>	6	13	77
1425	chr1	58987602	58987583	+	0.2202	0.1498	>	6	13	77
1426	chr15	7452190	7452171	+	0.1405	0.12085	>	6	13	77
1427	chr4	139877044	139877025	+	0.3875	0.2688	>	6	13	77
1428	chr3	83291887	83291868	-	0.0825	0.137	>	6	13	77
1429	chr15	68912907	68912888	-	0.5024	0.2024	>	6	13	77
1430	chr14	64593744	64593725	-	1.073	0.5703	>	6	13	77
1431	chr1	56980349	56980330	-	0.2778	0.2322	>	6	13	77
1432	chr14	75833620	75833601	-	0.6006	0.4543	>	6	13	77
1433	chr16	62904648	62904629	-	0.217	0.1924	>	6	13	77
1434	chr5	35991229	35991210	-	1.033	1.082	>	6	13	77
1435	chr5	44287418	44287399	-	0.248	0.155	>	6	13	77
1436	chr15	76199915	76199896	-	0.07776	0.3071	>	6	13	77
1437	chr4	131240262	131240243	-	0.241	0.206	>	6	13	77
1438	chr5	102147917	102147898	-	0.228	0.2458	>	6	13	77
1439	chr3	93086926	93086907	+	0.0978	0.1787	>	6	13	77
1440	chr6	126163382	126163363	+	2.373	1.376	>	6	13	77
1441	chr3	45375769	45375750	+	1.051	0.2544	>	6	13	77
1442	chr16	90306219	90306200	-	0.3647	0.3506	>	6	13	77
1443	chr17	3249270	3249251	-	0.1843	0.136	>	6	13	77
1444	chr4	143024421	143024402	-	0.087	0.1317	>	6	13	77
1445	chr19	47513892	47513873	-	0.2471	0.1393	>	6	13	77
1446	chr6	66534595	66534576	-	1.387	0.675	>	6	13	77
1447	chr6	134963172	134963153	-	0.6475	0.5996	>	6	13	77
1448	chr14	56369245	56369226	+	0.2401	0.1912	>	6	13	77
1449	chr18	53460219	53460200	+	0.1775	0.162	>	6	13	77
1450	chr7	89476922	89476903	-	0.2163	0.1522	>	6	13	77
1451	chr6	34273116	34273097	+	0.0673	0.1545	>	6	13	77
1452	chr7	142295608	142295589	-	1.062	6.32	>	6	13	77
1453	chr3	22302208	22302189	+	0.992	0.3848	>	6	13	77
1454	chr6	31045994	31045975	-	0.7534	0.959	>	6	13	77
1455	chr9	57143378	57143359	-	0.1816	0.2302	>	6	13	77
1456	chr6	101268340	101268321	+	0.2712	0.1924	>	6	13	77
1457	chr9	58897456	58897437	-	0.7163	0.4846	>	6	13	77
1458	chr17	79601068	79601049	+	0.2245	0.12476	>	6	13	77
1459	chr16	5254607	5254588	-	0.2883	0.22	>	6	13	77
1460	chr4	83595536	83595517	+	1.783	1.041	>	6	13	77
1461	chr9	51159881	51159862	-	0.6875	0.266	>	6	13	77
1462	chr14	66354429	66354410	+	0.1142	0.1388	>	6	13	77
1463	chr5	117090283	117090264	+	0.5806	0.4014	>	6	13	77
1464	chr2	168061425	168061406	-	0.1733	0.2051	>	6	13	77
1465	chr5	9169228	9169209	+	0.3306	0.1686	>	6	13	77
1466	chr6	28418701	28418682	-	0.4202	0.266	>	6	13	77
1467	chr12	105038443	105038424	-	0.1501	0.2063	>	6	13	77
1468	chr1	182558143	182558124	-	0.2264	0.1511	>	6	13	77
1469	chr8	47713300	47713281	-	1.078	1.646	>	6	13	77
1470	chr18	47357393	47357374	+	0.2007	0.1278	>	6	13	77
1471	chr1	118771083	118771064	-	0.1254	0.2006	>	6	13	77
1472	chr16	6493044	6493025	-	0.1927	0.1516	>	6	13	77
1473	chr9	42951005	42950986	-	0.3914	0.2078	>	6	13	77
1474	chr13	53430986	53430967	-	0.6504	0.3672	>	6	13	77
1475	chr13	67609268	67609249	+	2.162	0.826	>	6	13	77
1476	chr1	53035072	53035053	+	0.1465	0.1494	>	6	13	77
1477	chr7	99471824	99471805	-	0.3745	0.4907	>	6	13	77
1478	chr11	36543574	36543555	-	0.1156	0.1614	>	6	13	77
1479	chr5	124334258	124334239	-	0.3428	0.273	>	6	13	77
1480	chr10	76771414	76771395	-	0.1296	0.2047	>	6	13	77
1481	chr10	4386719	4386700	+	0.32	0.4492	>	6	13	77
1482	chr5	116554091	116554072	+	0.0876	0.1714	>	6	13	77
1483	chr10	41734858	41734839	+	0.1406	0.2605	>	6	13	77
1484	chr10	50906875	50906856	-	0.2361	0.1674	>	6	13	77
1485	chr11	31651668	31651649	+	0.07605	0.1534	>	6	13	77
1486	chr6	116193190	116193171	+	0.3687	0.372	>	6	13	77
1487	chr1	188976509	188976490	+	0.343	0.1833	>	6	13	77
1488	chr12	101976095	101976076	+	0.681	0.4116	>	6	13	77
1489	chr15	75925915	75925896	+	0.6084	0.9233	>	6	13	77
1490	chr1	4777287	4777268	-	0.9443	1.425	>	6	13	77
1491	chr18	86560230	86560211	+	0.7866	1.138	>	6	13	77
1492	chr7	43574878	43574859	+	1.292	1.347	>	6	13	77
1493	chr7	98200601	98200582	-	0.2927	0.1711	>	6	13	77
1494	chr4	143319849	143319830	+	0.2299	0.1525	>	6	13	77
1495	chr2	128601696	128601677	-	0.1208	0.207	>	6	13	77
1496	chr17	57004491	57004472	-	0.1467	0.2932	>	6	13	77
1497	chr2	35196541	35196522	-	1.081	0.3997	>	6	13	77
1498	chr5	29779371	29779352	+	0.1531	0.1671	>	6	13	77
1499	chr10	93038429	93038410	-	0.163	0.1875	>	6	13	77
0	chr4	87368268	87368249	+	90.56	65.75	>	6	14	76
1	chr11	109860827	109860808	-	89.2	47.97	>	6	14	76
2	chr3	22309188	22309169	+	81.5	60.4	>	6	14	76
3	chr10	5161770	5161751	-	79.2	55.88	>	6	14	76
4	chr16	71247702	71247683	+	68.56	43.2	>	6	14	76
5	chr16	72980067	72980048	-	68.3	56.7	>	6	14	76
6	chr6	60556001	60555982	+	67.7	40.38	>	6	14	76
7	chr5	7996919	7996900	-	66.06	59.4	>	6	14	76
8	chr14	12140114	12140095	-	65.1	51.62	>	6	14	76
9	chr13	81439574	81439555	+	64.94	46.94	>	6	14	76
10	chr9	103996726	103996707	-	64.9	51.25	>	6	14	76
11	chr15	56066340	56066321	+	63.97	42.94	>	6	14	76
12	chr10	106609250	106609231	+	63.97	42.62	>	6	14	76
13	chr1	144380222	144380203	-	63.4	48.44	>	6	14	76
14	chr10	8240468	8240449	-	62.34	45.88	>	6	14	76
15	chr12	77000269	77000250	+	62.22	54.97	>	6	14	76
16	chr1	44745882	44745863	+	62.12	40.25	>	6	14	76
17	chr4	81178889	81178870	+	62.03	50.0	>	6	14	76
18	chr9	10909768	10909749	+	61.12	47.94	>	6	14	76
19	chr6	64650119	64650100	-	60.56	60.88	>	6	14	76
20	chr15	32766485	32766466	-	60.56	46.62	>	6	14	76
21	chr4	9135983	9135964	+	60.03	34.12	>	6	14	76
22	chr7	118305013	118304994	+	59.5	47.62	>	6	14	76
23	chr10	39520570	39520551	-	58.34	40.5	>	6	14	76
24	chr1	78724658	78724639	+	58.25	47.28	>	6	14	76
25	chr2	160598038	160598019	+	57.94	55.8	>	6	14	76
26	chr18	33790258	33790239	-	57.72	56.3	>	6	14	76
27	chr12	40837750	40837731	+	57.5	46.25	>	6	14	76
28	chr8	41443763	41443744	+	57.34	56.06	>	6	14	76
29	chr14	68494314	68494295	-	56.94	24.97	>	6	14	76
30	chr1	11657910	11657891	+	56.8	43.62	>	6	14	76
31	chr11	77100337	77100318	+	55.88	49.25	>	6	14	76
32	chr16	41244935	41244916	-	55.72	48.0	>	6	14	76
33	chr14	87452291	87452272	-	55.72	63.0	>	6	14	76
34	chr18	16217050	16217031	+	54.9	26.8	>	6	14	76
35	chr11	53255133	53255114	-	54.8	39.5	>	6	14	76
36	chr9	7216447	7216428	+	54.56	27.64	>	6	14	76
37	chr8	35850598	35850579	-	54.5	50.94	>	6	14	76
38	chr8	102781131	102781112	-	54.44	41.34	>	6	14	76
39	chr5	49962010	49961991	-	54.16	50.88	>	6	14	76
40	chr7	90410162	90410143	-	54.06	39.75	>	6	14	76
41	chr4	15328717	15328698	+	54.03	40.72	>	6	14	76
42	chr11	31949616	31949597	-	54.0	41.44	>	6	14	76
43	chr1	120586671	120586652	+	53.8	57.06	>	6	14	76
44	chr13	19698921	19698902	+	53.16	40.8	>	6	14	76
45	chr12	57825950	57825931	+	53.03	34.38	>	6	14	76
46	chr16	72215933	72215914	-	52.7	45.56	>	6	14	76
47	chr9	15685402	15685383	+	52.62	45.03	>	6	14	76
48	chr10	10321327	10321308	-	52.47	23.97	>	6	14	76
49	chr9	49494135	49494116	+	52.4	51.5	>	6	14	76
50	chr3	50906169	50906150	-	52.12	57.06	>	6	14	76
51	chr11	57467973	57467954	-	52.03	54.47	>	6	14	76
52	chr11	113165316	113165297	-	51.88	57.94	>	6	14	76
53	chr9	51152608	51152589	-	51.8	48.22	>	6	14	76
54	chr16	58299658	58299639	+	51.56	30.08	>	6	14	76
55	chr16	22564783	22564764	+	51.44	49.16	>	6	14	76
56	chr8	36523135	36523116	-	51.4	44.44	>	6	14	76
57	chr14	34810941	34810922	+	51.3	52.97	>	6	14	76
58	chr6	101261740	101261721	-	51.0	49.47	>	6	14	76
59	chr7	132213694	132213675	-	50.8	38.62	>	6	14	76
60	chr2	48886271	48886252	-	50.28	44.53	>	6	14	76
61	chr12	54060974	54060955	-	50.12	27.78	>	6	14	76
62	chr1	5905019	5905000	-	50.06	44.22	>	6	14	76
63	chr9	26776375	26776356	-	50.0	53.88	>	6	14	76
64	chr1	103799519	103799500	+	49.53	56.44	>	6	14	76
65	chr9	88222188	88222169	-	49.5	40.1	>	6	14	76
66	chr18	58481884	58481865	-	49.28	39.28	>	6	14	76
67	chr13	100112788	100112769	+	49.16	37.22	>	6	14	76
68	chr3	14679394	14679375	+	49.06	29.97	>	6	14	76
69	chr16	37109459	37109440	+	48.75	19.0	>	6	14	76
70	chr3	153655318	153655299	-	48.72	48.28	>	6	14	76
71	chr16	89765698	89765679	-	48.38	54.0	>	6	14	76
72	chr13	89543228	89543209	-	48.3	56.84	>	6	14	76
73	chr11	40149509	40149490	-	48.28	36.34	>	6	14	76
74	chr3	113080940	113080921	-	48.2	53.4	>	6	14	76
75	chr10	70963797	70963778	-	47.53	51.97	>	6	14	76
76	chr6	66533480	66533461	-	47.34	41.22	>	6	14	76
77	chr18	57976815	57976796	+	47.28	41.3	>	6	14	76
78	chr12	92303388	92303369	+	47.12	48.12	>	6	14	76
79	chr6	43686140	43686121	+	47.1	34.0	>	6	14	76
80	chr15	11038687	11038668	+	47.06	40.16	>	6	14	76
81	chr6	13281064	13281045	-	47.06	44.4	>	6	14	76
82	chr4	25180081	25180062	-	46.94	22.34	>	6	14	76
83	chr2	110229883	110229864	+	46.8	37.2	>	6	14	76
84	chr2	118638293	118638274	+	46.34	48.4	>	6	14	76
85	chr14	67674858	67674839	-	46.2	40.62	>	6	14	76
86	chr1	179477262	179477243	-	45.97	54.9	>	6	14	76
87	chr12	78056191	78056172	+	45.84	48.03	>	6	14	76
88	chr15	44836402	44836383	+	45.7	45.75	>	6	14	76
89	chr9	80293262	80293243	+	45.3	48.66	>	6	14	76
90	chr1	21411405	21411386	+	45.28	35.97	>	6	14	76
91	chr8	80483379	80483360	-	45.28	32.34	>	6	14	76
92	chr16	55477026	55477007	-	44.9	60.88	>	6	14	76
93	chr9	122729759	122729740	-	44.72	40.56	>	6	14	76
94	chr2	17415581	17415562	-	44.56	38.03	>	6	14	76
95	chr4	13778049	13778030	-	44.5	20.47	>	6	14	76
96	chr16	64748455	64748436	-	44.47	52.25	>	6	14	76
97	chr6	57570627	57570608	-	44.28	34.06	>	6	14	76
98	chr16	13117421	13117402	+	44.28	48.25	>	6	14	76
99	chr1	54381475	54381456	-	44.12	34.1	>	6	14	76
100	chr15	40166896	40166877	+	44.03	40.53	>	6	14	76
101	chr17	83271696	83271677	+	44.0	39.2	>	6	14	76
102	chr9	63136063	63136044	+	43.94	32.22	>	6	14	76
103	chr3	68056550	68056531	+	43.88	35.0	>	6	14	76
104	chr3	25220822	25220803	-	43.8	23.62	>	6	14	76
105	chr7	118102455	118102436	-	43.53	59.94	>	6	14	76
106	chr9	51335485	51335466	+	43.47	26.75	>	6	14	76
107	chr16	96671807	96671788	-	43.4	27.66	>	6	14	76
108	chr2	113494904	113494885	+	43.34	43.28	>	6	14	76
109	chr1	55404561	55404542	+	43.25	39.06	>	6	14	76
110	chr3	80079969	80079950	+	43.0	35.7	>	6	14	76
111	chr11	25862989	25862970	-	42.66	37.9	>	6	14	76
112	chr13	109213188	109213169	-	42.6	60.5	>	6	14	76
113	chr8	58566283	58566264	+	42.56	33.8	>	6	14	76
114	chr16	72218227	72218208	+	42.38	47.1	>	6	14	76
115	chr14	102510640	102510621	-	42.34	35.9	>	6	14	76
116	chr7	143154010	143153991	+	42.16	43.66	>	6	14	76
117	chr6	143219585	143219566	+	42.1	41.62	>	6	14	76
118	chr17	86906334	86906315	-	41.97	47.25	>	6	14	76
119	chr8	62080400	62080381	+	41.97	30.6	>	6	14	76
120	chr3	57843985	57843966	+	41.94	43.75	>	6	14	76
121	chr18	3495634	3495615	+	41.62	36.03	>	6	14	76
122	chr7	125393847	125393828	-	41.56	47.0	>	6	14	76
123	chr7	86211564	86211545	-	41.56	46.4	>	6	14	76
124	chr9	60245127	60245108	+	41.38	43.16	>	6	14	76
125	chr6	131353859	131353840	-	41.3	15.89	>	6	14	76
126	chr15	98173991	98173972	-	41.25	24.88	>	6	14	76
127	chr17	88641249	88641230	-	41.12	34.25	>	6	14	76
128	chr9	87027908	87027889	+	41.1	38.34	>	6	14	76
129	chr4	70621553	70621534	-	40.97	48.38	>	6	14	76
130	chr12	41487236	41487217	-	40.88	35.94	>	6	14	76
131	chr4	127368548	127368529	+	40.8	49.72	>	6	14	76
132	chr8	50293750	50293731	-	40.75	48.2	>	6	14	76
133	chr16	27468981	27468962	+	40.75	34.62	>	6	14	76
134	chr7	121641354	121641335	-	40.7	30.69	>	6	14	76
135	chr3	29726795	29726776	-	40.7	30.42	>	6	14	76
136	chr14	29110872	29110853	-	40.66	51.22	>	6	14	76
137	chr13	116712427	116712408	-	40.62	33.1	>	6	14	76
138	chr18	19939562	19939543	-	40.47	45.7	>	6	14	76
139	chr15	80704533	80704514	-	40.28	46.53	>	6	14	76
140	chr18	50137074	50137055	+	40.28	37.62	>	6	14	76
141	chr13	15763212	15763193	-	40.25	29.53	>	6	14	76
142	chr19	50185486	50185467	+	40.22	44.2	>	6	14	76
143	chr12	74013965	74013946	-	40.22	40.8	>	6	14	76
144	chr1	138835543	138835524	+	40.06	20.81	>	6	14	76
145	chr15	55550924	55550905	-	40.06	37.12	>	6	14	76
146	chr1	61771439	61771420	-	40.06	23.55	>	6	14	76
147	chr12	34664961	34664942	+	40.0	19.7	>	6	14	76
148	chr14	78288101	78288082	-	39.8	38.8	>	6	14	76
149	chr2	4499416	4499397	+	39.78	33.88	>	6	14	76
150	chr13	30260132	30260113	-	39.75	32.75	>	6	14	76
151	chr9	68015271	68015252	+	39.2	39.0	>	6	14	76
152	chr1	126993502	126993483	-	39.06	47.2	>	6	14	76
153	chr16	25349824	25349805	-	39.0	41.2	>	6	14	76
154	chr1	14729249	14729230	-	38.94	39.3	>	6	14	76
155	chr15	59389427	59389408	+	38.7	46.34	>	6	14	76
156	chr6	100882590	100882571	+	38.66	49.44	>	6	14	76
157	chr3	9711121	9711102	+	38.62	35.47	>	6	14	76
158	chr6	21214019	21214000	-	38.47	24.2	>	6	14	76
159	chr17	42603617	42603598	-	38.47	42.5	>	6	14	76
160	chr4	80517548	80517529	-	38.47	41.4	>	6	14	76
161	chr9	85328584	85328565	-	38.28	30.06	>	6	14	76
162	chr17	44262001	44261982	+	38.22	44.16	>	6	14	76
163	chr10	102449665	102449646	+	38.2	48.84	>	6	14	76
164	chr17	14520745	14520726	-	38.12	30.45	>	6	14	76
165	chr13	51830925	51830906	+	38.0	56.0	>	6	14	76
166	chr12	83502436	83502417	-	37.97	34.4	>	6	14	76
167	chr5	75853265	75853246	-	37.94	27.88	>	6	14	76
168	chr13	110382742	110382723	+	37.88	61.84	>	6	14	76
169	chr5	62481159	62481140	-	37.8	35.4	>	6	14	76
170	chr7	49121503	49121484	-	37.7	29.61	>	6	14	76
171	chr15	11966575	11966556	-	37.66	34.72	>	6	14	76
172	chr3	31146135	31146116	+	37.53	44.5	>	6	14	76
173	chr2	37815879	37815860	+	37.47	39.2	>	6	14	76
174	chr5	33033442	33033423	-	37.44	48.28	>	6	14	76
175	chr9	7595466	7595447	-	37.4	28.72	>	6	14	76
176	chr5	21641153	21641134	-	37.3	33.66	>	6	14	76
177	chr14	48367302	48367283	-	37.12	39.88	>	6	14	76
178	chr17	14524624	14524605	+	37.1	38.88	>	6	14	76
179	chr4	84064835	84064816	+	37.06	23.38	>	6	14	76
180	chr4	63368786	63368767	+	37.06	51.6	>	6	14	76
181	chr5	102149680	102149661	+	37.03	38.97	>	6	14	76
182	chr12	32897684	32897665	-	36.88	40.9	>	6	14	76
183	chr16	91936532	91936513	+	36.72	43.06	>	6	14	76
184	chr6	37046379	37046360	-	36.72	47.7	>	6	14	76
185	chr18	59081896	59081877	+	36.7	37.34	>	6	14	76
186	chr6	103697552	103697533	-	36.3	43.6	>	6	14	76
187	chr18	19937930	19937911	+	36.3	37.56	>	6	14	76
188	chr6	93757594	93757575	+	36.28	18.31	>	6	14	76
189	chr17	9756371	9756352	+	36.28	21.2	>	6	14	76
190	chr2	96585854	96585835	+	36.25	26.84	>	6	14	76
191	chr11	82915176	82915157	+	36.2	36.34	>	6	14	76
192	chr6	6005837	6005818	+	36.03	35.2	>	6	14	76
193	chr1	98392238	98392219	-	36.03	38.97	>	6	14	76
194	chr7	48749384	48749365	+	35.94	38.3	>	6	14	76
195	chr11	105911812	105911793	-	35.9	37.8	>	6	14	76
196	chr10	45045486	45045467	-	35.8	35.22	>	6	14	76
197	chr2	4492748	4492729	-	35.75	19.97	>	6	14	76
198	chr6	18087397	18087378	+	35.75	40.84	>	6	14	76
199	chr5	90203341	90203322	+	35.7	41.12	>	6	14	76
200	chr7	136489148	136489129	+	35.62	28.06	>	6	14	76
201	chr9	109862620	109862601	-	35.6	34.12	>	6	14	76
202	chr15	59876355	59876336	+	35.3	32.16	>	6	14	76
203	chr14	76473612	76473593	-	35.25	45.66	>	6	14	76
204	chr3	128349320	128349301	+	35.03	41.75	>	6	14	76
205	chr3	45375963	45375944	+	35.03	23.92	>	6	14	76
206	chr3	133314669	133314650	+	34.97	39.0	>	6	14	76
207	chr1	96801850	96801831	-	34.84	30.55	>	6	14	76
208	chr7	115216958	115216939	+	34.62	30.45	>	6	14	76
209	chr9	59282577	59282558	-	34.62	26.88	>	6	14	76
210	chr2	148112135	148112116	-	34.5	31.5	>	6	14	76
211	chr18	52457916	52457897	-	34.47	28.2	>	6	14	76
212	chr6	56691454	56691435	-	34.34	42.2	>	6	14	76
213	chr13	20292580	20292561	-	34.3	38.5	>	6	14	76
214	chr13	57260119	57260100	-	34.25	52.66	>	6	14	76
215	chr13	113877615	113877596	+	34.25	36.75	>	6	14	76
216	chr13	116715029	116715010	-	34.1	31.72	>	6	14	76
217	chr4	83596692	83596673	-	34.1	52.75	>	6	14	76
218	chr8	64941619	64941600	-	34.06	33.75	>	6	14	76
219	chr3	51701488	51701469	+	34.03	22.56	>	6	14	76
220	chr14	120061322	120061303	-	33.84	29.2	>	6	14	76
221	chr7	75910166	75910147	+	33.8	57.6	>	6	14	76
222	chr4	98702698	98702679	-	33.78	31.62	>	6	14	76
223	chr3	146185137	146185118	+	33.62	52.6	>	6	14	76
224	chr4	151157152	151157133	+	33.53	59.38	>	6	14	76
225	chr5	43391861	43391842	-	33.5	21.5	>	6	14	76
226	chr11	93856511	93856492	-	33.47	26.19	>	6	14	76
227	chr14	59605843	59605824	+	33.47	40.3	>	6	14	76
228	chr14	84438580	84438561	+	33.44	23.31	>	6	14	76
229	chr12	50943824	50943805	-	33.28	38.56	>	6	14	76
230	chr7	83550335	83550316	-	33.2	30.12	>	6	14	76
231	chr6	117167008	117166989	+	33.03	30.3	>	6	14	76
232	chr4	12538791	12538772	+	33.0	21.84	>	6	14	76
233	chr18	47353079	47353060	+	32.84	24.58	>	6	14	76
234	chr5	12541496	12541477	-	32.72	22.56	>	6	14	76
235	chr2	60721127	60721108	+	32.72	22.53	>	6	14	76
236	chr11	78838251	78838232	+	32.72	51.5	>	6	14	76
237	chr8	73356225	73356206	+	32.62	23.39	>	6	14	76
238	chr12	10598567	10598548	+	32.5	41.56	>	6	14	76
239	chr19	20345158	20345139	-	32.25	47.94	>	6	14	76
240	chr17	58909486	58909467	-	32.16	39.4	>	6	14	76
241	chr10	69655037	69655018	-	32.12	36.56	>	6	14	76
242	chr4	3967733	3967714	-	32.12	41.75	>	6	14	76
243	chr16	21192795	21192776	-	32.06	38.78	>	6	14	76
244	chr11	12291593	12291574	-	32.0	15.54	>	6	14	76
245	chr11	117385082	117385063	+	31.83	36.6	>	6	14	76
246	chr12	32292095	32292076	+	31.73	20.83	>	6	14	76
247	chr4	64833096	64833077	+	31.69	34.34	>	6	14	76
248	chr13	47301245	47301226	+	31.67	43.9	>	6	14	76
249	chr1	89631957	89631938	-	31.56	45.38	>	6	14	76
250	chr9	69296601	69296582	-	31.53	38.66	>	6	14	76
251	chr3	53735364	53735345	+	31.28	24.5	>	6	14	76
252	chr10	45373471	45373452	-	31.2	37.7	>	6	14	76
253	chr8	91797725	91797706	+	31.19	30.23	>	6	14	76
254	chr4	88035662	88035643	+	31.06	19.66	>	6	14	76
255	chr2	75151187	75151168	-	31.05	37.9	>	6	14	76
256	chr14	66791971	66791952	-	31.02	32.1	>	6	14	76
257	chr2	93199062	93199043	-	30.9	51.25	>	6	14	76
258	chr2	73551006	73550987	+	30.86	53.72	>	6	14	76
259	chr12	89451144	89451125	-	30.81	40.1	>	6	14	76
260	chr16	66086729	66086710	-	30.81	33.7	>	6	14	76
261	chr14	114791647	114791628	-	30.72	37.2	>	6	14	76
262	chr4	43420547	43420528	-	30.61	34.5	>	6	14	76
263	chr1	87447687	87447668	+	30.56	32.53	>	6	14	76
264	chr15	55306471	55306452	+	30.56	24.06	>	6	14	76
265	chr15	97667578	97667559	+	30.52	37.12	>	6	14	76
266	chr2	16359548	16359529	+	30.47	16.92	>	6	14	76
267	chr14	8356099	8356080	+	30.42	51.06	>	6	14	76
268	chr3	19894816	19894797	-	30.38	33.66	>	6	14	76
269	chr12	43813750	43813731	-	30.34	24.06	>	6	14	76
270	chr2	27770378	27770359	+	30.12	46.8	>	6	14	76
271	chr16	48675836	48675817	-	30.12	28.97	>	6	14	76
272	chr10	13016733	13016714	+	30.1	53.44	>	6	14	76
273	chr2	76367359	76367340	+	30.05	30.6	>	6	14	76
274	chr2	115515230	115515211	+	30.05	12.29	>	6	14	76
275	chr19	16785108	16785089	-	30.03	27.4	>	6	14	76
276	chr3	78948444	78948425	+	30.03	29.16	>	6	14	76
277	chr1	37250876	37250857	-	29.94	25.45	>	6	14	76
278	chr18	74431409	74431390	+	29.94	28.48	>	6	14	76
279	chr1	38787652	38787633	-	29.89	46.22	>	6	14	76
280	chr3	14874584	14874565	+	29.88	22.88	>	6	14	76
281	chr9	69505778	69505759	+	29.88	30.58	>	6	14	76
282	chr10	84450913	84450894	-	29.77	31.7	>	6	14	76
283	chr2	172216047	172216028	-	29.77	65.06	>	6	14	76
284	chr10	97712895	97712876	+	29.72	22.83	>	6	14	76
285	chr1	4770074	4770055	+	29.72	39.66	>	6	14	76
286	chr12	50301580	50301561	-	29.69	16.55	>	6	14	76
287	chr15	85266923	85266904	+	29.69	42.06	>	6	14	76
288	chr4	85403030	85403011	+	29.62	27.23	>	6	14	76
289	chr6	97526370	97526351	-	29.53	31.17	>	6	14	76
290	chr8	112046096	112046077	+	29.5	62.6	>	6	14	76
291	chr12	96311368	96311349	-	29.48	23.8	>	6	14	76
292	chr1	93507239	93507220	-	29.45	32.5	>	6	14	76
293	chr13	21714927	21714908	+	29.4	37.72	>	6	14	76
294	chr6	49008180	49008161	+	29.38	27.1	>	6	14	76
295	chr17	17749545	17749526	-	29.36	32.88	>	6	14	76
296	chr6	145360253	145360234	+	29.34	33.62	>	6	14	76
297	chr7	17066630	17066611	-	29.27	41.75	>	6	14	76
298	chr12	81788850	81788831	-	29.25	32.47	>	6	14	76
299	chr7	129649172	129649153	+	29.19	42.88	>	6	14	76
300	chr14	104039053	104039034	+	29.17	41.16	>	6	14	76
301	chr13	41634744	41634725	-	29.08	40.84	>	6	14	76
302	chr7	138835232	138835213	-	29.02	47.88	>	6	14	76
303	chr15	97195797	97195778	+	28.92	38.5	>	6	14	76
304	chr1	119087737	119087718	+	28.89	50.28	>	6	14	76
305	chr4	85819373	85819354	-	28.86	29.28	>	6	14	76
306	chr11	30657307	30657288	-	28.86	6.477	>	6	14	76
307	chr5	49369245	49369226	+	28.66	27.94	>	6	14	76
308	chr6	106805067	106805048	+	28.61	20.38	>	6	14	76
309	chr6	31660958	31660939	+	28.53	52.9	>	6	14	76
310	chr12	8306749	8306730	-	28.48	47.94	>	6	14	76
311	chr13	42822785	42822766	-	28.47	44.4	>	6	14	76
312	chr15	34968778	34968759	+	28.4	27.94	>	6	14	76
313	chr7	68369859	68369840	+	28.38	58.97	>	6	14	76
314	chr15	80266443	80266424	+	28.33	34.62	>	6	14	76
315	chr6	102171110	102171091	+	28.19	24.06	>	6	14	76
316	chr16	72605273	72605254	-	28.11	17.7	>	6	14	76
317	chr18	65490506	65490487	+	28.06	33.94	>	6	14	76
318	chr3	55373775	55373756	+	28.0	19.75	>	6	14	76
319	chr1	53927814	53927795	-	27.97	28.48	>	6	14	76
320	chr2	160368066	160368047	-	27.95	21.97	>	6	14	76
321	chr10	42295232	42295213	-	27.94	37.8	>	6	14	76
322	chr7	116040411	116040392	-	27.9	26.19	>	6	14	76
323	chr10	116197535	116197516	-	27.81	28.58	>	6	14	76
324	chr5	20773533	20773514	-	27.81	20.77	>	6	14	76
325	chr12	80725012	80724993	-	27.73	38.97	>	6	14	76
326	chr15	66899881	66899862	-	27.6	21.5	>	6	14	76
327	chr18	16822208	16822189	-	27.56	13.28	>	6	14	76
328	chr18	14503254	14503235	-	27.55	19.48	>	6	14	76
329	chr5	98344786	98344767	+	27.44	28.3	>	6	14	76
330	chr10	77517236	77517217	+	27.39	30.44	>	6	14	76
331	chr1	44741472	44741453	-	27.38	6.344	>	6	14	76
332	chr6	127945983	127945964	-	27.28	24.97	>	6	14	76
333	chr16	42914955	42914936	-	27.27	20.78	>	6	14	76
334	chr18	39137558	39137539	+	27.11	15.805	>	6	14	76
335	chr13	42575907	42575888	+	27.11	22.34	>	6	14	76
336	chr2	13278209	13278190	+	27.06	48.53	>	6	14	76
337	chr18	43836585	43836566	-	27.06	22.66	>	6	14	76
338	chr4	114647896	114647877	+	27.05	26.58	>	6	14	76
339	chr16	44149214	44149195	-	27.03	37.28	>	6	14	76
340	chr13	109776299	109776280	+	27.02	27.47	>	6	14	76
341	chr19	30217515	30217496	+	27.0	44.25	>	6	14	76
342	chr6	61316075	61316056	+	26.94	38.16	>	6	14	76
343	chr17	78598832	78598813	+	26.92	37.16	>	6	14	76
344	chr2	117231457	117231438	-	26.88	23.62	>	6	14	76
345	chr4	115101816	115101797	+	26.84	34.88	>	6	14	76
346	chr10	57448131	57448112	-	26.8	44.97	>	6	14	76
347	chr13	113046665	113046646	+	26.77	22.72	>	6	14	76
348	chr4	110022447	110022428	-	26.58	43.47	>	6	14	76
349	chr7	101653829	101653810	+	26.5	47.97	>	6	14	76
350	chr5	67756338	67756319	+	26.5	26.55	>	6	14	76
351	chr3	62192717	62192698	-	26.5	17.1	>	6	14	76
352	chr10	17728146	17728127	-	26.45	14.96	>	6	14	76
353	chr5	37752557	37752538	-	26.33	30.73	>	6	14	76
354	chr1	60961316	60961297	-	26.3	26.22	>	6	14	76
355	chr17	68176981	68176962	+	26.27	18.84	>	6	14	76
356	chr7	37357871	37357852	-	26.2	67.6	>	6	14	76
357	chr4	32572316	32572297	-	26.16	44.75	>	6	14	76
358	chr4	96696741	96696722	+	26.12	32.22	>	6	14	76
359	chr4	109729491	109729472	-	26.06	50.3	>	6	14	76
360	chr10	111977780	111977761	+	25.78	32.1	>	6	14	76
361	chr5	45424489	45424470	-	25.73	30.9	>	6	14	76
362	chr2	61494577	61494558	-	25.72	22.25	>	6	14	76
363	chr6	13287046	13287027	+	25.69	21.62	>	6	14	76
364	chr9	116060829	116060810	+	25.66	36.5	>	6	14	76
365	chr8	17537753	17537734	-	25.64	36.44	>	6	14	76
366	chr9	77781636	77781617	-	25.62	27.94	>	6	14	76
367	chr15	5106460	5106441	-	25.56	29.45	>	6	14	76
368	chr17	93141334	93141315	-	25.53	33.03	>	6	14	76
369	chr6	97759520	97759501	+	25.52	17.88	>	6	14	76
370	chr8	119384750	119384731	-	25.47	45.94	>	6	14	76
371	chr6	88113322	88113303	+	25.38	41.75	>	6	14	76
372	chr15	101984527	101984508	-	25.38	56.7	>	6	14	76
373	chr8	54493335	54493316	-	25.34	39.7	>	6	14	76
374	chr9	24119622	24119603	+	25.33	14.83	>	6	14	76
375	chr3	50077169	50077150	-	25.31	24.22	>	6	14	76
376	chr4	47419767	47419748	+	25.23	44.03	>	6	14	76
377	chr2	76115910	76115891	+	25.22	28.97	>	6	14	76
378	chr15	67174759	67174740	+	25.2	12.74	>	6	14	76
379	chr8	125574509	125574490	+	25.17	12.85	>	6	14	76
380	chr1	161737065	161737046	-	25.11	39.75	>	6	14	76
381	chr3	85571455	85571436	-	25.1	9.7	>	6	14	76
382	chr18	19577078	19577059	-	25.02	27.28	>	6	14	76
383	chr19	36083087	36083068	-	25.0	29.4	>	6	14	76
384	chr8	115709616	115709597	-	24.98	9.14	>	6	14	76
385	chr10	126330794	126330775	-	24.84	24.02	>	6	14	76
386	chr15	25993551	25993532	+	24.81	33.28	>	6	14	76
387	chr5	131430355	131430336	-	24.78	45.44	>	6	14	76
388	chr1	9545352	9545333	-	24.78	38.06	>	6	14	76
389	chr19	28768445	28768426	-	24.75	36.44	>	6	14	76
390	chr10	24630876	24630857	+	24.72	22.94	>	6	14	76
391	chr17	54351102	54351083	+	24.53	15.79	>	6	14	76
392	chr16	20496806	20496787	+	24.47	28.86	>	6	14	76
393	chr12	109394024	109394005	-	24.44	15.02	>	6	14	76
394	chr13	21803288	21803269	-	24.42	40.1	>	6	14	76
395	chr3	103392995	103392976	+	24.38	33.9	>	6	14	76
396	chr15	25428758	25428739	+	24.31	24.08	>	6	14	76
397	chr3	135206860	135206841	-	24.3	9.21	>	6	14	76
398	chr8	65139261	65139242	+	24.3	33.56	>	6	14	76
399	chr9	29650850	29650831	-	24.23	35.72	>	6	14	76
400	chr3	127971093	127971074	+	24.2	46.1	>	6	14	76
401	chr2	104035038	104035019	+	24.16	33.7	>	6	14	76
402	chr9	81635302	81635283	+	24.11	12.08	>	6	14	76
403	chr6	95484597	95484578	+	24.03	13.41	>	6	14	76
404	chr14	72293991	72293972	-	23.83	34.2	>	6	14	76
405	chr18	65490035	65490016	-	23.72	29.94	>	6	14	76
406	chr12	38123788	38123769	-	23.66	16.0	>	6	14	76
407	chr18	70184838	70184819	-	23.66	11.39	>	6	14	76
408	chr3	152095252	152095233	-	23.53	23.67	>	6	14	76
409	chr8	32002994	32002975	-	23.5	23.94	>	6	14	76
410	chr11	22206830	22206811	-	23.48	11.1	>	6	14	76
411	chr5	76541051	76541032	-	23.44	19.22	>	6	14	76
412	chr10	52106337	52106318	+	23.38	22.61	>	6	14	76
413	chr1	84697462	84697443	-	23.38	25.22	>	6	14	76
414	chr1	67181385	67181366	+	23.34	35.0	>	6	14	76
415	chr6	101267027	101267008	+	23.31	12.77	>	6	14	76
416	chr6	129255175	129255156	-	23.25	41.8	>	6	14	76
417	chr4	115710017	115709998	-	23.19	25.83	>	6	14	76
418	chr2	118241614	118241595	-	23.19	37.16	>	6	14	76
419	chr8	71371784	71371765	+	23.11	28.11	>	6	14	76
420	chr7	73422670	73422651	-	23.11	37.7	>	6	14	76
421	chr5	33039602	33039583	+	23.05	27.48	>	6	14	76
422	chr2	153143004	153142985	-	23.02	20.31	>	6	14	76
423	chr14	98181824	98181805	-	23.0	7.93	>	6	14	76
424	chr2	136887058	136887039	-	22.97	12.49	>	6	14	76
425	chr1	135136701	135136682	-	22.88	42.44	>	6	14	76
426	chr5	4948481	4948462	-	22.86	27.0	>	6	14	76
427	chr10	71422814	71422795	+	22.81	51.25	>	6	14	76
428	chr8	64597251	64597232	-	22.66	30.06	>	6	14	76
429	chr1	162336834	162336815	-	22.45	14.914	>	6	14	76
430	chr9	94738996	94738977	+	22.42	42.94	>	6	14	76
431	chr17	53403136	53403117	+	22.4	18.28	>	6	14	76
432	chr2	155811920	155811901	-	22.36	51.28	>	6	14	76
433	chr12	52010769	52010750	+	22.33	16.6	>	6	14	76
434	chr3	44912870	44912851	-	22.31	11.58	>	6	14	76
435	chr5	98348848	98348829	+	22.25	34.97	>	6	14	76
436	chr15	80706301	80706282	+	22.25	25.52	>	6	14	76
437	chr1	167932285	167932266	-	22.22	36.66	>	6	14	76
438	chr14	121455709	121455690	-	22.2	25.7	>	6	14	76
439	chr4	98243714	98243695	-	22.16	26.34	>	6	14	76
440	chr4	143027468	143027449	+	22.14	29.11	>	6	14	76
441	chr2	153668926	153668907	+	22.14	25.36	>	6	14	76
442	chr9	41461929	41461910	-	22.14	12.42	>	6	14	76
443	chr4	109431143	109431124	-	22.1	22.34	>	6	14	76
444	chr5	44831505	44831486	-	22.08	22.05	>	6	14	76
445	chr8	119676601	119676582	-	22.03	33.06	>	6	14	76
446	chr17	40824060	40824041	-	22.02	34.28	>	6	14	76
447	chr15	37102366	37102347	-	22.0	13.84	>	6	14	76
448	chr1	119083862	119083843	-	21.92	45.47	>	6	14	76
449	chr5	41044703	41044684	-	21.78	28.61	>	6	14	76
450	chr19	24622032	24622013	+	21.77	22.19	>	6	14	76
451	chr3	58159626	58159607	-	21.75	32.1	>	6	14	76
452	chr1	38130140	38130121	-	21.75	23.66	>	6	14	76
453	chr2	129472129	129472110	-	21.73	30.17	>	6	14	76
454	chr9	15682043	15682024	-	21.73	11.22	>	6	14	76
455	chr9	69502720	69502701	-	21.7	34.7	>	6	14	76
456	chr14	21120676	21120657	+	21.69	43.16	>	6	14	76
457	chr7	110645588	110645569	-	21.69	43.56	>	6	14	76
458	chr16	78950579	78950560	-	21.64	3.295	>	6	14	76
459	chr7	131899517	131899498	+	21.56	16.44	>	6	14	76
460	chr8	106403484	106403465	-	21.53	20.23	>	6	14	76
461	chr17	73303429	73303410	+	21.48	50.6	>	6	14	76
462	chr1	83727325	83727306	+	21.48	26.81	>	6	14	76
463	chr13	29857603	29857584	+	21.42	9.836	>	6	14	76
464	chr14	104033786	104033767	+	21.34	21.16	>	6	14	76
465	chr7	119011391	119011372	+	21.31	35.56	>	6	14	76
466	chr1	69165377	69165358	+	21.31	25.0	>	6	14	76
467	chr1	192727176	192727157	+	21.28	21.9	>	6	14	76
468	chr9	50438293	50438274	-	21.2	27.17	>	6	14	76
469	chr15	46990407	46990388	-	21.14	10.516	>	6	14	76
470	chr13	73646874	73646855	+	21.14	37.5	>	6	14	76
471	chr16	67089956	67089937	+	21.12	15.94	>	6	14	76
472	chr2	83332995	83332976	-	21.02	18.14	>	6	14	76
473	chr8	10415030	10415011	+	21.0	37.3	>	6	14	76
474	chr1	35716149	35716130	-	20.89	18.69	>	6	14	76
475	chr7	43920039	43920020	-	20.83	34.3	>	6	14	76
476	chr8	15138726	15138707	+	20.81	41.03	>	6	14	76
477	chr13	6515705	6515686	+	20.8	28.08	>	6	14	76
478	chr2	64948996	64948977	-	20.72	23.2	>	6	14	76
479	chr19	20345737	20345718	+	20.7	55.44	>	6	14	76
480	chr5	33994851	33994832	+	20.64	14.97	>	6	14	76
481	chr14	76479953	76479934	+	20.62	37.16	>	6	14	76
482	chr3	144737048	144737029	+	20.58	28.33	>	6	14	76
483	chr2	13597223	13597204	-	20.5	12.72	>	6	14	76
484	chr9	118908437	118908418	-	20.5	27.45	>	6	14	76
485	chr4	153484615	153484596	-	20.39	17.89	>	6	14	76
486	chr19	12433211	12433192	+	20.36	28.34	>	6	14	76
487	chr15	31611224	31611205	+	20.34	11.17	>	6	14	76
488	chr3	107206198	107206179	+	20.34	39.22	>	6	14	76
489	chr17	86909946	86909927	+	20.31	22.38	>	6	14	76
490	chr7	89473669	89473650	-	20.22	24.19	>	6	14	76
491	chr6	35252603	35252584	+	20.22	32.56	>	6	14	76
492	chr6	126168001	126167982	-	20.17	8.76	>	6	14	76
493	chr16	42169942	42169923	+	20.12	43.34	>	6	14	76
494	chr6	90607354	90607335	+	20.11	24.86	>	6	14	76
495	chr6	31664664	31664645	+	20.11	41.5	>	6	14	76
496	chr13	100002039	100002020	+	20.02	21.73	>	6	14	76
497	chr6	97523337	97523318	-	19.97	25.72	>	6	14	76
498	chr4	123529452	123529433	-	19.95	17.69	>	6	14	76
499	chr18	53744741	53744722	-	19.94	29.1	>	6	14	76
500	chr9	13849232	13849213	+	19.9	15.484	>	6	14	76
501	chr15	14052128	14052109	-	19.89	12.375	>	6	14	76
502	chr3	68053761	68053742	-	19.88	27.33	>	6	14	76
503	chr14	50799990	50799971	+	19.83	30.28	>	6	14	76
504	chr8	50292348	50292329	+	19.83	31.36	>	6	14	76
505	chr19	52993242	52993223	-	19.81	45.25	>	6	14	76
506	chr8	24546435	24546416	-	19.8	56.1	>	6	14	76
507	chr2	166085186	166085167	+	19.78	40.2	>	6	14	76
508	chr15	80260893	80260874	-	19.75	33.7	>	6	14	76
509	chr18	75606699	75606680	+	19.72	50.94	>	6	14	76
510	chr2	135957961	135957942	-	19.69	27.1	>	6	14	76
511	chr11	75179118	75179099	+	19.67	22.83	>	6	14	76
512	chr6	77628987	77628968	+	19.66	40.56	>	6	14	76
513	chr4	82614384	82614365	-	19.62	15.836	>	6	14	76
514	chr17	27190013	27189994	+	19.5	26.89	>	6	14	76
515	chr14	121451301	121451282	-	19.45	26.11	>	6	14	76
516	chr9	69987821	69987802	-	19.44	12.234	>	6	14	76
517	chr6	40479902	40479883	+	19.42	24.72	>	6	14	76
518	chr4	82619779	82619760	-	19.42	11.22	>	6	14	76
519	chr2	160593235	160593216	-	19.4	45.8	>	6	14	76
520	chr4	48691990	48691971	+	19.4	34.88	>	6	14	76
521	chr1	11140123	11140104	-	19.39	7.324	>	6	14	76
522	chr6	67858160	67858141	+	19.36	18.55	>	6	14	76
523	chr1	91914028	91914009	+	19.36	22.06	>	6	14	76
524	chr15	76196896	76196877	+	19.33	35.8	>	6	14	76
525	chr11	43767011	43766992	+	19.27	27.44	>	6	14	76
526	chr17	8463677	8463658	+	19.23	31.38	>	6	14	76
527	chr2	60442102	60442083	-	19.22	10.555	>	6	14	76
528	chr10	8242562	8242543	+	19.2	18.4	>	6	14	76
529	chr15	8382407	8382388	+	19.16	11.64	>	6	14	76
530	chr19	11360302	11360283	+	19.14	15.06	>	6	14	76
531	chr12	79305335	79305316	+	19.11	29.94	>	6	14	76
532	chr13	38992697	38992678	+	19.03	12.445	>	6	14	76
533	chr8	91147955	91147936	-	19.0	26.05	>	6	14	76
534	chr13	64443476	64443457	+	19.0	35.6	>	6	14	76
535	chr8	117898214	117898195	+	18.92	34.16	>	6	14	76
536	chr11	42423473	42423454	-	18.77	18.48	>	6	14	76
537	chr9	114957195	114957176	-	18.77	27.38	>	6	14	76
538	chr5	149647926	149647907	+	18.72	23.06	>	6	14	76
539	chr5	128440068	128440049	-	18.69	40.7	>	6	14	76
540	chr6	90606762	90606743	-	18.67	32.6	>	6	14	76
541	chr10	58560031	58560012	+	18.67	23.25	>	6	14	76
542	chr18	25538443	25538424	+	18.66	23.94	>	6	14	76
543	chr11	22987510	22987491	+	18.56	23.83	>	6	14	76
544	chr13	57269837	57269818	-	18.55	36.6	>	6	14	76
545	chr13	53096854	53096835	-	18.55	32.88	>	6	14	76
546	chr7	124783020	124783001	-	18.55	23.44	>	6	14	76
547	chr7	40687242	40687223	-	18.52	26.28	>	6	14	76
548	chr4	109438113	109438094	+	18.45	31.61	>	6	14	76
549	chr13	46663777	46663758	-	18.45	5.215	>	6	14	76
550	chr2	21927862	21927843	-	18.45	17.72	>	6	14	76
551	chr11	72564476	72564457	-	18.39	17.95	>	6	14	76
552	chr14	57362951	57362932	-	18.3	10.125	>	6	14	76
553	chr13	54063511	54063492	-	18.3	12.516	>	6	14	76
554	chr8	127191530	127191511	+	18.27	39.03	>	6	14	76
555	chr4	24249781	24249762	+	18.25	8.38	>	6	14	76
556	chr1	175603551	175603532	-	18.2	12.0	>	6	14	76
557	chr7	131897479	131897460	+	18.19	16.34	>	6	14	76
558	chr2	125259455	125259436	-	18.17	32.72	>	6	14	76
559	chr8	11943262	11943243	-	18.0	20.05	>	6	14	76
560	chr13	74861814	74861795	+	17.98	11.664	>	6	14	76
561	chr3	37302880	37302861	-	17.98	17.84	>	6	14	76
562	chr2	165391753	165391734	+	17.95	20.97	>	6	14	76
563	chr1	167669968	167669949	-	17.94	39.3	>	6	14	76
564	chr14	24311319	24311300	+	17.89	24.48	>	6	14	76
565	chr6	125622660	125622641	+	17.86	24.67	>	6	14	76
566	chr16	91694897	91694878	+	17.83	21.03	>	6	14	76
567	chr7	100886752	100886733	-	17.8	33.3	>	6	14	76
568	chr2	165779092	165779073	+	17.7	43.9	>	6	14	76
569	chr4	118988734	118988715	-	17.7	12.37	>	6	14	76
570	chr9	111939788	111939769	+	17.64	16.92	>	6	14	76
571	chr9	40806571	40806552	+	17.64	39.78	>	6	14	76
572	chr19	21571392	21571373	+	17.64	11.9	>	6	14	76
573	chr10	49785057	49785038	-	17.56	2.498	>	6	14	76
574	chr3	84922220	84922201	+	17.47	28.94	>	6	14	76
575	chr12	7991018	7990999	+	17.47	17.66	>	6	14	76
576	chr8	106687694	106687675	+	17.45	42.0	>	6	14	76
577	chr19	15998346	15998327	+	17.33	27.56	>	6	14	76
578	chr10	30838389	30838370	+	17.3	7.543	>	6	14	76
579	chr2	6469364	6469345	-	17.28	15.65	>	6	14	76
580	chr9	59678540	59678521	-	17.28	29.06	>	6	14	76
581	chr18	60143536	60143517	-	17.25	6.348	>	6	14	76
582	chr2	76114972	76114953	-	17.25	26.88	>	6	14	76
583	chr1	192722361	192722342	-	17.23	36.0	>	6	14	76
584	chr13	6737153	6737134	+	17.23	24.25	>	6	14	76
585	chr10	116199232	116199213	+	17.23	24.89	>	6	14	76
586	chr18	6627309	6627290	+	17.06	30.4	>	6	14	76
587	chr7	117375969	117375950	-	17.03	13.42	>	6	14	76
588	chr11	7200225	7200206	+	17.03	39.34	>	6	14	76
589	chr3	152474817	152474798	+	16.98	9.51	>	6	14	76
590	chr12	4107565	4107546	+	16.97	22.11	>	6	14	76
591	chr18	78212287	78212268	-	16.83	18.31	>	6	14	76
592	chr2	17842170	17842151	-	16.81	6.844	>	6	14	76
593	chr5	112429191	112429172	-	16.78	14.19	>	6	14	76
594	chr9	54169687	54169668	+	16.73	16.64	>	6	14	76
595	chr9	78597063	78597044	+	16.73	17.98	>	6	14	76
596	chr2	125556029	125556010	+	16.69	19.19	>	6	14	76
597	chr4	86545837	86545818	-	16.69	26.34	>	6	14	76
598	chr11	34229190	34229171	+	16.55	19.56	>	6	14	76
599	chr13	60479163	60479144	+	16.52	1.697	>	6	14	76
600	chr11	57788119	57788100	+	16.36	29.88	>	6	14	76
601	chr5	117504639	117504620	+	16.36	53.34	>	6	14	76
602	chr1	128368923	128368904	+	16.28	14.01	>	6	14	76
603	chr14	51098507	51098488	-	16.28	41.22	>	6	14	76
604	chr10	14404268	14404249	+	16.23	20.66	>	6	14	76
605	chr18	65752297	65752278	-	16.1	16.11	>	6	14	76
606	chr3	59077498	59077479	+	16.1	40.72	>	6	14	76
607	chr1	119919473	119919454	+	16.06	20.62	>	6	14	76
608	chr1	86598699	86598680	+	16.03	48.72	>	6	14	76
609	chr1	80178208	80178189	-	16.0	17.12	>	6	14	76
610	chr15	64132164	64132145	+	15.96	15.336	>	6	14	76
611	chr2	4652218	4652199	-	15.91	22.83	>	6	14	76
612	chr9	40805489	40805470	-	15.86	35.53	>	6	14	76
613	chr13	30549079	30549060	-	15.805	25.34	>	6	14	76
614	chr3	82350530	82350511	-	15.805	7.78	>	6	14	76
615	chr7	81155234	81155215	-	15.805	19.0	>	6	14	76
616	chr4	107701325	107701306	-	15.8	18.55	>	6	14	76
617	chr11	76655250	76655231	+	15.8	25.19	>	6	14	76
618	chr7	122945377	122945358	+	15.72	20.64	>	6	14	76
619	chr16	32697312	32697293	+	15.695	24.02	>	6	14	76
620	chr13	114460825	114460806	-	15.65	8.25	>	6	14	76
621	chr19	59389409	59389390	+	15.65	31.4	>	6	14	76
622	chr7	45451495	45451476	+	15.64	35.4	>	6	14	76
623	chr15	85599066	85599047	+	15.625	30.86	>	6	14	76
624	chr10	9012998	9012979	+	15.6	21.77	>	6	14	76
625	chr13	24318872	24318853	-	15.58	11.58	>	6	14	76
626	chr3	123506917	123506898	-	15.53	17.17	>	6	14	76
627	chr13	101719731	101719712	-	15.48	25.34	>	6	14	76
628	chr12	12412898	12412879	-	15.43	30.47	>	6	14	76
629	chr10	127342496	127342477	-	15.4	29.73	>	6	14	76
630	chr7	28972871	28972852	+	15.39	21.2	>	6	14	76
631	chr5	130862481	130862462	+	15.33	29.22	>	6	14	76
632	chr13	53779354	53779335	+	15.31	23.8	>	6	14	76
633	chr11	51582940	51582921	-	15.305	26.1	>	6	14	76
634	chr3	34150257	34150238	+	15.3	17.19	>	6	14	76
635	chr9	30423156	30423137	-	15.29	30.31	>	6	14	76
636	chr1	55886585	55886566	+	15.29	16.73	>	6	14	76
637	chr8	121104251	121104232	+	15.28	31.56	>	6	14	76
638	chr2	31683894	31683875	+	15.27	30.73	>	6	14	76
639	chr9	121458682	121458663	+	15.27	42.72	>	6	14	76
640	chr13	111421545	111421526	+	15.22	27.25	>	6	14	76
641	chr18	56572965	56572946	+	15.22	32.7	>	6	14	76
642	chr18	42593315	42593296	+	15.2	8.75	>	6	14	76
643	chr8	118287683	118287664	+	15.2	7.145	>	6	14	76
644	chr14	47742843	47742824	+	15.18	9.65	>	6	14	76
645	chr1	184791312	184791293	-	15.164	27.39	>	6	14	76
646	chr6	106800166	106800147	-	15.1	18.75	>	6	14	76
647	chr11	12025880	12025861	+	15.06	18.02	>	6	14	76
648	chr5	129594341	129594322	-	15.03	29.4	>	6	14	76
649	chr13	16005724	16005705	+	15.016	13.71	>	6	14	76
650	chr14	65597230	65597211	+	15.016	14.01	>	6	14	76
651	chr5	99900280	99900261	-	14.95	10.75	>	6	14	76
652	chr8	11421350	11421331	-	14.945	26.12	>	6	14	76
653	chr19	4755748	4755729	+	14.93	24.55	>	6	14	76
654	chr10	110733540	110733521	-	14.914	16.5	>	6	14	76
655	chr5	67752088	67752069	+	14.89	18.31	>	6	14	76
656	chr9	77381774	77381755	-	14.85	26.45	>	6	14	76
657	chr18	81951830	81951811	-	14.76	34.06	>	6	14	76
658	chr1	86059644	86059625	+	14.734	30.22	>	6	14	76
659	chr1	52630636	52630617	-	14.734	9.89	>	6	14	76
660	chr2	174308107	174308088	+	14.69	14.67	>	6	14	76
661	chr11	99364649	99364630	-	14.6	16.03	>	6	14	76
662	chr13	109558424	109558405	+	14.49	16.98	>	6	14	76
663	chr12	58201405	58201386	-	14.48	6.883	>	6	14	76
664	chr7	137471937	137471918	+	14.445	28.83	>	6	14	76
665	chr17	26916803	26916784	+	14.414	25.05	>	6	14	76
666	chr5	87871626	87871607	-	14.414	20.39	>	6	14	76
667	chr2	125252443	125252424	+	14.414	25.9	>	6	14	76
668	chr1	9549185	9549166	+	14.414	19.5	>	6	14	76
669	chr11	11788608	11788589	-	14.38	31.97	>	6	14	76
670	chr7	43928727	43928708	+	14.36	11.45	>	6	14	76
671	chr10	60760656	60760637	-	14.31	36.9	>	6	14	76
672	chr6	17362958	17362939	+	14.31	3.076	>	6	14	76
673	chr1	136521528	136521509	-	14.305	21.69	>	6	14	76
674	chr2	153147934	153147915	+	14.28	18.94	>	6	14	76
675	chr8	61522313	61522294	+	14.266	28.28	>	6	14	76
676	chr18	56759303	56759284	+	14.266	12.61	>	6	14	76
677	chr14	115451146	115451127	-	14.234	4.215	>	6	14	76
678	chr1	176218428	176218409	+	14.195	14.99	>	6	14	76
679	chr15	97665520	97665501	-	14.18	30.02	>	6	14	76
680	chr13	20299620	20299601	+	14.18	33.25	>	6	14	76
681	chr9	59969601	59969582	-	14.14	17.69	>	6	14	76
682	chr16	57611975	57611956	+	14.055	18.66	>	6	14	76
683	chr12	15816144	15816125	+	13.984	8.52	>	6	14	76
684	chr15	82271381	82271362	-	13.95	28.55	>	6	14	76
685	chr7	74363644	74363625	-	13.95	40.8	>	6	14	76
686	chr3	73066293	73066274	+	13.95	16.86	>	6	14	76
687	chr1	118772515	118772496	-	13.945	30.34	>	6	14	76
688	chr4	110020493	110020474	-	13.94	26.28	>	6	14	76
689	chr3	34639420	34639401	-	13.94	14.87	>	6	14	76
690	chr2	131530224	131530205	-	13.92	25.86	>	6	14	76
691	chr4	20024128	20024109	+	13.91	12.516	>	6	14	76
692	chr8	74980870	74980851	-	13.81	30.2	>	6	14	76
693	chr18	75757719	75757700	+	13.734	18.78	>	6	14	76
694	chr7	89908147	89908128	-	13.72	13.79	>	6	14	76
695	chr4	150257406	150257387	+	13.72	23.58	>	6	14	76
696	chr2	55022781	55022762	-	13.664	7.77	>	6	14	76
697	chr18	64506771	64506752	-	13.63	18.4	>	6	14	76
698	chr14	123353156	123353137	-	13.61	11.6	>	6	14	76
699	chr4	139872794	139872775	+	13.59	35.75	>	6	14	76
700	chr13	51839869	51839850	+	13.586	21.19	>	6	14	76
701	chr5	146162789	146162770	+	13.516	23.42	>	6	14	76
702	chr9	83785201	83785182	+	13.49	14.66	>	6	14	76
703	chr3	59079480	59079461	+	13.44	28.77	>	6	14	76
704	chr10	11345312	11345293	-	13.375	5.086	>	6	14	76
705	chr11	46252188	46252169	-	13.34	28.12	>	6	14	76
706	chr4	85404971	85404952	+	13.32	14.11	>	6	14	76
707	chr4	130738774	130738755	+	13.31	16.47	>	6	14	76
708	chr5	86432914	86432895	+	13.305	16.02	>	6	14	76
709	chr3	22306829	22306810	+	13.266	18.6	>	6	14	76
710	chr2	91930225	91930206	-	13.25	19.55	>	6	14	76
711	chr6	108417714	108417695	+	13.234	10.66	>	6	14	76
712	chr12	17011790	17011771	-	13.16	20.73	>	6	14	76
713	chr5	87551137	87551118	-	13.15	21.52	>	6	14	76
714	chr4	106227683	106227664	-	13.14	14.38	>	6	14	76
715	chr4	139877472	139877453	+	13.1	27.4	>	6	14	76
716	chr1	88742593	88742574	-	13.086	17.75	>	6	14	76
717	chr3	52254088	52254069	+	13.02	34.16	>	6	14	76
718	chr9	73159469	73159450	+	12.99	27.5	>	6	14	76
719	chr7	29297253	29297234	-	12.984	28.8	>	6	14	76
720	chr13	116312336	116312317	-	12.93	10.21	>	6	14	76
721	chr2	157117146	157117127	-	12.91	21.92	>	6	14	76
722	chr9	60243712	60243693	+	12.89	13.59	>	6	14	76
723	chr1	179845066	179845047	-	12.88	17.89	>	6	14	76
724	chr11	103332754	103332735	+	12.875	24.97	>	6	14	76
725	chr1	53032774	53032755	-	12.87	13.05	>	6	14	76
726	chr8	45345197	45345178	+	12.81	16.72	>	6	14	76
727	chr12	113216133	113216114	+	12.74	53.7	>	6	14	76
728	chr15	36152194	36152175	-	12.72	16.9	>	6	14	76
729	chr1	72876274	72876255	+	12.69	17.11	>	6	14	76
730	chr9	14774009	14773990	+	12.664	9.0	>	6	14	76
731	chr12	74317197	74317178	-	12.664	11.76	>	6	14	76
732	chr7	107819649	107819630	-	12.64	16.3	>	6	14	76
733	chr13	55327907	55327888	+	12.64	17.61	>	6	14	76
734	chr3	54796015	54795996	+	12.63	22.77	>	6	14	76
735	chr6	60963937	60963918	+	12.61	7.094	>	6	14	76
736	chr8	21981891	21981872	-	12.61	17.33	>	6	14	76
737	chr10	38269349	38269330	-	12.52	19.28	>	6	14	76
738	chr6	51170619	51170600	-	12.5	20.02	>	6	14	76
739	chr2	148110356	148110337	-	12.43	16.03	>	6	14	76
740	chr1	88301823	88301804	-	12.42	19.61	>	6	14	76
741	chr6	115037959	115037940	-	12.33	15.375	>	6	14	76
742	chr16	11980974	11980955	+	12.33	3.668	>	6	14	76
743	chr15	44832771	44832752	-	12.31	24.2	>	6	14	76
744	chr19	26193888	26193869	-	12.29	7.65	>	6	14	76
745	chr17	8988263	8988244	-	12.29	10.71	>	6	14	76
746	chr14	66358860	66358841	+	12.28	18.22	>	6	14	76
747	chr12	40832432	40832413	-	12.26	13.56	>	6	14	76
748	chr2	53206958	53206939	-	12.18	12.55	>	6	14	76
749	chr16	42914617	42914598	+	12.16	7.133	>	6	14	76
750	chr11	111523686	111523667	-	12.14	23.53	>	6	14	76
751	chr6	121556678	121556659	+	12.11	18.8	>	6	14	76
752	chr7	43926199	43926180	-	12.1	21.69	>	6	14	76
753	chr3	3311028	3311009	+	12.09	10.74	>	6	14	76
754	chr12	17018680	17018661	+	12.04	21.19	>	6	14	76
755	chr18	33794794	33794775	+	11.97	24.89	>	6	14	76
756	chr15	73791915	73791896	+	11.96	24.61	>	6	14	76
757	chr12	82489256	82489237	+	11.945	11.805	>	6	14	76
758	chr19	37559803	37559784	+	11.91	21.4	>	6	14	76
759	chr12	36195155	36195136	-	11.91	7.07	>	6	14	76
760	chr3	30515246	30515227	-	11.875	11.664	>	6	14	76
761	chr19	27426681	27426662	-	11.81	11.945	>	6	14	76
762	chr2	75590427	75590408	-	11.75	21.66	>	6	14	76
763	chr2	17849498	17849479	+	11.75	6.633	>	6	14	76
764	chr9	83371155	83371136	-	11.75	6.18	>	6	14	76
765	chr9	30936846	30936827	-	11.734	17.67	>	6	14	76
766	chr15	94690037	94690018	+	11.73	23.03	>	6	14	76
767	chr2	147379133	147379114	+	11.69	9.875	>	6	14	76
768	chr4	121232314	121232295	-	11.664	7.945	>	6	14	76
769	chr18	56333219	56333200	-	11.64	4.934	>	6	14	76
770	chr16	25952209	25952190	-	11.64	6.688	>	6	14	76
771	chr13	94976326	94976307	+	11.63	16.62	>	6	14	76
772	chr2	30942898	30942879	-	11.57	22.28	>	6	14	76
773	chr6	104479441	104479422	+	11.55	10.57	>	6	14	76
774	chr5	113080039	113080020	-	11.52	26.94	>	6	14	76
775	chr16	30550607	30550588	-	11.52	17.62	>	6	14	76
776	chr1	160194976	160194957	+	11.51	18.28	>	6	14	76
777	chr11	56116782	56116763	-	11.48	30.47	>	6	14	76
778	chr6	112484521	112484502	-	11.48	12.14	>	6	14	76
779	chr14	21853546	21853527	-	11.445	30.66	>	6	14	76
780	chr9	58534993	58534974	+	11.414	20.97	>	6	14	76
781	chr17	73302318	73302299	+	11.414	39.62	>	6	14	76
782	chr1	85842459	85842440	-	11.41	14.02	>	6	14	76
783	chr17	16926410	16926391	-	11.35	2.584	>	6	14	76
784	chr12	29894861	29894842	+	11.31	16.72	>	6	14	76
785	chr2	127832989	127832970	+	11.22	7.293	>	6	14	76
786	chr16	20724653	20724634	+	11.18	15.11	>	6	14	76
787	chr1	180811112	180811093	-	11.164	28.33	>	6	14	76
788	chr13	109210611	109210592	-	11.16	17.5	>	6	14	76
789	chr18	5990207	5990188	-	11.14	3.14	>	6	14	76
790	chr18	12102268	12102249	-	11.125	23.38	>	6	14	76
791	chr19	59380193	59380174	+	11.08	23.9	>	6	14	76
792	chr2	101665476	101665457	+	11.055	26.06	>	6	14	76
793	chr12	108541242	108541223	-	11.02	27.9	>	6	14	76
794	chr2	32583648	32583629	+	11.016	30.19	>	6	14	76
795	chr1	181881807	181881788	-	10.98	11.91	>	6	14	76
796	chr5	117506576	117506557	+	10.94	40.06	>	6	14	76
797	chr1	38789153	38789134	+	10.89	22.95	>	6	14	76
798	chr10	102445139	102445120	-	10.875	19.4	>	6	14	76
799	chr12	81788941	81788922	+	10.87	12.51	>	6	14	76
800	chr9	78233462	78233443	-	10.86	15.93	>	6	14	76
801	chr10	96618527	96618508	+	10.86	3.014	>	6	14	76
802	chr8	84639419	84639400	-	10.85	34.7	>	6	14	76
803	chr17	8468905	8468886	+	10.85	20.27	>	6	14	76
804	chr2	67535551	67535532	+	10.83	7.83	>	6	14	76
805	chr18	52947340	52947321	+	10.82	10.15	>	6	14	76
806	chr13	72625410	72625391	-	10.78	6.715	>	6	14	76
807	chr11	31942449	31942430	+	10.69	22.72	>	6	14	76
808	chr1	6190743	6190724	-	10.63	7.344	>	6	14	76
809	chr7	74367549	74367530	+	10.6	15.16	>	6	14	76
810	chr4	22482970	22482951	+	10.58	4.45	>	6	14	76
811	chr13	20298018	20297999	+	10.56	24.86	>	6	14	76
812	chr16	75325511	75325492	-	10.484	5.44	>	6	14	76
813	chr6	54586377	54586358	+	10.44	8.14	>	6	14	76
814	chr14	59604211	59604192	-	10.375	15.664	>	6	14	76
815	chr2	107946040	107946021	-	10.31	11.08	>	6	14	76
816	chr1	62701219	62701200	-	10.3	12.74	>	6	14	76
817	chr7	75914120	75914101	+	10.266	24.1	>	6	14	76
818	chr5	98167679	98167660	+	10.26	12.875	>	6	14	76
819	chr9	99671799	99671780	+	10.23	22.52	>	6	14	76
820	chr1	179847901	179847882	+	10.16	11.88	>	6	14	76
821	chr15	80080817	80080798	-	10.15	32.28	>	6	14	76
822	chr6	137747756	137747737	-	10.09	27.12	>	6	14	76
823	chr6	77249625	77249606	-	10.09	6.945	>	6	14	76
824	chr5	149049190	149049171	-	10.08	15.81	>	6	14	76
825	chr18	32814407	32814388	-	10.07	2.566	>	6	14	76
826	chr11	46258405	46258386	-	10.06	20.3	>	6	14	76
827	chr11	81974830	81974811	-	10.01	5.44	>	6	14	76
828	chr19	48414047	48414028	+	9.99	12.77	>	6	14	76
829	chr11	34836484	34836465	+	9.86	20.75	>	6	14	76
830	chr17	24437345	24437326	-	9.81	19.33	>	6	14	76
831	chr6	59208753	59208734	-	9.734	12.92	>	6	14	76
832	chr13	37325694	37325675	-	9.734	20.84	>	6	14	76
833	chr11	43412967	43412948	-	9.72	22.2	>	6	14	76
834	chr13	49651342	49651323	-	9.71	2.496	>	6	14	76
835	chr7	143151380	143151361	+	9.69	18.05	>	6	14	76
836	chr16	4285478	4285459	-	9.67	7.94	>	6	14	76
837	chr11	29715017	29714998	-	9.664	9.12	>	6	14	76
838	chr3	134654263	134654244	+	9.62	3.898	>	6	14	76
839	chr8	28978824	28978805	-	9.57	7.504	>	6	14	76
840	chr13	54062269	54062250	-	9.55	10.02	>	6	14	76
841	chr9	32585514	32585495	+	9.516	12.72	>	6	14	76
842	chr7	73648212	73648193	-	9.484	13.375	>	6	14	76
843	chr19	27425889	27425870	-	9.44	11.26	>	6	14	76
844	chr13	100854377	100854358	-	9.42	17.78	>	6	14	76
845	chr5	140749784	140749765	-	9.414	22.17	>	6	14	76
846	chr4	127027444	127027425	+	9.4	22.48	>	6	14	76
847	chr11	109221866	109221847	-	9.3	9.67	>	6	14	76
848	chr16	16596794	16596775	+	9.28	5.977	>	6	14	76
849	chr2	128605294	128605275	-	9.25	9.07	>	6	14	76
850	chr2	61492265	61492246	+	9.25	6.99	>	6	14	76
851	chr10	74217479	74217460	+	9.22	7.7	>	6	14	76
852	chr9	68016722	68016703	+	9.2	8.305	>	6	14	76
853	chr6	144248136	144248117	+	9.19	7.742	>	6	14	76
854	chr13	51191948	51191929	+	9.17	5.492	>	6	14	76
855	chr2	103424848	103424829	-	9.164	12.29	>	6	14	76
856	chr7	64751734	64751715	-	9.13	16.66	>	6	14	76
857	chr7	27160004	27159985	+	9.125	14.17	>	6	14	76
858	chr13	95986545	95986526	+	9.08	13.76	>	6	14	76
859	chr5	135118653	135118634	+	9.08	29.22	>	6	14	76
860	chr10	49786914	49786895	-	9.07	0.785	>	6	14	76
861	chr1	51639072	51639053	+	9.02	3.22	>	6	14	76
862	chr14	105307894	105307875	+	8.95	2.453	>	6	14	76
863	chr19	40231990	40231971	-	8.95	19.89	>	6	14	76
864	chr10	69656526	69656507	+	8.95	12.99	>	6	14	76
865	chr7	142714879	142714860	-	8.945	27.2	>	6	14	76
866	chr6	129256260	129256241	-	8.93	14.53	>	6	14	76
867	chr5	138199783	138199764	+	8.9	8.414	>	6	14	76
868	chr8	36193738	36193719	+	8.89	10.43	>	6	14	76
869	chr11	49597354	49597335	+	8.87	6.92	>	6	14	76
870	chr1	139405977	139405958	-	8.86	4.043	>	6	14	76
871	chr3	124289118	124289099	-	8.84	12.69	>	6	14	76
872	chr9	13196005	13195986	-	8.83	30.6	>	6	14	76
873	chr14	115819240	115819221	+	8.83	10.71	>	6	14	76
874	chr5	146914595	146914576	+	8.82	39.7	>	6	14	76
875	chr4	119223866	119223847	-	8.766	16.34	>	6	14	76
876	chr15	85879204	85879185	-	8.76	17.27	>	6	14	76
877	chr4	124682485	124682466	+	8.7	17.45	>	6	14	76
878	chr17	34956526	34956507	+	8.695	22.17	>	6	14	76
879	chr12	39494054	39494035	-	8.65	2.455	>	6	14	76
880	chr9	34485824	34485805	-	8.625	10.6	>	6	14	76
881	chr2	180786948	180786929	+	8.57	17.27	>	6	14	76
882	chr4	62230989	62230970	+	8.57	12.25	>	6	14	76
883	chr2	16357480	16357461	+	8.55	2.205	>	6	14	76
884	chr17	9759516	9759497	+	8.54	11.53	>	6	14	76
885	chr10	13018670	13018651	+	8.54	19.64	>	6	14	76
886	chr4	32570820	32570801	-	8.52	6.645	>	6	14	76
887	chr9	86451919	86451900	-	8.49	16.77	>	6	14	76
888	chr7	139590495	139590476	+	8.49	20.39	>	6	14	76
889	chr16	31944169	31944150	+	8.445	14.11	>	6	14	76
890	chr3	104701211	104701192	-	8.44	24.84	>	6	14	76
891	chr2	160955546	160955527	-	8.414	14.05	>	6	14	76
892	chr18	32811889	32811870	+	8.4	4.918	>	6	14	76
893	chr14	115042240	115042221	-	8.4	14.734	>	6	14	76
894	chr2	28464119	28464100	-	8.33	19.16	>	6	14	76
895	chr2	76369931	76369912	+	8.28	9.1	>	6	14	76
896	chr3	107605512	107605493	+	8.28	12.57	>	6	14	76
897	chr14	121220891	121220872	-	8.23	10.8	>	6	14	76
898	chr1	103796539	103796520	+	8.22	10.74	>	6	14	76
899	chr16	23151589	23151570	+	8.21	3.11	>	6	14	76
900	chr5	33371346	33371327	-	8.19	15.74	>	6	14	76
901	chr13	103121088	103121069	-	8.18	6.016	>	6	14	76
902	chr10	60760529	60760510	+	8.14	24.72	>	6	14	76
903	chr1	169921787	169921768	+	8.12	12.62	>	6	14	76
904	chr13	42826816	42826797	-	8.11	17.0	>	6	14	76
905	chr6	72601930	72601911	+	8.11	24.06	>	6	14	76
906	chr7	81345319	81345300	-	7.99	7.87	>	6	14	76
907	chr11	33934471	33934452	+	7.98	18.27	>	6	14	76
908	chr18	77044808	77044789	-	7.97	11.42	>	6	14	76
909	chr7	67217278	67217259	+	7.926	7.28	>	6	14	76
910	chr2	164074027	164074008	+	7.906	10.22	>	6	14	76
911	chr3	45373410	45373391	+	7.855	1.438	>	6	14	76
912	chr1	152768355	152768336	-	7.84	9.35	>	6	14	76
913	chr11	102267665	102267646	-	7.81	17.44	>	6	14	76
914	chr11	43411664	43411645	-	7.81	21.72	>	6	14	76
915	chr2	129880054	129880035	+	7.805	6.484	>	6	14	76
916	chr11	81972241	81972222	+	7.797	9.07	>	6	14	76
917	chr9	65581143	65581124	-	7.793	11.17	>	6	14	76
918	chr4	106228720	106228701	+	7.727	13.9	>	6	14	76
919	chr6	119467876	119467857	+	7.703	18.1	>	6	14	76
920	chr10	122794511	122794492	+	7.695	15.734	>	6	14	76
921	chr14	34813484	34813465	-	7.69	11.805	>	6	14	76
922	chr15	19280629	19280610	+	7.68	3.066	>	6	14	76
923	chr13	38235597	38235578	-	7.676	11.836	>	6	14	76
924	chr13	21710105	21710086	+	7.67	14.95	>	6	14	76
925	chr11	104231353	104231334	-	7.67	18.38	>	6	14	76
926	chr6	86401304	86401285	-	7.64	23.28	>	6	14	76
927	chr4	24245320	24245301	-	7.633	3.027	>	6	14	76
928	chr9	29655082	29655063	+	7.613	20.11	>	6	14	76
929	chr9	58535957	58535938	-	7.605	16.9	>	6	14	76
930	chr5	112427478	112427459	-	7.598	9.93	>	6	14	76
931	chr4	140539353	140539334	-	7.58	22.9	>	6	14	76
932	chr14	105302910	105302891	+	7.57	4.605	>	6	14	76
933	chr7	19713404	19713385	-	7.543	26.19	>	6	14	76
934	chr1	127487367	127487348	-	7.52	14.33	>	6	14	76
935	chr19	56806125	56806106	-	7.504	5.934	>	6	14	76
936	chr19	47175662	47175643	-	7.46	21.67	>	6	14	76
937	chr2	150795624	150795605	-	7.44	6.633	>	6	14	76
938	chr2	137114826	137114807	+	7.438	4.08	>	6	14	76
939	chr10	119244230	119244211	+	7.434	4.305	>	6	14	76
940	chr5	117094622	117094603	+	7.42	22.22	>	6	14	76
941	chr11	67100384	67100365	-	7.42	22.83	>	6	14	76
942	chr5	30686988	30686969	+	7.41	18.64	>	6	14	76
943	chr8	105291139	105291120	-	7.41	11.78	>	6	14	76
944	chr7	143470174	143470155	-	7.39	17.94	>	6	14	76
945	chr15	8099290	8099271	-	7.35	8.336	>	6	14	76
946	chr7	119015949	119015930	+	7.34	17.75	>	6	14	76
947	chr17	56306039	56306020	-	7.305	16.48	>	6	14	76
948	chr1	134636895	134636876	+	7.3	5.97	>	6	14	76
949	chr17	65541217	65541198	+	7.258	9.125	>	6	14	76
950	chr14	49218880	49218861	+	7.25	8.47	>	6	14	76
951	chr1	25527154	25527135	+	7.2	7.453	>	6	14	76
952	chr1	146515575	146515556	+	7.18	3.11	>	6	14	76
953	chr9	44109578	44109559	+	7.176	33.9	>	6	14	76
954	chr11	108889358	108889339	+	7.15	8.016	>	6	14	76
955	chr7	138398615	138398596	+	7.117	4.707	>	6	14	76
956	chr5	32204842	32204823	+	7.11	6.15	>	6	14	76
957	chr8	14859581	14859562	+	7.1	5.27	>	6	14	76
958	chr11	95676507	95676488	-	7.09	14.555	>	6	14	76
959	chr6	85141186	85141167	+	7.08	33.56	>	6	14	76
960	chr14	20340404	20340385	-	7.04	15.81	>	6	14	76
961	chr1	193130339	193130320	-	7.023	5.71	>	6	14	76
962	chr9	98032882	98032863	+	6.992	4.73	>	6	14	76
963	chr7	143793289	143793270	+	6.98	21.42	>	6	14	76
964	chr12	32292312	32292293	-	6.895	8.26	>	6	14	76
965	chr17	45724453	45724434	-	6.89	12.125	>	6	14	76
966	chr14	102512314	102512295	+	6.89	1.602	>	6	14	76
967	chr8	11943038	11943019	+	6.88	5.47	>	6	14	76
968	chr7	83553561	83553542	+	6.867	8.27	>	6	14	76
969	chr9	64960779	64960760	-	6.85	16.31	>	6	14	76
970	chr9	30426996	30426977	+	6.832	15.31	>	6	14	76
971	chr11	119249183	119249164	+	6.785	23.48	>	6	14	76
972	chr8	90795542	90795523	+	6.77	10.67	>	6	14	76
973	chr2	113498926	113498907	-	6.766	9.86	>	6	14	76
974	chr13	62926662	62926643	+	6.75	4.73	>	6	14	76
975	chr1	127485025	127485006	+	6.715	16.44	>	6	14	76
976	chr17	78592615	78592596	+	6.715	8.945	>	6	14	76
977	chr2	118246134	118246115	-	6.668	13.72	>	6	14	76
978	chr2	92474875	92474856	-	6.652	13.95	>	6	14	76
979	chr7	17061423	17061404	+	6.645	15.1	>	6	14	76
980	chr10	122090678	122090659	+	6.63	8.38	>	6	14	76
981	chr13	64448147	64448128	+	6.594	17.92	>	6	14	76
982	chr2	34642611	34642592	-	6.562	14.51	>	6	14	76
983	chr5	117509743	117509724	+	6.54	26.92	>	6	14	76
984	chr7	131371109	131371090	+	6.516	4.71	>	6	14	76
985	chr6	94054143	94054124	-	6.5	13.34	>	6	14	76
986	chr14	20697228	20697209	+	6.465	17.88	>	6	14	76
987	chr10	122798121	122798102	+	6.46	15.23	>	6	14	76
988	chr13	14196604	14196585	+	6.45	1.613	>	6	14	76
989	chr3	118991976	118991957	+	6.438	8.26	>	6	14	76
990	chr9	107231295	107231276	-	6.434	7.414	>	6	14	76
991	chr15	24557016	24556997	-	6.418	3.371	>	6	14	76
992	chr2	178407758	178407739	+	6.414	11.43	>	6	14	76
993	chr9	90683476	90683457	-	6.38	1.322	>	6	14	76
994	chr6	22968335	22968316	-	6.34	6.418	>	6	14	76
995	chr12	67217811	67217792	+	6.336	1.95	>	6	14	76
996	chr10	82910438	82910419	+	6.277	10.99	>	6	14	76
997	chr7	49125716	49125697	+	6.258	16.88	>	6	14	76
998	chr11	119491305	119491286	-	6.215	10.81	>	6	14	76
999	chr11	32341308	32341289	-	6.21	14.555	>	6	14	76
1000	chr19	8713406	8713387	+	6.19	10.44	>	6	14	76
1001	chr4	48048044	48048025	+	6.152	6.21	>	6	14	76
1002	chr11	52764825	52764806	+	6.15	7.75	>	6	14	76
1003	chr13	20564636	20564617	-	6.145	4.82	>	6	14	76
1004	chr10	39105011	39104992	-	6.14	7.152	>	6	14	76
1005	chr11	98909856	98909837	-	6.117	18.95	>	6	14	76
1006	chr1	151025102	151025083	+	6.117	4.496	>	6	14	76
1007	chr5	98167777	98167758	-	6.113	9.555	>	6	14	76
1008	chr8	88118562	88118543	+	6.062	3.66	>	6	14	76
1009	chr16	92511934	92511915	+	6.035	16.34	>	6	14	76
1010	chr15	25792295	25792276	-	6.008	6.87	>	6	14	76
1011	chr13	92751194	92751175	+	5.938	12.68	>	6	14	76
1012	chr5	101688793	101688774	-	5.934	12.51	>	6	14	76
1013	chr7	112023252	112023233	+	5.93	8.26	>	6	14	76
1014	chr14	21854038	21854019	-	5.914	27.36	>	6	14	76
1015	chr8	32003733	32003714	-	5.9	2.012	>	6	14	76
1016	chr13	53095394	53095375	-	5.867	6.086	>	6	14	76
1017	chr1	182554179	182554160	+	5.836	10.15	>	6	14	76
1018	chr6	18381568	18381549	+	5.832	1.955	>	6	14	76
1019	chr9	77389590	77389571	+	5.832	5.68	>	6	14	76
1020	chr16	5254481	5254462	-	5.812	12.77	>	6	14	76
1021	chr2	93199625	93199606	+	5.797	14.08	>	6	14	76
1022	chr9	81631651	81631632	-	5.793	3.863	>	6	14	76
1023	chr2	152887412	152887393	-	5.78	4.652	>	6	14	76
1024	chr4	153481137	153481118	-	5.766	3.3	>	6	14	76
1025	chr8	72239706	72239687	-	5.754	5.32	>	6	14	76
1026	chr18	65750236	65750217	-	5.703	2.543	>	6	14	76
1027	chr6	61311882	61311863	-	5.68	7.43	>	6	14	76
1028	chr18	46143625	46143606	+	5.676	6.477	>	6	14	76
1029	chr6	120836118	120836099	+	5.64	7.797	>	6	14	76
1030	chr6	100563990	100563971	-	5.625	4.164	>	6	14	76
1031	chr3	13475098	13475079	-	5.61	1.948	>	6	14	76
1032	chr2	132262968	132262949	+	5.6	7.164	>	6	14	76
1033	chr11	103334169	103334150	+	5.594	12.02	>	6	14	76
1034	chr6	54255029	54255010	+	5.586	4.35	>	6	14	76
1035	chr13	101711018	101710999	+	5.543	9.15	>	6	14	76
1036	chr5	39644761	39644742	-	5.54	3.531	>	6	14	76
1037	chr8	90795201	90795182	-	5.516	4.996	>	6	14	76
1038	chr18	23162646	23162627	+	5.51	1.562	>	6	14	76
1039	chr16	78165563	78165544	+	5.477	7.39	>	6	14	76
1040	chr2	96584106	96584087	-	5.44	3.29	>	6	14	76
1041	chr12	72070473	72070454	+	5.426	11.336	>	6	14	76
1042	chr12	24708691	24708672	+	5.414	9.914	>	6	14	76
1043	chr8	92367135	92367116	-	5.406	6.984	>	6	14	76
1044	chr17	83866777	83866758	+	5.4	23.0	>	6	14	76
1045	chr13	55322636	55322617	-	5.4	7.0	>	6	14	76
1046	chr6	88893771	88893752	-	5.395	16.78	>	6	14	76
1047	chr19	8718731	8718712	-	5.383	8.6	>	6	14	76
1048	chr12	59220179	59220160	-	5.38	2.5	>	6	14	76
1049	chr14	60784526	60784507	+	5.367	16.06	>	6	14	76
1050	chr3	153658591	153658572	+	5.33	6.258	>	6	14	76
1051	chr9	77386949	77386930	-	5.312	12.24	>	6	14	76
1052	chr10	83219903	83219884	+	5.312	6.188	>	6	14	76
1053	chr6	15176967	15176948	-	5.31	2.947	>	6	14	76
1054	chr2	152604207	152604188	-	5.27	19.44	>	6	14	76
1055	chr2	39003369	39003350	-	5.26	1.671	>	6	14	76
1056	chr16	31425707	31425688	-	5.254	13.484	>	6	14	76
1057	chr5	137503018	137502999	-	5.227	3.691	>	6	14	76
1058	chr18	13973086	13973067	-	5.207	0.71	>	6	14	76
1059	chr17	68849016	68848997	-	5.2	1.891	>	6	14	76
1060	chr2	128408931	128408912	-	5.19	8.72	>	6	14	76
1061	chr14	97559790	97559771	-	5.16	2.041	>	6	14	76
1062	chr8	67903864	67903845	-	5.13	6.113	>	6	14	76
1063	chr14	56888181	56888162	-	5.125	3.316	>	6	14	76
1064	chr4	132198465	132198446	+	5.125	11.19	>	6	14	76
1065	chr2	39005861	39005842	-	5.12	3.883	>	6	14	76
1066	chr7	137471679	137471660	-	5.1	19.97	>	6	14	76
1067	chr6	64949075	64949056	+	5.09	5.168	>	6	14	76
1068	chr18	16821148	16821129	+	5.043	1.935	>	6	14	76
1069	chr2	93813566	93813547	+	5.04	13.086	>	6	14	76
1070	chr6	126481478	126481459	-	5.023	10.89	>	6	14	76
1071	chr1	181881093	181881074	-	4.984	10.19	>	6	14	76
1072	chr6	108065822	108065803	-	4.977	6.67	>	6	14	76
1073	chr4	88550373	88550354	+	4.938	4.04	>	6	14	76
1074	chr5	137502167	137502148	+	4.867	8.81	>	6	14	76
1075	chr8	77618148	77618129	-	4.86	4.188	>	6	14	76
1076	chr7	120098024	120098005	+	4.855	7.22	>	6	14	76
1077	chr2	75152706	75152687	-	4.824	10.55	>	6	14	76
1078	chr11	87950193	87950174	+	4.78	11.09	>	6	14	76
1079	chr11	94598936	94598917	-	4.746	10.49	>	6	14	76
1080	chr1	10229119	10229100	+	4.746	0.972	>	6	14	76
1081	chr7	143476888	143476869	+	4.746	8.89	>	6	14	76
1082	chr9	102607693	102607674	-	4.715	3.604	>	6	14	76
1083	chr8	32009749	32009730	+	4.71	6.785	>	6	14	76
1084	chr3	99262117	99262098	-	4.707	1.889	>	6	14	76
1085	chr18	75607987	75607968	+	4.664	23.11	>	6	14	76
1086	chr7	75380211	75380192	-	4.64	2.41	>	6	14	76
1087	chr3	135863108	135863089	+	4.64	3.164	>	6	14	76
1088	chr4	87369015	87368996	-	4.625	9.125	>	6	14	76
1089	chr8	84639535	84639516	+	4.605	13.88	>	6	14	76
1090	chr15	74524301	74524282	+	4.586	13.7	>	6	14	76
1091	chr17	57007316	57007297	-	4.582	9.42	>	6	14	76
1092	chr11	30893985	30893966	+	4.547	0.9004	>	6	14	76
1093	chr19	57360190	57360171	-	4.543	2.654	>	6	14	76
1094	chr8	110102657	110102638	-	4.53	9.24	>	6	14	76
1095	chr7	135389259	135389240	-	4.53	9.336	>	6	14	76
1096	chr4	152527530	152527511	+	4.516	13.99	>	6	14	76
1097	chr13	103710441	103710422	+	4.5	4.57	>	6	14	76
1098	chr10	120896053	120896034	+	4.5	2.322	>	6	14	76
1099	chr18	5155632	5155613	-	4.484	6.39	>	6	14	76
1100	chr12	80141693	80141674	-	4.45	17.05	>	6	14	76
1101	chr5	118763566	118763547	-	4.418	12.81	>	6	14	76
1102	chr12	14150175	14150156	+	4.406	3.688	>	6	14	76
1103	chr10	128990300	128990281	-	4.4	8.03	>	6	14	76
1104	chr10	30834038	30834019	-	4.37	4.473	>	6	14	76
1105	chr6	50618483	50618464	+	4.367	12.766	>	6	14	76
1106	chr15	9748972	9748953	-	4.36	3.496	>	6	14	76
1107	chr16	92308164	92308145	-	4.355	11.22	>	6	14	76
1108	chr2	9881964	9881945	-	4.355	2.918	>	6	14	76
1109	chr8	123106089	123106070	+	4.336	8.18	>	6	14	76
1110	chr5	98346264	98346245	+	4.324	2.342	>	6	14	76
1111	chr10	40249841	40249822	-	4.316	12.23	>	6	14	76
1112	chr3	141457685	141457666	+	4.312	4.707	>	6	14	76
1113	chr9	40192620	40192601	-	4.3	2.145	>	6	14	76
1114	chr9	72448248	72448229	+	4.29	7.78	>	6	14	76
1115	chr13	24316809	24316790	-	4.273	3.682	>	6	14	76
1116	chr1	50927249	50927230	+	4.258	4.5	>	6	14	76
1117	chr11	102690417	102690398	-	4.223	12.195	>	6	14	76
1118	chr4	116627141	116627122	+	4.207	6.52	>	6	14	76
1119	chr15	76198817	76198798	+	4.164	10.72	>	6	14	76
1120	chr15	12113620	12113601	-	4.156	3.312	>	6	14	76
1121	chr1	115675059	115675040	+	4.152	5.223	>	6	14	76
1122	chr2	34644807	34644788	-	4.15	8.266	>	6	14	76
1123	chr2	166084974	166084955	-	4.133	18.12	>	6	14	76
1124	chr11	21571906	21571887	-	4.13	2.105	>	6	14	76
1125	chr15	9449709	9449690	-	4.062	0.543	>	6	14	76
1126	chr5	92664520	92664501	-	4.055	3.326	>	6	14	76
1127	chr12	77001216	77001197	+	4.043	1.105	>	6	14	76
1128	chr6	93757507	93757488	-	4.01	5.273	>	6	14	76
1129	chr19	56302794	56302775	+	4.01	3.797	>	6	14	76
1130	chr13	71954038	71954019	-	4.008	1.19	>	6	14	76
1131	chr4	17852015	17851996	-	4.0	0.8535	>	6	14	76
1132	chr18	39136126	39136107	+	3.992	1.932	>	6	14	76
1133	chr1	153489234	153489215	-	3.99	7.715	>	6	14	76
1134	chr9	66136172	66136153	-	3.988	5.383	>	6	14	76
1135	chr11	109621431	109621412	-	3.979	11.484	>	6	14	76
1136	chr13	91723318	91723299	+	3.959	5.49	>	6	14	76
1137	chr13	3642291	3642272	-	3.959	4.75	>	6	14	76
1138	chr13	47304770	47304751	+	3.957	6.746	>	6	14	76
1139	chr2	121144456	121144437	+	3.953	4.504	>	6	14	76
1140	chr13	93772223	93772204	-	3.928	3.56	>	6	14	76
1141	chr10	70967079	70967060	+	3.916	4.88	>	6	14	76
1142	chr13	59417085	59417066	-	3.91	5.0	>	6	14	76
1143	chr7	102484972	102484953	-	3.883	7.0	>	6	14	76
1144	chr5	38235667	38235648	-	3.879	10.78	>	6	14	76
1145	chr14	56885401	56885382	+	3.87	2.412	>	6	14	76
1146	chr11	75170669	75170650	-	3.861	7.984	>	6	14	76
1147	chr11	77980417	77980398	+	3.846	9.5	>	6	14	76
1148	chr9	94738712	94738693	+	3.828	14.92	>	6	14	76
1149	chr6	140466500	140466481	-	3.816	3.785	>	6	14	76
1150	chr19	57361025	57361006	-	3.814	6.484	>	6	14	76
1151	chr12	58972459	58972440	+	3.777	2.135	>	6	14	76
1152	chr2	61490636	61490617	+	3.775	5.23	>	6	14	76
1153	chr4	44310651	44310632	+	3.762	4.973	>	6	14	76
1154	chr11	52766147	52766128	+	3.734	1.83	>	6	14	76
1155	chr13	72627587	72627568	-	3.717	4.066	>	6	14	76
1156	chr9	23012459	23012440	-	3.71	1.704	>	6	14	76
1157	chr16	31427924	31427905	-	3.705	3.383	>	6	14	76
1158	chr12	29895773	29895754	+	3.691	1.481	>	6	14	76
1159	chr9	73154557	73154538	+	3.666	9.1	>	6	14	76
1160	chr1	127484437	127484418	-	3.66	8.8	>	6	14	76
1161	chr9	107566236	107566217	+	3.656	7.098	>	6	14	76
1162	chr2	68118338	68118319	+	3.652	4.36	>	6	14	76
1163	chr11	11140836	11140817	-	3.629	13.69	>	6	14	76
1164	chr12	74014936	74014917	-	3.627	5.97	>	6	14	76
1165	chr7	138396301	138396282	-	3.621	0.934	>	6	14	76
1166	chr14	103534605	103534586	+	3.617	5.312	>	6	14	76
1167	chr10	115164112	115164093	-	3.613	3.031	>	6	14	76
1168	chr7	119019764	119019745	+	3.598	7.113	>	6	14	76
1169	chr13	96389525	96389506	-	3.588	1.339	>	6	14	76
1170	chr14	74723724	74723705	-	3.586	5.766	>	6	14	76
1171	chr14	55114114	55114095	-	3.57	7.387	>	6	14	76
1172	chr9	62784468	62784449	+	3.562	12.84	>	6	14	76
1173	chr10	127678167	127678148	-	3.541	2.129	>	6	14	76
1174	chr17	55948218	55948199	-	3.535	4.3	>	6	14	76
1175	chr11	78183263	78183244	-	3.525	12.305	>	6	14	76
1176	chr6	59207403	59207384	-	3.508	1.477	>	6	14	76
1177	chr6	135416919	135416900	+	3.498	4.027	>	6	14	76
1178	chr5	122104403	122104384	+	3.492	11.98	>	6	14	76
1179	chr13	37971068	37971049	-	3.482	3.088	>	6	14	76
1180	chr5	114612410	114612391	+	3.48	13.6	>	6	14	76
1181	chr10	114442226	114442207	+	3.46	2.104	>	6	14	76
1182	chr2	145655527	145655508	-	3.44	2.05	>	6	14	76
1183	chr7	109507351	109507332	-	3.418	1.832	>	6	14	76
1184	chr16	10009965	10009946	+	3.402	4.965	>	6	14	76
1185	chr14	67969032	67969013	-	3.385	5.523	>	6	14	76
1186	chr5	140744055	140744036	-	3.348	10.35	>	6	14	76
1187	chr1	56984334	56984315	+	3.338	2.584	>	6	14	76
1188	chr2	137110782	137110763	+	3.328	1.323	>	6	14	76
1189	chr16	22267525	22267506	+	3.322	1.262	>	6	14	76
1190	chr16	4884595	4884576	-	3.3	2.822	>	6	14	76
1191	chr5	19458406	19458387	-	3.291	6.625	>	6	14	76
1192	chr1	84697217	84697198	-	3.29	7.492	>	6	14	76
1193	chr14	122903088	122903069	-	3.29	2.205	>	6	14	76
1194	chr7	64056729	64056710	-	3.273	1.214	>	6	14	76
1195	chr9	71624061	71624042	-	3.273	15.39	>	6	14	76
1196	chr9	96885958	96885939	-	3.271	10.016	>	6	14	76
1197	chr18	46964733	46964714	-	3.266	8.555	>	6	14	76
1198	chr3	122638475	122638456	+	3.26	4.82	>	6	14	76
1199	chr9	94733848	94733829	+	3.256	3.768	>	6	14	76
1200	chr1	167938404	167938385	-	3.25	6.79	>	6	14	76
1201	chr1	180811841	180811822	+	3.244	6.383	>	6	14	76
1202	chr10	42760472	42760453	+	3.229	1.784	>	6	14	76
1203	chr18	20598347	20598328	+	3.213	4.758	>	6	14	76
1204	chr17	71909305	71909286	+	3.203	3.572	>	6	14	76
1205	chr1	34459898	34459879	+	3.193	3.389	>	6	14	76
1206	chr4	117202234	117202215	-	3.191	9.61	>	6	14	76
1207	chr15	101313974	101313955	-	3.178	2.96	>	6	14	76
1208	chr16	13438138	13438119	+	3.176	1.241	>	6	14	76
1209	chr7	114878499	114878480	+	3.174	1.604	>	6	14	76
1210	chr11	109866735	109866716	+	3.166	2.812	>	6	14	76
1211	chr3	123509329	123509310	+	3.162	5.67	>	6	14	76
1212	chr3	114085881	114085862	-	3.146	0.5283	>	6	14	76
1213	chr4	120149384	120149365	-	3.145	8.09	>	6	14	76
1214	chr16	4549594	4549575	-	3.137	11.12	>	6	14	76
1215	chr15	78872224	78872205	+	3.133	9.35	>	6	14	76
1216	chr12	57231261	57231242	-	3.127	3.32	>	6	14	76
1217	chr9	71624949	71624930	-	3.125	15.0	>	6	14	76
1218	chr4	18963859	18963840	-	3.12	4.01	>	6	14	76
1219	chr8	40913366	40913347	-	3.115	1.625	>	6	14	76
1220	chr5	21645240	21645221	-	3.11	1.259	>	6	14	76
1221	chr10	68357244	68357225	+	3.094	1.353	>	6	14	76
1222	chr2	93812077	93812058	-	3.06	11.82	>	6	14	76
1223	chr12	75669431	75669412	-	3.05	4.1	>	6	14	76
1224	chr1	12844023	12844004	+	3.033	4.33	>	6	14	76
1225	chr12	86697142	86697123	+	3.025	6.996	>	6	14	76
1226	chr9	98033678	98033659	+	3.021	1.525	>	6	14	76
1227	chr19	37946902	37946883	+	3.02	4.082	>	6	14	76
1228	chr9	75271676	75271657	+	3.01	4.42	>	6	14	76
1229	chr11	55162881	55162862	+	2.996	3.625	>	6	14	76
1230	chr17	25274339	25274320	-	2.984	4.45	>	6	14	76
1231	chr6	108065317	108065298	+	2.984	5.535	>	6	14	76
1232	chr7	5071749	5071730	-	2.928	2.754	>	6	14	76
1233	chr3	152477906	152477887	-	2.922	3.295	>	6	14	76
1234	chr5	28090770	28090751	-	2.922	2.412	>	6	14	76
1235	chr14	78282622	78282603	+	2.91	2.186	>	6	14	76
1236	chr14	88480122	88480103	-	2.906	3.236	>	6	14	76
1237	chr7	107569047	107569028	+	2.902	1.588	>	6	14	76
1238	chr3	83777088	83777069	-	2.879	3.992	>	6	14	76
1239	chr8	48550865	48550846	+	2.871	0.592	>	6	14	76
1240	chr7	132575955	132575936	-	2.855	4.473	>	6	14	76
1241	chr14	79769127	79769108	-	2.852	4.36	>	6	14	76
1242	chr17	69974245	69974226	-	2.799	1.284	>	6	14	76
1243	chr12	66284211	66284192	-	2.793	5.484	>	6	14	76
1244	chr6	83796902	83796883	-	2.785	3.35	>	6	14	76
1245	chr9	44108077	44108058	+	2.785	11.375	>	6	14	76
1246	chr11	116023924	116023905	+	2.777	6.906	>	6	14	76
1247	chr3	86779824	86779805	-	2.775	8.64	>	6	14	76
1248	chr19	46056202	46056183	+	2.77	5.27	>	6	14	76
1249	chr10	108210181	108210162	-	2.762	0.674	>	6	14	76
1250	chr8	27001386	27001367	+	0.4329	0.4077	>	6	14	76
1251	chr17	28338029	28338010	-	0.252	0.265	>	6	14	76
1252	chr11	76445826	76445807	-	0.2268	0.1863	>	6	14	76
1253	chr5	144244146	144244127	-	0.311	0.3691	>	6	14	76
1254	chr14	79768803	79768784	-	0.3076	0.2808	>	6	14	76
1255	chr9	26778623	26778604	-	1.299	0.6914	>	6	14	76
1256	chr7	25392052	25392033	+	0.2487	0.242	>	6	14	76
1257	chr3	101484879	101484860	-	0.3438	0.528	>	6	14	76
1258	chr2	69113988	69113969	+	0.2472	0.1981	>	6	14	76
1259	chr13	29852447	29852428	-	0.1781	0.1941	>	6	14	76
1260	chr2	60213231	60213212	-	0.1073	0.1628	>	6	14	76
1261	chr2	171418157	171418138	-	0.1407	0.2131	>	6	14	76
1262	chr7	64392050	64392031	-	0.514	0.2006	>	6	14	76
1263	chr15	36157434	36157415	-	0.7227	0.836	>	6	14	76
1264	chr4	49662357	49662338	-	0.4692	0.2915	>	6	14	76
1265	chr4	48422356	48422337	+	1.027	0.5225	>	6	14	76
1266	chr18	82720514	82720495	+	0.1605	0.1409	>	6	14	76
1267	chr1	172022686	172022667	+	0.1733	0.1764	>	6	14	76
1268	chr7	139595890	139595871	+	0.1575	0.2125	>	6	14	76
1269	chr12	73007842	73007823	-	0.345	0.2974	>	6	14	76
1270	chr17	27192928	27192909	-	0.1056	0.4468	>	6	14	76
1271	chr1	53698960	53698941	+	0.557	0.255	>	6	14	76
1272	chr18	12734380	12734361	+	0.207	0.1383	>	6	14	76
1273	chr6	126767488	126767469	-	0.2039	0.2483	>	6	14	76
1274	chr2	92856249	92856230	-	2.734	0.857	>	6	14	76
1275	chr11	74572851	74572832	+	0.2646	0.2705	>	6	14	76
1276	chr9	59675637	59675618	-	0.4082	0.744	>	6	14	76
1277	chr15	55025647	55025628	+	0.1847	0.1536	>	6	14	76
1278	chr4	120579150	120579131	-	0.33	0.264	>	6	14	76
1279	chr15	74525720	74525701	+	0.2172	0.2104	>	6	14	76
1280	chr1	88748095	88748076	+	0.1973	0.1881	>	6	14	76
1281	chr15	32239655	32239636	-	0.2822	0.1587	>	6	14	76
1282	chr7	36571183	36571164	+	0.1103	0.1942	>	6	14	76
1283	chr11	113855351	113855332	-	0.1613	0.1947	>	6	14	76
1284	chr6	90609163	90609144	+	2.127	1.159	>	6	14	76
1285	chr3	146181407	146181388	-	0.2034	0.3416	>	6	14	76
1286	chr10	69857222	69857203	-	0.3232	0.3599	>	6	14	76
1287	chr2	158361425	158361406	-	0.5625	0.2502	>	6	14	76
1288	chr5	136268179	136268160	-	0.1886	0.2153	>	6	14	76
1289	chr16	11983350	11983331	-	1.634	1.076	>	6	14	76
1290	chr2	84437773	84437754	+	0.2305	0.14	>	6	14	76
1291	chr18	24002018	24001999	-	0.133	0.1333	>	6	14	76
1292	chr1	130151533	130151514	-	0.4075	0.3347	>	6	14	76
1293	chr9	59675855	59675836	+	0.3367	0.2161	>	6	14	76
1294	chr11	116840251	116840232	-	0.3374	0.637	>	6	14	76
1295	chr2	155819963	155819944	+	0.07886	0.146	>	6	14	76
1296	chr14	105301632	105301613	+	0.206	0.2114	>	6	14	76
1297	chr12	9044592	9044573	+	0.1821	0.2019	>	6	14	76
1298	chr18	13971224	13971205	-	0.5337	0.3596	>	6	14	76
1299	chr5	136267600	136267581	-	0.2751	0.189	>	6	14	76
1300	chr5	33371430	33371411	+	0.3992	0.1644	>	6	14	76
1301	chr14	51090397	51090378	-	0.4153	0.243	>	6	14	76
1302	chr1	77935072	77935053	+	0.1814	0.1729	>	6	14	76
1303	chr11	119246049	119246030	-	0.204	0.3367	>	6	14	76
1304	chr17	50274949	50274930	-	0.441	0.1749	>	6	14	76
1305	chr8	108956442	108956423	+	0.5635	0.3044	>	6	14	76
1306	chr11	66885340	66885321	+	0.1636	0.169	>	6	14	76
1307	chr7	30099945	30099926	-	0.1979	0.1757	>	6	14	76
1308	chr15	99973159	99973140	-	0.1998	0.3345	>	6	14	76
1309	chr5	16308949	16308930	+	0.1567	0.1411	>	6	14	76
1310	chr6	119466578	119466559	-	0.9824	0.9795	>	6	14	76
1311	chr2	136886679	136886660	+	0.7764	0.2095	>	6	14	76
1312	chr14	79763594	79763575	-	0.2852	0.151	>	6	14	76
1313	chr2	170416012	170415993	+	0.1837	0.1256	>	6	14	76
1314	chr4	41015236	41015217	-	0.1882	0.1434	>	6	14	76
1315	chr11	70975109	70975090	+	0.713	0.3914	>	6	14	76
1316	chr5	122773202	122773183	+	0.11584	0.1375	>	6	14	76
1317	chr4	128588031	128588012	-	0.2659	0.1909	>	6	14	76
1318	chr8	122576186	122576167	-	0.11285	0.1545	>	6	14	76
1319	chr7	76383989	76383970	+	0.1553	0.154	>	6	14	76
1320	chr9	41467019	41467000	-	0.2223	0.1565	>	6	14	76
1321	chr1	32712246	32712227	-	0.05322	0.1516	>	6	14	76
1322	chr16	23974866	23974847	-	0.5283	0.3425	>	6	14	76
1323	chr15	84066194	84066175	-	0.6196	1.17	>	6	14	76
1324	chr11	40148920	40148901	-	1.272	0.642	>	6	14	76
1325	chr7	27166488	27166469	-	0.306	0.491	>	6	14	76
1326	chr11	30240273	30240254	+	0.4001	0.2556	>	6	14	76
1327	chr2	69115969	69115950	-	0.1754	0.1587	>	6	14	76
1328	chr9	113420569	113420550	-	0.2261	0.2178	>	6	14	76
1329	chr12	99882528	99882509	-	0.2617	0.1387	>	6	14	76
1330	chr5	77347648	77347629	-	0.3625	0.4211	>	6	14	76
1331	chr10	49780455	49780436	+	0.2179	0.1394	>	6	14	76
1332	chr5	75855263	75855244	-	0.6416	0.4326	>	6	14	76
1333	chr2	124087358	124087339	-	0.6436	0.2075	>	6	14	76
1334	chr14	49219056	49219037	+	0.678	0.694	>	6	14	76
1335	chr5	147938091	147938072	+	0.368	0.1842	>	6	14	76
1336	chr11	32340288	32340269	+	0.1792	0.1648	>	6	14	76
1337	chr16	50181579	50181560	+	0.2006	0.1838	>	6	14	76
1338	chr16	20496121	20496102	-	0.6714	0.1777	>	6	14	76
1339	chr8	76775680	76775661	+	0.135	0.1975	>	6	14	76
1340	chr14	65597676	65597657	+	0.6543	0.452	>	6	14	76
1341	chr7	64754771	64754752	+	0.1351	0.2295	>	6	14	76
1342	chr2	166083979	166083960	-	0.2964	0.2065	>	6	14	76
1343	chr16	44140440	44140421	+	0.4607	0.3381	>	6	14	76
1344	chr12	90524338	90524319	-	0.3223	0.2983	>	6	14	76
1345	chr5	89391716	89391697	+	0.1626	0.1418	>	6	14	76
1346	chr9	59675438	59675419	-	0.2104	0.1542	>	6	14	76
1347	chr19	16339103	16339084	-	0.1967	0.1177	>	6	14	76
1348	chr13	30545067	30545048	+	0.3672	0.2915	>	6	14	76
1349	chr1	92462681	92462662	+	0.3916	0.1832	>	6	14	76
1350	chr4	84066283	84066264	-	0.1898	0.1552	>	6	14	76
1351	chr9	83373922	83373903	-	0.2197	0.1434	>	6	14	76
1352	chr4	88773969	88773950	-	0.9507	8.01	>	6	14	76
1353	chr9	123132258	123132239	-	0.1687	0.1416	>	6	14	76
1354	chr17	34958843	34958824	-	0.2079	0.5464	>	6	14	76
1355	chr12	50946225	50946206	+	0.2341	0.157	>	6	14	76
1356	chr13	73647252	73647233	+	0.267	0.1704	>	6	14	76
1357	chr11	83279300	83279281	-	0.4434	0.2251	>	6	14	76
1358	chr17	8986048	8986029	-	0.3325	0.212	>	6	14	76
1359	chr4	14935721	14935702	-	0.7095	0.296	>	6	14	76
1360	chr4	75076699	75076680	+	0.09125	0.2014	>	6	14	76
1361	chr5	114610713	114610694	+	0.0985	0.1626	>	6	14	76
1362	chr9	83378273	83378254	-	0.471	0.2808	>	6	14	76
1363	chr9	107773182	107773163	-	0.1786	0.1414	>	6	14	76
1364	chr9	41218030	41218011	+	0.1323	0.1355	>	6	14	76
1365	chr9	105644718	105644699	+	0.4255	0.1808	>	6	14	76
1366	chr8	84264441	84264422	-	1.261	1.4795	>	6	14	76
1367	chr4	135959453	135959434	+	0.112	0.2223	>	6	14	76
1368	chr1	24684268	24684249	+	0.4001	0.1942	>	6	14	76
1369	chr3	87748577	87748558	-	0.7593	0.4382	>	6	14	76
1370	chr9	54690950	54690931	+	0.11566	0.136	>	6	14	76
1371	chr15	82277690	82277671	-	0.9043	0.4492	>	6	14	76
1372	chr5	115498528	115498509	-	0.2693	0.2164	>	6	14	76
1373	chr9	56621276	56621257	+	0.10846	0.253	>	6	14	76
1374	chr18	81956733	81956714	-	0.2815	0.2637	>	6	14	76
1375	chr10	22791401	22791382	-	0.1346	0.2358	>	6	14	76
1376	chr15	82271301	82271282	+	0.836	0.1838	>	6	14	76
1377	chr12	69946159	69946140	+	0.555	0.455	>	6	14	76
1378	chr14	101442800	101442781	+	0.2983	0.1344	>	6	14	76
1379	chr2	164777017	164776998	-	0.5176	0.361	>	6	14	76
1380	chr10	24631573	24631554	-	1.178	1.224	>	6	14	76
1381	chr1	136528510	136528491	-	1.761	0.7373	>	6	14	76
1382	chr10	19222118	19222099	-	1.411	0.8228	>	6	14	76
1383	chr14	56885508	56885489	-	2.348	4.004	>	6	14	76
1384	chr8	85060493	85060474	-	0.9688	0.437	>	6	14	76
1385	chr11	96075822	96075803	-	0.9316	0.4944	>	6	14	76
1386	chr11	77476535	77476516	+	0.1632	0.2383	>	6	14	76
1387	chr1	81294004	81293985	-	0.905	0.562	>	6	14	76
1388	chr12	15520954	15520935	+	0.7183	0.4033	>	6	14	76
1389	chr7	66397054	66397035	+	0.1594	0.2107	>	6	14	76
1390	chr12	74014582	74014563	-	0.2377	0.1973	>	6	14	76
1391	chr5	144242554	144242535	-	0.241	0.1987	>	6	14	76
1392	chr15	66894943	66894924	+	0.2703	0.2021	>	6	14	76
1393	chr6	126484995	126484976	-	0.4333	1.278	>	6	14	76
1394	chr4	48427148	48427129	+	0.678	0.3833	>	6	14	76
1395	chr15	71459211	71459192	+	0.252	0.1731	>	6	14	76
1396	chr3	19896435	19896416	-	0.2361	0.1467	>	6	14	76
1397	chr8	68268707	68268688	-	0.1398	0.1492	>	6	14	76
1398	chr1	182555580	182555561	-	0.1982	0.1915	>	6	14	76
1399	chr9	44413186	44413167	-	0.534	0.393	>	6	14	76
1400	chr14	70151716	70151697	+	0.3604	0.2382	>	6	14	76
1401	chr4	62478250	62478231	+	0.438	0.1328	>	6	14	76
1402	chr3	127561629	127561610	-	0.2183	0.12354	>	6	14	76
1403	chr3	69139614	69139595	-	0.397	0.2261	>	6	14	76
1404	chr17	17919616	17919597	+	0.1678	0.167	>	6	14	76
1405	chr4	139314214	139314195	-	0.2279	0.269	>	6	14	76
1406	chr18	61952763	61952744	-	0.2372	0.1731	>	6	14	76
1407	chr9	7599188	7599169	+	0.33	0.191	>	6	14	76
1408	chr10	120898341	120898322	-	0.3386	0.1467	>	6	14	76
1409	chr11	57469613	57469594	-	0.1846	0.2297	>	6	14	76
1410	chr18	58480198	58480179	-	0.2095	0.1665	>	6	14	76
1411	chr17	12380527	12380508	-	0.658	0.591	>	6	14	76
1412	chr2	107940173	107940154	+	0.11664	0.1351	>	6	14	76
1413	chr2	32580534	32580515	-	0.2605	0.4055	>	6	14	76
1414	chr15	98813480	98813461	+	0.3496	0.5376	>	6	14	76
1415	chr6	54253893	54253874	+	0.1663	0.1743	>	6	14	76
1416	chr1	135800865	135800846	+	0.1766	0.1665	>	6	14	76
1417	chr15	58426369	58426350	+	0.1996	0.1519	>	6	14	76
1418	chr4	87367775	87367756	+	0.3853	0.1472	>	6	14	76
1419	chr2	96583103	96583084	-	0.809	0.3242	>	6	14	76
1420	chr4	63366959	63366940	-	0.1979	0.1753	>	6	14	76
1421	chr4	59761293	59761274	-	0.3435	0.2113	>	6	14	76
1422	chr10	7832162	7832143	+	0.2646	0.1672	>	6	14	76
1423	chr7	89904213	89904194	-	0.2908	0.156	>	6	14	76
1424	chr1	30697342	30697323	+	0.1025	0.1263	>	6	14	76
1425	chr1	58987602	58987583	+	0.2202	0.1498	>	6	14	76
1426	chr15	7452190	7452171	+	0.1405	0.12085	>	6	14	76
1427	chr4	139877044	139877025	+	0.3875	0.2688	>	6	14	76
1428	chr3	83291887	83291868	-	0.0825	0.137	>	6	14	76
1429	chr15	68912907	68912888	-	0.5024	0.2024	>	6	14	76
1430	chr14	64593744	64593725	-	1.073	0.5703	>	6	14	76
1431	chr1	56980349	56980330	-	0.2778	0.2322	>	6	14	76
1432	chr14	75833620	75833601	-	0.6006	0.4543	>	6	14	76
1433	chr16	62904648	62904629	-	0.217	0.1924	>	6	14	76
1434	chr5	35991229	35991210	-	1.033	1.082	>	6	14	76
1435	chr5	44287418	44287399	-	0.248	0.155	>	6	14	76
1436	chr15	76199915	76199896	-	0.07776	0.3071	>	6	14	76
1437	chr4	131240262	131240243	-	0.241	0.206	>	6	14	76
1438	chr5	102147917	102147898	-	0.228	0.2458	>	6	14	76
1439	chr3	93086926	93086907	+	0.0978	0.1787	>	6	14	76
1440	chr6	126163382	126163363	+	2.373	1.376	>	6	14	76
1441	chr3	45375769	45375750	+	1.051	0.2544	>	6	14	76
1442	chr16	90306219	90306200	-	0.3647	0.3506	>	6	14	76
1443	chr17	3249270	3249251	-	0.1843	0.136	>	6	14	76
1444	chr4	143024421	143024402	-	0.087	0.1317	>	6	14	76
1445	chr19	47513892	47513873	-	0.2471	0.1393	>	6	14	76
1446	chr6	66534595	66534576	-	1.387	0.675	>	6	14	76
1447	chr6	134963172	134963153	-	0.6475	0.5996	>	6	14	76
1448	chr14	56369245	56369226	+	0.2401	0.1912	>	6	14	76
1449	chr18	53460219	53460200	+	0.1775	0.162	>	6	14	76
1450	chr7	89476922	89476903	-	0.2163	0.1522	>	6	14	76
1451	chr6	34273116	34273097	+	0.0673	0.1545	>	6	14	76
1452	chr7	142295608	142295589	-	1.062	6.32	>	6	14	76
1453	chr3	22302208	22302189	+	0.992	0.3848	>	6	14	76
1454	chr6	31045994	31045975	-	0.7534	0.959	>	6	14	76
1455	chr9	57143378	57143359	-	0.1816	0.2302	>	6	14	76
1456	chr6	101268340	101268321	+	0.2712	0.1924	>	6	14	76
1457	chr9	58897456	58897437	-	0.7163	0.4846	>	6	14	76
1458	chr17	79601068	79601049	+	0.2245	0.12476	>	6	14	76
1459	chr16	5254607	5254588	-	0.2883	0.22	>	6	14	76
1460	chr4	83595536	83595517	+	1.783	1.041	>	6	14	76
1461	chr9	51159881	51159862	-	0.6875	0.266	>	6	14	76
1462	chr14	66354429	66354410	+	0.1142	0.1388	>	6	14	76
1463	chr5	117090283	117090264	+	0.5806	0.4014	>	6	14	76
1464	chr2	168061425	168061406	-	0.1733	0.2051	>	6	14	76
1465	chr5	9169228	9169209	+	0.3306	0.1686	>	6	14	76
1466	chr6	28418701	28418682	-	0.4202	0.266	>	6	14	76
1467	chr12	105038443	105038424	-	0.1501	0.2063	>	6	14	76
1468	chr1	182558143	182558124	-	0.2264	0.1511	>	6	14	76
1469	chr8	47713300	47713281	-	1.078	1.646	>	6	14	76
1470	chr18	47357393	47357374	+	0.2007	0.1278	>	6	14	76
1471	chr1	118771083	118771064	-	0.1254	0.2006	>	6	14	76
1472	chr16	6493044	6493025	-	0.1927	0.1516	>	6	14	76
1473	chr9	42951005	42950986	-	0.3914	0.2078	>	6	14	76
1474	chr13	53430986	53430967	-	0.6504	0.3672	>	6	14	76
1475	chr13	67609268	67609249	+	2.162	0.826	>	6	14	76
1476	chr1	53035072	53035053	+	0.1465	0.1494	>	6	14	76
1477	chr7	99471824	99471805	-	0.3745	0.4907	>	6	14	76
1478	chr11	36543574	36543555	-	0.1156	0.1614	>	6	14	76
1479	chr5	124334258	124334239	-	0.3428	0.273	>	6	14	76
1480	chr10	76771414	76771395	-	0.1296	0.2047	>	6	14	76
1481	chr10	4386719	4386700	+	0.32	0.4492	>	6	14	76
1482	chr5	116554091	116554072	+	0.0876	0.1714	>	6	14	76
1483	chr10	41734858	41734839	+	0.1406	0.2605	>	6	14	76
1484	chr10	50906875	50906856	-	0.2361	0.1674	>	6	14	76
1485	chr11	31651668	31651649	+	0.07605	0.1534	>	6	14	76
1486	chr6	116193190	116193171	+	0.3687	0.372	>	6	14	76
1487	chr1	188976509	188976490	+	0.343	0.1833	>	6	14	76
1488	chr12	101976095	101976076	+	0.681	0.4116	>	6	14	76
1489	chr15	75925915	75925896	+	0.6084	0.9233	>	6	14	76
1490	chr1	4777287	4777268	-	0.9443	1.425	>	6	14	76
1491	chr18	86560230	86560211	+	0.7866	1.138	>	6	14	76
1492	chr7	43574878	43574859	+	1.292	1.347	>	6	14	76
1493	chr7	98200601	98200582	-	0.2927	0.1711	>	6	14	76
1494	chr4	143319849	143319830	+	0.2299	0.1525	>	6	14	76
1495	chr2	128601696	128601677	-	0.1208	0.207	>	6	14	76
1496	chr17	57004491	57004472	-	0.1467	0.2932	>	6	14	76
1497	chr2	35196541	35196522	-	1.081	0.3997	>	6	14	76
1498	chr5	29779371	29779352	+	0.1531	0.1671	>	6	14	76
1499	chr10	93038429	93038410	-	0.163	0.1875	>	6	14	76
0	chr4	87368268	87368249	+	90.56	65.75	>	6	15	75
1	chr11	109860827	109860808	-	89.2	47.97	>	6	15	75
2	chr3	22309188	22309169	+	81.5	60.4	>	6	15	75
3	chr10	5161770	5161751	-	79.2	55.88	>	6	15	75
4	chr16	71247702	71247683	+	68.56	43.2	>	6	15	75
5	chr16	72980067	72980048	-	68.3	56.7	>	6	15	75
6	chr6	60556001	60555982	+	67.7	40.38	>	6	15	75
7	chr5	7996919	7996900	-	66.06	59.4	>	6	15	75
8	chr14	12140114	12140095	-	65.1	51.62	>	6	15	75
9	chr13	81439574	81439555	+	64.94	46.94	>	6	15	75
10	chr9	103996726	103996707	-	64.9	51.25	>	6	15	75
11	chr15	56066340	56066321	+	63.97	42.94	>	6	15	75
12	chr10	106609250	106609231	+	63.97	42.62	>	6	15	75
13	chr1	144380222	144380203	-	63.4	48.44	>	6	15	75
14	chr10	8240468	8240449	-	62.34	45.88	>	6	15	75
15	chr12	77000269	77000250	+	62.22	54.97	>	6	15	75
16	chr1	44745882	44745863	+	62.12	40.25	>	6	15	75
17	chr4	81178889	81178870	+	62.03	50.0	>	6	15	75
18	chr9	10909768	10909749	+	61.12	47.94	>	6	15	75
19	chr6	64650119	64650100	-	60.56	60.88	>	6	15	75
20	chr15	32766485	32766466	-	60.56	46.62	>	6	15	75
21	chr4	9135983	9135964	+	60.03	34.12	>	6	15	75
22	chr7	118305013	118304994	+	59.5	47.62	>	6	15	75
23	chr10	39520570	39520551	-	58.34	40.5	>	6	15	75
24	chr1	78724658	78724639	+	58.25	47.28	>	6	15	75
25	chr2	160598038	160598019	+	57.94	55.8	>	6	15	75
26	chr18	33790258	33790239	-	57.72	56.3	>	6	15	75
27	chr12	40837750	40837731	+	57.5	46.25	>	6	15	75
28	chr8	41443763	41443744	+	57.34	56.06	>	6	15	75
29	chr14	68494314	68494295	-	56.94	24.97	>	6	15	75
30	chr1	11657910	11657891	+	56.8	43.62	>	6	15	75
31	chr11	77100337	77100318	+	55.88	49.25	>	6	15	75
32	chr16	41244935	41244916	-	55.72	48.0	>	6	15	75
33	chr14	87452291	87452272	-	55.72	63.0	>	6	15	75
34	chr18	16217050	16217031	+	54.9	26.8	>	6	15	75
35	chr11	53255133	53255114	-	54.8	39.5	>	6	15	75
36	chr9	7216447	7216428	+	54.56	27.64	>	6	15	75
37	chr8	35850598	35850579	-	54.5	50.94	>	6	15	75
38	chr8	102781131	102781112	-	54.44	41.34	>	6	15	75
39	chr5	49962010	49961991	-	54.16	50.88	>	6	15	75
40	chr7	90410162	90410143	-	54.06	39.75	>	6	15	75
41	chr4	15328717	15328698	+	54.03	40.72	>	6	15	75
42	chr11	31949616	31949597	-	54.0	41.44	>	6	15	75
43	chr1	120586671	120586652	+	53.8	57.06	>	6	15	75
44	chr13	19698921	19698902	+	53.16	40.8	>	6	15	75
45	chr12	57825950	57825931	+	53.03	34.38	>	6	15	75
46	chr16	72215933	72215914	-	52.7	45.56	>	6	15	75
47	chr9	15685402	15685383	+	52.62	45.03	>	6	15	75
48	chr10	10321327	10321308	-	52.47	23.97	>	6	15	75
49	chr9	49494135	49494116	+	52.4	51.5	>	6	15	75
50	chr3	50906169	50906150	-	52.12	57.06	>	6	15	75
51	chr11	57467973	57467954	-	52.03	54.47	>	6	15	75
52	chr11	113165316	113165297	-	51.88	57.94	>	6	15	75
53	chr9	51152608	51152589	-	51.8	48.22	>	6	15	75
54	chr16	58299658	58299639	+	51.56	30.08	>	6	15	75
55	chr16	22564783	22564764	+	51.44	49.16	>	6	15	75
56	chr8	36523135	36523116	-	51.4	44.44	>	6	15	75
57	chr14	34810941	34810922	+	51.3	52.97	>	6	15	75
58	chr6	101261740	101261721	-	51.0	49.47	>	6	15	75
59	chr7	132213694	132213675	-	50.8	38.62	>	6	15	75
60	chr2	48886271	48886252	-	50.28	44.53	>	6	15	75
61	chr12	54060974	54060955	-	50.12	27.78	>	6	15	75
62	chr1	5905019	5905000	-	50.06	44.22	>	6	15	75
63	chr9	26776375	26776356	-	50.0	53.88	>	6	15	75
64	chr1	103799519	103799500	+	49.53	56.44	>	6	15	75
65	chr9	88222188	88222169	-	49.5	40.1	>	6	15	75
66	chr18	58481884	58481865	-	49.28	39.28	>	6	15	75
67	chr13	100112788	100112769	+	49.16	37.22	>	6	15	75
68	chr3	14679394	14679375	+	49.06	29.97	>	6	15	75
69	chr16	37109459	37109440	+	48.75	19.0	>	6	15	75
70	chr3	153655318	153655299	-	48.72	48.28	>	6	15	75
71	chr16	89765698	89765679	-	48.38	54.0	>	6	15	75
72	chr13	89543228	89543209	-	48.3	56.84	>	6	15	75
73	chr11	40149509	40149490	-	48.28	36.34	>	6	15	75
74	chr3	113080940	113080921	-	48.2	53.4	>	6	15	75
75	chr10	70963797	70963778	-	47.53	51.97	>	6	15	75
76	chr6	66533480	66533461	-	47.34	41.22	>	6	15	75
77	chr18	57976815	57976796	+	47.28	41.3	>	6	15	75
78	chr12	92303388	92303369	+	47.12	48.12	>	6	15	75
79	chr6	43686140	43686121	+	47.1	34.0	>	6	15	75
80	chr15	11038687	11038668	+	47.06	40.16	>	6	15	75
81	chr6	13281064	13281045	-	47.06	44.4	>	6	15	75
82	chr4	25180081	25180062	-	46.94	22.34	>	6	15	75
83	chr2	110229883	110229864	+	46.8	37.2	>	6	15	75
84	chr2	118638293	118638274	+	46.34	48.4	>	6	15	75
85	chr14	67674858	67674839	-	46.2	40.62	>	6	15	75
86	chr1	179477262	179477243	-	45.97	54.9	>	6	15	75
87	chr12	78056191	78056172	+	45.84	48.03	>	6	15	75
88	chr15	44836402	44836383	+	45.7	45.75	>	6	15	75
89	chr9	80293262	80293243	+	45.3	48.66	>	6	15	75
90	chr1	21411405	21411386	+	45.28	35.97	>	6	15	75
91	chr8	80483379	80483360	-	45.28	32.34	>	6	15	75
92	chr16	55477026	55477007	-	44.9	60.88	>	6	15	75
93	chr9	122729759	122729740	-	44.72	40.56	>	6	15	75
94	chr2	17415581	17415562	-	44.56	38.03	>	6	15	75
95	chr4	13778049	13778030	-	44.5	20.47	>	6	15	75
96	chr16	64748455	64748436	-	44.47	52.25	>	6	15	75
97	chr6	57570627	57570608	-	44.28	34.06	>	6	15	75
98	chr16	13117421	13117402	+	44.28	48.25	>	6	15	75
99	chr1	54381475	54381456	-	44.12	34.1	>	6	15	75
100	chr15	40166896	40166877	+	44.03	40.53	>	6	15	75
101	chr17	83271696	83271677	+	44.0	39.2	>	6	15	75
102	chr9	63136063	63136044	+	43.94	32.22	>	6	15	75
103	chr3	68056550	68056531	+	43.88	35.0	>	6	15	75
104	chr3	25220822	25220803	-	43.8	23.62	>	6	15	75
105	chr7	118102455	118102436	-	43.53	59.94	>	6	15	75
106	chr9	51335485	51335466	+	43.47	26.75	>	6	15	75
107	chr16	96671807	96671788	-	43.4	27.66	>	6	15	75
108	chr2	113494904	113494885	+	43.34	43.28	>	6	15	75
109	chr1	55404561	55404542	+	43.25	39.06	>	6	15	75
110	chr3	80079969	80079950	+	43.0	35.7	>	6	15	75
111	chr11	25862989	25862970	-	42.66	37.9	>	6	15	75
112	chr13	109213188	109213169	-	42.6	60.5	>	6	15	75
113	chr8	58566283	58566264	+	42.56	33.8	>	6	15	75
114	chr16	72218227	72218208	+	42.38	47.1	>	6	15	75
115	chr14	102510640	102510621	-	42.34	35.9	>	6	15	75
116	chr7	143154010	143153991	+	42.16	43.66	>	6	15	75
117	chr6	143219585	143219566	+	42.1	41.62	>	6	15	75
118	chr17	86906334	86906315	-	41.97	47.25	>	6	15	75
119	chr8	62080400	62080381	+	41.97	30.6	>	6	15	75
120	chr3	57843985	57843966	+	41.94	43.75	>	6	15	75
121	chr18	3495634	3495615	+	41.62	36.03	>	6	15	75
122	chr7	125393847	125393828	-	41.56	47.0	>	6	15	75
123	chr7	86211564	86211545	-	41.56	46.4	>	6	15	75
124	chr9	60245127	60245108	+	41.38	43.16	>	6	15	75
125	chr6	131353859	131353840	-	41.3	15.89	>	6	15	75
126	chr15	98173991	98173972	-	41.25	24.88	>	6	15	75
127	chr17	88641249	88641230	-	41.12	34.25	>	6	15	75
128	chr9	87027908	87027889	+	41.1	38.34	>	6	15	75
129	chr4	70621553	70621534	-	40.97	48.38	>	6	15	75
130	chr12	41487236	41487217	-	40.88	35.94	>	6	15	75
131	chr4	127368548	127368529	+	40.8	49.72	>	6	15	75
132	chr8	50293750	50293731	-	40.75	48.2	>	6	15	75
133	chr16	27468981	27468962	+	40.75	34.62	>	6	15	75
134	chr7	121641354	121641335	-	40.7	30.69	>	6	15	75
135	chr3	29726795	29726776	-	40.7	30.42	>	6	15	75
136	chr14	29110872	29110853	-	40.66	51.22	>	6	15	75
137	chr13	116712427	116712408	-	40.62	33.1	>	6	15	75
138	chr18	19939562	19939543	-	40.47	45.7	>	6	15	75
139	chr15	80704533	80704514	-	40.28	46.53	>	6	15	75
140	chr18	50137074	50137055	+	40.28	37.62	>	6	15	75
141	chr13	15763212	15763193	-	40.25	29.53	>	6	15	75
142	chr19	50185486	50185467	+	40.22	44.2	>	6	15	75
143	chr12	74013965	74013946	-	40.22	40.8	>	6	15	75
144	chr1	138835543	138835524	+	40.06	20.81	>	6	15	75
145	chr15	55550924	55550905	-	40.06	37.12	>	6	15	75
146	chr1	61771439	61771420	-	40.06	23.55	>	6	15	75
147	chr12	34664961	34664942	+	40.0	19.7	>	6	15	75
148	chr14	78288101	78288082	-	39.8	38.8	>	6	15	75
149	chr2	4499416	4499397	+	39.78	33.88	>	6	15	75
150	chr13	30260132	30260113	-	39.75	32.75	>	6	15	75
151	chr9	68015271	68015252	+	39.2	39.0	>	6	15	75
152	chr1	126993502	126993483	-	39.06	47.2	>	6	15	75
153	chr16	25349824	25349805	-	39.0	41.2	>	6	15	75
154	chr1	14729249	14729230	-	38.94	39.3	>	6	15	75
155	chr15	59389427	59389408	+	38.7	46.34	>	6	15	75
156	chr6	100882590	100882571	+	38.66	49.44	>	6	15	75
157	chr3	9711121	9711102	+	38.62	35.47	>	6	15	75
158	chr6	21214019	21214000	-	38.47	24.2	>	6	15	75
159	chr17	42603617	42603598	-	38.47	42.5	>	6	15	75
160	chr4	80517548	80517529	-	38.47	41.4	>	6	15	75
161	chr9	85328584	85328565	-	38.28	30.06	>	6	15	75
162	chr17	44262001	44261982	+	38.22	44.16	>	6	15	75
163	chr10	102449665	102449646	+	38.2	48.84	>	6	15	75
164	chr17	14520745	14520726	-	38.12	30.45	>	6	15	75
165	chr13	51830925	51830906	+	38.0	56.0	>	6	15	75
166	chr12	83502436	83502417	-	37.97	34.4	>	6	15	75
167	chr5	75853265	75853246	-	37.94	27.88	>	6	15	75
168	chr13	110382742	110382723	+	37.88	61.84	>	6	15	75
169	chr5	62481159	62481140	-	37.8	35.4	>	6	15	75
170	chr7	49121503	49121484	-	37.7	29.61	>	6	15	75
171	chr15	11966575	11966556	-	37.66	34.72	>	6	15	75
172	chr3	31146135	31146116	+	37.53	44.5	>	6	15	75
173	chr2	37815879	37815860	+	37.47	39.2	>	6	15	75
174	chr5	33033442	33033423	-	37.44	48.28	>	6	15	75
175	chr9	7595466	7595447	-	37.4	28.72	>	6	15	75
176	chr5	21641153	21641134	-	37.3	33.66	>	6	15	75
177	chr14	48367302	48367283	-	37.12	39.88	>	6	15	75
178	chr17	14524624	14524605	+	37.1	38.88	>	6	15	75
179	chr4	84064835	84064816	+	37.06	23.38	>	6	15	75
180	chr4	63368786	63368767	+	37.06	51.6	>	6	15	75
181	chr5	102149680	102149661	+	37.03	38.97	>	6	15	75
182	chr12	32897684	32897665	-	36.88	40.9	>	6	15	75
183	chr16	91936532	91936513	+	36.72	43.06	>	6	15	75
184	chr6	37046379	37046360	-	36.72	47.7	>	6	15	75
185	chr18	59081896	59081877	+	36.7	37.34	>	6	15	75
186	chr6	103697552	103697533	-	36.3	43.6	>	6	15	75
187	chr18	19937930	19937911	+	36.3	37.56	>	6	15	75
188	chr6	93757594	93757575	+	36.28	18.31	>	6	15	75
189	chr17	9756371	9756352	+	36.28	21.2	>	6	15	75
190	chr2	96585854	96585835	+	36.25	26.84	>	6	15	75
191	chr11	82915176	82915157	+	36.2	36.34	>	6	15	75
192	chr6	6005837	6005818	+	36.03	35.2	>	6	15	75
193	chr1	98392238	98392219	-	36.03	38.97	>	6	15	75
194	chr7	48749384	48749365	+	35.94	38.3	>	6	15	75
195	chr11	105911812	105911793	-	35.9	37.8	>	6	15	75
196	chr10	45045486	45045467	-	35.8	35.22	>	6	15	75
197	chr2	4492748	4492729	-	35.75	19.97	>	6	15	75
198	chr6	18087397	18087378	+	35.75	40.84	>	6	15	75
199	chr5	90203341	90203322	+	35.7	41.12	>	6	15	75
200	chr7	136489148	136489129	+	35.62	28.06	>	6	15	75
201	chr9	109862620	109862601	-	35.6	34.12	>	6	15	75
202	chr15	59876355	59876336	+	35.3	32.16	>	6	15	75
203	chr14	76473612	76473593	-	35.25	45.66	>	6	15	75
204	chr3	128349320	128349301	+	35.03	41.75	>	6	15	75
205	chr3	45375963	45375944	+	35.03	23.92	>	6	15	75
206	chr3	133314669	133314650	+	34.97	39.0	>	6	15	75
207	chr1	96801850	96801831	-	34.84	30.55	>	6	15	75
208	chr7	115216958	115216939	+	34.62	30.45	>	6	15	75
209	chr9	59282577	59282558	-	34.62	26.88	>	6	15	75
210	chr2	148112135	148112116	-	34.5	31.5	>	6	15	75
211	chr18	52457916	52457897	-	34.47	28.2	>	6	15	75
212	chr6	56691454	56691435	-	34.34	42.2	>	6	15	75
213	chr13	20292580	20292561	-	34.3	38.5	>	6	15	75
214	chr13	57260119	57260100	-	34.25	52.66	>	6	15	75
215	chr13	113877615	113877596	+	34.25	36.75	>	6	15	75
216	chr13	116715029	116715010	-	34.1	31.72	>	6	15	75
217	chr4	83596692	83596673	-	34.1	52.75	>	6	15	75
218	chr8	64941619	64941600	-	34.06	33.75	>	6	15	75
219	chr3	51701488	51701469	+	34.03	22.56	>	6	15	75
220	chr14	120061322	120061303	-	33.84	29.2	>	6	15	75
221	chr7	75910166	75910147	+	33.8	57.6	>	6	15	75
222	chr4	98702698	98702679	-	33.78	31.62	>	6	15	75
223	chr3	146185137	146185118	+	33.62	52.6	>	6	15	75
224	chr4	151157152	151157133	+	33.53	59.38	>	6	15	75
225	chr5	43391861	43391842	-	33.5	21.5	>	6	15	75
226	chr11	93856511	93856492	-	33.47	26.19	>	6	15	75
227	chr14	59605843	59605824	+	33.47	40.3	>	6	15	75
228	chr14	84438580	84438561	+	33.44	23.31	>	6	15	75
229	chr12	50943824	50943805	-	33.28	38.56	>	6	15	75
230	chr7	83550335	83550316	-	33.2	30.12	>	6	15	75
231	chr6	117167008	117166989	+	33.03	30.3	>	6	15	75
232	chr4	12538791	12538772	+	33.0	21.84	>	6	15	75
233	chr18	47353079	47353060	+	32.84	24.58	>	6	15	75
234	chr5	12541496	12541477	-	32.72	22.56	>	6	15	75
235	chr2	60721127	60721108	+	32.72	22.53	>	6	15	75
236	chr11	78838251	78838232	+	32.72	51.5	>	6	15	75
237	chr8	73356225	73356206	+	32.62	23.39	>	6	15	75
238	chr12	10598567	10598548	+	32.5	41.56	>	6	15	75
239	chr19	20345158	20345139	-	32.25	47.94	>	6	15	75
240	chr17	58909486	58909467	-	32.16	39.4	>	6	15	75
241	chr10	69655037	69655018	-	32.12	36.56	>	6	15	75
242	chr4	3967733	3967714	-	32.12	41.75	>	6	15	75
243	chr16	21192795	21192776	-	32.06	38.78	>	6	15	75
244	chr11	12291593	12291574	-	32.0	15.54	>	6	15	75
245	chr11	117385082	117385063	+	31.83	36.6	>	6	15	75
246	chr12	32292095	32292076	+	31.73	20.83	>	6	15	75
247	chr4	64833096	64833077	+	31.69	34.34	>	6	15	75
248	chr13	47301245	47301226	+	31.67	43.9	>	6	15	75
249	chr1	89631957	89631938	-	31.56	45.38	>	6	15	75
250	chr9	69296601	69296582	-	31.53	38.66	>	6	15	75
251	chr3	53735364	53735345	+	31.28	24.5	>	6	15	75
252	chr10	45373471	45373452	-	31.2	37.7	>	6	15	75
253	chr8	91797725	91797706	+	31.19	30.23	>	6	15	75
254	chr4	88035662	88035643	+	31.06	19.66	>	6	15	75
255	chr2	75151187	75151168	-	31.05	37.9	>	6	15	75
256	chr14	66791971	66791952	-	31.02	32.1	>	6	15	75
257	chr2	93199062	93199043	-	30.9	51.25	>	6	15	75
258	chr2	73551006	73550987	+	30.86	53.72	>	6	15	75
259	chr12	89451144	89451125	-	30.81	40.1	>	6	15	75
260	chr16	66086729	66086710	-	30.81	33.7	>	6	15	75
261	chr14	114791647	114791628	-	30.72	37.2	>	6	15	75
262	chr4	43420547	43420528	-	30.61	34.5	>	6	15	75
263	chr1	87447687	87447668	+	30.56	32.53	>	6	15	75
264	chr15	55306471	55306452	+	30.56	24.06	>	6	15	75
265	chr15	97667578	97667559	+	30.52	37.12	>	6	15	75
266	chr2	16359548	16359529	+	30.47	16.92	>	6	15	75
267	chr14	8356099	8356080	+	30.42	51.06	>	6	15	75
268	chr3	19894816	19894797	-	30.38	33.66	>	6	15	75
269	chr12	43813750	43813731	-	30.34	24.06	>	6	15	75
270	chr2	27770378	27770359	+	30.12	46.8	>	6	15	75
271	chr16	48675836	48675817	-	30.12	28.97	>	6	15	75
272	chr10	13016733	13016714	+	30.1	53.44	>	6	15	75
273	chr2	76367359	76367340	+	30.05	30.6	>	6	15	75
274	chr2	115515230	115515211	+	30.05	12.29	>	6	15	75
275	chr19	16785108	16785089	-	30.03	27.4	>	6	15	75
276	chr3	78948444	78948425	+	30.03	29.16	>	6	15	75
277	chr1	37250876	37250857	-	29.94	25.45	>	6	15	75
278	chr18	74431409	74431390	+	29.94	28.48	>	6	15	75
279	chr1	38787652	38787633	-	29.89	46.22	>	6	15	75
280	chr3	14874584	14874565	+	29.88	22.88	>	6	15	75
281	chr9	69505778	69505759	+	29.88	30.58	>	6	15	75
282	chr10	84450913	84450894	-	29.77	31.7	>	6	15	75
283	chr2	172216047	172216028	-	29.77	65.06	>	6	15	75
284	chr10	97712895	97712876	+	29.72	22.83	>	6	15	75
285	chr1	4770074	4770055	+	29.72	39.66	>	6	15	75
286	chr12	50301580	50301561	-	29.69	16.55	>	6	15	75
287	chr15	85266923	85266904	+	29.69	42.06	>	6	15	75
288	chr4	85403030	85403011	+	29.62	27.23	>	6	15	75
289	chr6	97526370	97526351	-	29.53	31.17	>	6	15	75
290	chr8	112046096	112046077	+	29.5	62.6	>	6	15	75
291	chr12	96311368	96311349	-	29.48	23.8	>	6	15	75
292	chr1	93507239	93507220	-	29.45	32.5	>	6	15	75
293	chr13	21714927	21714908	+	29.4	37.72	>	6	15	75
294	chr6	49008180	49008161	+	29.38	27.1	>	6	15	75
295	chr17	17749545	17749526	-	29.36	32.88	>	6	15	75
296	chr6	145360253	145360234	+	29.34	33.62	>	6	15	75
297	chr7	17066630	17066611	-	29.27	41.75	>	6	15	75
298	chr12	81788850	81788831	-	29.25	32.47	>	6	15	75
299	chr7	129649172	129649153	+	29.19	42.88	>	6	15	75
300	chr14	104039053	104039034	+	29.17	41.16	>	6	15	75
301	chr13	41634744	41634725	-	29.08	40.84	>	6	15	75
302	chr7	138835232	138835213	-	29.02	47.88	>	6	15	75
303	chr15	97195797	97195778	+	28.92	38.5	>	6	15	75
304	chr1	119087737	119087718	+	28.89	50.28	>	6	15	75
305	chr4	85819373	85819354	-	28.86	29.28	>	6	15	75
306	chr11	30657307	30657288	-	28.86	6.477	>	6	15	75
307	chr5	49369245	49369226	+	28.66	27.94	>	6	15	75
308	chr6	106805067	106805048	+	28.61	20.38	>	6	15	75
309	chr6	31660958	31660939	+	28.53	52.9	>	6	15	75
310	chr12	8306749	8306730	-	28.48	47.94	>	6	15	75
311	chr13	42822785	42822766	-	28.47	44.4	>	6	15	75
312	chr15	34968778	34968759	+	28.4	27.94	>	6	15	75
313	chr7	68369859	68369840	+	28.38	58.97	>	6	15	75
314	chr15	80266443	80266424	+	28.33	34.62	>	6	15	75
315	chr6	102171110	102171091	+	28.19	24.06	>	6	15	75
316	chr16	72605273	72605254	-	28.11	17.7	>	6	15	75
317	chr18	65490506	65490487	+	28.06	33.94	>	6	15	75
318	chr3	55373775	55373756	+	28.0	19.75	>	6	15	75
319	chr1	53927814	53927795	-	27.97	28.48	>	6	15	75
320	chr2	160368066	160368047	-	27.95	21.97	>	6	15	75
321	chr10	42295232	42295213	-	27.94	37.8	>	6	15	75
322	chr7	116040411	116040392	-	27.9	26.19	>	6	15	75
323	chr10	116197535	116197516	-	27.81	28.58	>	6	15	75
324	chr5	20773533	20773514	-	27.81	20.77	>	6	15	75
325	chr12	80725012	80724993	-	27.73	38.97	>	6	15	75
326	chr15	66899881	66899862	-	27.6	21.5	>	6	15	75
327	chr18	16822208	16822189	-	27.56	13.28	>	6	15	75
328	chr18	14503254	14503235	-	27.55	19.48	>	6	15	75
329	chr5	98344786	98344767	+	27.44	28.3	>	6	15	75
330	chr10	77517236	77517217	+	27.39	30.44	>	6	15	75
331	chr1	44741472	44741453	-	27.38	6.344	>	6	15	75
332	chr6	127945983	127945964	-	27.28	24.97	>	6	15	75
333	chr16	42914955	42914936	-	27.27	20.78	>	6	15	75
334	chr18	39137558	39137539	+	27.11	15.805	>	6	15	75
335	chr13	42575907	42575888	+	27.11	22.34	>	6	15	75
336	chr2	13278209	13278190	+	27.06	48.53	>	6	15	75
337	chr18	43836585	43836566	-	27.06	22.66	>	6	15	75
338	chr4	114647896	114647877	+	27.05	26.58	>	6	15	75
339	chr16	44149214	44149195	-	27.03	37.28	>	6	15	75
340	chr13	109776299	109776280	+	27.02	27.47	>	6	15	75
341	chr19	30217515	30217496	+	27.0	44.25	>	6	15	75
342	chr6	61316075	61316056	+	26.94	38.16	>	6	15	75
343	chr17	78598832	78598813	+	26.92	37.16	>	6	15	75
344	chr2	117231457	117231438	-	26.88	23.62	>	6	15	75
345	chr4	115101816	115101797	+	26.84	34.88	>	6	15	75
346	chr10	57448131	57448112	-	26.8	44.97	>	6	15	75
347	chr13	113046665	113046646	+	26.77	22.72	>	6	15	75
348	chr4	110022447	110022428	-	26.58	43.47	>	6	15	75
349	chr7	101653829	101653810	+	26.5	47.97	>	6	15	75
350	chr5	67756338	67756319	+	26.5	26.55	>	6	15	75
351	chr3	62192717	62192698	-	26.5	17.1	>	6	15	75
352	chr10	17728146	17728127	-	26.45	14.96	>	6	15	75
353	chr5	37752557	37752538	-	26.33	30.73	>	6	15	75
354	chr1	60961316	60961297	-	26.3	26.22	>	6	15	75
355	chr17	68176981	68176962	+	26.27	18.84	>	6	15	75
356	chr7	37357871	37357852	-	26.2	67.6	>	6	15	75
357	chr4	32572316	32572297	-	26.16	44.75	>	6	15	75
358	chr4	96696741	96696722	+	26.12	32.22	>	6	15	75
359	chr4	109729491	109729472	-	26.06	50.3	>	6	15	75
360	chr10	111977780	111977761	+	25.78	32.1	>	6	15	75
361	chr5	45424489	45424470	-	25.73	30.9	>	6	15	75
362	chr2	61494577	61494558	-	25.72	22.25	>	6	15	75
363	chr6	13287046	13287027	+	25.69	21.62	>	6	15	75
364	chr9	116060829	116060810	+	25.66	36.5	>	6	15	75
365	chr8	17537753	17537734	-	25.64	36.44	>	6	15	75
366	chr9	77781636	77781617	-	25.62	27.94	>	6	15	75
367	chr15	5106460	5106441	-	25.56	29.45	>	6	15	75
368	chr17	93141334	93141315	-	25.53	33.03	>	6	15	75
369	chr6	97759520	97759501	+	25.52	17.88	>	6	15	75
370	chr8	119384750	119384731	-	25.47	45.94	>	6	15	75
371	chr6	88113322	88113303	+	25.38	41.75	>	6	15	75
372	chr15	101984527	101984508	-	25.38	56.7	>	6	15	75
373	chr8	54493335	54493316	-	25.34	39.7	>	6	15	75
374	chr9	24119622	24119603	+	25.33	14.83	>	6	15	75
375	chr3	50077169	50077150	-	25.31	24.22	>	6	15	75
376	chr4	47419767	47419748	+	25.23	44.03	>	6	15	75
377	chr2	76115910	76115891	+	25.22	28.97	>	6	15	75
378	chr15	67174759	67174740	+	25.2	12.74	>	6	15	75
379	chr8	125574509	125574490	+	25.17	12.85	>	6	15	75
380	chr1	161737065	161737046	-	25.11	39.75	>	6	15	75
381	chr3	85571455	85571436	-	25.1	9.7	>	6	15	75
382	chr18	19577078	19577059	-	25.02	27.28	>	6	15	75
383	chr19	36083087	36083068	-	25.0	29.4	>	6	15	75
384	chr8	115709616	115709597	-	24.98	9.14	>	6	15	75
385	chr10	126330794	126330775	-	24.84	24.02	>	6	15	75
386	chr15	25993551	25993532	+	24.81	33.28	>	6	15	75
387	chr5	131430355	131430336	-	24.78	45.44	>	6	15	75
388	chr1	9545352	9545333	-	24.78	38.06	>	6	15	75
389	chr19	28768445	28768426	-	24.75	36.44	>	6	15	75
390	chr10	24630876	24630857	+	24.72	22.94	>	6	15	75
391	chr17	54351102	54351083	+	24.53	15.79	>	6	15	75
392	chr16	20496806	20496787	+	24.47	28.86	>	6	15	75
393	chr12	109394024	109394005	-	24.44	15.02	>	6	15	75
394	chr13	21803288	21803269	-	24.42	40.1	>	6	15	75
395	chr3	103392995	103392976	+	24.38	33.9	>	6	15	75
396	chr15	25428758	25428739	+	24.31	24.08	>	6	15	75
397	chr3	135206860	135206841	-	24.3	9.21	>	6	15	75
398	chr8	65139261	65139242	+	24.3	33.56	>	6	15	75
399	chr9	29650850	29650831	-	24.23	35.72	>	6	15	75
400	chr3	127971093	127971074	+	24.2	46.1	>	6	15	75
401	chr2	104035038	104035019	+	24.16	33.7	>	6	15	75
402	chr9	81635302	81635283	+	24.11	12.08	>	6	15	75
403	chr6	95484597	95484578	+	24.03	13.41	>	6	15	75
404	chr14	72293991	72293972	-	23.83	34.2	>	6	15	75
405	chr18	65490035	65490016	-	23.72	29.94	>	6	15	75
406	chr12	38123788	38123769	-	23.66	16.0	>	6	15	75
407	chr18	70184838	70184819	-	23.66	11.39	>	6	15	75
408	chr3	152095252	152095233	-	23.53	23.67	>	6	15	75
409	chr8	32002994	32002975	-	23.5	23.94	>	6	15	75
410	chr11	22206830	22206811	-	23.48	11.1	>	6	15	75
411	chr5	76541051	76541032	-	23.44	19.22	>	6	15	75
412	chr10	52106337	52106318	+	23.38	22.61	>	6	15	75
413	chr1	84697462	84697443	-	23.38	25.22	>	6	15	75
414	chr1	67181385	67181366	+	23.34	35.0	>	6	15	75
415	chr6	101267027	101267008	+	23.31	12.77	>	6	15	75
416	chr6	129255175	129255156	-	23.25	41.8	>	6	15	75
417	chr4	115710017	115709998	-	23.19	25.83	>	6	15	75
418	chr2	118241614	118241595	-	23.19	37.16	>	6	15	75
419	chr8	71371784	71371765	+	23.11	28.11	>	6	15	75
420	chr7	73422670	73422651	-	23.11	37.7	>	6	15	75
421	chr5	33039602	33039583	+	23.05	27.48	>	6	15	75
422	chr2	153143004	153142985	-	23.02	20.31	>	6	15	75
423	chr14	98181824	98181805	-	23.0	7.93	>	6	15	75
424	chr2	136887058	136887039	-	22.97	12.49	>	6	15	75
425	chr1	135136701	135136682	-	22.88	42.44	>	6	15	75
426	chr5	4948481	4948462	-	22.86	27.0	>	6	15	75
427	chr10	71422814	71422795	+	22.81	51.25	>	6	15	75
428	chr8	64597251	64597232	-	22.66	30.06	>	6	15	75
429	chr1	162336834	162336815	-	22.45	14.914	>	6	15	75
430	chr9	94738996	94738977	+	22.42	42.94	>	6	15	75
431	chr17	53403136	53403117	+	22.4	18.28	>	6	15	75
432	chr2	155811920	155811901	-	22.36	51.28	>	6	15	75
433	chr12	52010769	52010750	+	22.33	16.6	>	6	15	75
434	chr3	44912870	44912851	-	22.31	11.58	>	6	15	75
435	chr5	98348848	98348829	+	22.25	34.97	>	6	15	75
436	chr15	80706301	80706282	+	22.25	25.52	>	6	15	75
437	chr1	167932285	167932266	-	22.22	36.66	>	6	15	75
438	chr14	121455709	121455690	-	22.2	25.7	>	6	15	75
439	chr4	98243714	98243695	-	22.16	26.34	>	6	15	75
440	chr4	143027468	143027449	+	22.14	29.11	>	6	15	75
441	chr2	153668926	153668907	+	22.14	25.36	>	6	15	75
442	chr9	41461929	41461910	-	22.14	12.42	>	6	15	75
443	chr4	109431143	109431124	-	22.1	22.34	>	6	15	75
444	chr5	44831505	44831486	-	22.08	22.05	>	6	15	75
445	chr8	119676601	119676582	-	22.03	33.06	>	6	15	75
446	chr17	40824060	40824041	-	22.02	34.28	>	6	15	75
447	chr15	37102366	37102347	-	22.0	13.84	>	6	15	75
448	chr1	119083862	119083843	-	21.92	45.47	>	6	15	75
449	chr5	41044703	41044684	-	21.78	28.61	>	6	15	75
450	chr19	24622032	24622013	+	21.77	22.19	>	6	15	75
451	chr3	58159626	58159607	-	21.75	32.1	>	6	15	75
452	chr1	38130140	38130121	-	21.75	23.66	>	6	15	75
453	chr2	129472129	129472110	-	21.73	30.17	>	6	15	75
454	chr9	15682043	15682024	-	21.73	11.22	>	6	15	75
455	chr9	69502720	69502701	-	21.7	34.7	>	6	15	75
456	chr14	21120676	21120657	+	21.69	43.16	>	6	15	75
457	chr7	110645588	110645569	-	21.69	43.56	>	6	15	75
458	chr16	78950579	78950560	-	21.64	3.295	>	6	15	75
459	chr7	131899517	131899498	+	21.56	16.44	>	6	15	75
460	chr8	106403484	106403465	-	21.53	20.23	>	6	15	75
461	chr17	73303429	73303410	+	21.48	50.6	>	6	15	75
462	chr1	83727325	83727306	+	21.48	26.81	>	6	15	75
463	chr13	29857603	29857584	+	21.42	9.836	>	6	15	75
464	chr14	104033786	104033767	+	21.34	21.16	>	6	15	75
465	chr7	119011391	119011372	+	21.31	35.56	>	6	15	75
466	chr1	69165377	69165358	+	21.31	25.0	>	6	15	75
467	chr1	192727176	192727157	+	21.28	21.9	>	6	15	75
468	chr9	50438293	50438274	-	21.2	27.17	>	6	15	75
469	chr15	46990407	46990388	-	21.14	10.516	>	6	15	75
470	chr13	73646874	73646855	+	21.14	37.5	>	6	15	75
471	chr16	67089956	67089937	+	21.12	15.94	>	6	15	75
472	chr2	83332995	83332976	-	21.02	18.14	>	6	15	75
473	chr8	10415030	10415011	+	21.0	37.3	>	6	15	75
474	chr1	35716149	35716130	-	20.89	18.69	>	6	15	75
475	chr7	43920039	43920020	-	20.83	34.3	>	6	15	75
476	chr8	15138726	15138707	+	20.81	41.03	>	6	15	75
477	chr13	6515705	6515686	+	20.8	28.08	>	6	15	75
478	chr2	64948996	64948977	-	20.72	23.2	>	6	15	75
479	chr19	20345737	20345718	+	20.7	55.44	>	6	15	75
480	chr5	33994851	33994832	+	20.64	14.97	>	6	15	75
481	chr14	76479953	76479934	+	20.62	37.16	>	6	15	75
482	chr3	144737048	144737029	+	20.58	28.33	>	6	15	75
483	chr2	13597223	13597204	-	20.5	12.72	>	6	15	75
484	chr9	118908437	118908418	-	20.5	27.45	>	6	15	75
485	chr4	153484615	153484596	-	20.39	17.89	>	6	15	75
486	chr19	12433211	12433192	+	20.36	28.34	>	6	15	75
487	chr15	31611224	31611205	+	20.34	11.17	>	6	15	75
488	chr3	107206198	107206179	+	20.34	39.22	>	6	15	75
489	chr17	86909946	86909927	+	20.31	22.38	>	6	15	75
490	chr7	89473669	89473650	-	20.22	24.19	>	6	15	75
491	chr6	35252603	35252584	+	20.22	32.56	>	6	15	75
492	chr6	126168001	126167982	-	20.17	8.76	>	6	15	75
493	chr16	42169942	42169923	+	20.12	43.34	>	6	15	75
494	chr6	90607354	90607335	+	20.11	24.86	>	6	15	75
495	chr6	31664664	31664645	+	20.11	41.5	>	6	15	75
496	chr13	100002039	100002020	+	20.02	21.73	>	6	15	75
497	chr6	97523337	97523318	-	19.97	25.72	>	6	15	75
498	chr4	123529452	123529433	-	19.95	17.69	>	6	15	75
499	chr18	53744741	53744722	-	19.94	29.1	>	6	15	75
500	chr9	13849232	13849213	+	19.9	15.484	>	6	15	75
501	chr15	14052128	14052109	-	19.89	12.375	>	6	15	75
502	chr3	68053761	68053742	-	19.88	27.33	>	6	15	75
503	chr14	50799990	50799971	+	19.83	30.28	>	6	15	75
504	chr8	50292348	50292329	+	19.83	31.36	>	6	15	75
505	chr19	52993242	52993223	-	19.81	45.25	>	6	15	75
506	chr8	24546435	24546416	-	19.8	56.1	>	6	15	75
507	chr2	166085186	166085167	+	19.78	40.2	>	6	15	75
508	chr15	80260893	80260874	-	19.75	33.7	>	6	15	75
509	chr18	75606699	75606680	+	19.72	50.94	>	6	15	75
510	chr2	135957961	135957942	-	19.69	27.1	>	6	15	75
511	chr11	75179118	75179099	+	19.67	22.83	>	6	15	75
512	chr6	77628987	77628968	+	19.66	40.56	>	6	15	75
513	chr4	82614384	82614365	-	19.62	15.836	>	6	15	75
514	chr17	27190013	27189994	+	19.5	26.89	>	6	15	75
515	chr14	121451301	121451282	-	19.45	26.11	>	6	15	75
516	chr9	69987821	69987802	-	19.44	12.234	>	6	15	75
517	chr6	40479902	40479883	+	19.42	24.72	>	6	15	75
518	chr4	82619779	82619760	-	19.42	11.22	>	6	15	75
519	chr2	160593235	160593216	-	19.4	45.8	>	6	15	75
520	chr4	48691990	48691971	+	19.4	34.88	>	6	15	75
521	chr1	11140123	11140104	-	19.39	7.324	>	6	15	75
522	chr6	67858160	67858141	+	19.36	18.55	>	6	15	75
523	chr1	91914028	91914009	+	19.36	22.06	>	6	15	75
524	chr15	76196896	76196877	+	19.33	35.8	>	6	15	75
525	chr11	43767011	43766992	+	19.27	27.44	>	6	15	75
526	chr17	8463677	8463658	+	19.23	31.38	>	6	15	75
527	chr2	60442102	60442083	-	19.22	10.555	>	6	15	75
528	chr10	8242562	8242543	+	19.2	18.4	>	6	15	75
529	chr15	8382407	8382388	+	19.16	11.64	>	6	15	75
530	chr19	11360302	11360283	+	19.14	15.06	>	6	15	75
531	chr12	79305335	79305316	+	19.11	29.94	>	6	15	75
532	chr13	38992697	38992678	+	19.03	12.445	>	6	15	75
533	chr8	91147955	91147936	-	19.0	26.05	>	6	15	75
534	chr13	64443476	64443457	+	19.0	35.6	>	6	15	75
535	chr8	117898214	117898195	+	18.92	34.16	>	6	15	75
536	chr11	42423473	42423454	-	18.77	18.48	>	6	15	75
537	chr9	114957195	114957176	-	18.77	27.38	>	6	15	75
538	chr5	149647926	149647907	+	18.72	23.06	>	6	15	75
539	chr5	128440068	128440049	-	18.69	40.7	>	6	15	75
540	chr6	90606762	90606743	-	18.67	32.6	>	6	15	75
541	chr10	58560031	58560012	+	18.67	23.25	>	6	15	75
542	chr18	25538443	25538424	+	18.66	23.94	>	6	15	75
543	chr11	22987510	22987491	+	18.56	23.83	>	6	15	75
544	chr13	57269837	57269818	-	18.55	36.6	>	6	15	75
545	chr13	53096854	53096835	-	18.55	32.88	>	6	15	75
546	chr7	124783020	124783001	-	18.55	23.44	>	6	15	75
547	chr7	40687242	40687223	-	18.52	26.28	>	6	15	75
548	chr4	109438113	109438094	+	18.45	31.61	>	6	15	75
549	chr13	46663777	46663758	-	18.45	5.215	>	6	15	75
550	chr2	21927862	21927843	-	18.45	17.72	>	6	15	75
551	chr11	72564476	72564457	-	18.39	17.95	>	6	15	75
552	chr14	57362951	57362932	-	18.3	10.125	>	6	15	75
553	chr13	54063511	54063492	-	18.3	12.516	>	6	15	75
554	chr8	127191530	127191511	+	18.27	39.03	>	6	15	75
555	chr4	24249781	24249762	+	18.25	8.38	>	6	15	75
556	chr1	175603551	175603532	-	18.2	12.0	>	6	15	75
557	chr7	131897479	131897460	+	18.19	16.34	>	6	15	75
558	chr2	125259455	125259436	-	18.17	32.72	>	6	15	75
559	chr8	11943262	11943243	-	18.0	20.05	>	6	15	75
560	chr13	74861814	74861795	+	17.98	11.664	>	6	15	75
561	chr3	37302880	37302861	-	17.98	17.84	>	6	15	75
562	chr2	165391753	165391734	+	17.95	20.97	>	6	15	75
563	chr1	167669968	167669949	-	17.94	39.3	>	6	15	75
564	chr14	24311319	24311300	+	17.89	24.48	>	6	15	75
565	chr6	125622660	125622641	+	17.86	24.67	>	6	15	75
566	chr16	91694897	91694878	+	17.83	21.03	>	6	15	75
567	chr7	100886752	100886733	-	17.8	33.3	>	6	15	75
568	chr2	165779092	165779073	+	17.7	43.9	>	6	15	75
569	chr4	118988734	118988715	-	17.7	12.37	>	6	15	75
570	chr9	111939788	111939769	+	17.64	16.92	>	6	15	75
571	chr9	40806571	40806552	+	17.64	39.78	>	6	15	75
572	chr19	21571392	21571373	+	17.64	11.9	>	6	15	75
573	chr10	49785057	49785038	-	17.56	2.498	>	6	15	75
574	chr3	84922220	84922201	+	17.47	28.94	>	6	15	75
575	chr12	7991018	7990999	+	17.47	17.66	>	6	15	75
576	chr8	106687694	106687675	+	17.45	42.0	>	6	15	75
577	chr19	15998346	15998327	+	17.33	27.56	>	6	15	75
578	chr10	30838389	30838370	+	17.3	7.543	>	6	15	75
579	chr2	6469364	6469345	-	17.28	15.65	>	6	15	75
580	chr9	59678540	59678521	-	17.28	29.06	>	6	15	75
581	chr18	60143536	60143517	-	17.25	6.348	>	6	15	75
582	chr2	76114972	76114953	-	17.25	26.88	>	6	15	75
583	chr1	192722361	192722342	-	17.23	36.0	>	6	15	75
584	chr13	6737153	6737134	+	17.23	24.25	>	6	15	75
585	chr10	116199232	116199213	+	17.23	24.89	>	6	15	75
586	chr18	6627309	6627290	+	17.06	30.4	>	6	15	75
587	chr7	117375969	117375950	-	17.03	13.42	>	6	15	75
588	chr11	7200225	7200206	+	17.03	39.34	>	6	15	75
589	chr3	152474817	152474798	+	16.98	9.51	>	6	15	75
590	chr12	4107565	4107546	+	16.97	22.11	>	6	15	75
591	chr18	78212287	78212268	-	16.83	18.31	>	6	15	75
592	chr2	17842170	17842151	-	16.81	6.844	>	6	15	75
593	chr5	112429191	112429172	-	16.78	14.19	>	6	15	75
594	chr9	54169687	54169668	+	16.73	16.64	>	6	15	75
595	chr9	78597063	78597044	+	16.73	17.98	>	6	15	75
596	chr2	125556029	125556010	+	16.69	19.19	>	6	15	75
597	chr4	86545837	86545818	-	16.69	26.34	>	6	15	75
598	chr11	34229190	34229171	+	16.55	19.56	>	6	15	75
599	chr13	60479163	60479144	+	16.52	1.697	>	6	15	75
600	chr11	57788119	57788100	+	16.36	29.88	>	6	15	75
601	chr5	117504639	117504620	+	16.36	53.34	>	6	15	75
602	chr1	128368923	128368904	+	16.28	14.01	>	6	15	75
603	chr14	51098507	51098488	-	16.28	41.22	>	6	15	75
604	chr10	14404268	14404249	+	16.23	20.66	>	6	15	75
605	chr18	65752297	65752278	-	16.1	16.11	>	6	15	75
606	chr3	59077498	59077479	+	16.1	40.72	>	6	15	75
607	chr1	119919473	119919454	+	16.06	20.62	>	6	15	75
608	chr1	86598699	86598680	+	16.03	48.72	>	6	15	75
609	chr1	80178208	80178189	-	16.0	17.12	>	6	15	75
610	chr15	64132164	64132145	+	15.96	15.336	>	6	15	75
611	chr2	4652218	4652199	-	15.91	22.83	>	6	15	75
612	chr9	40805489	40805470	-	15.86	35.53	>	6	15	75
613	chr13	30549079	30549060	-	15.805	25.34	>	6	15	75
614	chr3	82350530	82350511	-	15.805	7.78	>	6	15	75
615	chr7	81155234	81155215	-	15.805	19.0	>	6	15	75
616	chr4	107701325	107701306	-	15.8	18.55	>	6	15	75
617	chr11	76655250	76655231	+	15.8	25.19	>	6	15	75
618	chr7	122945377	122945358	+	15.72	20.64	>	6	15	75
619	chr16	32697312	32697293	+	15.695	24.02	>	6	15	75
620	chr13	114460825	114460806	-	15.65	8.25	>	6	15	75
621	chr19	59389409	59389390	+	15.65	31.4	>	6	15	75
622	chr7	45451495	45451476	+	15.64	35.4	>	6	15	75
623	chr15	85599066	85599047	+	15.625	30.86	>	6	15	75
624	chr10	9012998	9012979	+	15.6	21.77	>	6	15	75
625	chr13	24318872	24318853	-	15.58	11.58	>	6	15	75
626	chr3	123506917	123506898	-	15.53	17.17	>	6	15	75
627	chr13	101719731	101719712	-	15.48	25.34	>	6	15	75
628	chr12	12412898	12412879	-	15.43	30.47	>	6	15	75
629	chr10	127342496	127342477	-	15.4	29.73	>	6	15	75
630	chr7	28972871	28972852	+	15.39	21.2	>	6	15	75
631	chr5	130862481	130862462	+	15.33	29.22	>	6	15	75
632	chr13	53779354	53779335	+	15.31	23.8	>	6	15	75
633	chr11	51582940	51582921	-	15.305	26.1	>	6	15	75
634	chr3	34150257	34150238	+	15.3	17.19	>	6	15	75
635	chr9	30423156	30423137	-	15.29	30.31	>	6	15	75
636	chr1	55886585	55886566	+	15.29	16.73	>	6	15	75
637	chr8	121104251	121104232	+	15.28	31.56	>	6	15	75
638	chr2	31683894	31683875	+	15.27	30.73	>	6	15	75
639	chr9	121458682	121458663	+	15.27	42.72	>	6	15	75
640	chr13	111421545	111421526	+	15.22	27.25	>	6	15	75
641	chr18	56572965	56572946	+	15.22	32.7	>	6	15	75
642	chr18	42593315	42593296	+	15.2	8.75	>	6	15	75
643	chr8	118287683	118287664	+	15.2	7.145	>	6	15	75
644	chr14	47742843	47742824	+	15.18	9.65	>	6	15	75
645	chr1	184791312	184791293	-	15.164	27.39	>	6	15	75
646	chr6	106800166	106800147	-	15.1	18.75	>	6	15	75
647	chr11	12025880	12025861	+	15.06	18.02	>	6	15	75
648	chr5	129594341	129594322	-	15.03	29.4	>	6	15	75
649	chr13	16005724	16005705	+	15.016	13.71	>	6	15	75
650	chr14	65597230	65597211	+	15.016	14.01	>	6	15	75
651	chr5	99900280	99900261	-	14.95	10.75	>	6	15	75
652	chr8	11421350	11421331	-	14.945	26.12	>	6	15	75
653	chr19	4755748	4755729	+	14.93	24.55	>	6	15	75
654	chr10	110733540	110733521	-	14.914	16.5	>	6	15	75
655	chr5	67752088	67752069	+	14.89	18.31	>	6	15	75
656	chr9	77381774	77381755	-	14.85	26.45	>	6	15	75
657	chr18	81951830	81951811	-	14.76	34.06	>	6	15	75
658	chr1	86059644	86059625	+	14.734	30.22	>	6	15	75
659	chr1	52630636	52630617	-	14.734	9.89	>	6	15	75
660	chr2	174308107	174308088	+	14.69	14.67	>	6	15	75
661	chr11	99364649	99364630	-	14.6	16.03	>	6	15	75
662	chr13	109558424	109558405	+	14.49	16.98	>	6	15	75
663	chr12	58201405	58201386	-	14.48	6.883	>	6	15	75
664	chr7	137471937	137471918	+	14.445	28.83	>	6	15	75
665	chr17	26916803	26916784	+	14.414	25.05	>	6	15	75
666	chr5	87871626	87871607	-	14.414	20.39	>	6	15	75
667	chr2	125252443	125252424	+	14.414	25.9	>	6	15	75
668	chr1	9549185	9549166	+	14.414	19.5	>	6	15	75
669	chr11	11788608	11788589	-	14.38	31.97	>	6	15	75
670	chr7	43928727	43928708	+	14.36	11.45	>	6	15	75
671	chr10	60760656	60760637	-	14.31	36.9	>	6	15	75
672	chr6	17362958	17362939	+	14.31	3.076	>	6	15	75
673	chr1	136521528	136521509	-	14.305	21.69	>	6	15	75
674	chr2	153147934	153147915	+	14.28	18.94	>	6	15	75
675	chr8	61522313	61522294	+	14.266	28.28	>	6	15	75
676	chr18	56759303	56759284	+	14.266	12.61	>	6	15	75
677	chr14	115451146	115451127	-	14.234	4.215	>	6	15	75
678	chr1	176218428	176218409	+	14.195	14.99	>	6	15	75
679	chr15	97665520	97665501	-	14.18	30.02	>	6	15	75
680	chr13	20299620	20299601	+	14.18	33.25	>	6	15	75
681	chr9	59969601	59969582	-	14.14	17.69	>	6	15	75
682	chr16	57611975	57611956	+	14.055	18.66	>	6	15	75
683	chr12	15816144	15816125	+	13.984	8.52	>	6	15	75
684	chr15	82271381	82271362	-	13.95	28.55	>	6	15	75
685	chr7	74363644	74363625	-	13.95	40.8	>	6	15	75
686	chr3	73066293	73066274	+	13.95	16.86	>	6	15	75
687	chr1	118772515	118772496	-	13.945	30.34	>	6	15	75
688	chr4	110020493	110020474	-	13.94	26.28	>	6	15	75
689	chr3	34639420	34639401	-	13.94	14.87	>	6	15	75
690	chr2	131530224	131530205	-	13.92	25.86	>	6	15	75
691	chr4	20024128	20024109	+	13.91	12.516	>	6	15	75
692	chr8	74980870	74980851	-	13.81	30.2	>	6	15	75
693	chr18	75757719	75757700	+	13.734	18.78	>	6	15	75
694	chr7	89908147	89908128	-	13.72	13.79	>	6	15	75
695	chr4	150257406	150257387	+	13.72	23.58	>	6	15	75
696	chr2	55022781	55022762	-	13.664	7.77	>	6	15	75
697	chr18	64506771	64506752	-	13.63	18.4	>	6	15	75
698	chr14	123353156	123353137	-	13.61	11.6	>	6	15	75
699	chr4	139872794	139872775	+	13.59	35.75	>	6	15	75
700	chr13	51839869	51839850	+	13.586	21.19	>	6	15	75
701	chr5	146162789	146162770	+	13.516	23.42	>	6	15	75
702	chr9	83785201	83785182	+	13.49	14.66	>	6	15	75
703	chr3	59079480	59079461	+	13.44	28.77	>	6	15	75
704	chr10	11345312	11345293	-	13.375	5.086	>	6	15	75
705	chr11	46252188	46252169	-	13.34	28.12	>	6	15	75
706	chr4	85404971	85404952	+	13.32	14.11	>	6	15	75
707	chr4	130738774	130738755	+	13.31	16.47	>	6	15	75
708	chr5	86432914	86432895	+	13.305	16.02	>	6	15	75
709	chr3	22306829	22306810	+	13.266	18.6	>	6	15	75
710	chr2	91930225	91930206	-	13.25	19.55	>	6	15	75
711	chr6	108417714	108417695	+	13.234	10.66	>	6	15	75
712	chr12	17011790	17011771	-	13.16	20.73	>	6	15	75
713	chr5	87551137	87551118	-	13.15	21.52	>	6	15	75
714	chr4	106227683	106227664	-	13.14	14.38	>	6	15	75
715	chr4	139877472	139877453	+	13.1	27.4	>	6	15	75
716	chr1	88742593	88742574	-	13.086	17.75	>	6	15	75
717	chr3	52254088	52254069	+	13.02	34.16	>	6	15	75
718	chr9	73159469	73159450	+	12.99	27.5	>	6	15	75
719	chr7	29297253	29297234	-	12.984	28.8	>	6	15	75
720	chr13	116312336	116312317	-	12.93	10.21	>	6	15	75
721	chr2	157117146	157117127	-	12.91	21.92	>	6	15	75
722	chr9	60243712	60243693	+	12.89	13.59	>	6	15	75
723	chr1	179845066	179845047	-	12.88	17.89	>	6	15	75
724	chr11	103332754	103332735	+	12.875	24.97	>	6	15	75
725	chr1	53032774	53032755	-	12.87	13.05	>	6	15	75
726	chr8	45345197	45345178	+	12.81	16.72	>	6	15	75
727	chr12	113216133	113216114	+	12.74	53.7	>	6	15	75
728	chr15	36152194	36152175	-	12.72	16.9	>	6	15	75
729	chr1	72876274	72876255	+	12.69	17.11	>	6	15	75
730	chr9	14774009	14773990	+	12.664	9.0	>	6	15	75
731	chr12	74317197	74317178	-	12.664	11.76	>	6	15	75
732	chr7	107819649	107819630	-	12.64	16.3	>	6	15	75
733	chr13	55327907	55327888	+	12.64	17.61	>	6	15	75
734	chr3	54796015	54795996	+	12.63	22.77	>	6	15	75
735	chr6	60963937	60963918	+	12.61	7.094	>	6	15	75
736	chr8	21981891	21981872	-	12.61	17.33	>	6	15	75
737	chr10	38269349	38269330	-	12.52	19.28	>	6	15	75
738	chr6	51170619	51170600	-	12.5	20.02	>	6	15	75
739	chr2	148110356	148110337	-	12.43	16.03	>	6	15	75
740	chr1	88301823	88301804	-	12.42	19.61	>	6	15	75
741	chr6	115037959	115037940	-	12.33	15.375	>	6	15	75
742	chr16	11980974	11980955	+	12.33	3.668	>	6	15	75
743	chr15	44832771	44832752	-	12.31	24.2	>	6	15	75
744	chr19	26193888	26193869	-	12.29	7.65	>	6	15	75
745	chr17	8988263	8988244	-	12.29	10.71	>	6	15	75
746	chr14	66358860	66358841	+	12.28	18.22	>	6	15	75
747	chr12	40832432	40832413	-	12.26	13.56	>	6	15	75
748	chr2	53206958	53206939	-	12.18	12.55	>	6	15	75
749	chr16	42914617	42914598	+	12.16	7.133	>	6	15	75
750	chr11	111523686	111523667	-	12.14	23.53	>	6	15	75
751	chr6	121556678	121556659	+	12.11	18.8	>	6	15	75
752	chr7	43926199	43926180	-	12.1	21.69	>	6	15	75
753	chr3	3311028	3311009	+	12.09	10.74	>	6	15	75
754	chr12	17018680	17018661	+	12.04	21.19	>	6	15	75
755	chr18	33794794	33794775	+	11.97	24.89	>	6	15	75
756	chr15	73791915	73791896	+	11.96	24.61	>	6	15	75
757	chr12	82489256	82489237	+	11.945	11.805	>	6	15	75
758	chr19	37559803	37559784	+	11.91	21.4	>	6	15	75
759	chr12	36195155	36195136	-	11.91	7.07	>	6	15	75
760	chr3	30515246	30515227	-	11.875	11.664	>	6	15	75
761	chr19	27426681	27426662	-	11.81	11.945	>	6	15	75
762	chr2	75590427	75590408	-	11.75	21.66	>	6	15	75
763	chr2	17849498	17849479	+	11.75	6.633	>	6	15	75
764	chr9	83371155	83371136	-	11.75	6.18	>	6	15	75
765	chr9	30936846	30936827	-	11.734	17.67	>	6	15	75
766	chr15	94690037	94690018	+	11.73	23.03	>	6	15	75
767	chr2	147379133	147379114	+	11.69	9.875	>	6	15	75
768	chr4	121232314	121232295	-	11.664	7.945	>	6	15	75
769	chr18	56333219	56333200	-	11.64	4.934	>	6	15	75
770	chr16	25952209	25952190	-	11.64	6.688	>	6	15	75
771	chr13	94976326	94976307	+	11.63	16.62	>	6	15	75
772	chr2	30942898	30942879	-	11.57	22.28	>	6	15	75
773	chr6	104479441	104479422	+	11.55	10.57	>	6	15	75
774	chr5	113080039	113080020	-	11.52	26.94	>	6	15	75
775	chr16	30550607	30550588	-	11.52	17.62	>	6	15	75
776	chr1	160194976	160194957	+	11.51	18.28	>	6	15	75
777	chr11	56116782	56116763	-	11.48	30.47	>	6	15	75
778	chr6	112484521	112484502	-	11.48	12.14	>	6	15	75
779	chr14	21853546	21853527	-	11.445	30.66	>	6	15	75
780	chr9	58534993	58534974	+	11.414	20.97	>	6	15	75
781	chr17	73302318	73302299	+	11.414	39.62	>	6	15	75
782	chr1	85842459	85842440	-	11.41	14.02	>	6	15	75
783	chr17	16926410	16926391	-	11.35	2.584	>	6	15	75
784	chr12	29894861	29894842	+	11.31	16.72	>	6	15	75
785	chr2	127832989	127832970	+	11.22	7.293	>	6	15	75
786	chr16	20724653	20724634	+	11.18	15.11	>	6	15	75
787	chr1	180811112	180811093	-	11.164	28.33	>	6	15	75
788	chr13	109210611	109210592	-	11.16	17.5	>	6	15	75
789	chr18	5990207	5990188	-	11.14	3.14	>	6	15	75
790	chr18	12102268	12102249	-	11.125	23.38	>	6	15	75
791	chr19	59380193	59380174	+	11.08	23.9	>	6	15	75
792	chr2	101665476	101665457	+	11.055	26.06	>	6	15	75
793	chr12	108541242	108541223	-	11.02	27.9	>	6	15	75
794	chr2	32583648	32583629	+	11.016	30.19	>	6	15	75
795	chr1	181881807	181881788	-	10.98	11.91	>	6	15	75
796	chr5	117506576	117506557	+	10.94	40.06	>	6	15	75
797	chr1	38789153	38789134	+	10.89	22.95	>	6	15	75
798	chr10	102445139	102445120	-	10.875	19.4	>	6	15	75
799	chr12	81788941	81788922	+	10.87	12.51	>	6	15	75
800	chr9	78233462	78233443	-	10.86	15.93	>	6	15	75
801	chr10	96618527	96618508	+	10.86	3.014	>	6	15	75
802	chr8	84639419	84639400	-	10.85	34.7	>	6	15	75
803	chr17	8468905	8468886	+	10.85	20.27	>	6	15	75
804	chr2	67535551	67535532	+	10.83	7.83	>	6	15	75
805	chr18	52947340	52947321	+	10.82	10.15	>	6	15	75
806	chr13	72625410	72625391	-	10.78	6.715	>	6	15	75
807	chr11	31942449	31942430	+	10.69	22.72	>	6	15	75
808	chr1	6190743	6190724	-	10.63	7.344	>	6	15	75
809	chr7	74367549	74367530	+	10.6	15.16	>	6	15	75
810	chr4	22482970	22482951	+	10.58	4.45	>	6	15	75
811	chr13	20298018	20297999	+	10.56	24.86	>	6	15	75
812	chr16	75325511	75325492	-	10.484	5.44	>	6	15	75
813	chr6	54586377	54586358	+	10.44	8.14	>	6	15	75
814	chr14	59604211	59604192	-	10.375	15.664	>	6	15	75
815	chr2	107946040	107946021	-	10.31	11.08	>	6	15	75
816	chr1	62701219	62701200	-	10.3	12.74	>	6	15	75
817	chr7	75914120	75914101	+	10.266	24.1	>	6	15	75
818	chr5	98167679	98167660	+	10.26	12.875	>	6	15	75
819	chr9	99671799	99671780	+	10.23	22.52	>	6	15	75
820	chr1	179847901	179847882	+	10.16	11.88	>	6	15	75
821	chr15	80080817	80080798	-	10.15	32.28	>	6	15	75
822	chr6	137747756	137747737	-	10.09	27.12	>	6	15	75
823	chr6	77249625	77249606	-	10.09	6.945	>	6	15	75
824	chr5	149049190	149049171	-	10.08	15.81	>	6	15	75
825	chr18	32814407	32814388	-	10.07	2.566	>	6	15	75
826	chr11	46258405	46258386	-	10.06	20.3	>	6	15	75
827	chr11	81974830	81974811	-	10.01	5.44	>	6	15	75
828	chr19	48414047	48414028	+	9.99	12.77	>	6	15	75
829	chr11	34836484	34836465	+	9.86	20.75	>	6	15	75
830	chr17	24437345	24437326	-	9.81	19.33	>	6	15	75
831	chr6	59208753	59208734	-	9.734	12.92	>	6	15	75
832	chr13	37325694	37325675	-	9.734	20.84	>	6	15	75
833	chr11	43412967	43412948	-	9.72	22.2	>	6	15	75
834	chr13	49651342	49651323	-	9.71	2.496	>	6	15	75
835	chr7	143151380	143151361	+	9.69	18.05	>	6	15	75
836	chr16	4285478	4285459	-	9.67	7.94	>	6	15	75
837	chr11	29715017	29714998	-	9.664	9.12	>	6	15	75
838	chr3	134654263	134654244	+	9.62	3.898	>	6	15	75
839	chr8	28978824	28978805	-	9.57	7.504	>	6	15	75
840	chr13	54062269	54062250	-	9.55	10.02	>	6	15	75
841	chr9	32585514	32585495	+	9.516	12.72	>	6	15	75
842	chr7	73648212	73648193	-	9.484	13.375	>	6	15	75
843	chr19	27425889	27425870	-	9.44	11.26	>	6	15	75
844	chr13	100854377	100854358	-	9.42	17.78	>	6	15	75
845	chr5	140749784	140749765	-	9.414	22.17	>	6	15	75
846	chr4	127027444	127027425	+	9.4	22.48	>	6	15	75
847	chr11	109221866	109221847	-	9.3	9.67	>	6	15	75
848	chr16	16596794	16596775	+	9.28	5.977	>	6	15	75
849	chr2	128605294	128605275	-	9.25	9.07	>	6	15	75
850	chr2	61492265	61492246	+	9.25	6.99	>	6	15	75
851	chr10	74217479	74217460	+	9.22	7.7	>	6	15	75
852	chr9	68016722	68016703	+	9.2	8.305	>	6	15	75
853	chr6	144248136	144248117	+	9.19	7.742	>	6	15	75
854	chr13	51191948	51191929	+	9.17	5.492	>	6	15	75
855	chr2	103424848	103424829	-	9.164	12.29	>	6	15	75
856	chr7	64751734	64751715	-	9.13	16.66	>	6	15	75
857	chr7	27160004	27159985	+	9.125	14.17	>	6	15	75
858	chr13	95986545	95986526	+	9.08	13.76	>	6	15	75
859	chr5	135118653	135118634	+	9.08	29.22	>	6	15	75
860	chr10	49786914	49786895	-	9.07	0.785	>	6	15	75
861	chr1	51639072	51639053	+	9.02	3.22	>	6	15	75
862	chr14	105307894	105307875	+	8.95	2.453	>	6	15	75
863	chr19	40231990	40231971	-	8.95	19.89	>	6	15	75
864	chr10	69656526	69656507	+	8.95	12.99	>	6	15	75
865	chr7	142714879	142714860	-	8.945	27.2	>	6	15	75
866	chr6	129256260	129256241	-	8.93	14.53	>	6	15	75
867	chr5	138199783	138199764	+	8.9	8.414	>	6	15	75
868	chr8	36193738	36193719	+	8.89	10.43	>	6	15	75
869	chr11	49597354	49597335	+	8.87	6.92	>	6	15	75
870	chr1	139405977	139405958	-	8.86	4.043	>	6	15	75
871	chr3	124289118	124289099	-	8.84	12.69	>	6	15	75
872	chr9	13196005	13195986	-	8.83	30.6	>	6	15	75
873	chr14	115819240	115819221	+	8.83	10.71	>	6	15	75
874	chr5	146914595	146914576	+	8.82	39.7	>	6	15	75
875	chr4	119223866	119223847	-	8.766	16.34	>	6	15	75
876	chr15	85879204	85879185	-	8.76	17.27	>	6	15	75
877	chr4	124682485	124682466	+	8.7	17.45	>	6	15	75
878	chr17	34956526	34956507	+	8.695	22.17	>	6	15	75
879	chr12	39494054	39494035	-	8.65	2.455	>	6	15	75
880	chr9	34485824	34485805	-	8.625	10.6	>	6	15	75
881	chr2	180786948	180786929	+	8.57	17.27	>	6	15	75
882	chr4	62230989	62230970	+	8.57	12.25	>	6	15	75
883	chr2	16357480	16357461	+	8.55	2.205	>	6	15	75
884	chr17	9759516	9759497	+	8.54	11.53	>	6	15	75
885	chr10	13018670	13018651	+	8.54	19.64	>	6	15	75
886	chr4	32570820	32570801	-	8.52	6.645	>	6	15	75
887	chr9	86451919	86451900	-	8.49	16.77	>	6	15	75
888	chr7	139590495	139590476	+	8.49	20.39	>	6	15	75
889	chr16	31944169	31944150	+	8.445	14.11	>	6	15	75
890	chr3	104701211	104701192	-	8.44	24.84	>	6	15	75
891	chr2	160955546	160955527	-	8.414	14.05	>	6	15	75
892	chr18	32811889	32811870	+	8.4	4.918	>	6	15	75
893	chr14	115042240	115042221	-	8.4	14.734	>	6	15	75
894	chr2	28464119	28464100	-	8.33	19.16	>	6	15	75
895	chr2	76369931	76369912	+	8.28	9.1	>	6	15	75
896	chr3	107605512	107605493	+	8.28	12.57	>	6	15	75
897	chr14	121220891	121220872	-	8.23	10.8	>	6	15	75
898	chr1	103796539	103796520	+	8.22	10.74	>	6	15	75
899	chr16	23151589	23151570	+	8.21	3.11	>	6	15	75
900	chr5	33371346	33371327	-	8.19	15.74	>	6	15	75
901	chr13	103121088	103121069	-	8.18	6.016	>	6	15	75
902	chr10	60760529	60760510	+	8.14	24.72	>	6	15	75
903	chr1	169921787	169921768	+	8.12	12.62	>	6	15	75
904	chr13	42826816	42826797	-	8.11	17.0	>	6	15	75
905	chr6	72601930	72601911	+	8.11	24.06	>	6	15	75
906	chr7	81345319	81345300	-	7.99	7.87	>	6	15	75
907	chr11	33934471	33934452	+	7.98	18.27	>	6	15	75
908	chr18	77044808	77044789	-	7.97	11.42	>	6	15	75
909	chr7	67217278	67217259	+	7.926	7.28	>	6	15	75
910	chr2	164074027	164074008	+	7.906	10.22	>	6	15	75
911	chr3	45373410	45373391	+	7.855	1.438	>	6	15	75
912	chr1	152768355	152768336	-	7.84	9.35	>	6	15	75
913	chr11	102267665	102267646	-	7.81	17.44	>	6	15	75
914	chr11	43411664	43411645	-	7.81	21.72	>	6	15	75
915	chr2	129880054	129880035	+	7.805	6.484	>	6	15	75
916	chr11	81972241	81972222	+	7.797	9.07	>	6	15	75
917	chr9	65581143	65581124	-	7.793	11.17	>	6	15	75
918	chr4	106228720	106228701	+	7.727	13.9	>	6	15	75
919	chr6	119467876	119467857	+	7.703	18.1	>	6	15	75
920	chr10	122794511	122794492	+	7.695	15.734	>	6	15	75
921	chr14	34813484	34813465	-	7.69	11.805	>	6	15	75
922	chr15	19280629	19280610	+	7.68	3.066	>	6	15	75
923	chr13	38235597	38235578	-	7.676	11.836	>	6	15	75
924	chr13	21710105	21710086	+	7.67	14.95	>	6	15	75
925	chr11	104231353	104231334	-	7.67	18.38	>	6	15	75
926	chr6	86401304	86401285	-	7.64	23.28	>	6	15	75
927	chr4	24245320	24245301	-	7.633	3.027	>	6	15	75
928	chr9	29655082	29655063	+	7.613	20.11	>	6	15	75
929	chr9	58535957	58535938	-	7.605	16.9	>	6	15	75
930	chr5	112427478	112427459	-	7.598	9.93	>	6	15	75
931	chr4	140539353	140539334	-	7.58	22.9	>	6	15	75
932	chr14	105302910	105302891	+	7.57	4.605	>	6	15	75
933	chr7	19713404	19713385	-	7.543	26.19	>	6	15	75
934	chr1	127487367	127487348	-	7.52	14.33	>	6	15	75
935	chr19	56806125	56806106	-	7.504	5.934	>	6	15	75
936	chr19	47175662	47175643	-	7.46	21.67	>	6	15	75
937	chr2	150795624	150795605	-	7.44	6.633	>	6	15	75
938	chr2	137114826	137114807	+	7.438	4.08	>	6	15	75
939	chr10	119244230	119244211	+	7.434	4.305	>	6	15	75
940	chr5	117094622	117094603	+	7.42	22.22	>	6	15	75
941	chr11	67100384	67100365	-	7.42	22.83	>	6	15	75
942	chr5	30686988	30686969	+	7.41	18.64	>	6	15	75
943	chr8	105291139	105291120	-	7.41	11.78	>	6	15	75
944	chr7	143470174	143470155	-	7.39	17.94	>	6	15	75
945	chr15	8099290	8099271	-	7.35	8.336	>	6	15	75
946	chr7	119015949	119015930	+	7.34	17.75	>	6	15	75
947	chr17	56306039	56306020	-	7.305	16.48	>	6	15	75
948	chr1	134636895	134636876	+	7.3	5.97	>	6	15	75
949	chr17	65541217	65541198	+	7.258	9.125	>	6	15	75
950	chr14	49218880	49218861	+	7.25	8.47	>	6	15	75
951	chr1	25527154	25527135	+	7.2	7.453	>	6	15	75
952	chr1	146515575	146515556	+	7.18	3.11	>	6	15	75
953	chr9	44109578	44109559	+	7.176	33.9	>	6	15	75
954	chr11	108889358	108889339	+	7.15	8.016	>	6	15	75
955	chr7	138398615	138398596	+	7.117	4.707	>	6	15	75
956	chr5	32204842	32204823	+	7.11	6.15	>	6	15	75
957	chr8	14859581	14859562	+	7.1	5.27	>	6	15	75
958	chr11	95676507	95676488	-	7.09	14.555	>	6	15	75
959	chr6	85141186	85141167	+	7.08	33.56	>	6	15	75
960	chr14	20340404	20340385	-	7.04	15.81	>	6	15	75
961	chr1	193130339	193130320	-	7.023	5.71	>	6	15	75
962	chr9	98032882	98032863	+	6.992	4.73	>	6	15	75
963	chr7	143793289	143793270	+	6.98	21.42	>	6	15	75
964	chr12	32292312	32292293	-	6.895	8.26	>	6	15	75
965	chr17	45724453	45724434	-	6.89	12.125	>	6	15	75
966	chr14	102512314	102512295	+	6.89	1.602	>	6	15	75
967	chr8	11943038	11943019	+	6.88	5.47	>	6	15	75
968	chr7	83553561	83553542	+	6.867	8.27	>	6	15	75
969	chr9	64960779	64960760	-	6.85	16.31	>	6	15	75
970	chr9	30426996	30426977	+	6.832	15.31	>	6	15	75
971	chr11	119249183	119249164	+	6.785	23.48	>	6	15	75
972	chr8	90795542	90795523	+	6.77	10.67	>	6	15	75
973	chr2	113498926	113498907	-	6.766	9.86	>	6	15	75
974	chr13	62926662	62926643	+	6.75	4.73	>	6	15	75
975	chr1	127485025	127485006	+	6.715	16.44	>	6	15	75
976	chr17	78592615	78592596	+	6.715	8.945	>	6	15	75
977	chr2	118246134	118246115	-	6.668	13.72	>	6	15	75
978	chr2	92474875	92474856	-	6.652	13.95	>	6	15	75
979	chr7	17061423	17061404	+	6.645	15.1	>	6	15	75
980	chr10	122090678	122090659	+	6.63	8.38	>	6	15	75
981	chr13	64448147	64448128	+	6.594	17.92	>	6	15	75
982	chr2	34642611	34642592	-	6.562	14.51	>	6	15	75
983	chr5	117509743	117509724	+	6.54	26.92	>	6	15	75
984	chr7	131371109	131371090	+	6.516	4.71	>	6	15	75
985	chr6	94054143	94054124	-	6.5	13.34	>	6	15	75
986	chr14	20697228	20697209	+	6.465	17.88	>	6	15	75
987	chr10	122798121	122798102	+	6.46	15.23	>	6	15	75
988	chr13	14196604	14196585	+	6.45	1.613	>	6	15	75
989	chr3	118991976	118991957	+	6.438	8.26	>	6	15	75
990	chr9	107231295	107231276	-	6.434	7.414	>	6	15	75
991	chr15	24557016	24556997	-	6.418	3.371	>	6	15	75
992	chr2	178407758	178407739	+	6.414	11.43	>	6	15	75
993	chr9	90683476	90683457	-	6.38	1.322	>	6	15	75
994	chr6	22968335	22968316	-	6.34	6.418	>	6	15	75
995	chr12	67217811	67217792	+	6.336	1.95	>	6	15	75
996	chr10	82910438	82910419	+	6.277	10.99	>	6	15	75
997	chr7	49125716	49125697	+	6.258	16.88	>	6	15	75
998	chr11	119491305	119491286	-	6.215	10.81	>	6	15	75
999	chr11	32341308	32341289	-	6.21	14.555	>	6	15	75
1000	chr19	8713406	8713387	+	6.19	10.44	>	6	15	75
1001	chr4	48048044	48048025	+	6.152	6.21	>	6	15	75
1002	chr11	52764825	52764806	+	6.15	7.75	>	6	15	75
1003	chr13	20564636	20564617	-	6.145	4.82	>	6	15	75
1004	chr10	39105011	39104992	-	6.14	7.152	>	6	15	75
1005	chr11	98909856	98909837	-	6.117	18.95	>	6	15	75
1006	chr1	151025102	151025083	+	6.117	4.496	>	6	15	75
1007	chr5	98167777	98167758	-	6.113	9.555	>	6	15	75
1008	chr8	88118562	88118543	+	6.062	3.66	>	6	15	75
1009	chr16	92511934	92511915	+	6.035	16.34	>	6	15	75
1010	chr15	25792295	25792276	-	6.008	6.87	>	6	15	75
1011	chr13	92751194	92751175	+	5.938	12.68	>	6	15	75
1012	chr5	101688793	101688774	-	5.934	12.51	>	6	15	75
1013	chr7	112023252	112023233	+	5.93	8.26	>	6	15	75
1014	chr14	21854038	21854019	-	5.914	27.36	>	6	15	75
1015	chr8	32003733	32003714	-	5.9	2.012	>	6	15	75
1016	chr13	53095394	53095375	-	5.867	6.086	>	6	15	75
1017	chr1	182554179	182554160	+	5.836	10.15	>	6	15	75
1018	chr6	18381568	18381549	+	5.832	1.955	>	6	15	75
1019	chr9	77389590	77389571	+	5.832	5.68	>	6	15	75
1020	chr16	5254481	5254462	-	5.812	12.77	>	6	15	75
1021	chr2	93199625	93199606	+	5.797	14.08	>	6	15	75
1022	chr9	81631651	81631632	-	5.793	3.863	>	6	15	75
1023	chr2	152887412	152887393	-	5.78	4.652	>	6	15	75
1024	chr4	153481137	153481118	-	5.766	3.3	>	6	15	75
1025	chr8	72239706	72239687	-	5.754	5.32	>	6	15	75
1026	chr18	65750236	65750217	-	5.703	2.543	>	6	15	75
1027	chr6	61311882	61311863	-	5.68	7.43	>	6	15	75
1028	chr18	46143625	46143606	+	5.676	6.477	>	6	15	75
1029	chr6	120836118	120836099	+	5.64	7.797	>	6	15	75
1030	chr6	100563990	100563971	-	5.625	4.164	>	6	15	75
1031	chr3	13475098	13475079	-	5.61	1.948	>	6	15	75
1032	chr2	132262968	132262949	+	5.6	7.164	>	6	15	75
1033	chr11	103334169	103334150	+	5.594	12.02	>	6	15	75
1034	chr6	54255029	54255010	+	5.586	4.35	>	6	15	75
1035	chr13	101711018	101710999	+	5.543	9.15	>	6	15	75
1036	chr5	39644761	39644742	-	5.54	3.531	>	6	15	75
1037	chr8	90795201	90795182	-	5.516	4.996	>	6	15	75
1038	chr18	23162646	23162627	+	5.51	1.562	>	6	15	75
1039	chr16	78165563	78165544	+	5.477	7.39	>	6	15	75
1040	chr2	96584106	96584087	-	5.44	3.29	>	6	15	75
1041	chr12	72070473	72070454	+	5.426	11.336	>	6	15	75
1042	chr12	24708691	24708672	+	5.414	9.914	>	6	15	75
1043	chr8	92367135	92367116	-	5.406	6.984	>	6	15	75
1044	chr17	83866777	83866758	+	5.4	23.0	>	6	15	75
1045	chr13	55322636	55322617	-	5.4	7.0	>	6	15	75
1046	chr6	88893771	88893752	-	5.395	16.78	>	6	15	75
1047	chr19	8718731	8718712	-	5.383	8.6	>	6	15	75
1048	chr12	59220179	59220160	-	5.38	2.5	>	6	15	75
1049	chr14	60784526	60784507	+	5.367	16.06	>	6	15	75
1050	chr3	153658591	153658572	+	5.33	6.258	>	6	15	75
1051	chr9	77386949	77386930	-	5.312	12.24	>	6	15	75
1052	chr10	83219903	83219884	+	5.312	6.188	>	6	15	75
1053	chr6	15176967	15176948	-	5.31	2.947	>	6	15	75
1054	chr2	152604207	152604188	-	5.27	19.44	>	6	15	75
1055	chr2	39003369	39003350	-	5.26	1.671	>	6	15	75
1056	chr16	31425707	31425688	-	5.254	13.484	>	6	15	75
1057	chr5	137503018	137502999	-	5.227	3.691	>	6	15	75
1058	chr18	13973086	13973067	-	5.207	0.71	>	6	15	75
1059	chr17	68849016	68848997	-	5.2	1.891	>	6	15	75
1060	chr2	128408931	128408912	-	5.19	8.72	>	6	15	75
1061	chr14	97559790	97559771	-	5.16	2.041	>	6	15	75
1062	chr8	67903864	67903845	-	5.13	6.113	>	6	15	75
1063	chr14	56888181	56888162	-	5.125	3.316	>	6	15	75
1064	chr4	132198465	132198446	+	5.125	11.19	>	6	15	75
1065	chr2	39005861	39005842	-	5.12	3.883	>	6	15	75
1066	chr7	137471679	137471660	-	5.1	19.97	>	6	15	75
1067	chr6	64949075	64949056	+	5.09	5.168	>	6	15	75
1068	chr18	16821148	16821129	+	5.043	1.935	>	6	15	75
1069	chr2	93813566	93813547	+	5.04	13.086	>	6	15	75
1070	chr6	126481478	126481459	-	5.023	10.89	>	6	15	75
1071	chr1	181881093	181881074	-	4.984	10.19	>	6	15	75
1072	chr6	108065822	108065803	-	4.977	6.67	>	6	15	75
1073	chr4	88550373	88550354	+	4.938	4.04	>	6	15	75
1074	chr5	137502167	137502148	+	4.867	8.81	>	6	15	75
1075	chr8	77618148	77618129	-	4.86	4.188	>	6	15	75
1076	chr7	120098024	120098005	+	4.855	7.22	>	6	15	75
1077	chr2	75152706	75152687	-	4.824	10.55	>	6	15	75
1078	chr11	87950193	87950174	+	4.78	11.09	>	6	15	75
1079	chr11	94598936	94598917	-	4.746	10.49	>	6	15	75
1080	chr1	10229119	10229100	+	4.746	0.972	>	6	15	75
1081	chr7	143476888	143476869	+	4.746	8.89	>	6	15	75
1082	chr9	102607693	102607674	-	4.715	3.604	>	6	15	75
1083	chr8	32009749	32009730	+	4.71	6.785	>	6	15	75
1084	chr3	99262117	99262098	-	4.707	1.889	>	6	15	75
1085	chr18	75607987	75607968	+	4.664	23.11	>	6	15	75
1086	chr7	75380211	75380192	-	4.64	2.41	>	6	15	75
1087	chr3	135863108	135863089	+	4.64	3.164	>	6	15	75
1088	chr4	87369015	87368996	-	4.625	9.125	>	6	15	75
1089	chr8	84639535	84639516	+	4.605	13.88	>	6	15	75
1090	chr15	74524301	74524282	+	4.586	13.7	>	6	15	75
1091	chr17	57007316	57007297	-	4.582	9.42	>	6	15	75
1092	chr11	30893985	30893966	+	4.547	0.9004	>	6	15	75
1093	chr19	57360190	57360171	-	4.543	2.654	>	6	15	75
1094	chr8	110102657	110102638	-	4.53	9.24	>	6	15	75
1095	chr7	135389259	135389240	-	4.53	9.336	>	6	15	75
1096	chr4	152527530	152527511	+	4.516	13.99	>	6	15	75
1097	chr13	103710441	103710422	+	4.5	4.57	>	6	15	75
1098	chr10	120896053	120896034	+	4.5	2.322	>	6	15	75
1099	chr18	5155632	5155613	-	4.484	6.39	>	6	15	75
1100	chr12	80141693	80141674	-	4.45	17.05	>	6	15	75
1101	chr5	118763566	118763547	-	4.418	12.81	>	6	15	75
1102	chr12	14150175	14150156	+	4.406	3.688	>	6	15	75
1103	chr10	128990300	128990281	-	4.4	8.03	>	6	15	75
1104	chr10	30834038	30834019	-	4.37	4.473	>	6	15	75
1105	chr6	50618483	50618464	+	4.367	12.766	>	6	15	75
1106	chr15	9748972	9748953	-	4.36	3.496	>	6	15	75
1107	chr16	92308164	92308145	-	4.355	11.22	>	6	15	75
1108	chr2	9881964	9881945	-	4.355	2.918	>	6	15	75
1109	chr8	123106089	123106070	+	4.336	8.18	>	6	15	75
1110	chr5	98346264	98346245	+	4.324	2.342	>	6	15	75
1111	chr10	40249841	40249822	-	4.316	12.23	>	6	15	75
1112	chr3	141457685	141457666	+	4.312	4.707	>	6	15	75
1113	chr9	40192620	40192601	-	4.3	2.145	>	6	15	75
1114	chr9	72448248	72448229	+	4.29	7.78	>	6	15	75
1115	chr13	24316809	24316790	-	4.273	3.682	>	6	15	75
1116	chr1	50927249	50927230	+	4.258	4.5	>	6	15	75
1117	chr11	102690417	102690398	-	4.223	12.195	>	6	15	75
1118	chr4	116627141	116627122	+	4.207	6.52	>	6	15	75
1119	chr15	76198817	76198798	+	4.164	10.72	>	6	15	75
1120	chr15	12113620	12113601	-	4.156	3.312	>	6	15	75
1121	chr1	115675059	115675040	+	4.152	5.223	>	6	15	75
1122	chr2	34644807	34644788	-	4.15	8.266	>	6	15	75
1123	chr2	166084974	166084955	-	4.133	18.12	>	6	15	75
1124	chr11	21571906	21571887	-	4.13	2.105	>	6	15	75
1125	chr15	9449709	9449690	-	4.062	0.543	>	6	15	75
1126	chr5	92664520	92664501	-	4.055	3.326	>	6	15	75
1127	chr12	77001216	77001197	+	4.043	1.105	>	6	15	75
1128	chr6	93757507	93757488	-	4.01	5.273	>	6	15	75
1129	chr19	56302794	56302775	+	4.01	3.797	>	6	15	75
1130	chr13	71954038	71954019	-	4.008	1.19	>	6	15	75
1131	chr4	17852015	17851996	-	4.0	0.8535	>	6	15	75
1132	chr18	39136126	39136107	+	3.992	1.932	>	6	15	75
1133	chr1	153489234	153489215	-	3.99	7.715	>	6	15	75
1134	chr9	66136172	66136153	-	3.988	5.383	>	6	15	75
1135	chr11	109621431	109621412	-	3.979	11.484	>	6	15	75
1136	chr13	91723318	91723299	+	3.959	5.49	>	6	15	75
1137	chr13	3642291	3642272	-	3.959	4.75	>	6	15	75
1138	chr13	47304770	47304751	+	3.957	6.746	>	6	15	75
1139	chr2	121144456	121144437	+	3.953	4.504	>	6	15	75
1140	chr13	93772223	93772204	-	3.928	3.56	>	6	15	75
1141	chr10	70967079	70967060	+	3.916	4.88	>	6	15	75
1142	chr13	59417085	59417066	-	3.91	5.0	>	6	15	75
1143	chr7	102484972	102484953	-	3.883	7.0	>	6	15	75
1144	chr5	38235667	38235648	-	3.879	10.78	>	6	15	75
1145	chr14	56885401	56885382	+	3.87	2.412	>	6	15	75
1146	chr11	75170669	75170650	-	3.861	7.984	>	6	15	75
1147	chr11	77980417	77980398	+	3.846	9.5	>	6	15	75
1148	chr9	94738712	94738693	+	3.828	14.92	>	6	15	75
1149	chr6	140466500	140466481	-	3.816	3.785	>	6	15	75
1150	chr19	57361025	57361006	-	3.814	6.484	>	6	15	75
1151	chr12	58972459	58972440	+	3.777	2.135	>	6	15	75
1152	chr2	61490636	61490617	+	3.775	5.23	>	6	15	75
1153	chr4	44310651	44310632	+	3.762	4.973	>	6	15	75
1154	chr11	52766147	52766128	+	3.734	1.83	>	6	15	75
1155	chr13	72627587	72627568	-	3.717	4.066	>	6	15	75
1156	chr9	23012459	23012440	-	3.71	1.704	>	6	15	75
1157	chr16	31427924	31427905	-	3.705	3.383	>	6	15	75
1158	chr12	29895773	29895754	+	3.691	1.481	>	6	15	75
1159	chr9	73154557	73154538	+	3.666	9.1	>	6	15	75
1160	chr1	127484437	127484418	-	3.66	8.8	>	6	15	75
1161	chr9	107566236	107566217	+	3.656	7.098	>	6	15	75
1162	chr2	68118338	68118319	+	3.652	4.36	>	6	15	75
1163	chr11	11140836	11140817	-	3.629	13.69	>	6	15	75
1164	chr12	74014936	74014917	-	3.627	5.97	>	6	15	75
1165	chr7	138396301	138396282	-	3.621	0.934	>	6	15	75
1166	chr14	103534605	103534586	+	3.617	5.312	>	6	15	75
1167	chr10	115164112	115164093	-	3.613	3.031	>	6	15	75
1168	chr7	119019764	119019745	+	3.598	7.113	>	6	15	75
1169	chr13	96389525	96389506	-	3.588	1.339	>	6	15	75
1170	chr14	74723724	74723705	-	3.586	5.766	>	6	15	75
1171	chr14	55114114	55114095	-	3.57	7.387	>	6	15	75
1172	chr9	62784468	62784449	+	3.562	12.84	>	6	15	75
1173	chr10	127678167	127678148	-	3.541	2.129	>	6	15	75
1174	chr17	55948218	55948199	-	3.535	4.3	>	6	15	75
1175	chr11	78183263	78183244	-	3.525	12.305	>	6	15	75
1176	chr6	59207403	59207384	-	3.508	1.477	>	6	15	75
1177	chr6	135416919	135416900	+	3.498	4.027	>	6	15	75
1178	chr5	122104403	122104384	+	3.492	11.98	>	6	15	75
1179	chr13	37971068	37971049	-	3.482	3.088	>	6	15	75
1180	chr5	114612410	114612391	+	3.48	13.6	>	6	15	75
1181	chr10	114442226	114442207	+	3.46	2.104	>	6	15	75
1182	chr2	145655527	145655508	-	3.44	2.05	>	6	15	75
1183	chr7	109507351	109507332	-	3.418	1.832	>	6	15	75
1184	chr16	10009965	10009946	+	3.402	4.965	>	6	15	75
1185	chr14	67969032	67969013	-	3.385	5.523	>	6	15	75
1186	chr5	140744055	140744036	-	3.348	10.35	>	6	15	75
1187	chr1	56984334	56984315	+	3.338	2.584	>	6	15	75
1188	chr2	137110782	137110763	+	3.328	1.323	>	6	15	75
1189	chr16	22267525	22267506	+	3.322	1.262	>	6	15	75
1190	chr16	4884595	4884576	-	3.3	2.822	>	6	15	75
1191	chr5	19458406	19458387	-	3.291	6.625	>	6	15	75
1192	chr1	84697217	84697198	-	3.29	7.492	>	6	15	75
1193	chr14	122903088	122903069	-	3.29	2.205	>	6	15	75
1194	chr7	64056729	64056710	-	3.273	1.214	>	6	15	75
1195	chr9	71624061	71624042	-	3.273	15.39	>	6	15	75
1196	chr9	96885958	96885939	-	3.271	10.016	>	6	15	75
1197	chr18	46964733	46964714	-	3.266	8.555	>	6	15	75
1198	chr3	122638475	122638456	+	3.26	4.82	>	6	15	75
1199	chr9	94733848	94733829	+	3.256	3.768	>	6	15	75
1200	chr1	167938404	167938385	-	3.25	6.79	>	6	15	75
1201	chr1	180811841	180811822	+	3.244	6.383	>	6	15	75
1202	chr10	42760472	42760453	+	3.229	1.784	>	6	15	75
1203	chr18	20598347	20598328	+	3.213	4.758	>	6	15	75
1204	chr17	71909305	71909286	+	3.203	3.572	>	6	15	75
1205	chr1	34459898	34459879	+	3.193	3.389	>	6	15	75
1206	chr4	117202234	117202215	-	3.191	9.61	>	6	15	75
1207	chr15	101313974	101313955	-	3.178	2.96	>	6	15	75
1208	chr16	13438138	13438119	+	3.176	1.241	>	6	15	75
1209	chr7	114878499	114878480	+	3.174	1.604	>	6	15	75
1210	chr11	109866735	109866716	+	3.166	2.812	>	6	15	75
1211	chr3	123509329	123509310	+	3.162	5.67	>	6	15	75
1212	chr3	114085881	114085862	-	3.146	0.5283	>	6	15	75
1213	chr4	120149384	120149365	-	3.145	8.09	>	6	15	75
1214	chr16	4549594	4549575	-	3.137	11.12	>	6	15	75
1215	chr15	78872224	78872205	+	3.133	9.35	>	6	15	75
1216	chr12	57231261	57231242	-	3.127	3.32	>	6	15	75
1217	chr9	71624949	71624930	-	3.125	15.0	>	6	15	75
1218	chr4	18963859	18963840	-	3.12	4.01	>	6	15	75
1219	chr8	40913366	40913347	-	3.115	1.625	>	6	15	75
1220	chr5	21645240	21645221	-	3.11	1.259	>	6	15	75
1221	chr10	68357244	68357225	+	3.094	1.353	>	6	15	75
1222	chr2	93812077	93812058	-	3.06	11.82	>	6	15	75
1223	chr12	75669431	75669412	-	3.05	4.1	>	6	15	75
1224	chr1	12844023	12844004	+	3.033	4.33	>	6	15	75
1225	chr12	86697142	86697123	+	3.025	6.996	>	6	15	75
1226	chr9	98033678	98033659	+	3.021	1.525	>	6	15	75
1227	chr19	37946902	37946883	+	3.02	4.082	>	6	15	75
1228	chr9	75271676	75271657	+	3.01	4.42	>	6	15	75
1229	chr11	55162881	55162862	+	2.996	3.625	>	6	15	75
1230	chr17	25274339	25274320	-	2.984	4.45	>	6	15	75
1231	chr6	108065317	108065298	+	2.984	5.535	>	6	15	75
1232	chr7	5071749	5071730	-	2.928	2.754	>	6	15	75
1233	chr3	152477906	152477887	-	2.922	3.295	>	6	15	75
1234	chr5	28090770	28090751	-	2.922	2.412	>	6	15	75
1235	chr14	78282622	78282603	+	2.91	2.186	>	6	15	75
1236	chr14	88480122	88480103	-	2.906	3.236	>	6	15	75
1237	chr7	107569047	107569028	+	2.902	1.588	>	6	15	75
1238	chr3	83777088	83777069	-	2.879	3.992	>	6	15	75
1239	chr8	48550865	48550846	+	2.871	0.592	>	6	15	75
1240	chr7	132575955	132575936	-	2.855	4.473	>	6	15	75
1241	chr14	79769127	79769108	-	2.852	4.36	>	6	15	75
1242	chr17	69974245	69974226	-	2.799	1.284	>	6	15	75
1243	chr12	66284211	66284192	-	2.793	5.484	>	6	15	75
1244	chr6	83796902	83796883	-	2.785	3.35	>	6	15	75
1245	chr9	44108077	44108058	+	2.785	11.375	>	6	15	75
1246	chr11	116023924	116023905	+	2.777	6.906	>	6	15	75
1247	chr3	86779824	86779805	-	2.775	8.64	>	6	15	75
1248	chr19	46056202	46056183	+	2.77	5.27	>	6	15	75
1249	chr10	108210181	108210162	-	2.762	0.674	>	6	15	75
1250	chr8	27001386	27001367	+	0.4329	0.4077	>	6	15	75
1251	chr17	28338029	28338010	-	0.252	0.265	>	6	15	75
1252	chr11	76445826	76445807	-	0.2268	0.1863	>	6	15	75
1253	chr5	144244146	144244127	-	0.311	0.3691	>	6	15	75
1254	chr14	79768803	79768784	-	0.3076	0.2808	>	6	15	75
1255	chr9	26778623	26778604	-	1.299	0.6914	>	6	15	75
1256	chr7	25392052	25392033	+	0.2487	0.242	>	6	15	75
1257	chr3	101484879	101484860	-	0.3438	0.528	>	6	15	75
1258	chr2	69113988	69113969	+	0.2472	0.1981	>	6	15	75
1259	chr13	29852447	29852428	-	0.1781	0.1941	>	6	15	75
1260	chr2	60213231	60213212	-	0.1073	0.1628	>	6	15	75
1261	chr2	171418157	171418138	-	0.1407	0.2131	>	6	15	75
1262	chr7	64392050	64392031	-	0.514	0.2006	>	6	15	75
1263	chr15	36157434	36157415	-	0.7227	0.836	>	6	15	75
1264	chr4	49662357	49662338	-	0.4692	0.2915	>	6	15	75
1265	chr4	48422356	48422337	+	1.027	0.5225	>	6	15	75
1266	chr18	82720514	82720495	+	0.1605	0.1409	>	6	15	75
1267	chr1	172022686	172022667	+	0.1733	0.1764	>	6	15	75
1268	chr7	139595890	139595871	+	0.1575	0.2125	>	6	15	75
1269	chr12	73007842	73007823	-	0.345	0.2974	>	6	15	75
1270	chr17	27192928	27192909	-	0.1056	0.4468	>	6	15	75
1271	chr1	53698960	53698941	+	0.557	0.255	>	6	15	75
1272	chr18	12734380	12734361	+	0.207	0.1383	>	6	15	75
1273	chr6	126767488	126767469	-	0.2039	0.2483	>	6	15	75
1274	chr2	92856249	92856230	-	2.734	0.857	>	6	15	75
1275	chr11	74572851	74572832	+	0.2646	0.2705	>	6	15	75
1276	chr9	59675637	59675618	-	0.4082	0.744	>	6	15	75
1277	chr15	55025647	55025628	+	0.1847	0.1536	>	6	15	75
1278	chr4	120579150	120579131	-	0.33	0.264	>	6	15	75
1279	chr15	74525720	74525701	+	0.2172	0.2104	>	6	15	75
1280	chr1	88748095	88748076	+	0.1973	0.1881	>	6	15	75
1281	chr15	32239655	32239636	-	0.2822	0.1587	>	6	15	75
1282	chr7	36571183	36571164	+	0.1103	0.1942	>	6	15	75
1283	chr11	113855351	113855332	-	0.1613	0.1947	>	6	15	75
1284	chr6	90609163	90609144	+	2.127	1.159	>	6	15	75
1285	chr3	146181407	146181388	-	0.2034	0.3416	>	6	15	75
1286	chr10	69857222	69857203	-	0.3232	0.3599	>	6	15	75
1287	chr2	158361425	158361406	-	0.5625	0.2502	>	6	15	75
1288	chr5	136268179	136268160	-	0.1886	0.2153	>	6	15	75
1289	chr16	11983350	11983331	-	1.634	1.076	>	6	15	75
1290	chr2	84437773	84437754	+	0.2305	0.14	>	6	15	75
1291	chr18	24002018	24001999	-	0.133	0.1333	>	6	15	75
1292	chr1	130151533	130151514	-	0.4075	0.3347	>	6	15	75
1293	chr9	59675855	59675836	+	0.3367	0.2161	>	6	15	75
1294	chr11	116840251	116840232	-	0.3374	0.637	>	6	15	75
1295	chr2	155819963	155819944	+	0.07886	0.146	>	6	15	75
1296	chr14	105301632	105301613	+	0.206	0.2114	>	6	15	75
1297	chr12	9044592	9044573	+	0.1821	0.2019	>	6	15	75
1298	chr18	13971224	13971205	-	0.5337	0.3596	>	6	15	75
1299	chr5	136267600	136267581	-	0.2751	0.189	>	6	15	75
1300	chr5	33371430	33371411	+	0.3992	0.1644	>	6	15	75
1301	chr14	51090397	51090378	-	0.4153	0.243	>	6	15	75
1302	chr1	77935072	77935053	+	0.1814	0.1729	>	6	15	75
1303	chr11	119246049	119246030	-	0.204	0.3367	>	6	15	75
1304	chr17	50274949	50274930	-	0.441	0.1749	>	6	15	75
1305	chr8	108956442	108956423	+	0.5635	0.3044	>	6	15	75
1306	chr11	66885340	66885321	+	0.1636	0.169	>	6	15	75
1307	chr7	30099945	30099926	-	0.1979	0.1757	>	6	15	75
1308	chr15	99973159	99973140	-	0.1998	0.3345	>	6	15	75
1309	chr5	16308949	16308930	+	0.1567	0.1411	>	6	15	75
1310	chr6	119466578	119466559	-	0.9824	0.9795	>	6	15	75
1311	chr2	136886679	136886660	+	0.7764	0.2095	>	6	15	75
1312	chr14	79763594	79763575	-	0.2852	0.151	>	6	15	75
1313	chr2	170416012	170415993	+	0.1837	0.1256	>	6	15	75
1314	chr4	41015236	41015217	-	0.1882	0.1434	>	6	15	75
1315	chr11	70975109	70975090	+	0.713	0.3914	>	6	15	75
1316	chr5	122773202	122773183	+	0.11584	0.1375	>	6	15	75
1317	chr4	128588031	128588012	-	0.2659	0.1909	>	6	15	75
1318	chr8	122576186	122576167	-	0.11285	0.1545	>	6	15	75
1319	chr7	76383989	76383970	+	0.1553	0.154	>	6	15	75
1320	chr9	41467019	41467000	-	0.2223	0.1565	>	6	15	75
1321	chr1	32712246	32712227	-	0.05322	0.1516	>	6	15	75
1322	chr16	23974866	23974847	-	0.5283	0.3425	>	6	15	75
1323	chr15	84066194	84066175	-	0.6196	1.17	>	6	15	75
1324	chr11	40148920	40148901	-	1.272	0.642	>	6	15	75
1325	chr7	27166488	27166469	-	0.306	0.491	>	6	15	75
1326	chr11	30240273	30240254	+	0.4001	0.2556	>	6	15	75
1327	chr2	69115969	69115950	-	0.1754	0.1587	>	6	15	75
1328	chr9	113420569	113420550	-	0.2261	0.2178	>	6	15	75
1329	chr12	99882528	99882509	-	0.2617	0.1387	>	6	15	75
1330	chr5	77347648	77347629	-	0.3625	0.4211	>	6	15	75
1331	chr10	49780455	49780436	+	0.2179	0.1394	>	6	15	75
1332	chr5	75855263	75855244	-	0.6416	0.4326	>	6	15	75
1333	chr2	124087358	124087339	-	0.6436	0.2075	>	6	15	75
1334	chr14	49219056	49219037	+	0.678	0.694	>	6	15	75
1335	chr5	147938091	147938072	+	0.368	0.1842	>	6	15	75
1336	chr11	32340288	32340269	+	0.1792	0.1648	>	6	15	75
1337	chr16	50181579	50181560	+	0.2006	0.1838	>	6	15	75
1338	chr16	20496121	20496102	-	0.6714	0.1777	>	6	15	75
1339	chr8	76775680	76775661	+	0.135	0.1975	>	6	15	75
1340	chr14	65597676	65597657	+	0.6543	0.452	>	6	15	75
1341	chr7	64754771	64754752	+	0.1351	0.2295	>	6	15	75
1342	chr2	166083979	166083960	-	0.2964	0.2065	>	6	15	75
1343	chr16	44140440	44140421	+	0.4607	0.3381	>	6	15	75
1344	chr12	90524338	90524319	-	0.3223	0.2983	>	6	15	75
1345	chr5	89391716	89391697	+	0.1626	0.1418	>	6	15	75
1346	chr9	59675438	59675419	-	0.2104	0.1542	>	6	15	75
1347	chr19	16339103	16339084	-	0.1967	0.1177	>	6	15	75
1348	chr13	30545067	30545048	+	0.3672	0.2915	>	6	15	75
1349	chr1	92462681	92462662	+	0.3916	0.1832	>	6	15	75
1350	chr4	84066283	84066264	-	0.1898	0.1552	>	6	15	75
1351	chr9	83373922	83373903	-	0.2197	0.1434	>	6	15	75
1352	chr4	88773969	88773950	-	0.9507	8.01	>	6	15	75
1353	chr9	123132258	123132239	-	0.1687	0.1416	>	6	15	75
1354	chr17	34958843	34958824	-	0.2079	0.5464	>	6	15	75
1355	chr12	50946225	50946206	+	0.2341	0.157	>	6	15	75
1356	chr13	73647252	73647233	+	0.267	0.1704	>	6	15	75
1357	chr11	83279300	83279281	-	0.4434	0.2251	>	6	15	75
1358	chr17	8986048	8986029	-	0.3325	0.212	>	6	15	75
1359	chr4	14935721	14935702	-	0.7095	0.296	>	6	15	75
1360	chr4	75076699	75076680	+	0.09125	0.2014	>	6	15	75
1361	chr5	114610713	114610694	+	0.0985	0.1626	>	6	15	75
1362	chr9	83378273	83378254	-	0.471	0.2808	>	6	15	75
1363	chr9	107773182	107773163	-	0.1786	0.1414	>	6	15	75
1364	chr9	41218030	41218011	+	0.1323	0.1355	>	6	15	75
1365	chr9	105644718	105644699	+	0.4255	0.1808	>	6	15	75
1366	chr8	84264441	84264422	-	1.261	1.4795	>	6	15	75
1367	chr4	135959453	135959434	+	0.112	0.2223	>	6	15	75
1368	chr1	24684268	24684249	+	0.4001	0.1942	>	6	15	75
1369	chr3	87748577	87748558	-	0.7593	0.4382	>	6	15	75
1370	chr9	54690950	54690931	+	0.11566	0.136	>	6	15	75
1371	chr15	82277690	82277671	-	0.9043	0.4492	>	6	15	75
1372	chr5	115498528	115498509	-	0.2693	0.2164	>	6	15	75
1373	chr9	56621276	56621257	+	0.10846	0.253	>	6	15	75
1374	chr18	81956733	81956714	-	0.2815	0.2637	>	6	15	75
1375	chr10	22791401	22791382	-	0.1346	0.2358	>	6	15	75
1376	chr15	82271301	82271282	+	0.836	0.1838	>	6	15	75
1377	chr12	69946159	69946140	+	0.555	0.455	>	6	15	75
1378	chr14	101442800	101442781	+	0.2983	0.1344	>	6	15	75
1379	chr2	164777017	164776998	-	0.5176	0.361	>	6	15	75
1380	chr10	24631573	24631554	-	1.178	1.224	>	6	15	75
1381	chr1	136528510	136528491	-	1.761	0.7373	>	6	15	75
1382	chr10	19222118	19222099	-	1.411	0.8228	>	6	15	75
1383	chr14	56885508	56885489	-	2.348	4.004	>	6	15	75
1384	chr8	85060493	85060474	-	0.9688	0.437	>	6	15	75
1385	chr11	96075822	96075803	-	0.9316	0.4944	>	6	15	75
1386	chr11	77476535	77476516	+	0.1632	0.2383	>	6	15	75
1387	chr1	81294004	81293985	-	0.905	0.562	>	6	15	75
1388	chr12	15520954	15520935	+	0.7183	0.4033	>	6	15	75
1389	chr7	66397054	66397035	+	0.1594	0.2107	>	6	15	75
1390	chr12	74014582	74014563	-	0.2377	0.1973	>	6	15	75
1391	chr5	144242554	144242535	-	0.241	0.1987	>	6	15	75
1392	chr15	66894943	66894924	+	0.2703	0.2021	>	6	15	75
1393	chr6	126484995	126484976	-	0.4333	1.278	>	6	15	75
1394	chr4	48427148	48427129	+	0.678	0.3833	>	6	15	75
1395	chr15	71459211	71459192	+	0.252	0.1731	>	6	15	75
1396	chr3	19896435	19896416	-	0.2361	0.1467	>	6	15	75
1397	chr8	68268707	68268688	-	0.1398	0.1492	>	6	15	75
1398	chr1	182555580	182555561	-	0.1982	0.1915	>	6	15	75
1399	chr9	44413186	44413167	-	0.534	0.393	>	6	15	75
1400	chr14	70151716	70151697	+	0.3604	0.2382	>	6	15	75
1401	chr4	62478250	62478231	+	0.438	0.1328	>	6	15	75
1402	chr3	127561629	127561610	-	0.2183	0.12354	>	6	15	75
1403	chr3	69139614	69139595	-	0.397	0.2261	>	6	15	75
1404	chr17	17919616	17919597	+	0.1678	0.167	>	6	15	75
1405	chr4	139314214	139314195	-	0.2279	0.269	>	6	15	75
1406	chr18	61952763	61952744	-	0.2372	0.1731	>	6	15	75
1407	chr9	7599188	7599169	+	0.33	0.191	>	6	15	75
1408	chr10	120898341	120898322	-	0.3386	0.1467	>	6	15	75
1409	chr11	57469613	57469594	-	0.1846	0.2297	>	6	15	75
1410	chr18	58480198	58480179	-	0.2095	0.1665	>	6	15	75
1411	chr17	12380527	12380508	-	0.658	0.591	>	6	15	75
1412	chr2	107940173	107940154	+	0.11664	0.1351	>	6	15	75
1413	chr2	32580534	32580515	-	0.2605	0.4055	>	6	15	75
1414	chr15	98813480	98813461	+	0.3496	0.5376	>	6	15	75
1415	chr6	54253893	54253874	+	0.1663	0.1743	>	6	15	75
1416	chr1	135800865	135800846	+	0.1766	0.1665	>	6	15	75
1417	chr15	58426369	58426350	+	0.1996	0.1519	>	6	15	75
1418	chr4	87367775	87367756	+	0.3853	0.1472	>	6	15	75
1419	chr2	96583103	96583084	-	0.809	0.3242	>	6	15	75
1420	chr4	63366959	63366940	-	0.1979	0.1753	>	6	15	75
1421	chr4	59761293	59761274	-	0.3435	0.2113	>	6	15	75
1422	chr10	7832162	7832143	+	0.2646	0.1672	>	6	15	75
1423	chr7	89904213	89904194	-	0.2908	0.156	>	6	15	75
1424	chr1	30697342	30697323	+	0.1025	0.1263	>	6	15	75
1425	chr1	58987602	58987583	+	0.2202	0.1498	>	6	15	75
1426	chr15	7452190	7452171	+	0.1405	0.12085	>	6	15	75
1427	chr4	139877044	139877025	+	0.3875	0.2688	>	6	15	75
1428	chr3	83291887	83291868	-	0.0825	0.137	>	6	15	75
1429	chr15	68912907	68912888	-	0.5024	0.2024	>	6	15	75
1430	chr14	64593744	64593725	-	1.073	0.5703	>	6	15	75
1431	chr1	56980349	56980330	-	0.2778	0.2322	>	6	15	75
1432	chr14	75833620	75833601	-	0.6006	0.4543	>	6	15	75
1433	chr16	62904648	62904629	-	0.217	0.1924	>	6	15	75
1434	chr5	35991229	35991210	-	1.033	1.082	>	6	15	75
1435	chr5	44287418	44287399	-	0.248	0.155	>	6	15	75
1436	chr15	76199915	76199896	-	0.07776	0.3071	>	6	15	75
1437	chr4	131240262	131240243	-	0.241	0.206	>	6	15	75
1438	chr5	102147917	102147898	-	0.228	0.2458	>	6	15	75
1439	chr3	93086926	93086907	+	0.0978	0.1787	>	6	15	75
1440	chr6	126163382	126163363	+	2.373	1.376	>	6	15	75
1441	chr3	45375769	45375750	+	1.051	0.2544	>	6	15	75
1442	chr16	90306219	90306200	-	0.3647	0.3506	>	6	15	75
1443	chr17	3249270	3249251	-	0.1843	0.136	>	6	15	75
1444	chr4	143024421	143024402	-	0.087	0.1317	>	6	15	75
1445	chr19	47513892	47513873	-	0.2471	0.1393	>	6	15	75
1446	chr6	66534595	66534576	-	1.387	0.675	>	6	15	75
1447	chr6	134963172	134963153	-	0.6475	0.5996	>	6	15	75
1448	chr14	56369245	56369226	+	0.2401	0.1912	>	6	15	75
1449	chr18	53460219	53460200	+	0.1775	0.162	>	6	15	75
1450	chr7	89476922	89476903	-	0.2163	0.1522	>	6	15	75
1451	chr6	34273116	34273097	+	0.0673	0.1545	>	6	15	75
1452	chr7	142295608	142295589	-	1.062	6.32	>	6	15	75
1453	chr3	22302208	22302189	+	0.992	0.3848	>	6	15	75
1454	chr6	31045994	31045975	-	0.7534	0.959	>	6	15	75
1455	chr9	57143378	57143359	-	0.1816	0.2302	>	6	15	75
1456	chr6	101268340	101268321	+	0.2712	0.1924	>	6	15	75
1457	chr9	58897456	58897437	-	0.7163	0.4846	>	6	15	75
1458	chr17	79601068	79601049	+	0.2245	0.12476	>	6	15	75
1459	chr16	5254607	5254588	-	0.2883	0.22	>	6	15	75
1460	chr4	83595536	83595517	+	1.783	1.041	>	6	15	75
1461	chr9	51159881	51159862	-	0.6875	0.266	>	6	15	75
1462	chr14	66354429	66354410	+	0.1142	0.1388	>	6	15	75
1463	chr5	117090283	117090264	+	0.5806	0.4014	>	6	15	75
1464	chr2	168061425	168061406	-	0.1733	0.2051	>	6	15	75
1465	chr5	9169228	9169209	+	0.3306	0.1686	>	6	15	75
1466	chr6	28418701	28418682	-	0.4202	0.266	>	6	15	75
1467	chr12	105038443	105038424	-	0.1501	0.2063	>	6	15	75
1468	chr1	182558143	182558124	-	0.2264	0.1511	>	6	15	75
1469	chr8	47713300	47713281	-	1.078	1.646	>	6	15	75
1470	chr18	47357393	47357374	+	0.2007	0.1278	>	6	15	75
1471	chr1	118771083	118771064	-	0.1254	0.2006	>	6	15	75
1472	chr16	6493044	6493025	-	0.1927	0.1516	>	6	15	75
1473	chr9	42951005	42950986	-	0.3914	0.2078	>	6	15	75
1474	chr13	53430986	53430967	-	0.6504	0.3672	>	6	15	75
1475	chr13	67609268	67609249	+	2.162	0.826	>	6	15	75
1476	chr1	53035072	53035053	+	0.1465	0.1494	>	6	15	75
1477	chr7	99471824	99471805	-	0.3745	0.4907	>	6	15	75
1478	chr11	36543574	36543555	-	0.1156	0.1614	>	6	15	75
1479	chr5	124334258	124334239	-	0.3428	0.273	>	6	15	75
1480	chr10	76771414	76771395	-	0.1296	0.2047	>	6	15	75
1481	chr10	4386719	4386700	+	0.32	0.4492	>	6	15	75
1482	chr5	116554091	116554072	+	0.0876	0.1714	>	6	15	75
1483	chr10	41734858	41734839	+	0.1406	0.2605	>	6	15	75
1484	chr10	50906875	50906856	-	0.2361	0.1674	>	6	15	75
1485	chr11	31651668	31651649	+	0.07605	0.1534	>	6	15	75
1486	chr6	116193190	116193171	+	0.3687	0.372	>	6	15	75
1487	chr1	188976509	188976490	+	0.343	0.1833	>	6	15	75
1488	chr12	101976095	101976076	+	0.681	0.4116	>	6	15	75
1489	chr15	75925915	75925896	+	0.6084	0.9233	>	6	15	75
1490	chr1	4777287	4777268	-	0.9443	1.425	>	6	15	75
1491	chr18	86560230	86560211	+	0.7866	1.138	>	6	15	75
1492	chr7	43574878	43574859	+	1.292	1.347	>	6	15	75
1493	chr7	98200601	98200582	-	0.2927	0.1711	>	6	15	75
1494	chr4	143319849	143319830	+	0.2299	0.1525	>	6	15	75
1495	chr2	128601696	128601677	-	0.1208	0.207	>	6	15	75
1496	chr17	57004491	57004472	-	0.1467	0.2932	>	6	15	75
1497	chr2	35196541	35196522	-	1.081	0.3997	>	6	15	75
1498	chr5	29779371	29779352	+	0.1531	0.1671	>	6	15	75
1499	chr10	93038429	93038410	-	0.163	0.1875	>	6	15	75
0	chr4	87368268	87368249	+	90.56	65.75	>	6	16	74
1	chr11	109860827	109860808	-	89.2	47.97	>	6	16	74
2	chr3	22309188	22309169	+	81.5	60.4	>	6	16	74
3	chr10	5161770	5161751	-	79.2	55.88	>	6	16	74
4	chr16	71247702	71247683	+	68.56	43.2	>	6	16	74
5	chr16	72980067	72980048	-	68.3	56.7	>	6	16	74
6	chr6	60556001	60555982	+	67.7	40.38	>	6	16	74
7	chr5	7996919	7996900	-	66.06	59.4	>	6	16	74
8	chr14	12140114	12140095	-	65.1	51.62	>	6	16	74
9	chr13	81439574	81439555	+	64.94	46.94	>	6	16	74
10	chr9	103996726	103996707	-	64.9	51.25	>	6	16	74
11	chr15	56066340	56066321	+	63.97	42.94	>	6	16	74
12	chr10	106609250	106609231	+	63.97	42.62	>	6	16	74
13	chr1	144380222	144380203	-	63.4	48.44	>	6	16	74
14	chr10	8240468	8240449	-	62.34	45.88	>	6	16	74
15	chr12	77000269	77000250	+	62.22	54.97	>	6	16	74
16	chr1	44745882	44745863	+	62.12	40.25	>	6	16	74
17	chr4	81178889	81178870	+	62.03	50.0	>	6	16	74
18	chr9	10909768	10909749	+	61.12	47.94	>	6	16	74
19	chr6	64650119	64650100	-	60.56	60.88	>	6	16	74
20	chr15	32766485	32766466	-	60.56	46.62	>	6	16	74
21	chr4	9135983	9135964	+	60.03	34.12	>	6	16	74
22	chr7	118305013	118304994	+	59.5	47.62	>	6	16	74
23	chr10	39520570	39520551	-	58.34	40.5	>	6	16	74
24	chr1	78724658	78724639	+	58.25	47.28	>	6	16	74
25	chr2	160598038	160598019	+	57.94	55.8	>	6	16	74
26	chr18	33790258	33790239	-	57.72	56.3	>	6	16	74
27	chr12	40837750	40837731	+	57.5	46.25	>	6	16	74
28	chr8	41443763	41443744	+	57.34	56.06	>	6	16	74
29	chr14	68494314	68494295	-	56.94	24.97	>	6	16	74
30	chr1	11657910	11657891	+	56.8	43.62	>	6	16	74
31	chr11	77100337	77100318	+	55.88	49.25	>	6	16	74
32	chr16	41244935	41244916	-	55.72	48.0	>	6	16	74
33	chr14	87452291	87452272	-	55.72	63.0	>	6	16	74
34	chr18	16217050	16217031	+	54.9	26.8	>	6	16	74
35	chr11	53255133	53255114	-	54.8	39.5	>	6	16	74
36	chr9	7216447	7216428	+	54.56	27.64	>	6	16	74
37	chr8	35850598	35850579	-	54.5	50.94	>	6	16	74
38	chr8	102781131	102781112	-	54.44	41.34	>	6	16	74
39	chr5	49962010	49961991	-	54.16	50.88	>	6	16	74
40	chr7	90410162	90410143	-	54.06	39.75	>	6	16	74
41	chr4	15328717	15328698	+	54.03	40.72	>	6	16	74
42	chr11	31949616	31949597	-	54.0	41.44	>	6	16	74
43	chr1	120586671	120586652	+	53.8	57.06	>	6	16	74
44	chr13	19698921	19698902	+	53.16	40.8	>	6	16	74
45	chr12	57825950	57825931	+	53.03	34.38	>	6	16	74
46	chr16	72215933	72215914	-	52.7	45.56	>	6	16	74
47	chr9	15685402	15685383	+	52.62	45.03	>	6	16	74
48	chr10	10321327	10321308	-	52.47	23.97	>	6	16	74
49	chr9	49494135	49494116	+	52.4	51.5	>	6	16	74
50	chr3	50906169	50906150	-	52.12	57.06	>	6	16	74
51	chr11	57467973	57467954	-	52.03	54.47	>	6	16	74
52	chr11	113165316	113165297	-	51.88	57.94	>	6	16	74
53	chr9	51152608	51152589	-	51.8	48.22	>	6	16	74
54	chr16	58299658	58299639	+	51.56	30.08	>	6	16	74
55	chr16	22564783	22564764	+	51.44	49.16	>	6	16	74
56	chr8	36523135	36523116	-	51.4	44.44	>	6	16	74
57	chr14	34810941	34810922	+	51.3	52.97	>	6	16	74
58	chr6	101261740	101261721	-	51.0	49.47	>	6	16	74
59	chr7	132213694	132213675	-	50.8	38.62	>	6	16	74
60	chr2	48886271	48886252	-	50.28	44.53	>	6	16	74
61	chr12	54060974	54060955	-	50.12	27.78	>	6	16	74
62	chr1	5905019	5905000	-	50.06	44.22	>	6	16	74
63	chr9	26776375	26776356	-	50.0	53.88	>	6	16	74
64	chr1	103799519	103799500	+	49.53	56.44	>	6	16	74
65	chr9	88222188	88222169	-	49.5	40.1	>	6	16	74
66	chr18	58481884	58481865	-	49.28	39.28	>	6	16	74
67	chr13	100112788	100112769	+	49.16	37.22	>	6	16	74
68	chr3	14679394	14679375	+	49.06	29.97	>	6	16	74
69	chr16	37109459	37109440	+	48.75	19.0	>	6	16	74
70	chr3	153655318	153655299	-	48.72	48.28	>	6	16	74
71	chr16	89765698	89765679	-	48.38	54.0	>	6	16	74
72	chr13	89543228	89543209	-	48.3	56.84	>	6	16	74
73	chr11	40149509	40149490	-	48.28	36.34	>	6	16	74
74	chr3	113080940	113080921	-	48.2	53.4	>	6	16	74
75	chr10	70963797	70963778	-	47.53	51.97	>	6	16	74
76	chr6	66533480	66533461	-	47.34	41.22	>	6	16	74
77	chr18	57976815	57976796	+	47.28	41.3	>	6	16	74
78	chr12	92303388	92303369	+	47.12	48.12	>	6	16	74
79	chr6	43686140	43686121	+	47.1	34.0	>	6	16	74
80	chr15	11038687	11038668	+	47.06	40.16	>	6	16	74
81	chr6	13281064	13281045	-	47.06	44.4	>	6	16	74
82	chr4	25180081	25180062	-	46.94	22.34	>	6	16	74
83	chr2	110229883	110229864	+	46.8	37.2	>	6	16	74
84	chr2	118638293	118638274	+	46.34	48.4	>	6	16	74
85	chr14	67674858	67674839	-	46.2	40.62	>	6	16	74
86	chr1	179477262	179477243	-	45.97	54.9	>	6	16	74
87	chr12	78056191	78056172	+	45.84	48.03	>	6	16	74
88	chr15	44836402	44836383	+	45.7	45.75	>	6	16	74
89	chr9	80293262	80293243	+	45.3	48.66	>	6	16	74
90	chr1	21411405	21411386	+	45.28	35.97	>	6	16	74
91	chr8	80483379	80483360	-	45.28	32.34	>	6	16	74
92	chr16	55477026	55477007	-	44.9	60.88	>	6	16	74
93	chr9	122729759	122729740	-	44.72	40.56	>	6	16	74
94	chr2	17415581	17415562	-	44.56	38.03	>	6	16	74
95	chr4	13778049	13778030	-	44.5	20.47	>	6	16	74
96	chr16	64748455	64748436	-	44.47	52.25	>	6	16	74
97	chr6	57570627	57570608	-	44.28	34.06	>	6	16	74
98	chr16	13117421	13117402	+	44.28	48.25	>	6	16	74
99	chr1	54381475	54381456	-	44.12	34.1	>	6	16	74
100	chr15	40166896	40166877	+	44.03	40.53	>	6	16	74
101	chr17	83271696	83271677	+	44.0	39.2	>	6	16	74
102	chr9	63136063	63136044	+	43.94	32.22	>	6	16	74
103	chr3	68056550	68056531	+	43.88	35.0	>	6	16	74
104	chr3	25220822	25220803	-	43.8	23.62	>	6	16	74
105	chr7	118102455	118102436	-	43.53	59.94	>	6	16	74
106	chr9	51335485	51335466	+	43.47	26.75	>	6	16	74
107	chr16	96671807	96671788	-	43.4	27.66	>	6	16	74
108	chr2	113494904	113494885	+	43.34	43.28	>	6	16	74
109	chr1	55404561	55404542	+	43.25	39.06	>	6	16	74
110	chr3	80079969	80079950	+	43.0	35.7	>	6	16	74
111	chr11	25862989	25862970	-	42.66	37.9	>	6	16	74
112	chr13	109213188	109213169	-	42.6	60.5	>	6	16	74
113	chr8	58566283	58566264	+	42.56	33.8	>	6	16	74
114	chr16	72218227	72218208	+	42.38	47.1	>	6	16	74
115	chr14	102510640	102510621	-	42.34	35.9	>	6	16	74
116	chr7	143154010	143153991	+	42.16	43.66	>	6	16	74
117	chr6	143219585	143219566	+	42.1	41.62	>	6	16	74
118	chr17	86906334	86906315	-	41.97	47.25	>	6	16	74
119	chr8	62080400	62080381	+	41.97	30.6	>	6	16	74
120	chr3	57843985	57843966	+	41.94	43.75	>	6	16	74
121	chr18	3495634	3495615	+	41.62	36.03	>	6	16	74
122	chr7	125393847	125393828	-	41.56	47.0	>	6	16	74
123	chr7	86211564	86211545	-	41.56	46.4	>	6	16	74
124	chr9	60245127	60245108	+	41.38	43.16	>	6	16	74
125	chr6	131353859	131353840	-	41.3	15.89	>	6	16	74
126	chr15	98173991	98173972	-	41.25	24.88	>	6	16	74
127	chr17	88641249	88641230	-	41.12	34.25	>	6	16	74
128	chr9	87027908	87027889	+	41.1	38.34	>	6	16	74
129	chr4	70621553	70621534	-	40.97	48.38	>	6	16	74
130	chr12	41487236	41487217	-	40.88	35.94	>	6	16	74
131	chr4	127368548	127368529	+	40.8	49.72	>	6	16	74
132	chr8	50293750	50293731	-	40.75	48.2	>	6	16	74
133	chr16	27468981	27468962	+	40.75	34.62	>	6	16	74
134	chr7	121641354	121641335	-	40.7	30.69	>	6	16	74
135	chr3	29726795	29726776	-	40.7	30.42	>	6	16	74
136	chr14	29110872	29110853	-	40.66	51.22	>	6	16	74
137	chr13	116712427	116712408	-	40.62	33.1	>	6	16	74
138	chr18	19939562	19939543	-	40.47	45.7	>	6	16	74
139	chr15	80704533	80704514	-	40.28	46.53	>	6	16	74
140	chr18	50137074	50137055	+	40.28	37.62	>	6	16	74
141	chr13	15763212	15763193	-	40.25	29.53	>	6	16	74
142	chr19	50185486	50185467	+	40.22	44.2	>	6	16	74
143	chr12	74013965	74013946	-	40.22	40.8	>	6	16	74
144	chr1	138835543	138835524	+	40.06	20.81	>	6	16	74
145	chr15	55550924	55550905	-	40.06	37.12	>	6	16	74
146	chr1	61771439	61771420	-	40.06	23.55	>	6	16	74
147	chr12	34664961	34664942	+	40.0	19.7	>	6	16	74
148	chr14	78288101	78288082	-	39.8	38.8	>	6	16	74
149	chr2	4499416	4499397	+	39.78	33.88	>	6	16	74
150	chr13	30260132	30260113	-	39.75	32.75	>	6	16	74
151	chr9	68015271	68015252	+	39.2	39.0	>	6	16	74
152	chr1	126993502	126993483	-	39.06	47.2	>	6	16	74
153	chr16	25349824	25349805	-	39.0	41.2	>	6	16	74
154	chr1	14729249	14729230	-	38.94	39.3	>	6	16	74
155	chr15	59389427	59389408	+	38.7	46.34	>	6	16	74
156	chr6	100882590	100882571	+	38.66	49.44	>	6	16	74
157	chr3	9711121	9711102	+	38.62	35.47	>	6	16	74
158	chr6	21214019	21214000	-	38.47	24.2	>	6	16	74
159	chr17	42603617	42603598	-	38.47	42.5	>	6	16	74
160	chr4	80517548	80517529	-	38.47	41.4	>	6	16	74
161	chr9	85328584	85328565	-	38.28	30.06	>	6	16	74
162	chr17	44262001	44261982	+	38.22	44.16	>	6	16	74
163	chr10	102449665	102449646	+	38.2	48.84	>	6	16	74
164	chr17	14520745	14520726	-	38.12	30.45	>	6	16	74
165	chr13	51830925	51830906	+	38.0	56.0	>	6	16	74
166	chr12	83502436	83502417	-	37.97	34.4	>	6	16	74
167	chr5	75853265	75853246	-	37.94	27.88	>	6	16	74
168	chr13	110382742	110382723	+	37.88	61.84	>	6	16	74
169	chr5	62481159	62481140	-	37.8	35.4	>	6	16	74
170	chr7	49121503	49121484	-	37.7	29.61	>	6	16	74
171	chr15	11966575	11966556	-	37.66	34.72	>	6	16	74
172	chr3	31146135	31146116	+	37.53	44.5	>	6	16	74
173	chr2	37815879	37815860	+	37.47	39.2	>	6	16	74
174	chr5	33033442	33033423	-	37.44	48.28	>	6	16	74
175	chr9	7595466	7595447	-	37.4	28.72	>	6	16	74
176	chr5	21641153	21641134	-	37.3	33.66	>	6	16	74
177	chr14	48367302	48367283	-	37.12	39.88	>	6	16	74
178	chr17	14524624	14524605	+	37.1	38.88	>	6	16	74
179	chr4	84064835	84064816	+	37.06	23.38	>	6	16	74
180	chr4	63368786	63368767	+	37.06	51.6	>	6	16	74
181	chr5	102149680	102149661	+	37.03	38.97	>	6	16	74
182	chr12	32897684	32897665	-	36.88	40.9	>	6	16	74
183	chr16	91936532	91936513	+	36.72	43.06	>	6	16	74
184	chr6	37046379	37046360	-	36.72	47.7	>	6	16	74
185	chr18	59081896	59081877	+	36.7	37.34	>	6	16	74
186	chr6	103697552	103697533	-	36.3	43.6	>	6	16	74
187	chr18	19937930	19937911	+	36.3	37.56	>	6	16	74
188	chr6	93757594	93757575	+	36.28	18.31	>	6	16	74
189	chr17	9756371	9756352	+	36.28	21.2	>	6	16	74
190	chr2	96585854	96585835	+	36.25	26.84	>	6	16	74
191	chr11	82915176	82915157	+	36.2	36.34	>	6	16	74
192	chr6	6005837	6005818	+	36.03	35.2	>	6	16	74
193	chr1	98392238	98392219	-	36.03	38.97	>	6	16	74
194	chr7	48749384	48749365	+	35.94	38.3	>	6	16	74
195	chr11	105911812	105911793	-	35.9	37.8	>	6	16	74
196	chr10	45045486	45045467	-	35.8	35.22	>	6	16	74
197	chr2	4492748	4492729	-	35.75	19.97	>	6	16	74
198	chr6	18087397	18087378	+	35.75	40.84	>	6	16	74
199	chr5	90203341	90203322	+	35.7	41.12	>	6	16	74
200	chr7	136489148	136489129	+	35.62	28.06	>	6	16	74
201	chr9	109862620	109862601	-	35.6	34.12	>	6	16	74
202	chr15	59876355	59876336	+	35.3	32.16	>	6	16	74
203	chr14	76473612	76473593	-	35.25	45.66	>	6	16	74
204	chr3	128349320	128349301	+	35.03	41.75	>	6	16	74
205	chr3	45375963	45375944	+	35.03	23.92	>	6	16	74
206	chr3	133314669	133314650	+	34.97	39.0	>	6	16	74
207	chr1	96801850	96801831	-	34.84	30.55	>	6	16	74
208	chr7	115216958	115216939	+	34.62	30.45	>	6	16	74
209	chr9	59282577	59282558	-	34.62	26.88	>	6	16	74
210	chr2	148112135	148112116	-	34.5	31.5	>	6	16	74
211	chr18	52457916	52457897	-	34.47	28.2	>	6	16	74
212	chr6	56691454	56691435	-	34.34	42.2	>	6	16	74
213	chr13	20292580	20292561	-	34.3	38.5	>	6	16	74
214	chr13	57260119	57260100	-	34.25	52.66	>	6	16	74
215	chr13	113877615	113877596	+	34.25	36.75	>	6	16	74
216	chr13	116715029	116715010	-	34.1	31.72	>	6	16	74
217	chr4	83596692	83596673	-	34.1	52.75	>	6	16	74
218	chr8	64941619	64941600	-	34.06	33.75	>	6	16	74
219	chr3	51701488	51701469	+	34.03	22.56	>	6	16	74
220	chr14	120061322	120061303	-	33.84	29.2	>	6	16	74
221	chr7	75910166	75910147	+	33.8	57.6	>	6	16	74
222	chr4	98702698	98702679	-	33.78	31.62	>	6	16	74
223	chr3	146185137	146185118	+	33.62	52.6	>	6	16	74
224	chr4	151157152	151157133	+	33.53	59.38	>	6	16	74
225	chr5	43391861	43391842	-	33.5	21.5	>	6	16	74
226	chr11	93856511	93856492	-	33.47	26.19	>	6	16	74
227	chr14	59605843	59605824	+	33.47	40.3	>	6	16	74
228	chr14	84438580	84438561	+	33.44	23.31	>	6	16	74
229	chr12	50943824	50943805	-	33.28	38.56	>	6	16	74
230	chr7	83550335	83550316	-	33.2	30.12	>	6	16	74
231	chr6	117167008	117166989	+	33.03	30.3	>	6	16	74
232	chr4	12538791	12538772	+	33.0	21.84	>	6	16	74
233	chr18	47353079	47353060	+	32.84	24.58	>	6	16	74
234	chr5	12541496	12541477	-	32.72	22.56	>	6	16	74
235	chr2	60721127	60721108	+	32.72	22.53	>	6	16	74
236	chr11	78838251	78838232	+	32.72	51.5	>	6	16	74
237	chr8	73356225	73356206	+	32.62	23.39	>	6	16	74
238	chr12	10598567	10598548	+	32.5	41.56	>	6	16	74
239	chr19	20345158	20345139	-	32.25	47.94	>	6	16	74
240	chr17	58909486	58909467	-	32.16	39.4	>	6	16	74
241	chr10	69655037	69655018	-	32.12	36.56	>	6	16	74
242	chr4	3967733	3967714	-	32.12	41.75	>	6	16	74
243	chr16	21192795	21192776	-	32.06	38.78	>	6	16	74
244	chr11	12291593	12291574	-	32.0	15.54	>	6	16	74
245	chr11	117385082	117385063	+	31.83	36.6	>	6	16	74
246	chr12	32292095	32292076	+	31.73	20.83	>	6	16	74
247	chr4	64833096	64833077	+	31.69	34.34	>	6	16	74
248	chr13	47301245	47301226	+	31.67	43.9	>	6	16	74
249	chr1	89631957	89631938	-	31.56	45.38	>	6	16	74
250	chr9	69296601	69296582	-	31.53	38.66	>	6	16	74
251	chr3	53735364	53735345	+	31.28	24.5	>	6	16	74
252	chr10	45373471	45373452	-	31.2	37.7	>	6	16	74
253	chr8	91797725	91797706	+	31.19	30.23	>	6	16	74
254	chr4	88035662	88035643	+	31.06	19.66	>	6	16	74
255	chr2	75151187	75151168	-	31.05	37.9	>	6	16	74
256	chr14	66791971	66791952	-	31.02	32.1	>	6	16	74
257	chr2	93199062	93199043	-	30.9	51.25	>	6	16	74
258	chr2	73551006	73550987	+	30.86	53.72	>	6	16	74
259	chr12	89451144	89451125	-	30.81	40.1	>	6	16	74
260	chr16	66086729	66086710	-	30.81	33.7	>	6	16	74
261	chr14	114791647	114791628	-	30.72	37.2	>	6	16	74
262	chr4	43420547	43420528	-	30.61	34.5	>	6	16	74
263	chr1	87447687	87447668	+	30.56	32.53	>	6	16	74
264	chr15	55306471	55306452	+	30.56	24.06	>	6	16	74
265	chr15	97667578	97667559	+	30.52	37.12	>	6	16	74
266	chr2	16359548	16359529	+	30.47	16.92	>	6	16	74
267	chr14	8356099	8356080	+	30.42	51.06	>	6	16	74
268	chr3	19894816	19894797	-	30.38	33.66	>	6	16	74
269	chr12	43813750	43813731	-	30.34	24.06	>	6	16	74
270	chr2	27770378	27770359	+	30.12	46.8	>	6	16	74
271	chr16	48675836	48675817	-	30.12	28.97	>	6	16	74
272	chr10	13016733	13016714	+	30.1	53.44	>	6	16	74
273	chr2	76367359	76367340	+	30.05	30.6	>	6	16	74
274	chr2	115515230	115515211	+	30.05	12.29	>	6	16	74
275	chr19	16785108	16785089	-	30.03	27.4	>	6	16	74
276	chr3	78948444	78948425	+	30.03	29.16	>	6	16	74
277	chr1	37250876	37250857	-	29.94	25.45	>	6	16	74
278	chr18	74431409	74431390	+	29.94	28.48	>	6	16	74
279	chr1	38787652	38787633	-	29.89	46.22	>	6	16	74
280	chr3	14874584	14874565	+	29.88	22.88	>	6	16	74
281	chr9	69505778	69505759	+	29.88	30.58	>	6	16	74
282	chr10	84450913	84450894	-	29.77	31.7	>	6	16	74
283	chr2	172216047	172216028	-	29.77	65.06	>	6	16	74
284	chr10	97712895	97712876	+	29.72	22.83	>	6	16	74
285	chr1	4770074	4770055	+	29.72	39.66	>	6	16	74
286	chr12	50301580	50301561	-	29.69	16.55	>	6	16	74
287	chr15	85266923	85266904	+	29.69	42.06	>	6	16	74
288	chr4	85403030	85403011	+	29.62	27.23	>	6	16	74
289	chr6	97526370	97526351	-	29.53	31.17	>	6	16	74
290	chr8	112046096	112046077	+	29.5	62.6	>	6	16	74
291	chr12	96311368	96311349	-	29.48	23.8	>	6	16	74
292	chr1	93507239	93507220	-	29.45	32.5	>	6	16	74
293	chr13	21714927	21714908	+	29.4	37.72	>	6	16	74
294	chr6	49008180	49008161	+	29.38	27.1	>	6	16	74
295	chr17	17749545	17749526	-	29.36	32.88	>	6	16	74
296	chr6	145360253	145360234	+	29.34	33.62	>	6	16	74
297	chr7	17066630	17066611	-	29.27	41.75	>	6	16	74
298	chr12	81788850	81788831	-	29.25	32.47	>	6	16	74
299	chr7	129649172	129649153	+	29.19	42.88	>	6	16	74
300	chr14	104039053	104039034	+	29.17	41.16	>	6	16	74
301	chr13	41634744	41634725	-	29.08	40.84	>	6	16	74
302	chr7	138835232	138835213	-	29.02	47.88	>	6	16	74
303	chr15	97195797	97195778	+	28.92	38.5	>	6	16	74
304	chr1	119087737	119087718	+	28.89	50.28	>	6	16	74
305	chr4	85819373	85819354	-	28.86	29.28	>	6	16	74
306	chr11	30657307	30657288	-	28.86	6.477	>	6	16	74
307	chr5	49369245	49369226	+	28.66	27.94	>	6	16	74
308	chr6	106805067	106805048	+	28.61	20.38	>	6	16	74
309	chr6	31660958	31660939	+	28.53	52.9	>	6	16	74
310	chr12	8306749	8306730	-	28.48	47.94	>	6	16	74
311	chr13	42822785	42822766	-	28.47	44.4	>	6	16	74
312	chr15	34968778	34968759	+	28.4	27.94	>	6	16	74
313	chr7	68369859	68369840	+	28.38	58.97	>	6	16	74
314	chr15	80266443	80266424	+	28.33	34.62	>	6	16	74
315	chr6	102171110	102171091	+	28.19	24.06	>	6	16	74
316	chr16	72605273	72605254	-	28.11	17.7	>	6	16	74
317	chr18	65490506	65490487	+	28.06	33.94	>	6	16	74
318	chr3	55373775	55373756	+	28.0	19.75	>	6	16	74
319	chr1	53927814	53927795	-	27.97	28.48	>	6	16	74
320	chr2	160368066	160368047	-	27.95	21.97	>	6	16	74
321	chr10	42295232	42295213	-	27.94	37.8	>	6	16	74
322	chr7	116040411	116040392	-	27.9	26.19	>	6	16	74
323	chr10	116197535	116197516	-	27.81	28.58	>	6	16	74
324	chr5	20773533	20773514	-	27.81	20.77	>	6	16	74
325	chr12	80725012	80724993	-	27.73	38.97	>	6	16	74
326	chr15	66899881	66899862	-	27.6	21.5	>	6	16	74
327	chr18	16822208	16822189	-	27.56	13.28	>	6	16	74
328	chr18	14503254	14503235	-	27.55	19.48	>	6	16	74
329	chr5	98344786	98344767	+	27.44	28.3	>	6	16	74
330	chr10	77517236	77517217	+	27.39	30.44	>	6	16	74
331	chr1	44741472	44741453	-	27.38	6.344	>	6	16	74
332	chr6	127945983	127945964	-	27.28	24.97	>	6	16	74
333	chr16	42914955	42914936	-	27.27	20.78	>	6	16	74
334	chr18	39137558	39137539	+	27.11	15.805	>	6	16	74
335	chr13	42575907	42575888	+	27.11	22.34	>	6	16	74
336	chr2	13278209	13278190	+	27.06	48.53	>	6	16	74
337	chr18	43836585	43836566	-	27.06	22.66	>	6	16	74
338	chr4	114647896	114647877	+	27.05	26.58	>	6	16	74
339	chr16	44149214	44149195	-	27.03	37.28	>	6	16	74
340	chr13	109776299	109776280	+	27.02	27.47	>	6	16	74
341	chr19	30217515	30217496	+	27.0	44.25	>	6	16	74
342	chr6	61316075	61316056	+	26.94	38.16	>	6	16	74
343	chr17	78598832	78598813	+	26.92	37.16	>	6	16	74
344	chr2	117231457	117231438	-	26.88	23.62	>	6	16	74
345	chr4	115101816	115101797	+	26.84	34.88	>	6	16	74
346	chr10	57448131	57448112	-	26.8	44.97	>	6	16	74
347	chr13	113046665	113046646	+	26.77	22.72	>	6	16	74
348	chr4	110022447	110022428	-	26.58	43.47	>	6	16	74
349	chr7	101653829	101653810	+	26.5	47.97	>	6	16	74
350	chr5	67756338	67756319	+	26.5	26.55	>	6	16	74
351	chr3	62192717	62192698	-	26.5	17.1	>	6	16	74
352	chr10	17728146	17728127	-	26.45	14.96	>	6	16	74
353	chr5	37752557	37752538	-	26.33	30.73	>	6	16	74
354	chr1	60961316	60961297	-	26.3	26.22	>	6	16	74
355	chr17	68176981	68176962	+	26.27	18.84	>	6	16	74
356	chr7	37357871	37357852	-	26.2	67.6	>	6	16	74
357	chr4	32572316	32572297	-	26.16	44.75	>	6	16	74
358	chr4	96696741	96696722	+	26.12	32.22	>	6	16	74
359	chr4	109729491	109729472	-	26.06	50.3	>	6	16	74
360	chr10	111977780	111977761	+	25.78	32.1	>	6	16	74
361	chr5	45424489	45424470	-	25.73	30.9	>	6	16	74
362	chr2	61494577	61494558	-	25.72	22.25	>	6	16	74
363	chr6	13287046	13287027	+	25.69	21.62	>	6	16	74
364	chr9	116060829	116060810	+	25.66	36.5	>	6	16	74
365	chr8	17537753	17537734	-	25.64	36.44	>	6	16	74
366	chr9	77781636	77781617	-	25.62	27.94	>	6	16	74
367	chr15	5106460	5106441	-	25.56	29.45	>	6	16	74
368	chr17	93141334	93141315	-	25.53	33.03	>	6	16	74
369	chr6	97759520	97759501	+	25.52	17.88	>	6	16	74
370	chr8	119384750	119384731	-	25.47	45.94	>	6	16	74
371	chr6	88113322	88113303	+	25.38	41.75	>	6	16	74
372	chr15	101984527	101984508	-	25.38	56.7	>	6	16	74
373	chr8	54493335	54493316	-	25.34	39.7	>	6	16	74
374	chr9	24119622	24119603	+	25.33	14.83	>	6	16	74
375	chr3	50077169	50077150	-	25.31	24.22	>	6	16	74
376	chr4	47419767	47419748	+	25.23	44.03	>	6	16	74
377	chr2	76115910	76115891	+	25.22	28.97	>	6	16	74
378	chr15	67174759	67174740	+	25.2	12.74	>	6	16	74
379	chr8	125574509	125574490	+	25.17	12.85	>	6	16	74
380	chr1	161737065	161737046	-	25.11	39.75	>	6	16	74
381	chr3	85571455	85571436	-	25.1	9.7	>	6	16	74
382	chr18	19577078	19577059	-	25.02	27.28	>	6	16	74
383	chr19	36083087	36083068	-	25.0	29.4	>	6	16	74
384	chr8	115709616	115709597	-	24.98	9.14	>	6	16	74
385	chr10	126330794	126330775	-	24.84	24.02	>	6	16	74
386	chr15	25993551	25993532	+	24.81	33.28	>	6	16	74
387	chr5	131430355	131430336	-	24.78	45.44	>	6	16	74
388	chr1	9545352	9545333	-	24.78	38.06	>	6	16	74
389	chr19	28768445	28768426	-	24.75	36.44	>	6	16	74
390	chr10	24630876	24630857	+	24.72	22.94	>	6	16	74
391	chr17	54351102	54351083	+	24.53	15.79	>	6	16	74
392	chr16	20496806	20496787	+	24.47	28.86	>	6	16	74
393	chr12	109394024	109394005	-	24.44	15.02	>	6	16	74
394	chr13	21803288	21803269	-	24.42	40.1	>	6	16	74
395	chr3	103392995	103392976	+	24.38	33.9	>	6	16	74
396	chr15	25428758	25428739	+	24.31	24.08	>	6	16	74
397	chr3	135206860	135206841	-	24.3	9.21	>	6	16	74
398	chr8	65139261	65139242	+	24.3	33.56	>	6	16	74
399	chr9	29650850	29650831	-	24.23	35.72	>	6	16	74
400	chr3	127971093	127971074	+	24.2	46.1	>	6	16	74
401	chr2	104035038	104035019	+	24.16	33.7	>	6	16	74
402	chr9	81635302	81635283	+	24.11	12.08	>	6	16	74
403	chr6	95484597	95484578	+	24.03	13.41	>	6	16	74
404	chr14	72293991	72293972	-	23.83	34.2	>	6	16	74
405	chr18	65490035	65490016	-	23.72	29.94	>	6	16	74
406	chr12	38123788	38123769	-	23.66	16.0	>	6	16	74
407	chr18	70184838	70184819	-	23.66	11.39	>	6	16	74
408	chr3	152095252	152095233	-	23.53	23.67	>	6	16	74
409	chr8	32002994	32002975	-	23.5	23.94	>	6	16	74
410	chr11	22206830	22206811	-	23.48	11.1	>	6	16	74
411	chr5	76541051	76541032	-	23.44	19.22	>	6	16	74
412	chr10	52106337	52106318	+	23.38	22.61	>	6	16	74
413	chr1	84697462	84697443	-	23.38	25.22	>	6	16	74
414	chr1	67181385	67181366	+	23.34	35.0	>	6	16	74
415	chr6	101267027	101267008	+	23.31	12.77	>	6	16	74
416	chr6	129255175	129255156	-	23.25	41.8	>	6	16	74
417	chr4	115710017	115709998	-	23.19	25.83	>	6	16	74
418	chr2	118241614	118241595	-	23.19	37.16	>	6	16	74
419	chr8	71371784	71371765	+	23.11	28.11	>	6	16	74
420	chr7	73422670	73422651	-	23.11	37.7	>	6	16	74
421	chr5	33039602	33039583	+	23.05	27.48	>	6	16	74
422	chr2	153143004	153142985	-	23.02	20.31	>	6	16	74
423	chr14	98181824	98181805	-	23.0	7.93	>	6	16	74
424	chr2	136887058	136887039	-	22.97	12.49	>	6	16	74
425	chr1	135136701	135136682	-	22.88	42.44	>	6	16	74
426	chr5	4948481	4948462	-	22.86	27.0	>	6	16	74
427	chr10	71422814	71422795	+	22.81	51.25	>	6	16	74
428	chr8	64597251	64597232	-	22.66	30.06	>	6	16	74
429	chr1	162336834	162336815	-	22.45	14.914	>	6	16	74
430	chr9	94738996	94738977	+	22.42	42.94	>	6	16	74
431	chr17	53403136	53403117	+	22.4	18.28	>	6	16	74
432	chr2	155811920	155811901	-	22.36	51.28	>	6	16	74
433	chr12	52010769	52010750	+	22.33	16.6	>	6	16	74
434	chr3	44912870	44912851	-	22.31	11.58	>	6	16	74
435	chr5	98348848	98348829	+	22.25	34.97	>	6	16	74
436	chr15	80706301	80706282	+	22.25	25.52	>	6	16	74
437	chr1	167932285	167932266	-	22.22	36.66	>	6	16	74
438	chr14	121455709	121455690	-	22.2	25.7	>	6	16	74
439	chr4	98243714	98243695	-	22.16	26.34	>	6	16	74
440	chr4	143027468	143027449	+	22.14	29.11	>	6	16	74
441	chr2	153668926	153668907	+	22.14	25.36	>	6	16	74
442	chr9	41461929	41461910	-	22.14	12.42	>	6	16	74
443	chr4	109431143	109431124	-	22.1	22.34	>	6	16	74
444	chr5	44831505	44831486	-	22.08	22.05	>	6	16	74
445	chr8	119676601	119676582	-	22.03	33.06	>	6	16	74
446	chr17	40824060	40824041	-	22.02	34.28	>	6	16	74
447	chr15	37102366	37102347	-	22.0	13.84	>	6	16	74
448	chr1	119083862	119083843	-	21.92	45.47	>	6	16	74
449	chr5	41044703	41044684	-	21.78	28.61	>	6	16	74
450	chr19	24622032	24622013	+	21.77	22.19	>	6	16	74
451	chr3	58159626	58159607	-	21.75	32.1	>	6	16	74
452	chr1	38130140	38130121	-	21.75	23.66	>	6	16	74
453	chr2	129472129	129472110	-	21.73	30.17	>	6	16	74
454	chr9	15682043	15682024	-	21.73	11.22	>	6	16	74
455	chr9	69502720	69502701	-	21.7	34.7	>	6	16	74
456	chr14	21120676	21120657	+	21.69	43.16	>	6	16	74
457	chr7	110645588	110645569	-	21.69	43.56	>	6	16	74
458	chr16	78950579	78950560	-	21.64	3.295	>	6	16	74
459	chr7	131899517	131899498	+	21.56	16.44	>	6	16	74
460	chr8	106403484	106403465	-	21.53	20.23	>	6	16	74
461	chr17	73303429	73303410	+	21.48	50.6	>	6	16	74
462	chr1	83727325	83727306	+	21.48	26.81	>	6	16	74
463	chr13	29857603	29857584	+	21.42	9.836	>	6	16	74
464	chr14	104033786	104033767	+	21.34	21.16	>	6	16	74
465	chr7	119011391	119011372	+	21.31	35.56	>	6	16	74
466	chr1	69165377	69165358	+	21.31	25.0	>	6	16	74
467	chr1	192727176	192727157	+	21.28	21.9	>	6	16	74
468	chr9	50438293	50438274	-	21.2	27.17	>	6	16	74
469	chr15	46990407	46990388	-	21.14	10.516	>	6	16	74
470	chr13	73646874	73646855	+	21.14	37.5	>	6	16	74
471	chr16	67089956	67089937	+	21.12	15.94	>	6	16	74
472	chr2	83332995	83332976	-	21.02	18.14	>	6	16	74
473	chr8	10415030	10415011	+	21.0	37.3	>	6	16	74
474	chr1	35716149	35716130	-	20.89	18.69	>	6	16	74
475	chr7	43920039	43920020	-	20.83	34.3	>	6	16	74
476	chr8	15138726	15138707	+	20.81	41.03	>	6	16	74
477	chr13	6515705	6515686	+	20.8	28.08	>	6	16	74
478	chr2	64948996	64948977	-	20.72	23.2	>	6	16	74
479	chr19	20345737	20345718	+	20.7	55.44	>	6	16	74
480	chr5	33994851	33994832	+	20.64	14.97	>	6	16	74
481	chr14	76479953	76479934	+	20.62	37.16	>	6	16	74
482	chr3	144737048	144737029	+	20.58	28.33	>	6	16	74
483	chr2	13597223	13597204	-	20.5	12.72	>	6	16	74
484	chr9	118908437	118908418	-	20.5	27.45	>	6	16	74
485	chr4	153484615	153484596	-	20.39	17.89	>	6	16	74
486	chr19	12433211	12433192	+	20.36	28.34	>	6	16	74
487	chr15	31611224	31611205	+	20.34	11.17	>	6	16	74
488	chr3	107206198	107206179	+	20.34	39.22	>	6	16	74
489	chr17	86909946	86909927	+	20.31	22.38	>	6	16	74
490	chr7	89473669	89473650	-	20.22	24.19	>	6	16	74
491	chr6	35252603	35252584	+	20.22	32.56	>	6	16	74
492	chr6	126168001	126167982	-	20.17	8.76	>	6	16	74
493	chr16	42169942	42169923	+	20.12	43.34	>	6	16	74
494	chr6	90607354	90607335	+	20.11	24.86	>	6	16	74
495	chr6	31664664	31664645	+	20.11	41.5	>	6	16	74
496	chr13	100002039	100002020	+	20.02	21.73	>	6	16	74
497	chr6	97523337	97523318	-	19.97	25.72	>	6	16	74
498	chr4	123529452	123529433	-	19.95	17.69	>	6	16	74
499	chr18	53744741	53744722	-	19.94	29.1	>	6	16	74
500	chr9	13849232	13849213	+	19.9	15.484	>	6	16	74
501	chr15	14052128	14052109	-	19.89	12.375	>	6	16	74
502	chr3	68053761	68053742	-	19.88	27.33	>	6	16	74
503	chr14	50799990	50799971	+	19.83	30.28	>	6	16	74
504	chr8	50292348	50292329	+	19.83	31.36	>	6	16	74
505	chr19	52993242	52993223	-	19.81	45.25	>	6	16	74
506	chr8	24546435	24546416	-	19.8	56.1	>	6	16	74
507	chr2	166085186	166085167	+	19.78	40.2	>	6	16	74
508	chr15	80260893	80260874	-	19.75	33.7	>	6	16	74
509	chr18	75606699	75606680	+	19.72	50.94	>	6	16	74
510	chr2	135957961	135957942	-	19.69	27.1	>	6	16	74
511	chr11	75179118	75179099	+	19.67	22.83	>	6	16	74
512	chr6	77628987	77628968	+	19.66	40.56	>	6	16	74
513	chr4	82614384	82614365	-	19.62	15.836	>	6	16	74
514	chr17	27190013	27189994	+	19.5	26.89	>	6	16	74
515	chr14	121451301	121451282	-	19.45	26.11	>	6	16	74
516	chr9	69987821	69987802	-	19.44	12.234	>	6	16	74
517	chr6	40479902	40479883	+	19.42	24.72	>	6	16	74
518	chr4	82619779	82619760	-	19.42	11.22	>	6	16	74
519	chr2	160593235	160593216	-	19.4	45.8	>	6	16	74
520	chr4	48691990	48691971	+	19.4	34.88	>	6	16	74
521	chr1	11140123	11140104	-	19.39	7.324	>	6	16	74
522	chr6	67858160	67858141	+	19.36	18.55	>	6	16	74
523	chr1	91914028	91914009	+	19.36	22.06	>	6	16	74
524	chr15	76196896	76196877	+	19.33	35.8	>	6	16	74
525	chr11	43767011	43766992	+	19.27	27.44	>	6	16	74
526	chr17	8463677	8463658	+	19.23	31.38	>	6	16	74
527	chr2	60442102	60442083	-	19.22	10.555	>	6	16	74
528	chr10	8242562	8242543	+	19.2	18.4	>	6	16	74
529	chr15	8382407	8382388	+	19.16	11.64	>	6	16	74
530	chr19	11360302	11360283	+	19.14	15.06	>	6	16	74
531	chr12	79305335	79305316	+	19.11	29.94	>	6	16	74
532	chr13	38992697	38992678	+	19.03	12.445	>	6	16	74
533	chr8	91147955	91147936	-	19.0	26.05	>	6	16	74
534	chr13	64443476	64443457	+	19.0	35.6	>	6	16	74
535	chr8	117898214	117898195	+	18.92	34.16	>	6	16	74
536	chr11	42423473	42423454	-	18.77	18.48	>	6	16	74
537	chr9	114957195	114957176	-	18.77	27.38	>	6	16	74
538	chr5	149647926	149647907	+	18.72	23.06	>	6	16	74
539	chr5	128440068	128440049	-	18.69	40.7	>	6	16	74
540	chr6	90606762	90606743	-	18.67	32.6	>	6	16	74
541	chr10	58560031	58560012	+	18.67	23.25	>	6	16	74
542	chr18	25538443	25538424	+	18.66	23.94	>	6	16	74
543	chr11	22987510	22987491	+	18.56	23.83	>	6	16	74
544	chr13	57269837	57269818	-	18.55	36.6	>	6	16	74
545	chr13	53096854	53096835	-	18.55	32.88	>	6	16	74
546	chr7	124783020	124783001	-	18.55	23.44	>	6	16	74
547	chr7	40687242	40687223	-	18.52	26.28	>	6	16	74
548	chr4	109438113	109438094	+	18.45	31.61	>	6	16	74
549	chr13	46663777	46663758	-	18.45	5.215	>	6	16	74
550	chr2	21927862	21927843	-	18.45	17.72	>	6	16	74
551	chr11	72564476	72564457	-	18.39	17.95	>	6	16	74
552	chr14	57362951	57362932	-	18.3	10.125	>	6	16	74
553	chr13	54063511	54063492	-	18.3	12.516	>	6	16	74
554	chr8	127191530	127191511	+	18.27	39.03	>	6	16	74
555	chr4	24249781	24249762	+	18.25	8.38	>	6	16	74
556	chr1	175603551	175603532	-	18.2	12.0	>	6	16	74
557	chr7	131897479	131897460	+	18.19	16.34	>	6	16	74
558	chr2	125259455	125259436	-	18.17	32.72	>	6	16	74
559	chr8	11943262	11943243	-	18.0	20.05	>	6	16	74
560	chr13	74861814	74861795	+	17.98	11.664	>	6	16	74
561	chr3	37302880	37302861	-	17.98	17.84	>	6	16	74
562	chr2	165391753	165391734	+	17.95	20.97	>	6	16	74
563	chr1	167669968	167669949	-	17.94	39.3	>	6	16	74
564	chr14	24311319	24311300	+	17.89	24.48	>	6	16	74
565	chr6	125622660	125622641	+	17.86	24.67	>	6	16	74
566	chr16	91694897	91694878	+	17.83	21.03	>	6	16	74
567	chr7	100886752	100886733	-	17.8	33.3	>	6	16	74
568	chr2	165779092	165779073	+	17.7	43.9	>	6	16	74
569	chr4	118988734	118988715	-	17.7	12.37	>	6	16	74
570	chr9	111939788	111939769	+	17.64	16.92	>	6	16	74
571	chr9	40806571	40806552	+	17.64	39.78	>	6	16	74
572	chr19	21571392	21571373	+	17.64	11.9	>	6	16	74
573	chr10	49785057	49785038	-	17.56	2.498	>	6	16	74
574	chr3	84922220	84922201	+	17.47	28.94	>	6	16	74
575	chr12	7991018	7990999	+	17.47	17.66	>	6	16	74
576	chr8	106687694	106687675	+	17.45	42.0	>	6	16	74
577	chr19	15998346	15998327	+	17.33	27.56	>	6	16	74
578	chr10	30838389	30838370	+	17.3	7.543	>	6	16	74
579	chr2	6469364	6469345	-	17.28	15.65	>	6	16	74
580	chr9	59678540	59678521	-	17.28	29.06	>	6	16	74
581	chr18	60143536	60143517	-	17.25	6.348	>	6	16	74
582	chr2	76114972	76114953	-	17.25	26.88	>	6	16	74
583	chr1	192722361	192722342	-	17.23	36.0	>	6	16	74
584	chr13	6737153	6737134	+	17.23	24.25	>	6	16	74
585	chr10	116199232	116199213	+	17.23	24.89	>	6	16	74
586	chr18	6627309	6627290	+	17.06	30.4	>	6	16	74
587	chr7	117375969	117375950	-	17.03	13.42	>	6	16	74
588	chr11	7200225	7200206	+	17.03	39.34	>	6	16	74
589	chr3	152474817	152474798	+	16.98	9.51	>	6	16	74
590	chr12	4107565	4107546	+	16.97	22.11	>	6	16	74
591	chr18	78212287	78212268	-	16.83	18.31	>	6	16	74
592	chr2	17842170	17842151	-	16.81	6.844	>	6	16	74
593	chr5	112429191	112429172	-	16.78	14.19	>	6	16	74
594	chr9	54169687	54169668	+	16.73	16.64	>	6	16	74
595	chr9	78597063	78597044	+	16.73	17.98	>	6	16	74
596	chr2	125556029	125556010	+	16.69	19.19	>	6	16	74
597	chr4	86545837	86545818	-	16.69	26.34	>	6	16	74
598	chr11	34229190	34229171	+	16.55	19.56	>	6	16	74
599	chr13	60479163	60479144	+	16.52	1.697	>	6	16	74
600	chr11	57788119	57788100	+	16.36	29.88	>	6	16	74
601	chr5	117504639	117504620	+	16.36	53.34	>	6	16	74
602	chr1	128368923	128368904	+	16.28	14.01	>	6	16	74
603	chr14	51098507	51098488	-	16.28	41.22	>	6	16	74
604	chr10	14404268	14404249	+	16.23	20.66	>	6	16	74
605	chr18	65752297	65752278	-	16.1	16.11	>	6	16	74
606	chr3	59077498	59077479	+	16.1	40.72	>	6	16	74
607	chr1	119919473	119919454	+	16.06	20.62	>	6	16	74
608	chr1	86598699	86598680	+	16.03	48.72	>	6	16	74
609	chr1	80178208	80178189	-	16.0	17.12	>	6	16	74
610	chr15	64132164	64132145	+	15.96	15.336	>	6	16	74
611	chr2	4652218	4652199	-	15.91	22.83	>	6	16	74
612	chr9	40805489	40805470	-	15.86	35.53	>	6	16	74
613	chr13	30549079	30549060	-	15.805	25.34	>	6	16	74
614	chr3	82350530	82350511	-	15.805	7.78	>	6	16	74
615	chr7	81155234	81155215	-	15.805	19.0	>	6	16	74
616	chr4	107701325	107701306	-	15.8	18.55	>	6	16	74
617	chr11	76655250	76655231	+	15.8	25.19	>	6	16	74
618	chr7	122945377	122945358	+	15.72	20.64	>	6	16	74
619	chr16	32697312	32697293	+	15.695	24.02	>	6	16	74
620	chr13	114460825	114460806	-	15.65	8.25	>	6	16	74
621	chr19	59389409	59389390	+	15.65	31.4	>	6	16	74
622	chr7	45451495	45451476	+	15.64	35.4	>	6	16	74
623	chr15	85599066	85599047	+	15.625	30.86	>	6	16	74
624	chr10	9012998	9012979	+	15.6	21.77	>	6	16	74
625	chr13	24318872	24318853	-	15.58	11.58	>	6	16	74
626	chr3	123506917	123506898	-	15.53	17.17	>	6	16	74
627	chr13	101719731	101719712	-	15.48	25.34	>	6	16	74
628	chr12	12412898	12412879	-	15.43	30.47	>	6	16	74
629	chr10	127342496	127342477	-	15.4	29.73	>	6	16	74
630	chr7	28972871	28972852	+	15.39	21.2	>	6	16	74
631	chr5	130862481	130862462	+	15.33	29.22	>	6	16	74
632	chr13	53779354	53779335	+	15.31	23.8	>	6	16	74
633	chr11	51582940	51582921	-	15.305	26.1	>	6	16	74
634	chr3	34150257	34150238	+	15.3	17.19	>	6	16	74
635	chr9	30423156	30423137	-	15.29	30.31	>	6	16	74
636	chr1	55886585	55886566	+	15.29	16.73	>	6	16	74
637	chr8	121104251	121104232	+	15.28	31.56	>	6	16	74
638	chr2	31683894	31683875	+	15.27	30.73	>	6	16	74
639	chr9	121458682	121458663	+	15.27	42.72	>	6	16	74
640	chr13	111421545	111421526	+	15.22	27.25	>	6	16	74
641	chr18	56572965	56572946	+	15.22	32.7	>	6	16	74
642	chr18	42593315	42593296	+	15.2	8.75	>	6	16	74
643	chr8	118287683	118287664	+	15.2	7.145	>	6	16	74
644	chr14	47742843	47742824	+	15.18	9.65	>	6	16	74
645	chr1	184791312	184791293	-	15.164	27.39	>	6	16	74
646	chr6	106800166	106800147	-	15.1	18.75	>	6	16	74
647	chr11	12025880	12025861	+	15.06	18.02	>	6	16	74
648	chr5	129594341	129594322	-	15.03	29.4	>	6	16	74
649	chr13	16005724	16005705	+	15.016	13.71	>	6	16	74
650	chr14	65597230	65597211	+	15.016	14.01	>	6	16	74
651	chr5	99900280	99900261	-	14.95	10.75	>	6	16	74
652	chr8	11421350	11421331	-	14.945	26.12	>	6	16	74
653	chr19	4755748	4755729	+	14.93	24.55	>	6	16	74
654	chr10	110733540	110733521	-	14.914	16.5	>	6	16	74
655	chr5	67752088	67752069	+	14.89	18.31	>	6	16	74
656	chr9	77381774	77381755	-	14.85	26.45	>	6	16	74
657	chr18	81951830	81951811	-	14.76	34.06	>	6	16	74
658	chr1	86059644	86059625	+	14.734	30.22	>	6	16	74
659	chr1	52630636	52630617	-	14.734	9.89	>	6	16	74
660	chr2	174308107	174308088	+	14.69	14.67	>	6	16	74
661	chr11	99364649	99364630	-	14.6	16.03	>	6	16	74
662	chr13	109558424	109558405	+	14.49	16.98	>	6	16	74
663	chr12	58201405	58201386	-	14.48	6.883	>	6	16	74
664	chr7	137471937	137471918	+	14.445	28.83	>	6	16	74
665	chr17	26916803	26916784	+	14.414	25.05	>	6	16	74
666	chr5	87871626	87871607	-	14.414	20.39	>	6	16	74
667	chr2	125252443	125252424	+	14.414	25.9	>	6	16	74
668	chr1	9549185	9549166	+	14.414	19.5	>	6	16	74
669	chr11	11788608	11788589	-	14.38	31.97	>	6	16	74
670	chr7	43928727	43928708	+	14.36	11.45	>	6	16	74
671	chr10	60760656	60760637	-	14.31	36.9	>	6	16	74
672	chr6	17362958	17362939	+	14.31	3.076	>	6	16	74
673	chr1	136521528	136521509	-	14.305	21.69	>	6	16	74
674	chr2	153147934	153147915	+	14.28	18.94	>	6	16	74
675	chr8	61522313	61522294	+	14.266	28.28	>	6	16	74
676	chr18	56759303	56759284	+	14.266	12.61	>	6	16	74
677	chr14	115451146	115451127	-	14.234	4.215	>	6	16	74
678	chr1	176218428	176218409	+	14.195	14.99	>	6	16	74
679	chr15	97665520	97665501	-	14.18	30.02	>	6	16	74
680	chr13	20299620	20299601	+	14.18	33.25	>	6	16	74
681	chr9	59969601	59969582	-	14.14	17.69	>	6	16	74
682	chr16	57611975	57611956	+	14.055	18.66	>	6	16	74
683	chr12	15816144	15816125	+	13.984	8.52	>	6	16	74
684	chr15	82271381	82271362	-	13.95	28.55	>	6	16	74
685	chr7	74363644	74363625	-	13.95	40.8	>	6	16	74
686	chr3	73066293	73066274	+	13.95	16.86	>	6	16	74
687	chr1	118772515	118772496	-	13.945	30.34	>	6	16	74
688	chr4	110020493	110020474	-	13.94	26.28	>	6	16	74
689	chr3	34639420	34639401	-	13.94	14.87	>	6	16	74
690	chr2	131530224	131530205	-	13.92	25.86	>	6	16	74
691	chr4	20024128	20024109	+	13.91	12.516	>	6	16	74
692	chr8	74980870	74980851	-	13.81	30.2	>	6	16	74
693	chr18	75757719	75757700	+	13.734	18.78	>	6	16	74
694	chr7	89908147	89908128	-	13.72	13.79	>	6	16	74
695	chr4	150257406	150257387	+	13.72	23.58	>	6	16	74
696	chr2	55022781	55022762	-	13.664	7.77	>	6	16	74
697	chr18	64506771	64506752	-	13.63	18.4	>	6	16	74
698	chr14	123353156	123353137	-	13.61	11.6	>	6	16	74
699	chr4	139872794	139872775	+	13.59	35.75	>	6	16	74
700	chr13	51839869	51839850	+	13.586	21.19	>	6	16	74
701	chr5	146162789	146162770	+	13.516	23.42	>	6	16	74
702	chr9	83785201	83785182	+	13.49	14.66	>	6	16	74
703	chr3	59079480	59079461	+	13.44	28.77	>	6	16	74
704	chr10	11345312	11345293	-	13.375	5.086	>	6	16	74
705	chr11	46252188	46252169	-	13.34	28.12	>	6	16	74
706	chr4	85404971	85404952	+	13.32	14.11	>	6	16	74
707	chr4	130738774	130738755	+	13.31	16.47	>	6	16	74
708	chr5	86432914	86432895	+	13.305	16.02	>	6	16	74
709	chr3	22306829	22306810	+	13.266	18.6	>	6	16	74
710	chr2	91930225	91930206	-	13.25	19.55	>	6	16	74
711	chr6	108417714	108417695	+	13.234	10.66	>	6	16	74
712	chr12	17011790	17011771	-	13.16	20.73	>	6	16	74
713	chr5	87551137	87551118	-	13.15	21.52	>	6	16	74
714	chr4	106227683	106227664	-	13.14	14.38	>	6	16	74
715	chr4	139877472	139877453	+	13.1	27.4	>	6	16	74
716	chr1	88742593	88742574	-	13.086	17.75	>	6	16	74
717	chr3	52254088	52254069	+	13.02	34.16	>	6	16	74
718	chr9	73159469	73159450	+	12.99	27.5	>	6	16	74
719	chr7	29297253	29297234	-	12.984	28.8	>	6	16	74
720	chr13	116312336	116312317	-	12.93	10.21	>	6	16	74
721	chr2	157117146	157117127	-	12.91	21.92	>	6	16	74
722	chr9	60243712	60243693	+	12.89	13.59	>	6	16	74
723	chr1	179845066	179845047	-	12.88	17.89	>	6	16	74
724	chr11	103332754	103332735	+	12.875	24.97	>	6	16	74
725	chr1	53032774	53032755	-	12.87	13.05	>	6	16	74
726	chr8	45345197	45345178	+	12.81	16.72	>	6	16	74
727	chr12	113216133	113216114	+	12.74	53.7	>	6	16	74
728	chr15	36152194	36152175	-	12.72	16.9	>	6	16	74
729	chr1	72876274	72876255	+	12.69	17.11	>	6	16	74
730	chr9	14774009	14773990	+	12.664	9.0	>	6	16	74
731	chr12	74317197	74317178	-	12.664	11.76	>	6	16	74
732	chr7	107819649	107819630	-	12.64	16.3	>	6	16	74
733	chr13	55327907	55327888	+	12.64	17.61	>	6	16	74
734	chr3	54796015	54795996	+	12.63	22.77	>	6	16	74
735	chr6	60963937	60963918	+	12.61	7.094	>	6	16	74
736	chr8	21981891	21981872	-	12.61	17.33	>	6	16	74
737	chr10	38269349	38269330	-	12.52	19.28	>	6	16	74
738	chr6	51170619	51170600	-	12.5	20.02	>	6	16	74
739	chr2	148110356	148110337	-	12.43	16.03	>	6	16	74
740	chr1	88301823	88301804	-	12.42	19.61	>	6	16	74
741	chr6	115037959	115037940	-	12.33	15.375	>	6	16	74
742	chr16	11980974	11980955	+	12.33	3.668	>	6	16	74
743	chr15	44832771	44832752	-	12.31	24.2	>	6	16	74
744	chr19	26193888	26193869	-	12.29	7.65	>	6	16	74
745	chr17	8988263	8988244	-	12.29	10.71	>	6	16	74
746	chr14	66358860	66358841	+	12.28	18.22	>	6	16	74
747	chr12	40832432	40832413	-	12.26	13.56	>	6	16	74
748	chr2	53206958	53206939	-	12.18	12.55	>	6	16	74
749	chr16	42914617	42914598	+	12.16	7.133	>	6	16	74
750	chr11	111523686	111523667	-	12.14	23.53	>	6	16	74
751	chr6	121556678	121556659	+	12.11	18.8	>	6	16	74
752	chr7	43926199	43926180	-	12.1	21.69	>	6	16	74
753	chr3	3311028	3311009	+	12.09	10.74	>	6	16	74
754	chr12	17018680	17018661	+	12.04	21.19	>	6	16	74
755	chr18	33794794	33794775	+	11.97	24.89	>	6	16	74
756	chr15	73791915	73791896	+	11.96	24.61	>	6	16	74
757	chr12	82489256	82489237	+	11.945	11.805	>	6	16	74
758	chr19	37559803	37559784	+	11.91	21.4	>	6	16	74
759	chr12	36195155	36195136	-	11.91	7.07	>	6	16	74
760	chr3	30515246	30515227	-	11.875	11.664	>	6	16	74
761	chr19	27426681	27426662	-	11.81	11.945	>	6	16	74
762	chr2	75590427	75590408	-	11.75	21.66	>	6	16	74
763	chr2	17849498	17849479	+	11.75	6.633	>	6	16	74
764	chr9	83371155	83371136	-	11.75	6.18	>	6	16	74
765	chr9	30936846	30936827	-	11.734	17.67	>	6	16	74
766	chr15	94690037	94690018	+	11.73	23.03	>	6	16	74
767	chr2	147379133	147379114	+	11.69	9.875	>	6	16	74
768	chr4	121232314	121232295	-	11.664	7.945	>	6	16	74
769	chr18	56333219	56333200	-	11.64	4.934	>	6	16	74
770	chr16	25952209	25952190	-	11.64	6.688	>	6	16	74
771	chr13	94976326	94976307	+	11.63	16.62	>	6	16	74
772	chr2	30942898	30942879	-	11.57	22.28	>	6	16	74
773	chr6	104479441	104479422	+	11.55	10.57	>	6	16	74
774	chr5	113080039	113080020	-	11.52	26.94	>	6	16	74
775	chr16	30550607	30550588	-	11.52	17.62	>	6	16	74
776	chr1	160194976	160194957	+	11.51	18.28	>	6	16	74
777	chr11	56116782	56116763	-	11.48	30.47	>	6	16	74
778	chr6	112484521	112484502	-	11.48	12.14	>	6	16	74
779	chr14	21853546	21853527	-	11.445	30.66	>	6	16	74
780	chr9	58534993	58534974	+	11.414	20.97	>	6	16	74
781	chr17	73302318	73302299	+	11.414	39.62	>	6	16	74
782	chr1	85842459	85842440	-	11.41	14.02	>	6	16	74
783	chr17	16926410	16926391	-	11.35	2.584	>	6	16	74
784	chr12	29894861	29894842	+	11.31	16.72	>	6	16	74
785	chr2	127832989	127832970	+	11.22	7.293	>	6	16	74
786	chr16	20724653	20724634	+	11.18	15.11	>	6	16	74
787	chr1	180811112	180811093	-	11.164	28.33	>	6	16	74
788	chr13	109210611	109210592	-	11.16	17.5	>	6	16	74
789	chr18	5990207	5990188	-	11.14	3.14	>	6	16	74
790	chr18	12102268	12102249	-	11.125	23.38	>	6	16	74
791	chr19	59380193	59380174	+	11.08	23.9	>	6	16	74
792	chr2	101665476	101665457	+	11.055	26.06	>	6	16	74
793	chr12	108541242	108541223	-	11.02	27.9	>	6	16	74
794	chr2	32583648	32583629	+	11.016	30.19	>	6	16	74
795	chr1	181881807	181881788	-	10.98	11.91	>	6	16	74
796	chr5	117506576	117506557	+	10.94	40.06	>	6	16	74
797	chr1	38789153	38789134	+	10.89	22.95	>	6	16	74
798	chr10	102445139	102445120	-	10.875	19.4	>	6	16	74
799	chr12	81788941	81788922	+	10.87	12.51	>	6	16	74
800	chr9	78233462	78233443	-	10.86	15.93	>	6	16	74
801	chr10	96618527	96618508	+	10.86	3.014	>	6	16	74
802	chr8	84639419	84639400	-	10.85	34.7	>	6	16	74
803	chr17	8468905	8468886	+	10.85	20.27	>	6	16	74
804	chr2	67535551	67535532	+	10.83	7.83	>	6	16	74
805	chr18	52947340	52947321	+	10.82	10.15	>	6	16	74
806	chr13	72625410	72625391	-	10.78	6.715	>	6	16	74
807	chr11	31942449	31942430	+	10.69	22.72	>	6	16	74
808	chr1	6190743	6190724	-	10.63	7.344	>	6	16	74
809	chr7	74367549	74367530	+	10.6	15.16	>	6	16	74
810	chr4	22482970	22482951	+	10.58	4.45	>	6	16	74
811	chr13	20298018	20297999	+	10.56	24.86	>	6	16	74
812	chr16	75325511	75325492	-	10.484	5.44	>	6	16	74
813	chr6	54586377	54586358	+	10.44	8.14	>	6	16	74
814	chr14	59604211	59604192	-	10.375	15.664	>	6	16	74
815	chr2	107946040	107946021	-	10.31	11.08	>	6	16	74
816	chr1	62701219	62701200	-	10.3	12.74	>	6	16	74
817	chr7	75914120	75914101	+	10.266	24.1	>	6	16	74
818	chr5	98167679	98167660	+	10.26	12.875	>	6	16	74
819	chr9	99671799	99671780	+	10.23	22.52	>	6	16	74
820	chr1	179847901	179847882	+	10.16	11.88	>	6	16	74
821	chr15	80080817	80080798	-	10.15	32.28	>	6	16	74
822	chr6	137747756	137747737	-	10.09	27.12	>	6	16	74
823	chr6	77249625	77249606	-	10.09	6.945	>	6	16	74
824	chr5	149049190	149049171	-	10.08	15.81	>	6	16	74
825	chr18	32814407	32814388	-	10.07	2.566	>	6	16	74
826	chr11	46258405	46258386	-	10.06	20.3	>	6	16	74
827	chr11	81974830	81974811	-	10.01	5.44	>	6	16	74
828	chr19	48414047	48414028	+	9.99	12.77	>	6	16	74
829	chr11	34836484	34836465	+	9.86	20.75	>	6	16	74
830	chr17	24437345	24437326	-	9.81	19.33	>	6	16	74
831	chr6	59208753	59208734	-	9.734	12.92	>	6	16	74
832	chr13	37325694	37325675	-	9.734	20.84	>	6	16	74
833	chr11	43412967	43412948	-	9.72	22.2	>	6	16	74
834	chr13	49651342	49651323	-	9.71	2.496	>	6	16	74
835	chr7	143151380	143151361	+	9.69	18.05	>	6	16	74
836	chr16	4285478	4285459	-	9.67	7.94	>	6	16	74
837	chr11	29715017	29714998	-	9.664	9.12	>	6	16	74
838	chr3	134654263	134654244	+	9.62	3.898	>	6	16	74
839	chr8	28978824	28978805	-	9.57	7.504	>	6	16	74
840	chr13	54062269	54062250	-	9.55	10.02	>	6	16	74
841	chr9	32585514	32585495	+	9.516	12.72	>	6	16	74
842	chr7	73648212	73648193	-	9.484	13.375	>	6	16	74
843	chr19	27425889	27425870	-	9.44	11.26	>	6	16	74
844	chr13	100854377	100854358	-	9.42	17.78	>	6	16	74
845	chr5	140749784	140749765	-	9.414	22.17	>	6	16	74
846	chr4	127027444	127027425	+	9.4	22.48	>	6	16	74
847	chr11	109221866	109221847	-	9.3	9.67	>	6	16	74
848	chr16	16596794	16596775	+	9.28	5.977	>	6	16	74
849	chr2	128605294	128605275	-	9.25	9.07	>	6	16	74
850	chr2	61492265	61492246	+	9.25	6.99	>	6	16	74
851	chr10	74217479	74217460	+	9.22	7.7	>	6	16	74
852	chr9	68016722	68016703	+	9.2	8.305	>	6	16	74
853	chr6	144248136	144248117	+	9.19	7.742	>	6	16	74
854	chr13	51191948	51191929	+	9.17	5.492	>	6	16	74
855	chr2	103424848	103424829	-	9.164	12.29	>	6	16	74
856	chr7	64751734	64751715	-	9.13	16.66	>	6	16	74
857	chr7	27160004	27159985	+	9.125	14.17	>	6	16	74
858	chr13	95986545	95986526	+	9.08	13.76	>	6	16	74
859	chr5	135118653	135118634	+	9.08	29.22	>	6	16	74
860	chr10	49786914	49786895	-	9.07	0.785	>	6	16	74
861	chr1	51639072	51639053	+	9.02	3.22	>	6	16	74
862	chr14	105307894	105307875	+	8.95	2.453	>	6	16	74
863	chr19	40231990	40231971	-	8.95	19.89	>	6	16	74
864	chr10	69656526	69656507	+	8.95	12.99	>	6	16	74
865	chr7	142714879	142714860	-	8.945	27.2	>	6	16	74
866	chr6	129256260	129256241	-	8.93	14.53	>	6	16	74
867	chr5	138199783	138199764	+	8.9	8.414	>	6	16	74
868	chr8	36193738	36193719	+	8.89	10.43	>	6	16	74
869	chr11	49597354	49597335	+	8.87	6.92	>	6	16	74
870	chr1	139405977	139405958	-	8.86	4.043	>	6	16	74
871	chr3	124289118	124289099	-	8.84	12.69	>	6	16	74
872	chr9	13196005	13195986	-	8.83	30.6	>	6	16	74
873	chr14	115819240	115819221	+	8.83	10.71	>	6	16	74
874	chr5	146914595	146914576	+	8.82	39.7	>	6	16	74
875	chr4	119223866	119223847	-	8.766	16.34	>	6	16	74
876	chr15	85879204	85879185	-	8.76	17.27	>	6	16	74
877	chr4	124682485	124682466	+	8.7	17.45	>	6	16	74
878	chr17	34956526	34956507	+	8.695	22.17	>	6	16	74
879	chr12	39494054	39494035	-	8.65	2.455	>	6	16	74
880	chr9	34485824	34485805	-	8.625	10.6	>	6	16	74
881	chr2	180786948	180786929	+	8.57	17.27	>	6	16	74
882	chr4	62230989	62230970	+	8.57	12.25	>	6	16	74
883	chr2	16357480	16357461	+	8.55	2.205	>	6	16	74
884	chr17	9759516	9759497	+	8.54	11.53	>	6	16	74
885	chr10	13018670	13018651	+	8.54	19.64	>	6	16	74
886	chr4	32570820	32570801	-	8.52	6.645	>	6	16	74
887	chr9	86451919	86451900	-	8.49	16.77	>	6	16	74
888	chr7	139590495	139590476	+	8.49	20.39	>	6	16	74
889	chr16	31944169	31944150	+	8.445	14.11	>	6	16	74
890	chr3	104701211	104701192	-	8.44	24.84	>	6	16	74
891	chr2	160955546	160955527	-	8.414	14.05	>	6	16	74
892	chr18	32811889	32811870	+	8.4	4.918	>	6	16	74
893	chr14	115042240	115042221	-	8.4	14.734	>	6	16	74
894	chr2	28464119	28464100	-	8.33	19.16	>	6	16	74
895	chr2	76369931	76369912	+	8.28	9.1	>	6	16	74
896	chr3	107605512	107605493	+	8.28	12.57	>	6	16	74
897	chr14	121220891	121220872	-	8.23	10.8	>	6	16	74
898	chr1	103796539	103796520	+	8.22	10.74	>	6	16	74
899	chr16	23151589	23151570	+	8.21	3.11	>	6	16	74
900	chr5	33371346	33371327	-	8.19	15.74	>	6	16	74
901	chr13	103121088	103121069	-	8.18	6.016	>	6	16	74
902	chr10	60760529	60760510	+	8.14	24.72	>	6	16	74
903	chr1	169921787	169921768	+	8.12	12.62	>	6	16	74
904	chr13	42826816	42826797	-	8.11	17.0	>	6	16	74
905	chr6	72601930	72601911	+	8.11	24.06	>	6	16	74
906	chr7	81345319	81345300	-	7.99	7.87	>	6	16	74
907	chr11	33934471	33934452	+	7.98	18.27	>	6	16	74
908	chr18	77044808	77044789	-	7.97	11.42	>	6	16	74
909	chr7	67217278	67217259	+	7.926	7.28	>	6	16	74
910	chr2	164074027	164074008	+	7.906	10.22	>	6	16	74
911	chr3	45373410	45373391	+	7.855	1.438	>	6	16	74
912	chr1	152768355	152768336	-	7.84	9.35	>	6	16	74
913	chr11	102267665	102267646	-	7.81	17.44	>	6	16	74
914	chr11	43411664	43411645	-	7.81	21.72	>	6	16	74
915	chr2	129880054	129880035	+	7.805	6.484	>	6	16	74
916	chr11	81972241	81972222	+	7.797	9.07	>	6	16	74
917	chr9	65581143	65581124	-	7.793	11.17	>	6	16	74
918	chr4	106228720	106228701	+	7.727	13.9	>	6	16	74
919	chr6	119467876	119467857	+	7.703	18.1	>	6	16	74
920	chr10	122794511	122794492	+	7.695	15.734	>	6	16	74
921	chr14	34813484	34813465	-	7.69	11.805	>	6	16	74
922	chr15	19280629	19280610	+	7.68	3.066	>	6	16	74
923	chr13	38235597	38235578	-	7.676	11.836	>	6	16	74
924	chr13	21710105	21710086	+	7.67	14.95	>	6	16	74
925	chr11	104231353	104231334	-	7.67	18.38	>	6	16	74
926	chr6	86401304	86401285	-	7.64	23.28	>	6	16	74
927	chr4	24245320	24245301	-	7.633	3.027	>	6	16	74
928	chr9	29655082	29655063	+	7.613	20.11	>	6	16	74
929	chr9	58535957	58535938	-	7.605	16.9	>	6	16	74
930	chr5	112427478	112427459	-	7.598	9.93	>	6	16	74
931	chr4	140539353	140539334	-	7.58	22.9	>	6	16	74
932	chr14	105302910	105302891	+	7.57	4.605	>	6	16	74
933	chr7	19713404	19713385	-	7.543	26.19	>	6	16	74
934	chr1	127487367	127487348	-	7.52	14.33	>	6	16	74
935	chr19	56806125	56806106	-	7.504	5.934	>	6	16	74
936	chr19	47175662	47175643	-	7.46	21.67	>	6	16	74
937	chr2	150795624	150795605	-	7.44	6.633	>	6	16	74
938	chr2	137114826	137114807	+	7.438	4.08	>	6	16	74
939	chr10	119244230	119244211	+	7.434	4.305	>	6	16	74
940	chr5	117094622	117094603	+	7.42	22.22	>	6	16	74
941	chr11	67100384	67100365	-	7.42	22.83	>	6	16	74
942	chr5	30686988	30686969	+	7.41	18.64	>	6	16	74
943	chr8	105291139	105291120	-	7.41	11.78	>	6	16	74
944	chr7	143470174	143470155	-	7.39	17.94	>	6	16	74
945	chr15	8099290	8099271	-	7.35	8.336	>	6	16	74
946	chr7	119015949	119015930	+	7.34	17.75	>	6	16	74
947	chr17	56306039	56306020	-	7.305	16.48	>	6	16	74
948	chr1	134636895	134636876	+	7.3	5.97	>	6	16	74
949	chr17	65541217	65541198	+	7.258	9.125	>	6	16	74
950	chr14	49218880	49218861	+	7.25	8.47	>	6	16	74
951	chr1	25527154	25527135	+	7.2	7.453	>	6	16	74
952	chr1	146515575	146515556	+	7.18	3.11	>	6	16	74
953	chr9	44109578	44109559	+	7.176	33.9	>	6	16	74
954	chr11	108889358	108889339	+	7.15	8.016	>	6	16	74
955	chr7	138398615	138398596	+	7.117	4.707	>	6	16	74
956	chr5	32204842	32204823	+	7.11	6.15	>	6	16	74
957	chr8	14859581	14859562	+	7.1	5.27	>	6	16	74
958	chr11	95676507	95676488	-	7.09	14.555	>	6	16	74
959	chr6	85141186	85141167	+	7.08	33.56	>	6	16	74
960	chr14	20340404	20340385	-	7.04	15.81	>	6	16	74
961	chr1	193130339	193130320	-	7.023	5.71	>	6	16	74
962	chr9	98032882	98032863	+	6.992	4.73	>	6	16	74
963	chr7	143793289	143793270	+	6.98	21.42	>	6	16	74
964	chr12	32292312	32292293	-	6.895	8.26	>	6	16	74
965	chr17	45724453	45724434	-	6.89	12.125	>	6	16	74
966	chr14	102512314	102512295	+	6.89	1.602	>	6	16	74
967	chr8	11943038	11943019	+	6.88	5.47	>	6	16	74
968	chr7	83553561	83553542	+	6.867	8.27	>	6	16	74
969	chr9	64960779	64960760	-	6.85	16.31	>	6	16	74
970	chr9	30426996	30426977	+	6.832	15.31	>	6	16	74
971	chr11	119249183	119249164	+	6.785	23.48	>	6	16	74
972	chr8	90795542	90795523	+	6.77	10.67	>	6	16	74
973	chr2	113498926	113498907	-	6.766	9.86	>	6	16	74
974	chr13	62926662	62926643	+	6.75	4.73	>	6	16	74
975	chr1	127485025	127485006	+	6.715	16.44	>	6	16	74
976	chr17	78592615	78592596	+	6.715	8.945	>	6	16	74
977	chr2	118246134	118246115	-	6.668	13.72	>	6	16	74
978	chr2	92474875	92474856	-	6.652	13.95	>	6	16	74
979	chr7	17061423	17061404	+	6.645	15.1	>	6	16	74
980	chr10	122090678	122090659	+	6.63	8.38	>	6	16	74
981	chr13	64448147	64448128	+	6.594	17.92	>	6	16	74
982	chr2	34642611	34642592	-	6.562	14.51	>	6	16	74
983	chr5	117509743	117509724	+	6.54	26.92	>	6	16	74
984	chr7	131371109	131371090	+	6.516	4.71	>	6	16	74
985	chr6	94054143	94054124	-	6.5	13.34	>	6	16	74
986	chr14	20697228	20697209	+	6.465	17.88	>	6	16	74
987	chr10	122798121	122798102	+	6.46	15.23	>	6	16	74
988	chr13	14196604	14196585	+	6.45	1.613	>	6	16	74
989	chr3	118991976	118991957	+	6.438	8.26	>	6	16	74
990	chr9	107231295	107231276	-	6.434	7.414	>	6	16	74
991	chr15	24557016	24556997	-	6.418	3.371	>	6	16	74
992	chr2	178407758	178407739	+	6.414	11.43	>	6	16	74
993	chr9	90683476	90683457	-	6.38	1.322	>	6	16	74
994	chr6	22968335	22968316	-	6.34	6.418	>	6	16	74
995	chr12	67217811	67217792	+	6.336	1.95	>	6	16	74
996	chr10	82910438	82910419	+	6.277	10.99	>	6	16	74
997	chr7	49125716	49125697	+	6.258	16.88	>	6	16	74
998	chr11	119491305	119491286	-	6.215	10.81	>	6	16	74
999	chr11	32341308	32341289	-	6.21	14.555	>	6	16	74
1000	chr19	8713406	8713387	+	6.19	10.44	>	6	16	74
1001	chr4	48048044	48048025	+	6.152	6.21	>	6	16	74
1002	chr11	52764825	52764806	+	6.15	7.75	>	6	16	74
1003	chr13	20564636	20564617	-	6.145	4.82	>	6	16	74
1004	chr10	39105011	39104992	-	6.14	7.152	>	6	16	74
1005	chr11	98909856	98909837	-	6.117	18.95	>	6	16	74
1006	chr1	151025102	151025083	+	6.117	4.496	>	6	16	74
1007	chr5	98167777	98167758	-	6.113	9.555	>	6	16	74
1008	chr8	88118562	88118543	+	6.062	3.66	>	6	16	74
1009	chr16	92511934	92511915	+	6.035	16.34	>	6	16	74
1010	chr15	25792295	25792276	-	6.008	6.87	>	6	16	74
1011	chr13	92751194	92751175	+	5.938	12.68	>	6	16	74
1012	chr5	101688793	101688774	-	5.934	12.51	>	6	16	74
1013	chr7	112023252	112023233	+	5.93	8.26	>	6	16	74
1014	chr14	21854038	21854019	-	5.914	27.36	>	6	16	74
1015	chr8	32003733	32003714	-	5.9	2.012	>	6	16	74
1016	chr13	53095394	53095375	-	5.867	6.086	>	6	16	74
1017	chr1	182554179	182554160	+	5.836	10.15	>	6	16	74
1018	chr6	18381568	18381549	+	5.832	1.955	>	6	16	74
1019	chr9	77389590	77389571	+	5.832	5.68	>	6	16	74
1020	chr16	5254481	5254462	-	5.812	12.77	>	6	16	74
1021	chr2	93199625	93199606	+	5.797	14.08	>	6	16	74
1022	chr9	81631651	81631632	-	5.793	3.863	>	6	16	74
1023	chr2	152887412	152887393	-	5.78	4.652	>	6	16	74
1024	chr4	153481137	153481118	-	5.766	3.3	>	6	16	74
1025	chr8	72239706	72239687	-	5.754	5.32	>	6	16	74
1026	chr18	65750236	65750217	-	5.703	2.543	>	6	16	74
1027	chr6	61311882	61311863	-	5.68	7.43	>	6	16	74
1028	chr18	46143625	46143606	+	5.676	6.477	>	6	16	74
1029	chr6	120836118	120836099	+	5.64	7.797	>	6	16	74
1030	chr6	100563990	100563971	-	5.625	4.164	>	6	16	74
1031	chr3	13475098	13475079	-	5.61	1.948	>	6	16	74
1032	chr2	132262968	132262949	+	5.6	7.164	>	6	16	74
1033	chr11	103334169	103334150	+	5.594	12.02	>	6	16	74
1034	chr6	54255029	54255010	+	5.586	4.35	>	6	16	74
1035	chr13	101711018	101710999	+	5.543	9.15	>	6	16	74
1036	chr5	39644761	39644742	-	5.54	3.531	>	6	16	74
1037	chr8	90795201	90795182	-	5.516	4.996	>	6	16	74
1038	chr18	23162646	23162627	+	5.51	1.562	>	6	16	74
1039	chr16	78165563	78165544	+	5.477	7.39	>	6	16	74
1040	chr2	96584106	96584087	-	5.44	3.29	>	6	16	74
1041	chr12	72070473	72070454	+	5.426	11.336	>	6	16	74
1042	chr12	24708691	24708672	+	5.414	9.914	>	6	16	74
1043	chr8	92367135	92367116	-	5.406	6.984	>	6	16	74
1044	chr17	83866777	83866758	+	5.4	23.0	>	6	16	74
1045	chr13	55322636	55322617	-	5.4	7.0	>	6	16	74
1046	chr6	88893771	88893752	-	5.395	16.78	>	6	16	74
1047	chr19	8718731	8718712	-	5.383	8.6	>	6	16	74
1048	chr12	59220179	59220160	-	5.38	2.5	>	6	16	74
1049	chr14	60784526	60784507	+	5.367	16.06	>	6	16	74
1050	chr3	153658591	153658572	+	5.33	6.258	>	6	16	74
1051	chr9	77386949	77386930	-	5.312	12.24	>	6	16	74
1052	chr10	83219903	83219884	+	5.312	6.188	>	6	16	74
1053	chr6	15176967	15176948	-	5.31	2.947	>	6	16	74
1054	chr2	152604207	152604188	-	5.27	19.44	>	6	16	74
1055	chr2	39003369	39003350	-	5.26	1.671	>	6	16	74
1056	chr16	31425707	31425688	-	5.254	13.484	>	6	16	74
1057	chr5	137503018	137502999	-	5.227	3.691	>	6	16	74
1058	chr18	13973086	13973067	-	5.207	0.71	>	6	16	74
1059	chr17	68849016	68848997	-	5.2	1.891	>	6	16	74
1060	chr2	128408931	128408912	-	5.19	8.72	>	6	16	74
1061	chr14	97559790	97559771	-	5.16	2.041	>	6	16	74
1062	chr8	67903864	67903845	-	5.13	6.113	>	6	16	74
1063	chr14	56888181	56888162	-	5.125	3.316	>	6	16	74
1064	chr4	132198465	132198446	+	5.125	11.19	>	6	16	74
1065	chr2	39005861	39005842	-	5.12	3.883	>	6	16	74
1066	chr7	137471679	137471660	-	5.1	19.97	>	6	16	74
1067	chr6	64949075	64949056	+	5.09	5.168	>	6	16	74
1068	chr18	16821148	16821129	+	5.043	1.935	>	6	16	74
1069	chr2	93813566	93813547	+	5.04	13.086	>	6	16	74
1070	chr6	126481478	126481459	-	5.023	10.89	>	6	16	74
1071	chr1	181881093	181881074	-	4.984	10.19	>	6	16	74
1072	chr6	108065822	108065803	-	4.977	6.67	>	6	16	74
1073	chr4	88550373	88550354	+	4.938	4.04	>	6	16	74
1074	chr5	137502167	137502148	+	4.867	8.81	>	6	16	74
1075	chr8	77618148	77618129	-	4.86	4.188	>	6	16	74
1076	chr7	120098024	120098005	+	4.855	7.22	>	6	16	74
1077	chr2	75152706	75152687	-	4.824	10.55	>	6	16	74
1078	chr11	87950193	87950174	+	4.78	11.09	>	6	16	74
1079	chr11	94598936	94598917	-	4.746	10.49	>	6	16	74
1080	chr1	10229119	10229100	+	4.746	0.972	>	6	16	74
1081	chr7	143476888	143476869	+	4.746	8.89	>	6	16	74
1082	chr9	102607693	102607674	-	4.715	3.604	>	6	16	74
1083	chr8	32009749	32009730	+	4.71	6.785	>	6	16	74
1084	chr3	99262117	99262098	-	4.707	1.889	>	6	16	74
1085	chr18	75607987	75607968	+	4.664	23.11	>	6	16	74
1086	chr7	75380211	75380192	-	4.64	2.41	>	6	16	74
1087	chr3	135863108	135863089	+	4.64	3.164	>	6	16	74
1088	chr4	87369015	87368996	-	4.625	9.125	>	6	16	74
1089	chr8	84639535	84639516	+	4.605	13.88	>	6	16	74
1090	chr15	74524301	74524282	+	4.586	13.7	>	6	16	74
1091	chr17	57007316	57007297	-	4.582	9.42	>	6	16	74
1092	chr11	30893985	30893966	+	4.547	0.9004	>	6	16	74
1093	chr19	57360190	57360171	-	4.543	2.654	>	6	16	74
1094	chr8	110102657	110102638	-	4.53	9.24	>	6	16	74
1095	chr7	135389259	135389240	-	4.53	9.336	>	6	16	74
1096	chr4	152527530	152527511	+	4.516	13.99	>	6	16	74
1097	chr13	103710441	103710422	+	4.5	4.57	>	6	16	74
1098	chr10	120896053	120896034	+	4.5	2.322	>	6	16	74
1099	chr18	5155632	5155613	-	4.484	6.39	>	6	16	74
1100	chr12	80141693	80141674	-	4.45	17.05	>	6	16	74
1101	chr5	118763566	118763547	-	4.418	12.81	>	6	16	74
1102	chr12	14150175	14150156	+	4.406	3.688	>	6	16	74
1103	chr10	128990300	128990281	-	4.4	8.03	>	6	16	74
1104	chr10	30834038	30834019	-	4.37	4.473	>	6	16	74
1105	chr6	50618483	50618464	+	4.367	12.766	>	6	16	74
1106	chr15	9748972	9748953	-	4.36	3.496	>	6	16	74
1107	chr16	92308164	92308145	-	4.355	11.22	>	6	16	74
1108	chr2	9881964	9881945	-	4.355	2.918	>	6	16	74
1109	chr8	123106089	123106070	+	4.336	8.18	>	6	16	74
1110	chr5	98346264	98346245	+	4.324	2.342	>	6	16	74
1111	chr10	40249841	40249822	-	4.316	12.23	>	6	16	74
1112	chr3	141457685	141457666	+	4.312	4.707	>	6	16	74
1113	chr9	40192620	40192601	-	4.3	2.145	>	6	16	74
1114	chr9	72448248	72448229	+	4.29	7.78	>	6	16	74
1115	chr13	24316809	24316790	-	4.273	3.682	>	6	16	74
1116	chr1	50927249	50927230	+	4.258	4.5	>	6	16	74
1117	chr11	102690417	102690398	-	4.223	12.195	>	6	16	74
1118	chr4	116627141	116627122	+	4.207	6.52	>	6	16	74
1119	chr15	76198817	76198798	+	4.164	10.72	>	6	16	74
1120	chr15	12113620	12113601	-	4.156	3.312	>	6	16	74
1121	chr1	115675059	115675040	+	4.152	5.223	>	6	16	74
1122	chr2	34644807	34644788	-	4.15	8.266	>	6	16	74
1123	chr2	166084974	166084955	-	4.133	18.12	>	6	16	74
1124	chr11	21571906	21571887	-	4.13	2.105	>	6	16	74
1125	chr15	9449709	9449690	-	4.062	0.543	>	6	16	74
1126	chr5	92664520	92664501	-	4.055	3.326	>	6	16	74
1127	chr12	77001216	77001197	+	4.043	1.105	>	6	16	74
1128	chr6	93757507	93757488	-	4.01	5.273	>	6	16	74
1129	chr19	56302794	56302775	+	4.01	3.797	>	6	16	74
1130	chr13	71954038	71954019	-	4.008	1.19	>	6	16	74
1131	chr4	17852015	17851996	-	4.0	0.8535	>	6	16	74
1132	chr18	39136126	39136107	+	3.992	1.932	>	6	16	74
1133	chr1	153489234	153489215	-	3.99	7.715	>	6	16	74
1134	chr9	66136172	66136153	-	3.988	5.383	>	6	16	74
1135	chr11	109621431	109621412	-	3.979	11.484	>	6	16	74
1136	chr13	91723318	91723299	+	3.959	5.49	>	6	16	74
1137	chr13	3642291	3642272	-	3.959	4.75	>	6	16	74
1138	chr13	47304770	47304751	+	3.957	6.746	>	6	16	74
1139	chr2	121144456	121144437	+	3.953	4.504	>	6	16	74
1140	chr13	93772223	93772204	-	3.928	3.56	>	6	16	74
1141	chr10	70967079	70967060	+	3.916	4.88	>	6	16	74
1142	chr13	59417085	59417066	-	3.91	5.0	>	6	16	74
1143	chr7	102484972	102484953	-	3.883	7.0	>	6	16	74
1144	chr5	38235667	38235648	-	3.879	10.78	>	6	16	74
1145	chr14	56885401	56885382	+	3.87	2.412	>	6	16	74
1146	chr11	75170669	75170650	-	3.861	7.984	>	6	16	74
1147	chr11	77980417	77980398	+	3.846	9.5	>	6	16	74
1148	chr9	94738712	94738693	+	3.828	14.92	>	6	16	74
1149	chr6	140466500	140466481	-	3.816	3.785	>	6	16	74
1150	chr19	57361025	57361006	-	3.814	6.484	>	6	16	74
1151	chr12	58972459	58972440	+	3.777	2.135	>	6	16	74
1152	chr2	61490636	61490617	+	3.775	5.23	>	6	16	74
1153	chr4	44310651	44310632	+	3.762	4.973	>	6	16	74
1154	chr11	52766147	52766128	+	3.734	1.83	>	6	16	74
1155	chr13	72627587	72627568	-	3.717	4.066	>	6	16	74
1156	chr9	23012459	23012440	-	3.71	1.704	>	6	16	74
1157	chr16	31427924	31427905	-	3.705	3.383	>	6	16	74
1158	chr12	29895773	29895754	+	3.691	1.481	>	6	16	74
1159	chr9	73154557	73154538	+	3.666	9.1	>	6	16	74
1160	chr1	127484437	127484418	-	3.66	8.8	>	6	16	74
1161	chr9	107566236	107566217	+	3.656	7.098	>	6	16	74
1162	chr2	68118338	68118319	+	3.652	4.36	>	6	16	74
1163	chr11	11140836	11140817	-	3.629	13.69	>	6	16	74
1164	chr12	74014936	74014917	-	3.627	5.97	>	6	16	74
1165	chr7	138396301	138396282	-	3.621	0.934	>	6	16	74
1166	chr14	103534605	103534586	+	3.617	5.312	>	6	16	74
1167	chr10	115164112	115164093	-	3.613	3.031	>	6	16	74
1168	chr7	119019764	119019745	+	3.598	7.113	>	6	16	74
1169	chr13	96389525	96389506	-	3.588	1.339	>	6	16	74
1170	chr14	74723724	74723705	-	3.586	5.766	>	6	16	74
1171	chr14	55114114	55114095	-	3.57	7.387	>	6	16	74
1172	chr9	62784468	62784449	+	3.562	12.84	>	6	16	74
1173	chr10	127678167	127678148	-	3.541	2.129	>	6	16	74
1174	chr17	55948218	55948199	-	3.535	4.3	>	6	16	74
1175	chr11	78183263	78183244	-	3.525	12.305	>	6	16	74
1176	chr6	59207403	59207384	-	3.508	1.477	>	6	16	74
1177	chr6	135416919	135416900	+	3.498	4.027	>	6	16	74
1178	chr5	122104403	122104384	+	3.492	11.98	>	6	16	74
1179	chr13	37971068	37971049	-	3.482	3.088	>	6	16	74
1180	chr5	114612410	114612391	+	3.48	13.6	>	6	16	74
1181	chr10	114442226	114442207	+	3.46	2.104	>	6	16	74
1182	chr2	145655527	145655508	-	3.44	2.05	>	6	16	74
1183	chr7	109507351	109507332	-	3.418	1.832	>	6	16	74
1184	chr16	10009965	10009946	+	3.402	4.965	>	6	16	74
1185	chr14	67969032	67969013	-	3.385	5.523	>	6	16	74
1186	chr5	140744055	140744036	-	3.348	10.35	>	6	16	74
1187	chr1	56984334	56984315	+	3.338	2.584	>	6	16	74
1188	chr2	137110782	137110763	+	3.328	1.323	>	6	16	74
1189	chr16	22267525	22267506	+	3.322	1.262	>	6	16	74
1190	chr16	4884595	4884576	-	3.3	2.822	>	6	16	74
1191	chr5	19458406	19458387	-	3.291	6.625	>	6	16	74
1192	chr1	84697217	84697198	-	3.29	7.492	>	6	16	74
1193	chr14	122903088	122903069	-	3.29	2.205	>	6	16	74
1194	chr7	64056729	64056710	-	3.273	1.214	>	6	16	74
1195	chr9	71624061	71624042	-	3.273	15.39	>	6	16	74
1196	chr9	96885958	96885939	-	3.271	10.016	>	6	16	74
1197	chr18	46964733	46964714	-	3.266	8.555	>	6	16	74
1198	chr3	122638475	122638456	+	3.26	4.82	>	6	16	74
1199	chr9	94733848	94733829	+	3.256	3.768	>	6	16	74
1200	chr1	167938404	167938385	-	3.25	6.79	>	6	16	74
1201	chr1	180811841	180811822	+	3.244	6.383	>	6	16	74
1202	chr10	42760472	42760453	+	3.229	1.784	>	6	16	74
1203	chr18	20598347	20598328	+	3.213	4.758	>	6	16	74
1204	chr17	71909305	71909286	+	3.203	3.572	>	6	16	74
1205	chr1	34459898	34459879	+	3.193	3.389	>	6	16	74
1206	chr4	117202234	117202215	-	3.191	9.61	>	6	16	74
1207	chr15	101313974	101313955	-	3.178	2.96	>	6	16	74
1208	chr16	13438138	13438119	+	3.176	1.241	>	6	16	74
1209	chr7	114878499	114878480	+	3.174	1.604	>	6	16	74
1210	chr11	109866735	109866716	+	3.166	2.812	>	6	16	74
1211	chr3	123509329	123509310	+	3.162	5.67	>	6	16	74
1212	chr3	114085881	114085862	-	3.146	0.5283	>	6	16	74
1213	chr4	120149384	120149365	-	3.145	8.09	>	6	16	74
1214	chr16	4549594	4549575	-	3.137	11.12	>	6	16	74
1215	chr15	78872224	78872205	+	3.133	9.35	>	6	16	74
1216	chr12	57231261	57231242	-	3.127	3.32	>	6	16	74
1217	chr9	71624949	71624930	-	3.125	15.0	>	6	16	74
1218	chr4	18963859	18963840	-	3.12	4.01	>	6	16	74
1219	chr8	40913366	40913347	-	3.115	1.625	>	6	16	74
1220	chr5	21645240	21645221	-	3.11	1.259	>	6	16	74
1221	chr10	68357244	68357225	+	3.094	1.353	>	6	16	74
1222	chr2	93812077	93812058	-	3.06	11.82	>	6	16	74
1223	chr12	75669431	75669412	-	3.05	4.1	>	6	16	74
1224	chr1	12844023	12844004	+	3.033	4.33	>	6	16	74
1225	chr12	86697142	86697123	+	3.025	6.996	>	6	16	74
1226	chr9	98033678	98033659	+	3.021	1.525	>	6	16	74
1227	chr19	37946902	37946883	+	3.02	4.082	>	6	16	74
1228	chr9	75271676	75271657	+	3.01	4.42	>	6	16	74
1229	chr11	55162881	55162862	+	2.996	3.625	>	6	16	74
1230	chr17	25274339	25274320	-	2.984	4.45	>	6	16	74
1231	chr6	108065317	108065298	+	2.984	5.535	>	6	16	74
1232	chr7	5071749	5071730	-	2.928	2.754	>	6	16	74
1233	chr3	152477906	152477887	-	2.922	3.295	>	6	16	74
1234	chr5	28090770	28090751	-	2.922	2.412	>	6	16	74
1235	chr14	78282622	78282603	+	2.91	2.186	>	6	16	74
1236	chr14	88480122	88480103	-	2.906	3.236	>	6	16	74
1237	chr7	107569047	107569028	+	2.902	1.588	>	6	16	74
1238	chr3	83777088	83777069	-	2.879	3.992	>	6	16	74
1239	chr8	48550865	48550846	+	2.871	0.592	>	6	16	74
1240	chr7	132575955	132575936	-	2.855	4.473	>	6	16	74
1241	chr14	79769127	79769108	-	2.852	4.36	>	6	16	74
1242	chr17	69974245	69974226	-	2.799	1.284	>	6	16	74
1243	chr12	66284211	66284192	-	2.793	5.484	>	6	16	74
1244	chr6	83796902	83796883	-	2.785	3.35	>	6	16	74
1245	chr9	44108077	44108058	+	2.785	11.375	>	6	16	74
1246	chr11	116023924	116023905	+	2.777	6.906	>	6	16	74
1247	chr3	86779824	86779805	-	2.775	8.64	>	6	16	74
1248	chr19	46056202	46056183	+	2.77	5.27	>	6	16	74
1249	chr10	108210181	108210162	-	2.762	0.674	>	6	16	74
1250	chr8	27001386	27001367	+	0.4329	0.4077	>	6	16	74
1251	chr17	28338029	28338010	-	0.252	0.265	>	6	16	74
1252	chr11	76445826	76445807	-	0.2268	0.1863	>	6	16	74
1253	chr5	144244146	144244127	-	0.311	0.3691	>	6	16	74
1254	chr14	79768803	79768784	-	0.3076	0.2808	>	6	16	74
1255	chr9	26778623	26778604	-	1.299	0.6914	>	6	16	74
1256	chr7	25392052	25392033	+	0.2487	0.242	>	6	16	74
1257	chr3	101484879	101484860	-	0.3438	0.528	>	6	16	74
1258	chr2	69113988	69113969	+	0.2472	0.1981	>	6	16	74
1259	chr13	29852447	29852428	-	0.1781	0.1941	>	6	16	74
1260	chr2	60213231	60213212	-	0.1073	0.1628	>	6	16	74
1261	chr2	171418157	171418138	-	0.1407	0.2131	>	6	16	74
1262	chr7	64392050	64392031	-	0.514	0.2006	>	6	16	74
1263	chr15	36157434	36157415	-	0.7227	0.836	>	6	16	74
1264	chr4	49662357	49662338	-	0.4692	0.2915	>	6	16	74
1265	chr4	48422356	48422337	+	1.027	0.5225	>	6	16	74
1266	chr18	82720514	82720495	+	0.1605	0.1409	>	6	16	74
1267	chr1	172022686	172022667	+	0.1733	0.1764	>	6	16	74
1268	chr7	139595890	139595871	+	0.1575	0.2125	>	6	16	74
1269	chr12	73007842	73007823	-	0.345	0.2974	>	6	16	74
1270	chr17	27192928	27192909	-	0.1056	0.4468	>	6	16	74
1271	chr1	53698960	53698941	+	0.557	0.255	>	6	16	74
1272	chr18	12734380	12734361	+	0.207	0.1383	>	6	16	74
1273	chr6	126767488	126767469	-	0.2039	0.2483	>	6	16	74
1274	chr2	92856249	92856230	-	2.734	0.857	>	6	16	74
1275	chr11	74572851	74572832	+	0.2646	0.2705	>	6	16	74
1276	chr9	59675637	59675618	-	0.4082	0.744	>	6	16	74
1277	chr15	55025647	55025628	+	0.1847	0.1536	>	6	16	74
1278	chr4	120579150	120579131	-	0.33	0.264	>	6	16	74
1279	chr15	74525720	74525701	+	0.2172	0.2104	>	6	16	74
1280	chr1	88748095	88748076	+	0.1973	0.1881	>	6	16	74
1281	chr15	32239655	32239636	-	0.2822	0.1587	>	6	16	74
1282	chr7	36571183	36571164	+	0.1103	0.1942	>	6	16	74
1283	chr11	113855351	113855332	-	0.1613	0.1947	>	6	16	74
1284	chr6	90609163	90609144	+	2.127	1.159	>	6	16	74
1285	chr3	146181407	146181388	-	0.2034	0.3416	>	6	16	74
1286	chr10	69857222	69857203	-	0.3232	0.3599	>	6	16	74
1287	chr2	158361425	158361406	-	0.5625	0.2502	>	6	16	74
1288	chr5	136268179	136268160	-	0.1886	0.2153	>	6	16	74
1289	chr16	11983350	11983331	-	1.634	1.076	>	6	16	74
1290	chr2	84437773	84437754	+	0.2305	0.14	>	6	16	74
1291	chr18	24002018	24001999	-	0.133	0.1333	>	6	16	74
1292	chr1	130151533	130151514	-	0.4075	0.3347	>	6	16	74
1293	chr9	59675855	59675836	+	0.3367	0.2161	>	6	16	74
1294	chr11	116840251	116840232	-	0.3374	0.637	>	6	16	74
1295	chr2	155819963	155819944	+	0.07886	0.146	>	6	16	74
1296	chr14	105301632	105301613	+	0.206	0.2114	>	6	16	74
1297	chr12	9044592	9044573	+	0.1821	0.2019	>	6	16	74
1298	chr18	13971224	13971205	-	0.5337	0.3596	>	6	16	74
1299	chr5	136267600	136267581	-	0.2751	0.189	>	6	16	74
1300	chr5	33371430	33371411	+	0.3992	0.1644	>	6	16	74
1301	chr14	51090397	51090378	-	0.4153	0.243	>	6	16	74
1302	chr1	77935072	77935053	+	0.1814	0.1729	>	6	16	74
1303	chr11	119246049	119246030	-	0.204	0.3367	>	6	16	74
1304	chr17	50274949	50274930	-	0.441	0.1749	>	6	16	74
1305	chr8	108956442	108956423	+	0.5635	0.3044	>	6	16	74
1306	chr11	66885340	66885321	+	0.1636	0.169	>	6	16	74
1307	chr7	30099945	30099926	-	0.1979	0.1757	>	6	16	74
1308	chr15	99973159	99973140	-	0.1998	0.3345	>	6	16	74
1309	chr5	16308949	16308930	+	0.1567	0.1411	>	6	16	74
1310	chr6	119466578	119466559	-	0.9824	0.9795	>	6	16	74
1311	chr2	136886679	136886660	+	0.7764	0.2095	>	6	16	74
1312	chr14	79763594	79763575	-	0.2852	0.151	>	6	16	74
1313	chr2	170416012	170415993	+	0.1837	0.1256	>	6	16	74
1314	chr4	41015236	41015217	-	0.1882	0.1434	>	6	16	74
1315	chr11	70975109	70975090	+	0.713	0.3914	>	6	16	74
1316	chr5	122773202	122773183	+	0.11584	0.1375	>	6	16	74
1317	chr4	128588031	128588012	-	0.2659	0.1909	>	6	16	74
1318	chr8	122576186	122576167	-	0.11285	0.1545	>	6	16	74
1319	chr7	76383989	76383970	+	0.1553	0.154	>	6	16	74
1320	chr9	41467019	41467000	-	0.2223	0.1565	>	6	16	74
1321	chr1	32712246	32712227	-	0.05322	0.1516	>	6	16	74
1322	chr16	23974866	23974847	-	0.5283	0.3425	>	6	16	74
1323	chr15	84066194	84066175	-	0.6196	1.17	>	6	16	74
1324	chr11	40148920	40148901	-	1.272	0.642	>	6	16	74
1325	chr7	27166488	27166469	-	0.306	0.491	>	6	16	74
1326	chr11	30240273	30240254	+	0.4001	0.2556	>	6	16	74
1327	chr2	69115969	69115950	-	0.1754	0.1587	>	6	16	74
1328	chr9	113420569	113420550	-	0.2261	0.2178	>	6	16	74
1329	chr12	99882528	99882509	-	0.2617	0.1387	>	6	16	74
1330	chr5	77347648	77347629	-	0.3625	0.4211	>	6	16	74
1331	chr10	49780455	49780436	+	0.2179	0.1394	>	6	16	74
1332	chr5	75855263	75855244	-	0.6416	0.4326	>	6	16	74
1333	chr2	124087358	124087339	-	0.6436	0.2075	>	6	16	74
1334	chr14	49219056	49219037	+	0.678	0.694	>	6	16	74
1335	chr5	147938091	147938072	+	0.368	0.1842	>	6	16	74
1336	chr11	32340288	32340269	+	0.1792	0.1648	>	6	16	74
1337	chr16	50181579	50181560	+	0.2006	0.1838	>	6	16	74
1338	chr16	20496121	20496102	-	0.6714	0.1777	>	6	16	74
1339	chr8	76775680	76775661	+	0.135	0.1975	>	6	16	74
1340	chr14	65597676	65597657	+	0.6543	0.452	>	6	16	74
1341	chr7	64754771	64754752	+	0.1351	0.2295	>	6	16	74
1342	chr2	166083979	166083960	-	0.2964	0.2065	>	6	16	74
1343	chr16	44140440	44140421	+	0.4607	0.3381	>	6	16	74
1344	chr12	90524338	90524319	-	0.3223	0.2983	>	6	16	74
1345	chr5	89391716	89391697	+	0.1626	0.1418	>	6	16	74
1346	chr9	59675438	59675419	-	0.2104	0.1542	>	6	16	74
1347	chr19	16339103	16339084	-	0.1967	0.1177	>	6	16	74
1348	chr13	30545067	30545048	+	0.3672	0.2915	>	6	16	74
1349	chr1	92462681	92462662	+	0.3916	0.1832	>	6	16	74
1350	chr4	84066283	84066264	-	0.1898	0.1552	>	6	16	74
1351	chr9	83373922	83373903	-	0.2197	0.1434	>	6	16	74
1352	chr4	88773969	88773950	-	0.9507	8.01	>	6	16	74
1353	chr9	123132258	123132239	-	0.1687	0.1416	>	6	16	74
1354	chr17	34958843	34958824	-	0.2079	0.5464	>	6	16	74
1355	chr12	50946225	50946206	+	0.2341	0.157	>	6	16	74
1356	chr13	73647252	73647233	+	0.267	0.1704	>	6	16	74
1357	chr11	83279300	83279281	-	0.4434	0.2251	>	6	16	74
1358	chr17	8986048	8986029	-	0.3325	0.212	>	6	16	74
1359	chr4	14935721	14935702	-	0.7095	0.296	>	6	16	74
1360	chr4	75076699	75076680	+	0.09125	0.2014	>	6	16	74
1361	chr5	114610713	114610694	+	0.0985	0.1626	>	6	16	74
1362	chr9	83378273	83378254	-	0.471	0.2808	>	6	16	74
1363	chr9	107773182	107773163	-	0.1786	0.1414	>	6	16	74
1364	chr9	41218030	41218011	+	0.1323	0.1355	>	6	16	74
1365	chr9	105644718	105644699	+	0.4255	0.1808	>	6	16	74
1366	chr8	84264441	84264422	-	1.261	1.4795	>	6	16	74
1367	chr4	135959453	135959434	+	0.112	0.2223	>	6	16	74
1368	chr1	24684268	24684249	+	0.4001	0.1942	>	6	16	74
1369	chr3	87748577	87748558	-	0.7593	0.4382	>	6	16	74
1370	chr9	54690950	54690931	+	0.11566	0.136	>	6	16	74
1371	chr15	82277690	82277671	-	0.9043	0.4492	>	6	16	74
1372	chr5	115498528	115498509	-	0.2693	0.2164	>	6	16	74
1373	chr9	56621276	56621257	+	0.10846	0.253	>	6	16	74
1374	chr18	81956733	81956714	-	0.2815	0.2637	>	6	16	74
1375	chr10	22791401	22791382	-	0.1346	0.2358	>	6	16	74
1376	chr15	82271301	82271282	+	0.836	0.1838	>	6	16	74
1377	chr12	69946159	69946140	+	0.555	0.455	>	6	16	74
1378	chr14	101442800	101442781	+	0.2983	0.1344	>	6	16	74
1379	chr2	164777017	164776998	-	0.5176	0.361	>	6	16	74
1380	chr10	24631573	24631554	-	1.178	1.224	>	6	16	74
1381	chr1	136528510	136528491	-	1.761	0.7373	>	6	16	74
1382	chr10	19222118	19222099	-	1.411	0.8228	>	6	16	74
1383	chr14	56885508	56885489	-	2.348	4.004	>	6	16	74
1384	chr8	85060493	85060474	-	0.9688	0.437	>	6	16	74
1385	chr11	96075822	96075803	-	0.9316	0.4944	>	6	16	74
1386	chr11	77476535	77476516	+	0.1632	0.2383	>	6	16	74
1387	chr1	81294004	81293985	-	0.905	0.562	>	6	16	74
1388	chr12	15520954	15520935	+	0.7183	0.4033	>	6	16	74
1389	chr7	66397054	66397035	+	0.1594	0.2107	>	6	16	74
1390	chr12	74014582	74014563	-	0.2377	0.1973	>	6	16	74
1391	chr5	144242554	144242535	-	0.241	0.1987	>	6	16	74
1392	chr15	66894943	66894924	+	0.2703	0.2021	>	6	16	74
1393	chr6	126484995	126484976	-	0.4333	1.278	>	6	16	74
1394	chr4	48427148	48427129	+	0.678	0.3833	>	6	16	74
1395	chr15	71459211	71459192	+	0.252	0.1731	>	6	16	74
1396	chr3	19896435	19896416	-	0.2361	0.1467	>	6	16	74
1397	chr8	68268707	68268688	-	0.1398	0.1492	>	6	16	74
1398	chr1	182555580	182555561	-	0.1982	0.1915	>	6	16	74
1399	chr9	44413186	44413167	-	0.534	0.393	>	6	16	74
1400	chr14	70151716	70151697	+	0.3604	0.2382	>	6	16	74
1401	chr4	62478250	62478231	+	0.438	0.1328	>	6	16	74
1402	chr3	127561629	127561610	-	0.2183	0.12354	>	6	16	74
1403	chr3	69139614	69139595	-	0.397	0.2261	>	6	16	74
1404	chr17	17919616	17919597	+	0.1678	0.167	>	6	16	74
1405	chr4	139314214	139314195	-	0.2279	0.269	>	6	16	74
1406	chr18	61952763	61952744	-	0.2372	0.1731	>	6	16	74
1407	chr9	7599188	7599169	+	0.33	0.191	>	6	16	74
1408	chr10	120898341	120898322	-	0.3386	0.1467	>	6	16	74
1409	chr11	57469613	57469594	-	0.1846	0.2297	>	6	16	74
1410	chr18	58480198	58480179	-	0.2095	0.1665	>	6	16	74
1411	chr17	12380527	12380508	-	0.658	0.591	>	6	16	74
1412	chr2	107940173	107940154	+	0.11664	0.1351	>	6	16	74
1413	chr2	32580534	32580515	-	0.2605	0.4055	>	6	16	74
1414	chr15	98813480	98813461	+	0.3496	0.5376	>	6	16	74
1415	chr6	54253893	54253874	+	0.1663	0.1743	>	6	16	74
1416	chr1	135800865	135800846	+	0.1766	0.1665	>	6	16	74
1417	chr15	58426369	58426350	+	0.1996	0.1519	>	6	16	74
1418	chr4	87367775	87367756	+	0.3853	0.1472	>	6	16	74
1419	chr2	96583103	96583084	-	0.809	0.3242	>	6	16	74
1420	chr4	63366959	63366940	-	0.1979	0.1753	>	6	16	74
1421	chr4	59761293	59761274	-	0.3435	0.2113	>	6	16	74
1422	chr10	7832162	7832143	+	0.2646	0.1672	>	6	16	74
1423	chr7	89904213	89904194	-	0.2908	0.156	>	6	16	74
1424	chr1	30697342	30697323	+	0.1025	0.1263	>	6	16	74
1425	chr1	58987602	58987583	+	0.2202	0.1498	>	6	16	74
1426	chr15	7452190	7452171	+	0.1405	0.12085	>	6	16	74
1427	chr4	139877044	139877025	+	0.3875	0.2688	>	6	16	74
1428	chr3	83291887	83291868	-	0.0825	0.137	>	6	16	74
1429	chr15	68912907	68912888	-	0.5024	0.2024	>	6	16	74
1430	chr14	64593744	64593725	-	1.073	0.5703	>	6	16	74
1431	chr1	56980349	56980330	-	0.2778	0.2322	>	6	16	74
1432	chr14	75833620	75833601	-	0.6006	0.4543	>	6	16	74
1433	chr16	62904648	62904629	-	0.217	0.1924	>	6	16	74
1434	chr5	35991229	35991210	-	1.033	1.082	>	6	16	74
1435	chr5	44287418	44287399	-	0.248	0.155	>	6	16	74
1436	chr15	76199915	76199896	-	0.07776	0.3071	>	6	16	74
1437	chr4	131240262	131240243	-	0.241	0.206	>	6	16	74
1438	chr5	102147917	102147898	-	0.228	0.2458	>	6	16	74
1439	chr3	93086926	93086907	+	0.0978	0.1787	>	6	16	74
1440	chr6	126163382	126163363	+	2.373	1.376	>	6	16	74
1441	chr3	45375769	45375750	+	1.051	0.2544	>	6	16	74
1442	chr16	90306219	90306200	-	0.3647	0.3506	>	6	16	74
1443	chr17	3249270	3249251	-	0.1843	0.136	>	6	16	74
1444	chr4	143024421	143024402	-	0.087	0.1317	>	6	16	74
1445	chr19	47513892	47513873	-	0.2471	0.1393	>	6	16	74
1446	chr6	66534595	66534576	-	1.387	0.675	>	6	16	74
1447	chr6	134963172	134963153	-	0.6475	0.5996	>	6	16	74
1448	chr14	56369245	56369226	+	0.2401	0.1912	>	6	16	74
1449	chr18	53460219	53460200	+	0.1775	0.162	>	6	16	74
1450	chr7	89476922	89476903	-	0.2163	0.1522	>	6	16	74
1451	chr6	34273116	34273097	+	0.0673	0.1545	>	6	16	74
1452	chr7	142295608	142295589	-	1.062	6.32	>	6	16	74
1453	chr3	22302208	22302189	+	0.992	0.3848	>	6	16	74
1454	chr6	31045994	31045975	-	0.7534	0.959	>	6	16	74
1455	chr9	57143378	57143359	-	0.1816	0.2302	>	6	16	74
1456	chr6	101268340	101268321	+	0.2712	0.1924	>	6	16	74
1457	chr9	58897456	58897437	-	0.7163	0.4846	>	6	16	74
1458	chr17	79601068	79601049	+	0.2245	0.12476	>	6	16	74
1459	chr16	5254607	5254588	-	0.2883	0.22	>	6	16	74
1460	chr4	83595536	83595517	+	1.783	1.041	>	6	16	74
1461	chr9	51159881	51159862	-	0.6875	0.266	>	6	16	74
1462	chr14	66354429	66354410	+	0.1142	0.1388	>	6	16	74
1463	chr5	117090283	117090264	+	0.5806	0.4014	>	6	16	74
1464	chr2	168061425	168061406	-	0.1733	0.2051	>	6	16	74
1465	chr5	9169228	9169209	+	0.3306	0.1686	>	6	16	74
1466	chr6	28418701	28418682	-	0.4202	0.266	>	6	16	74
1467	chr12	105038443	105038424	-	0.1501	0.2063	>	6	16	74
1468	chr1	182558143	182558124	-	0.2264	0.1511	>	6	16	74
1469	chr8	47713300	47713281	-	1.078	1.646	>	6	16	74
1470	chr18	47357393	47357374	+	0.2007	0.1278	>	6	16	74
1471	chr1	118771083	118771064	-	0.1254	0.2006	>	6	16	74
1472	chr16	6493044	6493025	-	0.1927	0.1516	>	6	16	74
1473	chr9	42951005	42950986	-	0.3914	0.2078	>	6	16	74
1474	chr13	53430986	53430967	-	0.6504	0.3672	>	6	16	74
1475	chr13	67609268	67609249	+	2.162	0.826	>	6	16	74
1476	chr1	53035072	53035053	+	0.1465	0.1494	>	6	16	74
1477	chr7	99471824	99471805	-	0.3745	0.4907	>	6	16	74
1478	chr11	36543574	36543555	-	0.1156	0.1614	>	6	16	74
1479	chr5	124334258	124334239	-	0.3428	0.273	>	6	16	74
1480	chr10	76771414	76771395	-	0.1296	0.2047	>	6	16	74
1481	chr10	4386719	4386700	+	0.32	0.4492	>	6	16	74
1482	chr5	116554091	116554072	+	0.0876	0.1714	>	6	16	74
1483	chr10	41734858	41734839	+	0.1406	0.2605	>	6	16	74
1484	chr10	50906875	50906856	-	0.2361	0.1674	>	6	16	74
1485	chr11	31651668	31651649	+	0.07605	0.1534	>	6	16	74
1486	chr6	116193190	116193171	+	0.3687	0.372	>	6	16	74
1487	chr1	188976509	188976490	+	0.343	0.1833	>	6	16	74
1488	chr12	101976095	101976076	+	0.681	0.4116	>	6	16	74
1489	chr15	75925915	75925896	+	0.6084	0.9233	>	6	16	74
1490	chr1	4777287	4777268	-	0.9443	1.425	>	6	16	74
1491	chr18	86560230	86560211	+	0.7866	1.138	>	6	16	74
1492	chr7	43574878	43574859	+	1.292	1.347	>	6	16	74
1493	chr7	98200601	98200582	-	0.2927	0.1711	>	6	16	74
1494	chr4	143319849	143319830	+	0.2299	0.1525	>	6	16	74
1495	chr2	128601696	128601677	-	0.1208	0.207	>	6	16	74
1496	chr17	57004491	57004472	-	0.1467	0.2932	>	6	16	74
1497	chr2	35196541	35196522	-	1.081	0.3997	>	6	16	74
1498	chr5	29779371	29779352	+	0.1531	0.1671	>	6	16	74
1499	chr10	93038429	93038410	-	0.163	0.1875	>	6	16	74
0	chr4	87368268	87368249	+	90.56	65.75	>	6	17	73
1	chr11	109860827	109860808	-	89.2	47.97	>	6	17	73
2	chr3	22309188	22309169	+	81.5	60.4	>	6	17	73
3	chr10	5161770	5161751	-	79.2	55.88	>	6	17	73
4	chr16	71247702	71247683	+	68.56	43.2	>	6	17	73
5	chr16	72980067	72980048	-	68.3	56.7	>	6	17	73
6	chr6	60556001	60555982	+	67.7	40.38	>	6	17	73
7	chr5	7996919	7996900	-	66.06	59.4	>	6	17	73
8	chr14	12140114	12140095	-	65.1	51.62	>	6	17	73
9	chr13	81439574	81439555	+	64.94	46.94	>	6	17	73
10	chr9	103996726	103996707	-	64.9	51.25	>	6	17	73
11	chr15	56066340	56066321	+	63.97	42.94	>	6	17	73
12	chr10	106609250	106609231	+	63.97	42.62	>	6	17	73
13	chr1	144380222	144380203	-	63.4	48.44	>	6	17	73
14	chr10	8240468	8240449	-	62.34	45.88	>	6	17	73
15	chr12	77000269	77000250	+	62.22	54.97	>	6	17	73
16	chr1	44745882	44745863	+	62.12	40.25	>	6	17	73
17	chr4	81178889	81178870	+	62.03	50.0	>	6	17	73
18	chr9	10909768	10909749	+	61.12	47.94	>	6	17	73
19	chr6	64650119	64650100	-	60.56	60.88	>	6	17	73
20	chr15	32766485	32766466	-	60.56	46.62	>	6	17	73
21	chr4	9135983	9135964	+	60.03	34.12	>	6	17	73
22	chr7	118305013	118304994	+	59.5	47.62	>	6	17	73
23	chr10	39520570	39520551	-	58.34	40.5	>	6	17	73
24	chr1	78724658	78724639	+	58.25	47.28	>	6	17	73
25	chr2	160598038	160598019	+	57.94	55.8	>	6	17	73
26	chr18	33790258	33790239	-	57.72	56.3	>	6	17	73
27	chr12	40837750	40837731	+	57.5	46.25	>	6	17	73
28	chr8	41443763	41443744	+	57.34	56.06	>	6	17	73
29	chr14	68494314	68494295	-	56.94	24.97	>	6	17	73
30	chr1	11657910	11657891	+	56.8	43.62	>	6	17	73
31	chr11	77100337	77100318	+	55.88	49.25	>	6	17	73
32	chr16	41244935	41244916	-	55.72	48.0	>	6	17	73
33	chr14	87452291	87452272	-	55.72	63.0	>	6	17	73
34	chr18	16217050	16217031	+	54.9	26.8	>	6	17	73
35	chr11	53255133	53255114	-	54.8	39.5	>	6	17	73
36	chr9	7216447	7216428	+	54.56	27.64	>	6	17	73
37	chr8	35850598	35850579	-	54.5	50.94	>	6	17	73
38	chr8	102781131	102781112	-	54.44	41.34	>	6	17	73
39	chr5	49962010	49961991	-	54.16	50.88	>	6	17	73
40	chr7	90410162	90410143	-	54.06	39.75	>	6	17	73
41	chr4	15328717	15328698	+	54.03	40.72	>	6	17	73
42	chr11	31949616	31949597	-	54.0	41.44	>	6	17	73
43	chr1	120586671	120586652	+	53.8	57.06	>	6	17	73
44	chr13	19698921	19698902	+	53.16	40.8	>	6	17	73
45	chr12	57825950	57825931	+	53.03	34.38	>	6	17	73
46	chr16	72215933	72215914	-	52.7	45.56	>	6	17	73
47	chr9	15685402	15685383	+	52.62	45.03	>	6	17	73
48	chr10	10321327	10321308	-	52.47	23.97	>	6	17	73
49	chr9	49494135	49494116	+	52.4	51.5	>	6	17	73
50	chr3	50906169	50906150	-	52.12	57.06	>	6	17	73
51	chr11	57467973	57467954	-	52.03	54.47	>	6	17	73
52	chr11	113165316	113165297	-	51.88	57.94	>	6	17	73
53	chr9	51152608	51152589	-	51.8	48.22	>	6	17	73
54	chr16	58299658	58299639	+	51.56	30.08	>	6	17	73
55	chr16	22564783	22564764	+	51.44	49.16	>	6	17	73
56	chr8	36523135	36523116	-	51.4	44.44	>	6	17	73
57	chr14	34810941	34810922	+	51.3	52.97	>	6	17	73
58	chr6	101261740	101261721	-	51.0	49.47	>	6	17	73
59	chr7	132213694	132213675	-	50.8	38.62	>	6	17	73
60	chr2	48886271	48886252	-	50.28	44.53	>	6	17	73
61	chr12	54060974	54060955	-	50.12	27.78	>	6	17	73
62	chr1	5905019	5905000	-	50.06	44.22	>	6	17	73
63	chr9	26776375	26776356	-	50.0	53.88	>	6	17	73
64	chr1	103799519	103799500	+	49.53	56.44	>	6	17	73
65	chr9	88222188	88222169	-	49.5	40.1	>	6	17	73
66	chr18	58481884	58481865	-	49.28	39.28	>	6	17	73
67	chr13	100112788	100112769	+	49.16	37.22	>	6	17	73
68	chr3	14679394	14679375	+	49.06	29.97	>	6	17	73
69	chr16	37109459	37109440	+	48.75	19.0	>	6	17	73
70	chr3	153655318	153655299	-	48.72	48.28	>	6	17	73
71	chr16	89765698	89765679	-	48.38	54.0	>	6	17	73
72	chr13	89543228	89543209	-	48.3	56.84	>	6	17	73
73	chr11	40149509	40149490	-	48.28	36.34	>	6	17	73
74	chr3	113080940	113080921	-	48.2	53.4	>	6	17	73
75	chr10	70963797	70963778	-	47.53	51.97	>	6	17	73
76	chr6	66533480	66533461	-	47.34	41.22	>	6	17	73
77	chr18	57976815	57976796	+	47.28	41.3	>	6	17	73
78	chr12	92303388	92303369	+	47.12	48.12	>	6	17	73
79	chr6	43686140	43686121	+	47.1	34.0	>	6	17	73
80	chr15	11038687	11038668	+	47.06	40.16	>	6	17	73
81	chr6	13281064	13281045	-	47.06	44.4	>	6	17	73
82	chr4	25180081	25180062	-	46.94	22.34	>	6	17	73
83	chr2	110229883	110229864	+	46.8	37.2	>	6	17	73
84	chr2	118638293	118638274	+	46.34	48.4	>	6	17	73
85	chr14	67674858	67674839	-	46.2	40.62	>	6	17	73
86	chr1	179477262	179477243	-	45.97	54.9	>	6	17	73
87	chr12	78056191	78056172	+	45.84	48.03	>	6	17	73
88	chr15	44836402	44836383	+	45.7	45.75	>	6	17	73
89	chr9	80293262	80293243	+	45.3	48.66	>	6	17	73
90	chr1	21411405	21411386	+	45.28	35.97	>	6	17	73
91	chr8	80483379	80483360	-	45.28	32.34	>	6	17	73
92	chr16	55477026	55477007	-	44.9	60.88	>	6	17	73
93	chr9	122729759	122729740	-	44.72	40.56	>	6	17	73
94	chr2	17415581	17415562	-	44.56	38.03	>	6	17	73
95	chr4	13778049	13778030	-	44.5	20.47	>	6	17	73
96	chr16	64748455	64748436	-	44.47	52.25	>	6	17	73
97	chr6	57570627	57570608	-	44.28	34.06	>	6	17	73
98	chr16	13117421	13117402	+	44.28	48.25	>	6	17	73
99	chr1	54381475	54381456	-	44.12	34.1	>	6	17	73
100	chr15	40166896	40166877	+	44.03	40.53	>	6	17	73
101	chr17	83271696	83271677	+	44.0	39.2	>	6	17	73
102	chr9	63136063	63136044	+	43.94	32.22	>	6	17	73
103	chr3	68056550	68056531	+	43.88	35.0	>	6	17	73
104	chr3	25220822	25220803	-	43.8	23.62	>	6	17	73
105	chr7	118102455	118102436	-	43.53	59.94	>	6	17	73
106	chr9	51335485	51335466	+	43.47	26.75	>	6	17	73
107	chr16	96671807	96671788	-	43.4	27.66	>	6	17	73
108	chr2	113494904	113494885	+	43.34	43.28	>	6	17	73
109	chr1	55404561	55404542	+	43.25	39.06	>	6	17	73
110	chr3	80079969	80079950	+	43.0	35.7	>	6	17	73
111	chr11	25862989	25862970	-	42.66	37.9	>	6	17	73
112	chr13	109213188	109213169	-	42.6	60.5	>	6	17	73
113	chr8	58566283	58566264	+	42.56	33.8	>	6	17	73
114	chr16	72218227	72218208	+	42.38	47.1	>	6	17	73
115	chr14	102510640	102510621	-	42.34	35.9	>	6	17	73
116	chr7	143154010	143153991	+	42.16	43.66	>	6	17	73
117	chr6	143219585	143219566	+	42.1	41.62	>	6	17	73
118	chr17	86906334	86906315	-	41.97	47.25	>	6	17	73
119	chr8	62080400	62080381	+	41.97	30.6	>	6	17	73
120	chr3	57843985	57843966	+	41.94	43.75	>	6	17	73
121	chr18	3495634	3495615	+	41.62	36.03	>	6	17	73
122	chr7	125393847	125393828	-	41.56	47.0	>	6	17	73
123	chr7	86211564	86211545	-	41.56	46.4	>	6	17	73
124	chr9	60245127	60245108	+	41.38	43.16	>	6	17	73
125	chr6	131353859	131353840	-	41.3	15.89	>	6	17	73
126	chr15	98173991	98173972	-	41.25	24.88	>	6	17	73
127	chr17	88641249	88641230	-	41.12	34.25	>	6	17	73
128	chr9	87027908	87027889	+	41.1	38.34	>	6	17	73
129	chr4	70621553	70621534	-	40.97	48.38	>	6	17	73
130	chr12	41487236	41487217	-	40.88	35.94	>	6	17	73
131	chr4	127368548	127368529	+	40.8	49.72	>	6	17	73
132	chr8	50293750	50293731	-	40.75	48.2	>	6	17	73
133	chr16	27468981	27468962	+	40.75	34.62	>	6	17	73
134	chr7	121641354	121641335	-	40.7	30.69	>	6	17	73
135	chr3	29726795	29726776	-	40.7	30.42	>	6	17	73
136	chr14	29110872	29110853	-	40.66	51.22	>	6	17	73
137	chr13	116712427	116712408	-	40.62	33.1	>	6	17	73
138	chr18	19939562	19939543	-	40.47	45.7	>	6	17	73
139	chr15	80704533	80704514	-	40.28	46.53	>	6	17	73
140	chr18	50137074	50137055	+	40.28	37.62	>	6	17	73
141	chr13	15763212	15763193	-	40.25	29.53	>	6	17	73
142	chr19	50185486	50185467	+	40.22	44.2	>	6	17	73
143	chr12	74013965	74013946	-	40.22	40.8	>	6	17	73
144	chr1	138835543	138835524	+	40.06	20.81	>	6	17	73
145	chr15	55550924	55550905	-	40.06	37.12	>	6	17	73
146	chr1	61771439	61771420	-	40.06	23.55	>	6	17	73
147	chr12	34664961	34664942	+	40.0	19.7	>	6	17	73
148	chr14	78288101	78288082	-	39.8	38.8	>	6	17	73
149	chr2	4499416	4499397	+	39.78	33.88	>	6	17	73
150	chr13	30260132	30260113	-	39.75	32.75	>	6	17	73
151	chr9	68015271	68015252	+	39.2	39.0	>	6	17	73
152	chr1	126993502	126993483	-	39.06	47.2	>	6	17	73
153	chr16	25349824	25349805	-	39.0	41.2	>	6	17	73
154	chr1	14729249	14729230	-	38.94	39.3	>	6	17	73
155	chr15	59389427	59389408	+	38.7	46.34	>	6	17	73
156	chr6	100882590	100882571	+	38.66	49.44	>	6	17	73
157	chr3	9711121	9711102	+	38.62	35.47	>	6	17	73
158	chr6	21214019	21214000	-	38.47	24.2	>	6	17	73
159	chr17	42603617	42603598	-	38.47	42.5	>	6	17	73
160	chr4	80517548	80517529	-	38.47	41.4	>	6	17	73
161	chr9	85328584	85328565	-	38.28	30.06	>	6	17	73
162	chr17	44262001	44261982	+	38.22	44.16	>	6	17	73
163	chr10	102449665	102449646	+	38.2	48.84	>	6	17	73
164	chr17	14520745	14520726	-	38.12	30.45	>	6	17	73
165	chr13	51830925	51830906	+	38.0	56.0	>	6	17	73
166	chr12	83502436	83502417	-	37.97	34.4	>	6	17	73
167	chr5	75853265	75853246	-	37.94	27.88	>	6	17	73
168	chr13	110382742	110382723	+	37.88	61.84	>	6	17	73
169	chr5	62481159	62481140	-	37.8	35.4	>	6	17	73
170	chr7	49121503	49121484	-	37.7	29.61	>	6	17	73
171	chr15	11966575	11966556	-	37.66	34.72	>	6	17	73
172	chr3	31146135	31146116	+	37.53	44.5	>	6	17	73
173	chr2	37815879	37815860	+	37.47	39.2	>	6	17	73
174	chr5	33033442	33033423	-	37.44	48.28	>	6	17	73
175	chr9	7595466	7595447	-	37.4	28.72	>	6	17	73
176	chr5	21641153	21641134	-	37.3	33.66	>	6	17	73
177	chr14	48367302	48367283	-	37.12	39.88	>	6	17	73
178	chr17	14524624	14524605	+	37.1	38.88	>	6	17	73
179	chr4	84064835	84064816	+	37.06	23.38	>	6	17	73
180	chr4	63368786	63368767	+	37.06	51.6	>	6	17	73
181	chr5	102149680	102149661	+	37.03	38.97	>	6	17	73
182	chr12	32897684	32897665	-	36.88	40.9	>	6	17	73
183	chr16	91936532	91936513	+	36.72	43.06	>	6	17	73
184	chr6	37046379	37046360	-	36.72	47.7	>	6	17	73
185	chr18	59081896	59081877	+	36.7	37.34	>	6	17	73
186	chr6	103697552	103697533	-	36.3	43.6	>	6	17	73
187	chr18	19937930	19937911	+	36.3	37.56	>	6	17	73
188	chr6	93757594	93757575	+	36.28	18.31	>	6	17	73
189	chr17	9756371	9756352	+	36.28	21.2	>	6	17	73
190	chr2	96585854	96585835	+	36.25	26.84	>	6	17	73
191	chr11	82915176	82915157	+	36.2	36.34	>	6	17	73
192	chr6	6005837	6005818	+	36.03	35.2	>	6	17	73
193	chr1	98392238	98392219	-	36.03	38.97	>	6	17	73
194	chr7	48749384	48749365	+	35.94	38.3	>	6	17	73
195	chr11	105911812	105911793	-	35.9	37.8	>	6	17	73
196	chr10	45045486	45045467	-	35.8	35.22	>	6	17	73
197	chr2	4492748	4492729	-	35.75	19.97	>	6	17	73
198	chr6	18087397	18087378	+	35.75	40.84	>	6	17	73
199	chr5	90203341	90203322	+	35.7	41.12	>	6	17	73
200	chr7	136489148	136489129	+	35.62	28.06	>	6	17	73
201	chr9	109862620	109862601	-	35.6	34.12	>	6	17	73
202	chr15	59876355	59876336	+	35.3	32.16	>	6	17	73
203	chr14	76473612	76473593	-	35.25	45.66	>	6	17	73
204	chr3	128349320	128349301	+	35.03	41.75	>	6	17	73
205	chr3	45375963	45375944	+	35.03	23.92	>	6	17	73
206	chr3	133314669	133314650	+	34.97	39.0	>	6	17	73
207	chr1	96801850	96801831	-	34.84	30.55	>	6	17	73
208	chr7	115216958	115216939	+	34.62	30.45	>	6	17	73
209	chr9	59282577	59282558	-	34.62	26.88	>	6	17	73
210	chr2	148112135	148112116	-	34.5	31.5	>	6	17	73
211	chr18	52457916	52457897	-	34.47	28.2	>	6	17	73
212	chr6	56691454	56691435	-	34.34	42.2	>	6	17	73
213	chr13	20292580	20292561	-	34.3	38.5	>	6	17	73
214	chr13	57260119	57260100	-	34.25	52.66	>	6	17	73
215	chr13	113877615	113877596	+	34.25	36.75	>	6	17	73
216	chr13	116715029	116715010	-	34.1	31.72	>	6	17	73
217	chr4	83596692	83596673	-	34.1	52.75	>	6	17	73
218	chr8	64941619	64941600	-	34.06	33.75	>	6	17	73
219	chr3	51701488	51701469	+	34.03	22.56	>	6	17	73
220	chr14	120061322	120061303	-	33.84	29.2	>	6	17	73
221	chr7	75910166	75910147	+	33.8	57.6	>	6	17	73
222	chr4	98702698	98702679	-	33.78	31.62	>	6	17	73
223	chr3	146185137	146185118	+	33.62	52.6	>	6	17	73
224	chr4	151157152	151157133	+	33.53	59.38	>	6	17	73
225	chr5	43391861	43391842	-	33.5	21.5	>	6	17	73
226	chr11	93856511	93856492	-	33.47	26.19	>	6	17	73
227	chr14	59605843	59605824	+	33.47	40.3	>	6	17	73
228	chr14	84438580	84438561	+	33.44	23.31	>	6	17	73
229	chr12	50943824	50943805	-	33.28	38.56	>	6	17	73
230	chr7	83550335	83550316	-	33.2	30.12	>	6	17	73
231	chr6	117167008	117166989	+	33.03	30.3	>	6	17	73
232	chr4	12538791	12538772	+	33.0	21.84	>	6	17	73
233	chr18	47353079	47353060	+	32.84	24.58	>	6	17	73
234	chr5	12541496	12541477	-	32.72	22.56	>	6	17	73
235	chr2	60721127	60721108	+	32.72	22.53	>	6	17	73
236	chr11	78838251	78838232	+	32.72	51.5	>	6	17	73
237	chr8	73356225	73356206	+	32.62	23.39	>	6	17	73
238	chr12	10598567	10598548	+	32.5	41.56	>	6	17	73
239	chr19	20345158	20345139	-	32.25	47.94	>	6	17	73
240	chr17	58909486	58909467	-	32.16	39.4	>	6	17	73
241	chr10	69655037	69655018	-	32.12	36.56	>	6	17	73
242	chr4	3967733	3967714	-	32.12	41.75	>	6	17	73
243	chr16	21192795	21192776	-	32.06	38.78	>	6	17	73
244	chr11	12291593	12291574	-	32.0	15.54	>	6	17	73
245	chr11	117385082	117385063	+	31.83	36.6	>	6	17	73
246	chr12	32292095	32292076	+	31.73	20.83	>	6	17	73
247	chr4	64833096	64833077	+	31.69	34.34	>	6	17	73
248	chr13	47301245	47301226	+	31.67	43.9	>	6	17	73
249	chr1	89631957	89631938	-	31.56	45.38	>	6	17	73
250	chr9	69296601	69296582	-	31.53	38.66	>	6	17	73
251	chr3	53735364	53735345	+	31.28	24.5	>	6	17	73
252	chr10	45373471	45373452	-	31.2	37.7	>	6	17	73
253	chr8	91797725	91797706	+	31.19	30.23	>	6	17	73
254	chr4	88035662	88035643	+	31.06	19.66	>	6	17	73
255	chr2	75151187	75151168	-	31.05	37.9	>	6	17	73
256	chr14	66791971	66791952	-	31.02	32.1	>	6	17	73
257	chr2	93199062	93199043	-	30.9	51.25	>	6	17	73
258	chr2	73551006	73550987	+	30.86	53.72	>	6	17	73
259	chr12	89451144	89451125	-	30.81	40.1	>	6	17	73
260	chr16	66086729	66086710	-	30.81	33.7	>	6	17	73
261	chr14	114791647	114791628	-	30.72	37.2	>	6	17	73
262	chr4	43420547	43420528	-	30.61	34.5	>	6	17	73
263	chr1	87447687	87447668	+	30.56	32.53	>	6	17	73
264	chr15	55306471	55306452	+	30.56	24.06	>	6	17	73
265	chr15	97667578	97667559	+	30.52	37.12	>	6	17	73
266	chr2	16359548	16359529	+	30.47	16.92	>	6	17	73
267	chr14	8356099	8356080	+	30.42	51.06	>	6	17	73
268	chr3	19894816	19894797	-	30.38	33.66	>	6	17	73
269	chr12	43813750	43813731	-	30.34	24.06	>	6	17	73
270	chr2	27770378	27770359	+	30.12	46.8	>	6	17	73
271	chr16	48675836	48675817	-	30.12	28.97	>	6	17	73
272	chr10	13016733	13016714	+	30.1	53.44	>	6	17	73
273	chr2	76367359	76367340	+	30.05	30.6	>	6	17	73
274	chr2	115515230	115515211	+	30.05	12.29	>	6	17	73
275	chr19	16785108	16785089	-	30.03	27.4	>	6	17	73
276	chr3	78948444	78948425	+	30.03	29.16	>	6	17	73
277	chr1	37250876	37250857	-	29.94	25.45	>	6	17	73
278	chr18	74431409	74431390	+	29.94	28.48	>	6	17	73
279	chr1	38787652	38787633	-	29.89	46.22	>	6	17	73
280	chr3	14874584	14874565	+	29.88	22.88	>	6	17	73
281	chr9	69505778	69505759	+	29.88	30.58	>	6	17	73
282	chr10	84450913	84450894	-	29.77	31.7	>	6	17	73
283	chr2	172216047	172216028	-	29.77	65.06	>	6	17	73
284	chr10	97712895	97712876	+	29.72	22.83	>	6	17	73
285	chr1	4770074	4770055	+	29.72	39.66	>	6	17	73
286	chr12	50301580	50301561	-	29.69	16.55	>	6	17	73
287	chr15	85266923	85266904	+	29.69	42.06	>	6	17	73
288	chr4	85403030	85403011	+	29.62	27.23	>	6	17	73
289	chr6	97526370	97526351	-	29.53	31.17	>	6	17	73
290	chr8	112046096	112046077	+	29.5	62.6	>	6	17	73
291	chr12	96311368	96311349	-	29.48	23.8	>	6	17	73
292	chr1	93507239	93507220	-	29.45	32.5	>	6	17	73
293	chr13	21714927	21714908	+	29.4	37.72	>	6	17	73
294	chr6	49008180	49008161	+	29.38	27.1	>	6	17	73
295	chr17	17749545	17749526	-	29.36	32.88	>	6	17	73
296	chr6	145360253	145360234	+	29.34	33.62	>	6	17	73
297	chr7	17066630	17066611	-	29.27	41.75	>	6	17	73
298	chr12	81788850	81788831	-	29.25	32.47	>	6	17	73
299	chr7	129649172	129649153	+	29.19	42.88	>	6	17	73
300	chr14	104039053	104039034	+	29.17	41.16	>	6	17	73
301	chr13	41634744	41634725	-	29.08	40.84	>	6	17	73
302	chr7	138835232	138835213	-	29.02	47.88	>	6	17	73
303	chr15	97195797	97195778	+	28.92	38.5	>	6	17	73
304	chr1	119087737	119087718	+	28.89	50.28	>	6	17	73
305	chr4	85819373	85819354	-	28.86	29.28	>	6	17	73
306	chr11	30657307	30657288	-	28.86	6.477	>	6	17	73
307	chr5	49369245	49369226	+	28.66	27.94	>	6	17	73
308	chr6	106805067	106805048	+	28.61	20.38	>	6	17	73
309	chr6	31660958	31660939	+	28.53	52.9	>	6	17	73
310	chr12	8306749	8306730	-	28.48	47.94	>	6	17	73
311	chr13	42822785	42822766	-	28.47	44.4	>	6	17	73
312	chr15	34968778	34968759	+	28.4	27.94	>	6	17	73
313	chr7	68369859	68369840	+	28.38	58.97	>	6	17	73
314	chr15	80266443	80266424	+	28.33	34.62	>	6	17	73
315	chr6	102171110	102171091	+	28.19	24.06	>	6	17	73
316	chr16	72605273	72605254	-	28.11	17.7	>	6	17	73
317	chr18	65490506	65490487	+	28.06	33.94	>	6	17	73
318	chr3	55373775	55373756	+	28.0	19.75	>	6	17	73
319	chr1	53927814	53927795	-	27.97	28.48	>	6	17	73
320	chr2	160368066	160368047	-	27.95	21.97	>	6	17	73
321	chr10	42295232	42295213	-	27.94	37.8	>	6	17	73
322	chr7	116040411	116040392	-	27.9	26.19	>	6	17	73
323	chr10	116197535	116197516	-	27.81	28.58	>	6	17	73
324	chr5	20773533	20773514	-	27.81	20.77	>	6	17	73
325	chr12	80725012	80724993	-	27.73	38.97	>	6	17	73
326	chr15	66899881	66899862	-	27.6	21.5	>	6	17	73
327	chr18	16822208	16822189	-	27.56	13.28	>	6	17	73
328	chr18	14503254	14503235	-	27.55	19.48	>	6	17	73
329	chr5	98344786	98344767	+	27.44	28.3	>	6	17	73
330	chr10	77517236	77517217	+	27.39	30.44	>	6	17	73
331	chr1	44741472	44741453	-	27.38	6.344	>	6	17	73
332	chr6	127945983	127945964	-	27.28	24.97	>	6	17	73
333	chr16	42914955	42914936	-	27.27	20.78	>	6	17	73
334	chr18	39137558	39137539	+	27.11	15.805	>	6	17	73
335	chr13	42575907	42575888	+	27.11	22.34	>	6	17	73
336	chr2	13278209	13278190	+	27.06	48.53	>	6	17	73
337	chr18	43836585	43836566	-	27.06	22.66	>	6	17	73
338	chr4	114647896	114647877	+	27.05	26.58	>	6	17	73
339	chr16	44149214	44149195	-	27.03	37.28	>	6	17	73
340	chr13	109776299	109776280	+	27.02	27.47	>	6	17	73
341	chr19	30217515	30217496	+	27.0	44.25	>	6	17	73
342	chr6	61316075	61316056	+	26.94	38.16	>	6	17	73
343	chr17	78598832	78598813	+	26.92	37.16	>	6	17	73
344	chr2	117231457	117231438	-	26.88	23.62	>	6	17	73
345	chr4	115101816	115101797	+	26.84	34.88	>	6	17	73
346	chr10	57448131	57448112	-	26.8	44.97	>	6	17	73
347	chr13	113046665	113046646	+	26.77	22.72	>	6	17	73
348	chr4	110022447	110022428	-	26.58	43.47	>	6	17	73
349	chr7	101653829	101653810	+	26.5	47.97	>	6	17	73
350	chr5	67756338	67756319	+	26.5	26.55	>	6	17	73
351	chr3	62192717	62192698	-	26.5	17.1	>	6	17	73
352	chr10	17728146	17728127	-	26.45	14.96	>	6	17	73
353	chr5	37752557	37752538	-	26.33	30.73	>	6	17	73
354	chr1	60961316	60961297	-	26.3	26.22	>	6	17	73
355	chr17	68176981	68176962	+	26.27	18.84	>	6	17	73
356	chr7	37357871	37357852	-	26.2	67.6	>	6	17	73
357	chr4	32572316	32572297	-	26.16	44.75	>	6	17	73
358	chr4	96696741	96696722	+	26.12	32.22	>	6	17	73
359	chr4	109729491	109729472	-	26.06	50.3	>	6	17	73
360	chr10	111977780	111977761	+	25.78	32.1	>	6	17	73
361	chr5	45424489	45424470	-	25.73	30.9	>	6	17	73
362	chr2	61494577	61494558	-	25.72	22.25	>	6	17	73
363	chr6	13287046	13287027	+	25.69	21.62	>	6	17	73
364	chr9	116060829	116060810	+	25.66	36.5	>	6	17	73
365	chr8	17537753	17537734	-	25.64	36.44	>	6	17	73
366	chr9	77781636	77781617	-	25.62	27.94	>	6	17	73
367	chr15	5106460	5106441	-	25.56	29.45	>	6	17	73
368	chr17	93141334	93141315	-	25.53	33.03	>	6	17	73
369	chr6	97759520	97759501	+	25.52	17.88	>	6	17	73
370	chr8	119384750	119384731	-	25.47	45.94	>	6	17	73
371	chr6	88113322	88113303	+	25.38	41.75	>	6	17	73
372	chr15	101984527	101984508	-	25.38	56.7	>	6	17	73
373	chr8	54493335	54493316	-	25.34	39.7	>	6	17	73
374	chr9	24119622	24119603	+	25.33	14.83	>	6	17	73
375	chr3	50077169	50077150	-	25.31	24.22	>	6	17	73
376	chr4	47419767	47419748	+	25.23	44.03	>	6	17	73
377	chr2	76115910	76115891	+	25.22	28.97	>	6	17	73
378	chr15	67174759	67174740	+	25.2	12.74	>	6	17	73
379	chr8	125574509	125574490	+	25.17	12.85	>	6	17	73
380	chr1	161737065	161737046	-	25.11	39.75	>	6	17	73
381	chr3	85571455	85571436	-	25.1	9.7	>	6	17	73
382	chr18	19577078	19577059	-	25.02	27.28	>	6	17	73
383	chr19	36083087	36083068	-	25.0	29.4	>	6	17	73
384	chr8	115709616	115709597	-	24.98	9.14	>	6	17	73
385	chr10	126330794	126330775	-	24.84	24.02	>	6	17	73
386	chr15	25993551	25993532	+	24.81	33.28	>	6	17	73
387	chr5	131430355	131430336	-	24.78	45.44	>	6	17	73
388	chr1	9545352	9545333	-	24.78	38.06	>	6	17	73
389	chr19	28768445	28768426	-	24.75	36.44	>	6	17	73
390	chr10	24630876	24630857	+	24.72	22.94	>	6	17	73
391	chr17	54351102	54351083	+	24.53	15.79	>	6	17	73
392	chr16	20496806	20496787	+	24.47	28.86	>	6	17	73
393	chr12	109394024	109394005	-	24.44	15.02	>	6	17	73
394	chr13	21803288	21803269	-	24.42	40.1	>	6	17	73
395	chr3	103392995	103392976	+	24.38	33.9	>	6	17	73
396	chr15	25428758	25428739	+	24.31	24.08	>	6	17	73
397	chr3	135206860	135206841	-	24.3	9.21	>	6	17	73
398	chr8	65139261	65139242	+	24.3	33.56	>	6	17	73
399	chr9	29650850	29650831	-	24.23	35.72	>	6	17	73
400	chr3	127971093	127971074	+	24.2	46.1	>	6	17	73
401	chr2	104035038	104035019	+	24.16	33.7	>	6	17	73
402	chr9	81635302	81635283	+	24.11	12.08	>	6	17	73
403	chr6	95484597	95484578	+	24.03	13.41	>	6	17	73
404	chr14	72293991	72293972	-	23.83	34.2	>	6	17	73
405	chr18	65490035	65490016	-	23.72	29.94	>	6	17	73
406	chr12	38123788	38123769	-	23.66	16.0	>	6	17	73
407	chr18	70184838	70184819	-	23.66	11.39	>	6	17	73
408	chr3	152095252	152095233	-	23.53	23.67	>	6	17	73
409	chr8	32002994	32002975	-	23.5	23.94	>	6	17	73
410	chr11	22206830	22206811	-	23.48	11.1	>	6	17	73
411	chr5	76541051	76541032	-	23.44	19.22	>	6	17	73
412	chr10	52106337	52106318	+	23.38	22.61	>	6	17	73
413	chr1	84697462	84697443	-	23.38	25.22	>	6	17	73
414	chr1	67181385	67181366	+	23.34	35.0	>	6	17	73
415	chr6	101267027	101267008	+	23.31	12.77	>	6	17	73
416	chr6	129255175	129255156	-	23.25	41.8	>	6	17	73
417	chr4	115710017	115709998	-	23.19	25.83	>	6	17	73
418	chr2	118241614	118241595	-	23.19	37.16	>	6	17	73
419	chr8	71371784	71371765	+	23.11	28.11	>	6	17	73
420	chr7	73422670	73422651	-	23.11	37.7	>	6	17	73
421	chr5	33039602	33039583	+	23.05	27.48	>	6	17	73
422	chr2	153143004	153142985	-	23.02	20.31	>	6	17	73
423	chr14	98181824	98181805	-	23.0	7.93	>	6	17	73
424	chr2	136887058	136887039	-	22.97	12.49	>	6	17	73
425	chr1	135136701	135136682	-	22.88	42.44	>	6	17	73
426	chr5	4948481	4948462	-	22.86	27.0	>	6	17	73
427	chr10	71422814	71422795	+	22.81	51.25	>	6	17	73
428	chr8	64597251	64597232	-	22.66	30.06	>	6	17	73
429	chr1	162336834	162336815	-	22.45	14.914	>	6	17	73
430	chr9	94738996	94738977	+	22.42	42.94	>	6	17	73
431	chr17	53403136	53403117	+	22.4	18.28	>	6	17	73
432	chr2	155811920	155811901	-	22.36	51.28	>	6	17	73
433	chr12	52010769	52010750	+	22.33	16.6	>	6	17	73
434	chr3	44912870	44912851	-	22.31	11.58	>	6	17	73
435	chr5	98348848	98348829	+	22.25	34.97	>	6	17	73
436	chr15	80706301	80706282	+	22.25	25.52	>	6	17	73
437	chr1	167932285	167932266	-	22.22	36.66	>	6	17	73
438	chr14	121455709	121455690	-	22.2	25.7	>	6	17	73
439	chr4	98243714	98243695	-	22.16	26.34	>	6	17	73
440	chr4	143027468	143027449	+	22.14	29.11	>	6	17	73
441	chr2	153668926	153668907	+	22.14	25.36	>	6	17	73
442	chr9	41461929	41461910	-	22.14	12.42	>	6	17	73
443	chr4	109431143	109431124	-	22.1	22.34	>	6	17	73
444	chr5	44831505	44831486	-	22.08	22.05	>	6	17	73
445	chr8	119676601	119676582	-	22.03	33.06	>	6	17	73
446	chr17	40824060	40824041	-	22.02	34.28	>	6	17	73
447	chr15	37102366	37102347	-	22.0	13.84	>	6	17	73
448	chr1	119083862	119083843	-	21.92	45.47	>	6	17	73
449	chr5	41044703	41044684	-	21.78	28.61	>	6	17	73
450	chr19	24622032	24622013	+	21.77	22.19	>	6	17	73
451	chr3	58159626	58159607	-	21.75	32.1	>	6	17	73
452	chr1	38130140	38130121	-	21.75	23.66	>	6	17	73
453	chr2	129472129	129472110	-	21.73	30.17	>	6	17	73
454	chr9	15682043	15682024	-	21.73	11.22	>	6	17	73
455	chr9	69502720	69502701	-	21.7	34.7	>	6	17	73
456	chr14	21120676	21120657	+	21.69	43.16	>	6	17	73
457	chr7	110645588	110645569	-	21.69	43.56	>	6	17	73
458	chr16	78950579	78950560	-	21.64	3.295	>	6	17	73
459	chr7	131899517	131899498	+	21.56	16.44	>	6	17	73
460	chr8	106403484	106403465	-	21.53	20.23	>	6	17	73
461	chr17	73303429	73303410	+	21.48	50.6	>	6	17	73
462	chr1	83727325	83727306	+	21.48	26.81	>	6	17	73
463	chr13	29857603	29857584	+	21.42	9.836	>	6	17	73
464	chr14	104033786	104033767	+	21.34	21.16	>	6	17	73
465	chr7	119011391	119011372	+	21.31	35.56	>	6	17	73
466	chr1	69165377	69165358	+	21.31	25.0	>	6	17	73
467	chr1	192727176	192727157	+	21.28	21.9	>	6	17	73
468	chr9	50438293	50438274	-	21.2	27.17	>	6	17	73
469	chr15	46990407	46990388	-	21.14	10.516	>	6	17	73
470	chr13	73646874	73646855	+	21.14	37.5	>	6	17	73
471	chr16	67089956	67089937	+	21.12	15.94	>	6	17	73
472	chr2	83332995	83332976	-	21.02	18.14	>	6	17	73
473	chr8	10415030	10415011	+	21.0	37.3	>	6	17	73
474	chr1	35716149	35716130	-	20.89	18.69	>	6	17	73
475	chr7	43920039	43920020	-	20.83	34.3	>	6	17	73
476	chr8	15138726	15138707	+	20.81	41.03	>	6	17	73
477	chr13	6515705	6515686	+	20.8	28.08	>	6	17	73
478	chr2	64948996	64948977	-	20.72	23.2	>	6	17	73
479	chr19	20345737	20345718	+	20.7	55.44	>	6	17	73
480	chr5	33994851	33994832	+	20.64	14.97	>	6	17	73
481	chr14	76479953	76479934	+	20.62	37.16	>	6	17	73
482	chr3	144737048	144737029	+	20.58	28.33	>	6	17	73
483	chr2	13597223	13597204	-	20.5	12.72	>	6	17	73
484	chr9	118908437	118908418	-	20.5	27.45	>	6	17	73
485	chr4	153484615	153484596	-	20.39	17.89	>	6	17	73
486	chr19	12433211	12433192	+	20.36	28.34	>	6	17	73
487	chr15	31611224	31611205	+	20.34	11.17	>	6	17	73
488	chr3	107206198	107206179	+	20.34	39.22	>	6	17	73
489	chr17	86909946	86909927	+	20.31	22.38	>	6	17	73
490	chr7	89473669	89473650	-	20.22	24.19	>	6	17	73
491	chr6	35252603	35252584	+	20.22	32.56	>	6	17	73
492	chr6	126168001	126167982	-	20.17	8.76	>	6	17	73
493	chr16	42169942	42169923	+	20.12	43.34	>	6	17	73
494	chr6	90607354	90607335	+	20.11	24.86	>	6	17	73
495	chr6	31664664	31664645	+	20.11	41.5	>	6	17	73
496	chr13	100002039	100002020	+	20.02	21.73	>	6	17	73
497	chr6	97523337	97523318	-	19.97	25.72	>	6	17	73
498	chr4	123529452	123529433	-	19.95	17.69	>	6	17	73
499	chr18	53744741	53744722	-	19.94	29.1	>	6	17	73
500	chr9	13849232	13849213	+	19.9	15.484	>	6	17	73
501	chr15	14052128	14052109	-	19.89	12.375	>	6	17	73
502	chr3	68053761	68053742	-	19.88	27.33	>	6	17	73
503	chr14	50799990	50799971	+	19.83	30.28	>	6	17	73
504	chr8	50292348	50292329	+	19.83	31.36	>	6	17	73
505	chr19	52993242	52993223	-	19.81	45.25	>	6	17	73
506	chr8	24546435	24546416	-	19.8	56.1	>	6	17	73
507	chr2	166085186	166085167	+	19.78	40.2	>	6	17	73
508	chr15	80260893	80260874	-	19.75	33.7	>	6	17	73
509	chr18	75606699	75606680	+	19.72	50.94	>	6	17	73
510	chr2	135957961	135957942	-	19.69	27.1	>	6	17	73
511	chr11	75179118	75179099	+	19.67	22.83	>	6	17	73
512	chr6	77628987	77628968	+	19.66	40.56	>	6	17	73
513	chr4	82614384	82614365	-	19.62	15.836	>	6	17	73
514	chr17	27190013	27189994	+	19.5	26.89	>	6	17	73
515	chr14	121451301	121451282	-	19.45	26.11	>	6	17	73
516	chr9	69987821	69987802	-	19.44	12.234	>	6	17	73
517	chr6	40479902	40479883	+	19.42	24.72	>	6	17	73
518	chr4	82619779	82619760	-	19.42	11.22	>	6	17	73
519	chr2	160593235	160593216	-	19.4	45.8	>	6	17	73
520	chr4	48691990	48691971	+	19.4	34.88	>	6	17	73
521	chr1	11140123	11140104	-	19.39	7.324	>	6	17	73
522	chr6	67858160	67858141	+	19.36	18.55	>	6	17	73
523	chr1	91914028	91914009	+	19.36	22.06	>	6	17	73
524	chr15	76196896	76196877	+	19.33	35.8	>	6	17	73
525	chr11	43767011	43766992	+	19.27	27.44	>	6	17	73
526	chr17	8463677	8463658	+	19.23	31.38	>	6	17	73
527	chr2	60442102	60442083	-	19.22	10.555	>	6	17	73
528	chr10	8242562	8242543	+	19.2	18.4	>	6	17	73
529	chr15	8382407	8382388	+	19.16	11.64	>	6	17	73
530	chr19	11360302	11360283	+	19.14	15.06	>	6	17	73
531	chr12	79305335	79305316	+	19.11	29.94	>	6	17	73
532	chr13	38992697	38992678	+	19.03	12.445	>	6	17	73
533	chr8	91147955	91147936	-	19.0	26.05	>	6	17	73
534	chr13	64443476	64443457	+	19.0	35.6	>	6	17	73
535	chr8	117898214	117898195	+	18.92	34.16	>	6	17	73
536	chr11	42423473	42423454	-	18.77	18.48	>	6	17	73
537	chr9	114957195	114957176	-	18.77	27.38	>	6	17	73
538	chr5	149647926	149647907	+	18.72	23.06	>	6	17	73
539	chr5	128440068	128440049	-	18.69	40.7	>	6	17	73
540	chr6	90606762	90606743	-	18.67	32.6	>	6	17	73
541	chr10	58560031	58560012	+	18.67	23.25	>	6	17	73
542	chr18	25538443	25538424	+	18.66	23.94	>	6	17	73
543	chr11	22987510	22987491	+	18.56	23.83	>	6	17	73
544	chr13	57269837	57269818	-	18.55	36.6	>	6	17	73
545	chr13	53096854	53096835	-	18.55	32.88	>	6	17	73
546	chr7	124783020	124783001	-	18.55	23.44	>	6	17	73
547	chr7	40687242	40687223	-	18.52	26.28	>	6	17	73
548	chr4	109438113	109438094	+	18.45	31.61	>	6	17	73
549	chr13	46663777	46663758	-	18.45	5.215	>	6	17	73
550	chr2	21927862	21927843	-	18.45	17.72	>	6	17	73
551	chr11	72564476	72564457	-	18.39	17.95	>	6	17	73
552	chr14	57362951	57362932	-	18.3	10.125	>	6	17	73
553	chr13	54063511	54063492	-	18.3	12.516	>	6	17	73
554	chr8	127191530	127191511	+	18.27	39.03	>	6	17	73
555	chr4	24249781	24249762	+	18.25	8.38	>	6	17	73
556	chr1	175603551	175603532	-	18.2	12.0	>	6	17	73
557	chr7	131897479	131897460	+	18.19	16.34	>	6	17	73
558	chr2	125259455	125259436	-	18.17	32.72	>	6	17	73
559	chr8	11943262	11943243	-	18.0	20.05	>	6	17	73
560	chr13	74861814	74861795	+	17.98	11.664	>	6	17	73
561	chr3	37302880	37302861	-	17.98	17.84	>	6	17	73
562	chr2	165391753	165391734	+	17.95	20.97	>	6	17	73
563	chr1	167669968	167669949	-	17.94	39.3	>	6	17	73
564	chr14	24311319	24311300	+	17.89	24.48	>	6	17	73
565	chr6	125622660	125622641	+	17.86	24.67	>	6	17	73
566	chr16	91694897	91694878	+	17.83	21.03	>	6	17	73
567	chr7	100886752	100886733	-	17.8	33.3	>	6	17	73
568	chr2	165779092	165779073	+	17.7	43.9	>	6	17	73
569	chr4	118988734	118988715	-	17.7	12.37	>	6	17	73
570	chr9	111939788	111939769	+	17.64	16.92	>	6	17	73
571	chr9	40806571	40806552	+	17.64	39.78	>	6	17	73
572	chr19	21571392	21571373	+	17.64	11.9	>	6	17	73
573	chr10	49785057	49785038	-	17.56	2.498	>	6	17	73
574	chr3	84922220	84922201	+	17.47	28.94	>	6	17	73
575	chr12	7991018	7990999	+	17.47	17.66	>	6	17	73
576	chr8	106687694	106687675	+	17.45	42.0	>	6	17	73
577	chr19	15998346	15998327	+	17.33	27.56	>	6	17	73
578	chr10	30838389	30838370	+	17.3	7.543	>	6	17	73
579	chr2	6469364	6469345	-	17.28	15.65	>	6	17	73
580	chr9	59678540	59678521	-	17.28	29.06	>	6	17	73
581	chr18	60143536	60143517	-	17.25	6.348	>	6	17	73
582	chr2	76114972	76114953	-	17.25	26.88	>	6	17	73
583	chr1	192722361	192722342	-	17.23	36.0	>	6	17	73
584	chr13	6737153	6737134	+	17.23	24.25	>	6	17	73
585	chr10	116199232	116199213	+	17.23	24.89	>	6	17	73
586	chr18	6627309	6627290	+	17.06	30.4	>	6	17	73
587	chr7	117375969	117375950	-	17.03	13.42	>	6	17	73
588	chr11	7200225	7200206	+	17.03	39.34	>	6	17	73
589	chr3	152474817	152474798	+	16.98	9.51	>	6	17	73
590	chr12	4107565	4107546	+	16.97	22.11	>	6	17	73
591	chr18	78212287	78212268	-	16.83	18.31	>	6	17	73
592	chr2	17842170	17842151	-	16.81	6.844	>	6	17	73
593	chr5	112429191	112429172	-	16.78	14.19	>	6	17	73
594	chr9	54169687	54169668	+	16.73	16.64	>	6	17	73
595	chr9	78597063	78597044	+	16.73	17.98	>	6	17	73
596	chr2	125556029	125556010	+	16.69	19.19	>	6	17	73
597	chr4	86545837	86545818	-	16.69	26.34	>	6	17	73
598	chr11	34229190	34229171	+	16.55	19.56	>	6	17	73
599	chr13	60479163	60479144	+	16.52	1.697	>	6	17	73
600	chr11	57788119	57788100	+	16.36	29.88	>	6	17	73
601	chr5	117504639	117504620	+	16.36	53.34	>	6	17	73
602	chr1	128368923	128368904	+	16.28	14.01	>	6	17	73
603	chr14	51098507	51098488	-	16.28	41.22	>	6	17	73
604	chr10	14404268	14404249	+	16.23	20.66	>	6	17	73
605	chr18	65752297	65752278	-	16.1	16.11	>	6	17	73
606	chr3	59077498	59077479	+	16.1	40.72	>	6	17	73
607	chr1	119919473	119919454	+	16.06	20.62	>	6	17	73
608	chr1	86598699	86598680	+	16.03	48.72	>	6	17	73
609	chr1	80178208	80178189	-	16.0	17.12	>	6	17	73
610	chr15	64132164	64132145	+	15.96	15.336	>	6	17	73
611	chr2	4652218	4652199	-	15.91	22.83	>	6	17	73
612	chr9	40805489	40805470	-	15.86	35.53	>	6	17	73
613	chr13	30549079	30549060	-	15.805	25.34	>	6	17	73
614	chr3	82350530	82350511	-	15.805	7.78	>	6	17	73
615	chr7	81155234	81155215	-	15.805	19.0	>	6	17	73
616	chr4	107701325	107701306	-	15.8	18.55	>	6	17	73
617	chr11	76655250	76655231	+	15.8	25.19	>	6	17	73
618	chr7	122945377	122945358	+	15.72	20.64	>	6	17	73
619	chr16	32697312	32697293	+	15.695	24.02	>	6	17	73
620	chr13	114460825	114460806	-	15.65	8.25	>	6	17	73
621	chr19	59389409	59389390	+	15.65	31.4	>	6	17	73
622	chr7	45451495	45451476	+	15.64	35.4	>	6	17	73
623	chr15	85599066	85599047	+	15.625	30.86	>	6	17	73
624	chr10	9012998	9012979	+	15.6	21.77	>	6	17	73
625	chr13	24318872	24318853	-	15.58	11.58	>	6	17	73
626	chr3	123506917	123506898	-	15.53	17.17	>	6	17	73
627	chr13	101719731	101719712	-	15.48	25.34	>	6	17	73
628	chr12	12412898	12412879	-	15.43	30.47	>	6	17	73
629	chr10	127342496	127342477	-	15.4	29.73	>	6	17	73
630	chr7	28972871	28972852	+	15.39	21.2	>	6	17	73
631	chr5	130862481	130862462	+	15.33	29.22	>	6	17	73
632	chr13	53779354	53779335	+	15.31	23.8	>	6	17	73
633	chr11	51582940	51582921	-	15.305	26.1	>	6	17	73
634	chr3	34150257	34150238	+	15.3	17.19	>	6	17	73
635	chr9	30423156	30423137	-	15.29	30.31	>	6	17	73
636	chr1	55886585	55886566	+	15.29	16.73	>	6	17	73
637	chr8	121104251	121104232	+	15.28	31.56	>	6	17	73
638	chr2	31683894	31683875	+	15.27	30.73	>	6	17	73
639	chr9	121458682	121458663	+	15.27	42.72	>	6	17	73
640	chr13	111421545	111421526	+	15.22	27.25	>	6	17	73
641	chr18	56572965	56572946	+	15.22	32.7	>	6	17	73
642	chr18	42593315	42593296	+	15.2	8.75	>	6	17	73
643	chr8	118287683	118287664	+	15.2	7.145	>	6	17	73
644	chr14	47742843	47742824	+	15.18	9.65	>	6	17	73
645	chr1	184791312	184791293	-	15.164	27.39	>	6	17	73
646	chr6	106800166	106800147	-	15.1	18.75	>	6	17	73
647	chr11	12025880	12025861	+	15.06	18.02	>	6	17	73
648	chr5	129594341	129594322	-	15.03	29.4	>	6	17	73
649	chr13	16005724	16005705	+	15.016	13.71	>	6	17	73
650	chr14	65597230	65597211	+	15.016	14.01	>	6	17	73
651	chr5	99900280	99900261	-	14.95	10.75	>	6	17	73
652	chr8	11421350	11421331	-	14.945	26.12	>	6	17	73
653	chr19	4755748	4755729	+	14.93	24.55	>	6	17	73
654	chr10	110733540	110733521	-	14.914	16.5	>	6	17	73
655	chr5	67752088	67752069	+	14.89	18.31	>	6	17	73
656	chr9	77381774	77381755	-	14.85	26.45	>	6	17	73
657	chr18	81951830	81951811	-	14.76	34.06	>	6	17	73
658	chr1	86059644	86059625	+	14.734	30.22	>	6	17	73
659	chr1	52630636	52630617	-	14.734	9.89	>	6	17	73
660	chr2	174308107	174308088	+	14.69	14.67	>	6	17	73
661	chr11	99364649	99364630	-	14.6	16.03	>	6	17	73
662	chr13	109558424	109558405	+	14.49	16.98	>	6	17	73
663	chr12	58201405	58201386	-	14.48	6.883	>	6	17	73
664	chr7	137471937	137471918	+	14.445	28.83	>	6	17	73
665	chr17	26916803	26916784	+	14.414	25.05	>	6	17	73
666	chr5	87871626	87871607	-	14.414	20.39	>	6	17	73
667	chr2	125252443	125252424	+	14.414	25.9	>	6	17	73
668	chr1	9549185	9549166	+	14.414	19.5	>	6	17	73
669	chr11	11788608	11788589	-	14.38	31.97	>	6	17	73
670	chr7	43928727	43928708	+	14.36	11.45	>	6	17	73
671	chr10	60760656	60760637	-	14.31	36.9	>	6	17	73
672	chr6	17362958	17362939	+	14.31	3.076	>	6	17	73
673	chr1	136521528	136521509	-	14.305	21.69	>	6	17	73
674	chr2	153147934	153147915	+	14.28	18.94	>	6	17	73
675	chr8	61522313	61522294	+	14.266	28.28	>	6	17	73
676	chr18	56759303	56759284	+	14.266	12.61	>	6	17	73
677	chr14	115451146	115451127	-	14.234	4.215	>	6	17	73
678	chr1	176218428	176218409	+	14.195	14.99	>	6	17	73
679	chr15	97665520	97665501	-	14.18	30.02	>	6	17	73
680	chr13	20299620	20299601	+	14.18	33.25	>	6	17	73
681	chr9	59969601	59969582	-	14.14	17.69	>	6	17	73
682	chr16	57611975	57611956	+	14.055	18.66	>	6	17	73
683	chr12	15816144	15816125	+	13.984	8.52	>	6	17	73
684	chr15	82271381	82271362	-	13.95	28.55	>	6	17	73
685	chr7	74363644	74363625	-	13.95	40.8	>	6	17	73
686	chr3	73066293	73066274	+	13.95	16.86	>	6	17	73
687	chr1	118772515	118772496	-	13.945	30.34	>	6	17	73
688	chr4	110020493	110020474	-	13.94	26.28	>	6	17	73
689	chr3	34639420	34639401	-	13.94	14.87	>	6	17	73
690	chr2	131530224	131530205	-	13.92	25.86	>	6	17	73
691	chr4	20024128	20024109	+	13.91	12.516	>	6	17	73
692	chr8	74980870	74980851	-	13.81	30.2	>	6	17	73
693	chr18	75757719	75757700	+	13.734	18.78	>	6	17	73
694	chr7	89908147	89908128	-	13.72	13.79	>	6	17	73
695	chr4	150257406	150257387	+	13.72	23.58	>	6	17	73
696	chr2	55022781	55022762	-	13.664	7.77	>	6	17	73
697	chr18	64506771	64506752	-	13.63	18.4	>	6	17	73
698	chr14	123353156	123353137	-	13.61	11.6	>	6	17	73
699	chr4	139872794	139872775	+	13.59	35.75	>	6	17	73
700	chr13	51839869	51839850	+	13.586	21.19	>	6	17	73
701	chr5	146162789	146162770	+	13.516	23.42	>	6	17	73
702	chr9	83785201	83785182	+	13.49	14.66	>	6	17	73
703	chr3	59079480	59079461	+	13.44	28.77	>	6	17	73
704	chr10	11345312	11345293	-	13.375	5.086	>	6	17	73
705	chr11	46252188	46252169	-	13.34	28.12	>	6	17	73
706	chr4	85404971	85404952	+	13.32	14.11	>	6	17	73
707	chr4	130738774	130738755	+	13.31	16.47	>	6	17	73
708	chr5	86432914	86432895	+	13.305	16.02	>	6	17	73
709	chr3	22306829	22306810	+	13.266	18.6	>	6	17	73
710	chr2	91930225	91930206	-	13.25	19.55	>	6	17	73
711	chr6	108417714	108417695	+	13.234	10.66	>	6	17	73
712	chr12	17011790	17011771	-	13.16	20.73	>	6	17	73
713	chr5	87551137	87551118	-	13.15	21.52	>	6	17	73
714	chr4	106227683	106227664	-	13.14	14.38	>	6	17	73
715	chr4	139877472	139877453	+	13.1	27.4	>	6	17	73
716	chr1	88742593	88742574	-	13.086	17.75	>	6	17	73
717	chr3	52254088	52254069	+	13.02	34.16	>	6	17	73
718	chr9	73159469	73159450	+	12.99	27.5	>	6	17	73
719	chr7	29297253	29297234	-	12.984	28.8	>	6	17	73
720	chr13	116312336	116312317	-	12.93	10.21	>	6	17	73
721	chr2	157117146	157117127	-	12.91	21.92	>	6	17	73
722	chr9	60243712	60243693	+	12.89	13.59	>	6	17	73
723	chr1	179845066	179845047	-	12.88	17.89	>	6	17	73
724	chr11	103332754	103332735	+	12.875	24.97	>	6	17	73
725	chr1	53032774	53032755	-	12.87	13.05	>	6	17	73
726	chr8	45345197	45345178	+	12.81	16.72	>	6	17	73
727	chr12	113216133	113216114	+	12.74	53.7	>	6	17	73
728	chr15	36152194	36152175	-	12.72	16.9	>	6	17	73
729	chr1	72876274	72876255	+	12.69	17.11	>	6	17	73
730	chr9	14774009	14773990	+	12.664	9.0	>	6	17	73
731	chr12	74317197	74317178	-	12.664	11.76	>	6	17	73
732	chr7	107819649	107819630	-	12.64	16.3	>	6	17	73
733	chr13	55327907	55327888	+	12.64	17.61	>	6	17	73
734	chr3	54796015	54795996	+	12.63	22.77	>	6	17	73
735	chr6	60963937	60963918	+	12.61	7.094	>	6	17	73
736	chr8	21981891	21981872	-	12.61	17.33	>	6	17	73
737	chr10	38269349	38269330	-	12.52	19.28	>	6	17	73
738	chr6	51170619	51170600	-	12.5	20.02	>	6	17	73
739	chr2	148110356	148110337	-	12.43	16.03	>	6	17	73
740	chr1	88301823	88301804	-	12.42	19.61	>	6	17	73
741	chr6	115037959	115037940	-	12.33	15.375	>	6	17	73
742	chr16	11980974	11980955	+	12.33	3.668	>	6	17	73
743	chr15	44832771	44832752	-	12.31	24.2	>	6	17	73
744	chr19	26193888	26193869	-	12.29	7.65	>	6	17	73
745	chr17	8988263	8988244	-	12.29	10.71	>	6	17	73
746	chr14	66358860	66358841	+	12.28	18.22	>	6	17	73
747	chr12	40832432	40832413	-	12.26	13.56	>	6	17	73
748	chr2	53206958	53206939	-	12.18	12.55	>	6	17	73
749	chr16	42914617	42914598	+	12.16	7.133	>	6	17	73
750	chr11	111523686	111523667	-	12.14	23.53	>	6	17	73
751	chr6	121556678	121556659	+	12.11	18.8	>	6	17	73
752	chr7	43926199	43926180	-	12.1	21.69	>	6	17	73
753	chr3	3311028	3311009	+	12.09	10.74	>	6	17	73
754	chr12	17018680	17018661	+	12.04	21.19	>	6	17	73
755	chr18	33794794	33794775	+	11.97	24.89	>	6	17	73
756	chr15	73791915	73791896	+	11.96	24.61	>	6	17	73
757	chr12	82489256	82489237	+	11.945	11.805	>	6	17	73
758	chr19	37559803	37559784	+	11.91	21.4	>	6	17	73
759	chr12	36195155	36195136	-	11.91	7.07	>	6	17	73
760	chr3	30515246	30515227	-	11.875	11.664	>	6	17	73
761	chr19	27426681	27426662	-	11.81	11.945	>	6	17	73
762	chr2	75590427	75590408	-	11.75	21.66	>	6	17	73
763	chr2	17849498	17849479	+	11.75	6.633	>	6	17	73
764	chr9	83371155	83371136	-	11.75	6.18	>	6	17	73
765	chr9	30936846	30936827	-	11.734	17.67	>	6	17	73
766	chr15	94690037	94690018	+	11.73	23.03	>	6	17	73
767	chr2	147379133	147379114	+	11.69	9.875	>	6	17	73
768	chr4	121232314	121232295	-	11.664	7.945	>	6	17	73
769	chr18	56333219	56333200	-	11.64	4.934	>	6	17	73
770	chr16	25952209	25952190	-	11.64	6.688	>	6	17	73
771	chr13	94976326	94976307	+	11.63	16.62	>	6	17	73
772	chr2	30942898	30942879	-	11.57	22.28	>	6	17	73
773	chr6	104479441	104479422	+	11.55	10.57	>	6	17	73
774	chr5	113080039	113080020	-	11.52	26.94	>	6	17	73
775	chr16	30550607	30550588	-	11.52	17.62	>	6	17	73
776	chr1	160194976	160194957	+	11.51	18.28	>	6	17	73
777	chr11	56116782	56116763	-	11.48	30.47	>	6	17	73
778	chr6	112484521	112484502	-	11.48	12.14	>	6	17	73
779	chr14	21853546	21853527	-	11.445	30.66	>	6	17	73
780	chr9	58534993	58534974	+	11.414	20.97	>	6	17	73
781	chr17	73302318	73302299	+	11.414	39.62	>	6	17	73
782	chr1	85842459	85842440	-	11.41	14.02	>	6	17	73
783	chr17	16926410	16926391	-	11.35	2.584	>	6	17	73
784	chr12	29894861	29894842	+	11.31	16.72	>	6	17	73
785	chr2	127832989	127832970	+	11.22	7.293	>	6	17	73
786	chr16	20724653	20724634	+	11.18	15.11	>	6	17	73
787	chr1	180811112	180811093	-	11.164	28.33	>	6	17	73
788	chr13	109210611	109210592	-	11.16	17.5	>	6	17	73
789	chr18	5990207	5990188	-	11.14	3.14	>	6	17	73
790	chr18	12102268	12102249	-	11.125	23.38	>	6	17	73
791	chr19	59380193	59380174	+	11.08	23.9	>	6	17	73
792	chr2	101665476	101665457	+	11.055	26.06	>	6	17	73
793	chr12	108541242	108541223	-	11.02	27.9	>	6	17	73
794	chr2	32583648	32583629	+	11.016	30.19	>	6	17	73
795	chr1	181881807	181881788	-	10.98	11.91	>	6	17	73
796	chr5	117506576	117506557	+	10.94	40.06	>	6	17	73
797	chr1	38789153	38789134	+	10.89	22.95	>	6	17	73
798	chr10	102445139	102445120	-	10.875	19.4	>	6	17	73
799	chr12	81788941	81788922	+	10.87	12.51	>	6	17	73
800	chr9	78233462	78233443	-	10.86	15.93	>	6	17	73
801	chr10	96618527	96618508	+	10.86	3.014	>	6	17	73
802	chr8	84639419	84639400	-	10.85	34.7	>	6	17	73
803	chr17	8468905	8468886	+	10.85	20.27	>	6	17	73
804	chr2	67535551	67535532	+	10.83	7.83	>	6	17	73
805	chr18	52947340	52947321	+	10.82	10.15	>	6	17	73
806	chr13	72625410	72625391	-	10.78	6.715	>	6	17	73
807	chr11	31942449	31942430	+	10.69	22.72	>	6	17	73
808	chr1	6190743	6190724	-	10.63	7.344	>	6	17	73
809	chr7	74367549	74367530	+	10.6	15.16	>	6	17	73
810	chr4	22482970	22482951	+	10.58	4.45	>	6	17	73
811	chr13	20298018	20297999	+	10.56	24.86	>	6	17	73
812	chr16	75325511	75325492	-	10.484	5.44	>	6	17	73
813	chr6	54586377	54586358	+	10.44	8.14	>	6	17	73
814	chr14	59604211	59604192	-	10.375	15.664	>	6	17	73
815	chr2	107946040	107946021	-	10.31	11.08	>	6	17	73
816	chr1	62701219	62701200	-	10.3	12.74	>	6	17	73
817	chr7	75914120	75914101	+	10.266	24.1	>	6	17	73
818	chr5	98167679	98167660	+	10.26	12.875	>	6	17	73
819	chr9	99671799	99671780	+	10.23	22.52	>	6	17	73
820	chr1	179847901	179847882	+	10.16	11.88	>	6	17	73
821	chr15	80080817	80080798	-	10.15	32.28	>	6	17	73
822	chr6	137747756	137747737	-	10.09	27.12	>	6	17	73
823	chr6	77249625	77249606	-	10.09	6.945	>	6	17	73
824	chr5	149049190	149049171	-	10.08	15.81	>	6	17	73
825	chr18	32814407	32814388	-	10.07	2.566	>	6	17	73
826	chr11	46258405	46258386	-	10.06	20.3	>	6	17	73
827	chr11	81974830	81974811	-	10.01	5.44	>	6	17	73
828	chr19	48414047	48414028	+	9.99	12.77	>	6	17	73
829	chr11	34836484	34836465	+	9.86	20.75	>	6	17	73
830	chr17	24437345	24437326	-	9.81	19.33	>	6	17	73
831	chr6	59208753	59208734	-	9.734	12.92	>	6	17	73
832	chr13	37325694	37325675	-	9.734	20.84	>	6	17	73
833	chr11	43412967	43412948	-	9.72	22.2	>	6	17	73
834	chr13	49651342	49651323	-	9.71	2.496	>	6	17	73
835	chr7	143151380	143151361	+	9.69	18.05	>	6	17	73
836	chr16	4285478	4285459	-	9.67	7.94	>	6	17	73
837	chr11	29715017	29714998	-	9.664	9.12	>	6	17	73
838	chr3	134654263	134654244	+	9.62	3.898	>	6	17	73
839	chr8	28978824	28978805	-	9.57	7.504	>	6	17	73
840	chr13	54062269	54062250	-	9.55	10.02	>	6	17	73
841	chr9	32585514	32585495	+	9.516	12.72	>	6	17	73
842	chr7	73648212	73648193	-	9.484	13.375	>	6	17	73
843	chr19	27425889	27425870	-	9.44	11.26	>	6	17	73
844	chr13	100854377	100854358	-	9.42	17.78	>	6	17	73
845	chr5	140749784	140749765	-	9.414	22.17	>	6	17	73
846	chr4	127027444	127027425	+	9.4	22.48	>	6	17	73
847	chr11	109221866	109221847	-	9.3	9.67	>	6	17	73
848	chr16	16596794	16596775	+	9.28	5.977	>	6	17	73
849	chr2	128605294	128605275	-	9.25	9.07	>	6	17	73
850	chr2	61492265	61492246	+	9.25	6.99	>	6	17	73
851	chr10	74217479	74217460	+	9.22	7.7	>	6	17	73
852	chr9	68016722	68016703	+	9.2	8.305	>	6	17	73
853	chr6	144248136	144248117	+	9.19	7.742	>	6	17	73
854	chr13	51191948	51191929	+	9.17	5.492	>	6	17	73
855	chr2	103424848	103424829	-	9.164	12.29	>	6	17	73
856	chr7	64751734	64751715	-	9.13	16.66	>	6	17	73
857	chr7	27160004	27159985	+	9.125	14.17	>	6	17	73
858	chr13	95986545	95986526	+	9.08	13.76	>	6	17	73
859	chr5	135118653	135118634	+	9.08	29.22	>	6	17	73
860	chr10	49786914	49786895	-	9.07	0.785	>	6	17	73
861	chr1	51639072	51639053	+	9.02	3.22	>	6	17	73
862	chr14	105307894	105307875	+	8.95	2.453	>	6	17	73
863	chr19	40231990	40231971	-	8.95	19.89	>	6	17	73
864	chr10	69656526	69656507	+	8.95	12.99	>	6	17	73
865	chr7	142714879	142714860	-	8.945	27.2	>	6	17	73
866	chr6	129256260	129256241	-	8.93	14.53	>	6	17	73
867	chr5	138199783	138199764	+	8.9	8.414	>	6	17	73
868	chr8	36193738	36193719	+	8.89	10.43	>	6	17	73
869	chr11	49597354	49597335	+	8.87	6.92	>	6	17	73
870	chr1	139405977	139405958	-	8.86	4.043	>	6	17	73
871	chr3	124289118	124289099	-	8.84	12.69	>	6	17	73
872	chr9	13196005	13195986	-	8.83	30.6	>	6	17	73
873	chr14	115819240	115819221	+	8.83	10.71	>	6	17	73
874	chr5	146914595	146914576	+	8.82	39.7	>	6	17	73
875	chr4	119223866	119223847	-	8.766	16.34	>	6	17	73
876	chr15	85879204	85879185	-	8.76	17.27	>	6	17	73
877	chr4	124682485	124682466	+	8.7	17.45	>	6	17	73
878	chr17	34956526	34956507	+	8.695	22.17	>	6	17	73
879	chr12	39494054	39494035	-	8.65	2.455	>	6	17	73
880	chr9	34485824	34485805	-	8.625	10.6	>	6	17	73
881	chr2	180786948	180786929	+	8.57	17.27	>	6	17	73
882	chr4	62230989	62230970	+	8.57	12.25	>	6	17	73
883	chr2	16357480	16357461	+	8.55	2.205	>	6	17	73
884	chr17	9759516	9759497	+	8.54	11.53	>	6	17	73
885	chr10	13018670	13018651	+	8.54	19.64	>	6	17	73
886	chr4	32570820	32570801	-	8.52	6.645	>	6	17	73
887	chr9	86451919	86451900	-	8.49	16.77	>	6	17	73
888	chr7	139590495	139590476	+	8.49	20.39	>	6	17	73
889	chr16	31944169	31944150	+	8.445	14.11	>	6	17	73
890	chr3	104701211	104701192	-	8.44	24.84	>	6	17	73
891	chr2	160955546	160955527	-	8.414	14.05	>	6	17	73
892	chr18	32811889	32811870	+	8.4	4.918	>	6	17	73
893	chr14	115042240	115042221	-	8.4	14.734	>	6	17	73
894	chr2	28464119	28464100	-	8.33	19.16	>	6	17	73
895	chr2	76369931	76369912	+	8.28	9.1	>	6	17	73
896	chr3	107605512	107605493	+	8.28	12.57	>	6	17	73
897	chr14	121220891	121220872	-	8.23	10.8	>	6	17	73
898	chr1	103796539	103796520	+	8.22	10.74	>	6	17	73
899	chr16	23151589	23151570	+	8.21	3.11	>	6	17	73
900	chr5	33371346	33371327	-	8.19	15.74	>	6	17	73
901	chr13	103121088	103121069	-	8.18	6.016	>	6	17	73
902	chr10	60760529	60760510	+	8.14	24.72	>	6	17	73
903	chr1	169921787	169921768	+	8.12	12.62	>	6	17	73
904	chr13	42826816	42826797	-	8.11	17.0	>	6	17	73
905	chr6	72601930	72601911	+	8.11	24.06	>	6	17	73
906	chr7	81345319	81345300	-	7.99	7.87	>	6	17	73
907	chr11	33934471	33934452	+	7.98	18.27	>	6	17	73
908	chr18	77044808	77044789	-	7.97	11.42	>	6	17	73
909	chr7	67217278	67217259	+	7.926	7.28	>	6	17	73
910	chr2	164074027	164074008	+	7.906	10.22	>	6	17	73
911	chr3	45373410	45373391	+	7.855	1.438	>	6	17	73
912	chr1	152768355	152768336	-	7.84	9.35	>	6	17	73
913	chr11	102267665	102267646	-	7.81	17.44	>	6	17	73
914	chr11	43411664	43411645	-	7.81	21.72	>	6	17	73
915	chr2	129880054	129880035	+	7.805	6.484	>	6	17	73
916	chr11	81972241	81972222	+	7.797	9.07	>	6	17	73
917	chr9	65581143	65581124	-	7.793	11.17	>	6	17	73
918	chr4	106228720	106228701	+	7.727	13.9	>	6	17	73
919	chr6	119467876	119467857	+	7.703	18.1	>	6	17	73
920	chr10	122794511	122794492	+	7.695	15.734	>	6	17	73
921	chr14	34813484	34813465	-	7.69	11.805	>	6	17	73
922	chr15	19280629	19280610	+	7.68	3.066	>	6	17	73
923	chr13	38235597	38235578	-	7.676	11.836	>	6	17	73
924	chr13	21710105	21710086	+	7.67	14.95	>	6	17	73
925	chr11	104231353	104231334	-	7.67	18.38	>	6	17	73
926	chr6	86401304	86401285	-	7.64	23.28	>	6	17	73
927	chr4	24245320	24245301	-	7.633	3.027	>	6	17	73
928	chr9	29655082	29655063	+	7.613	20.11	>	6	17	73
929	chr9	58535957	58535938	-	7.605	16.9	>	6	17	73
930	chr5	112427478	112427459	-	7.598	9.93	>	6	17	73
931	chr4	140539353	140539334	-	7.58	22.9	>	6	17	73
932	chr14	105302910	105302891	+	7.57	4.605	>	6	17	73
933	chr7	19713404	19713385	-	7.543	26.19	>	6	17	73
934	chr1	127487367	127487348	-	7.52	14.33	>	6	17	73
935	chr19	56806125	56806106	-	7.504	5.934	>	6	17	73
936	chr19	47175662	47175643	-	7.46	21.67	>	6	17	73
937	chr2	150795624	150795605	-	7.44	6.633	>	6	17	73
938	chr2	137114826	137114807	+	7.438	4.08	>	6	17	73
939	chr10	119244230	119244211	+	7.434	4.305	>	6	17	73
940	chr5	117094622	117094603	+	7.42	22.22	>	6	17	73
941	chr11	67100384	67100365	-	7.42	22.83	>	6	17	73
942	chr5	30686988	30686969	+	7.41	18.64	>	6	17	73
943	chr8	105291139	105291120	-	7.41	11.78	>	6	17	73
944	chr7	143470174	143470155	-	7.39	17.94	>	6	17	73
945	chr15	8099290	8099271	-	7.35	8.336	>	6	17	73
946	chr7	119015949	119015930	+	7.34	17.75	>	6	17	73
947	chr17	56306039	56306020	-	7.305	16.48	>	6	17	73
948	chr1	134636895	134636876	+	7.3	5.97	>	6	17	73
949	chr17	65541217	65541198	+	7.258	9.125	>	6	17	73
950	chr14	49218880	49218861	+	7.25	8.47	>	6	17	73
951	chr1	25527154	25527135	+	7.2	7.453	>	6	17	73
952	chr1	146515575	146515556	+	7.18	3.11	>	6	17	73
953	chr9	44109578	44109559	+	7.176	33.9	>	6	17	73
954	chr11	108889358	108889339	+	7.15	8.016	>	6	17	73
955	chr7	138398615	138398596	+	7.117	4.707	>	6	17	73
956	chr5	32204842	32204823	+	7.11	6.15	>	6	17	73
957	chr8	14859581	14859562	+	7.1	5.27	>	6	17	73
958	chr11	95676507	95676488	-	7.09	14.555	>	6	17	73
959	chr6	85141186	85141167	+	7.08	33.56	>	6	17	73
960	chr14	20340404	20340385	-	7.04	15.81	>	6	17	73
961	chr1	193130339	193130320	-	7.023	5.71	>	6	17	73
962	chr9	98032882	98032863	+	6.992	4.73	>	6	17	73
963	chr7	143793289	143793270	+	6.98	21.42	>	6	17	73
964	chr12	32292312	32292293	-	6.895	8.26	>	6	17	73
965	chr17	45724453	45724434	-	6.89	12.125	>	6	17	73
966	chr14	102512314	102512295	+	6.89	1.602	>	6	17	73
967	chr8	11943038	11943019	+	6.88	5.47	>	6	17	73
968	chr7	83553561	83553542	+	6.867	8.27	>	6	17	73
969	chr9	64960779	64960760	-	6.85	16.31	>	6	17	73
970	chr9	30426996	30426977	+	6.832	15.31	>	6	17	73
971	chr11	119249183	119249164	+	6.785	23.48	>	6	17	73
972	chr8	90795542	90795523	+	6.77	10.67	>	6	17	73
973	chr2	113498926	113498907	-	6.766	9.86	>	6	17	73
974	chr13	62926662	62926643	+	6.75	4.73	>	6	17	73
975	chr1	127485025	127485006	+	6.715	16.44	>	6	17	73
976	chr17	78592615	78592596	+	6.715	8.945	>	6	17	73
977	chr2	118246134	118246115	-	6.668	13.72	>	6	17	73
978	chr2	92474875	92474856	-	6.652	13.95	>	6	17	73
979	chr7	17061423	17061404	+	6.645	15.1	>	6	17	73
980	chr10	122090678	122090659	+	6.63	8.38	>	6	17	73
981	chr13	64448147	64448128	+	6.594	17.92	>	6	17	73
982	chr2	34642611	34642592	-	6.562	14.51	>	6	17	73
983	chr5	117509743	117509724	+	6.54	26.92	>	6	17	73
984	chr7	131371109	131371090	+	6.516	4.71	>	6	17	73
985	chr6	94054143	94054124	-	6.5	13.34	>	6	17	73
986	chr14	20697228	20697209	+	6.465	17.88	>	6	17	73
987	chr10	122798121	122798102	+	6.46	15.23	>	6	17	73
988	chr13	14196604	14196585	+	6.45	1.613	>	6	17	73
989	chr3	118991976	118991957	+	6.438	8.26	>	6	17	73
990	chr9	107231295	107231276	-	6.434	7.414	>	6	17	73
991	chr15	24557016	24556997	-	6.418	3.371	>	6	17	73
992	chr2	178407758	178407739	+	6.414	11.43	>	6	17	73
993	chr9	90683476	90683457	-	6.38	1.322	>	6	17	73
994	chr6	22968335	22968316	-	6.34	6.418	>	6	17	73
995	chr12	67217811	67217792	+	6.336	1.95	>	6	17	73
996	chr10	82910438	82910419	+	6.277	10.99	>	6	17	73
997	chr7	49125716	49125697	+	6.258	16.88	>	6	17	73
998	chr11	119491305	119491286	-	6.215	10.81	>	6	17	73
999	chr11	32341308	32341289	-	6.21	14.555	>	6	17	73
1000	chr19	8713406	8713387	+	6.19	10.44	>	6	17	73
1001	chr4	48048044	48048025	+	6.152	6.21	>	6	17	73
1002	chr11	52764825	52764806	+	6.15	7.75	>	6	17	73
1003	chr13	20564636	20564617	-	6.145	4.82	>	6	17	73
1004	chr10	39105011	39104992	-	6.14	7.152	>	6	17	73
1005	chr11	98909856	98909837	-	6.117	18.95	>	6	17	73
1006	chr1	151025102	151025083	+	6.117	4.496	>	6	17	73
1007	chr5	98167777	98167758	-	6.113	9.555	>	6	17	73
1008	chr8	88118562	88118543	+	6.062	3.66	>	6	17	73
1009	chr16	92511934	92511915	+	6.035	16.34	>	6	17	73
1010	chr15	25792295	25792276	-	6.008	6.87	>	6	17	73
1011	chr13	92751194	92751175	+	5.938	12.68	>	6	17	73
1012	chr5	101688793	101688774	-	5.934	12.51	>	6	17	73
1013	chr7	112023252	112023233	+	5.93	8.26	>	6	17	73
1014	chr14	21854038	21854019	-	5.914	27.36	>	6	17	73
1015	chr8	32003733	32003714	-	5.9	2.012	>	6	17	73
1016	chr13	53095394	53095375	-	5.867	6.086	>	6	17	73
1017	chr1	182554179	182554160	+	5.836	10.15	>	6	17	73
1018	chr6	18381568	18381549	+	5.832	1.955	>	6	17	73
1019	chr9	77389590	77389571	+	5.832	5.68	>	6	17	73
1020	chr16	5254481	5254462	-	5.812	12.77	>	6	17	73
1021	chr2	93199625	93199606	+	5.797	14.08	>	6	17	73
1022	chr9	81631651	81631632	-	5.793	3.863	>	6	17	73
1023	chr2	152887412	152887393	-	5.78	4.652	>	6	17	73
1024	chr4	153481137	153481118	-	5.766	3.3	>	6	17	73
1025	chr8	72239706	72239687	-	5.754	5.32	>	6	17	73
1026	chr18	65750236	65750217	-	5.703	2.543	>	6	17	73
1027	chr6	61311882	61311863	-	5.68	7.43	>	6	17	73
1028	chr18	46143625	46143606	+	5.676	6.477	>	6	17	73
1029	chr6	120836118	120836099	+	5.64	7.797	>	6	17	73
1030	chr6	100563990	100563971	-	5.625	4.164	>	6	17	73
1031	chr3	13475098	13475079	-	5.61	1.948	>	6	17	73
1032	chr2	132262968	132262949	+	5.6	7.164	>	6	17	73
1033	chr11	103334169	103334150	+	5.594	12.02	>	6	17	73
1034	chr6	54255029	54255010	+	5.586	4.35	>	6	17	73
1035	chr13	101711018	101710999	+	5.543	9.15	>	6	17	73
1036	chr5	39644761	39644742	-	5.54	3.531	>	6	17	73
1037	chr8	90795201	90795182	-	5.516	4.996	>	6	17	73
1038	chr18	23162646	23162627	+	5.51	1.562	>	6	17	73
1039	chr16	78165563	78165544	+	5.477	7.39	>	6	17	73
1040	chr2	96584106	96584087	-	5.44	3.29	>	6	17	73
1041	chr12	72070473	72070454	+	5.426	11.336	>	6	17	73
1042	chr12	24708691	24708672	+	5.414	9.914	>	6	17	73
1043	chr8	92367135	92367116	-	5.406	6.984	>	6	17	73
1044	chr17	83866777	83866758	+	5.4	23.0	>	6	17	73
1045	chr13	55322636	55322617	-	5.4	7.0	>	6	17	73
1046	chr6	88893771	88893752	-	5.395	16.78	>	6	17	73
1047	chr19	8718731	8718712	-	5.383	8.6	>	6	17	73
1048	chr12	59220179	59220160	-	5.38	2.5	>	6	17	73
1049	chr14	60784526	60784507	+	5.367	16.06	>	6	17	73
1050	chr3	153658591	153658572	+	5.33	6.258	>	6	17	73
1051	chr9	77386949	77386930	-	5.312	12.24	>	6	17	73
1052	chr10	83219903	83219884	+	5.312	6.188	>	6	17	73
1053	chr6	15176967	15176948	-	5.31	2.947	>	6	17	73
1054	chr2	152604207	152604188	-	5.27	19.44	>	6	17	73
1055	chr2	39003369	39003350	-	5.26	1.671	>	6	17	73
1056	chr16	31425707	31425688	-	5.254	13.484	>	6	17	73
1057	chr5	137503018	137502999	-	5.227	3.691	>	6	17	73
1058	chr18	13973086	13973067	-	5.207	0.71	>	6	17	73
1059	chr17	68849016	68848997	-	5.2	1.891	>	6	17	73
1060	chr2	128408931	128408912	-	5.19	8.72	>	6	17	73
1061	chr14	97559790	97559771	-	5.16	2.041	>	6	17	73
1062	chr8	67903864	67903845	-	5.13	6.113	>	6	17	73
1063	chr14	56888181	56888162	-	5.125	3.316	>	6	17	73
1064	chr4	132198465	132198446	+	5.125	11.19	>	6	17	73
1065	chr2	39005861	39005842	-	5.12	3.883	>	6	17	73
1066	chr7	137471679	137471660	-	5.1	19.97	>	6	17	73
1067	chr6	64949075	64949056	+	5.09	5.168	>	6	17	73
1068	chr18	16821148	16821129	+	5.043	1.935	>	6	17	73
1069	chr2	93813566	93813547	+	5.04	13.086	>	6	17	73
1070	chr6	126481478	126481459	-	5.023	10.89	>	6	17	73
1071	chr1	181881093	181881074	-	4.984	10.19	>	6	17	73
1072	chr6	108065822	108065803	-	4.977	6.67	>	6	17	73
1073	chr4	88550373	88550354	+	4.938	4.04	>	6	17	73
1074	chr5	137502167	137502148	+	4.867	8.81	>	6	17	73
1075	chr8	77618148	77618129	-	4.86	4.188	>	6	17	73
1076	chr7	120098024	120098005	+	4.855	7.22	>	6	17	73
1077	chr2	75152706	75152687	-	4.824	10.55	>	6	17	73
1078	chr11	87950193	87950174	+	4.78	11.09	>	6	17	73
1079	chr11	94598936	94598917	-	4.746	10.49	>	6	17	73
1080	chr1	10229119	10229100	+	4.746	0.972	>	6	17	73
1081	chr7	143476888	143476869	+	4.746	8.89	>	6	17	73
1082	chr9	102607693	102607674	-	4.715	3.604	>	6	17	73
1083	chr8	32009749	32009730	+	4.71	6.785	>	6	17	73
1084	chr3	99262117	99262098	-	4.707	1.889	>	6	17	73
1085	chr18	75607987	75607968	+	4.664	23.11	>	6	17	73
1086	chr7	75380211	75380192	-	4.64	2.41	>	6	17	73
1087	chr3	135863108	135863089	+	4.64	3.164	>	6	17	73
1088	chr4	87369015	87368996	-	4.625	9.125	>	6	17	73
1089	chr8	84639535	84639516	+	4.605	13.88	>	6	17	73
1090	chr15	74524301	74524282	+	4.586	13.7	>	6	17	73
1091	chr17	57007316	57007297	-	4.582	9.42	>	6	17	73
1092	chr11	30893985	30893966	+	4.547	0.9004	>	6	17	73
1093	chr19	57360190	57360171	-	4.543	2.654	>	6	17	73
1094	chr8	110102657	110102638	-	4.53	9.24	>	6	17	73
1095	chr7	135389259	135389240	-	4.53	9.336	>	6	17	73
1096	chr4	152527530	152527511	+	4.516	13.99	>	6	17	73
1097	chr13	103710441	103710422	+	4.5	4.57	>	6	17	73
1098	chr10	120896053	120896034	+	4.5	2.322	>	6	17	73
1099	chr18	5155632	5155613	-	4.484	6.39	>	6	17	73
1100	chr12	80141693	80141674	-	4.45	17.05	>	6	17	73
1101	chr5	118763566	118763547	-	4.418	12.81	>	6	17	73
1102	chr12	14150175	14150156	+	4.406	3.688	>	6	17	73
1103	chr10	128990300	128990281	-	4.4	8.03	>	6	17	73
1104	chr10	30834038	30834019	-	4.37	4.473	>	6	17	73
1105	chr6	50618483	50618464	+	4.367	12.766	>	6	17	73
1106	chr15	9748972	9748953	-	4.36	3.496	>	6	17	73
1107	chr16	92308164	92308145	-	4.355	11.22	>	6	17	73
1108	chr2	9881964	9881945	-	4.355	2.918	>	6	17	73
1109	chr8	123106089	123106070	+	4.336	8.18	>	6	17	73
1110	chr5	98346264	98346245	+	4.324	2.342	>	6	17	73
1111	chr10	40249841	40249822	-	4.316	12.23	>	6	17	73
1112	chr3	141457685	141457666	+	4.312	4.707	>	6	17	73
1113	chr9	40192620	40192601	-	4.3	2.145	>	6	17	73
1114	chr9	72448248	72448229	+	4.29	7.78	>	6	17	73
1115	chr13	24316809	24316790	-	4.273	3.682	>	6	17	73
1116	chr1	50927249	50927230	+	4.258	4.5	>	6	17	73
1117	chr11	102690417	102690398	-	4.223	12.195	>	6	17	73
1118	chr4	116627141	116627122	+	4.207	6.52	>	6	17	73
1119	chr15	76198817	76198798	+	4.164	10.72	>	6	17	73
1120	chr15	12113620	12113601	-	4.156	3.312	>	6	17	73
1121	chr1	115675059	115675040	+	4.152	5.223	>	6	17	73
1122	chr2	34644807	34644788	-	4.15	8.266	>	6	17	73
1123	chr2	166084974	166084955	-	4.133	18.12	>	6	17	73
1124	chr11	21571906	21571887	-	4.13	2.105	>	6	17	73
1125	chr15	9449709	9449690	-	4.062	0.543	>	6	17	73
1126	chr5	92664520	92664501	-	4.055	3.326	>	6	17	73
1127	chr12	77001216	77001197	+	4.043	1.105	>	6	17	73
1128	chr6	93757507	93757488	-	4.01	5.273	>	6	17	73
1129	chr19	56302794	56302775	+	4.01	3.797	>	6	17	73
1130	chr13	71954038	71954019	-	4.008	1.19	>	6	17	73
1131	chr4	17852015	17851996	-	4.0	0.8535	>	6	17	73
1132	chr18	39136126	39136107	+	3.992	1.932	>	6	17	73
1133	chr1	153489234	153489215	-	3.99	7.715	>	6	17	73
1134	chr9	66136172	66136153	-	3.988	5.383	>	6	17	73
1135	chr11	109621431	109621412	-	3.979	11.484	>	6	17	73
1136	chr13	91723318	91723299	+	3.959	5.49	>	6	17	73
1137	chr13	3642291	3642272	-	3.959	4.75	>	6	17	73
1138	chr13	47304770	47304751	+	3.957	6.746	>	6	17	73
1139	chr2	121144456	121144437	+	3.953	4.504	>	6	17	73
1140	chr13	93772223	93772204	-	3.928	3.56	>	6	17	73
1141	chr10	70967079	70967060	+	3.916	4.88	>	6	17	73
1142	chr13	59417085	59417066	-	3.91	5.0	>	6	17	73
1143	chr7	102484972	102484953	-	3.883	7.0	>	6	17	73
1144	chr5	38235667	38235648	-	3.879	10.78	>	6	17	73
1145	chr14	56885401	56885382	+	3.87	2.412	>	6	17	73
1146	chr11	75170669	75170650	-	3.861	7.984	>	6	17	73
1147	chr11	77980417	77980398	+	3.846	9.5	>	6	17	73
1148	chr9	94738712	94738693	+	3.828	14.92	>	6	17	73
1149	chr6	140466500	140466481	-	3.816	3.785	>	6	17	73
1150	chr19	57361025	57361006	-	3.814	6.484	>	6	17	73
1151	chr12	58972459	58972440	+	3.777	2.135	>	6	17	73
1152	chr2	61490636	61490617	+	3.775	5.23	>	6	17	73
1153	chr4	44310651	44310632	+	3.762	4.973	>	6	17	73
1154	chr11	52766147	52766128	+	3.734	1.83	>	6	17	73
1155	chr13	72627587	72627568	-	3.717	4.066	>	6	17	73
1156	chr9	23012459	23012440	-	3.71	1.704	>	6	17	73
1157	chr16	31427924	31427905	-	3.705	3.383	>	6	17	73
1158	chr12	29895773	29895754	+	3.691	1.481	>	6	17	73
1159	chr9	73154557	73154538	+	3.666	9.1	>	6	17	73
1160	chr1	127484437	127484418	-	3.66	8.8	>	6	17	73
1161	chr9	107566236	107566217	+	3.656	7.098	>	6	17	73
1162	chr2	68118338	68118319	+	3.652	4.36	>	6	17	73
1163	chr11	11140836	11140817	-	3.629	13.69	>	6	17	73
1164	chr12	74014936	74014917	-	3.627	5.97	>	6	17	73
1165	chr7	138396301	138396282	-	3.621	0.934	>	6	17	73
1166	chr14	103534605	103534586	+	3.617	5.312	>	6	17	73
1167	chr10	115164112	115164093	-	3.613	3.031	>	6	17	73
1168	chr7	119019764	119019745	+	3.598	7.113	>	6	17	73
1169	chr13	96389525	96389506	-	3.588	1.339	>	6	17	73
1170	chr14	74723724	74723705	-	3.586	5.766	>	6	17	73
1171	chr14	55114114	55114095	-	3.57	7.387	>	6	17	73
1172	chr9	62784468	62784449	+	3.562	12.84	>	6	17	73
1173	chr10	127678167	127678148	-	3.541	2.129	>	6	17	73
1174	chr17	55948218	55948199	-	3.535	4.3	>	6	17	73
1175	chr11	78183263	78183244	-	3.525	12.305	>	6	17	73
1176	chr6	59207403	59207384	-	3.508	1.477	>	6	17	73
1177	chr6	135416919	135416900	+	3.498	4.027	>	6	17	73
1178	chr5	122104403	122104384	+	3.492	11.98	>	6	17	73
1179	chr13	37971068	37971049	-	3.482	3.088	>	6	17	73
1180	chr5	114612410	114612391	+	3.48	13.6	>	6	17	73
1181	chr10	114442226	114442207	+	3.46	2.104	>	6	17	73
1182	chr2	145655527	145655508	-	3.44	2.05	>	6	17	73
1183	chr7	109507351	109507332	-	3.418	1.832	>	6	17	73
1184	chr16	10009965	10009946	+	3.402	4.965	>	6	17	73
1185	chr14	67969032	67969013	-	3.385	5.523	>	6	17	73
1186	chr5	140744055	140744036	-	3.348	10.35	>	6	17	73
1187	chr1	56984334	56984315	+	3.338	2.584	>	6	17	73
1188	chr2	137110782	137110763	+	3.328	1.323	>	6	17	73
1189	chr16	22267525	22267506	+	3.322	1.262	>	6	17	73
1190	chr16	4884595	4884576	-	3.3	2.822	>	6	17	73
1191	chr5	19458406	19458387	-	3.291	6.625	>	6	17	73
1192	chr1	84697217	84697198	-	3.29	7.492	>	6	17	73
1193	chr14	122903088	122903069	-	3.29	2.205	>	6	17	73
1194	chr7	64056729	64056710	-	3.273	1.214	>	6	17	73
1195	chr9	71624061	71624042	-	3.273	15.39	>	6	17	73
1196	chr9	96885958	96885939	-	3.271	10.016	>	6	17	73
1197	chr18	46964733	46964714	-	3.266	8.555	>	6	17	73
1198	chr3	122638475	122638456	+	3.26	4.82	>	6	17	73
1199	chr9	94733848	94733829	+	3.256	3.768	>	6	17	73
1200	chr1	167938404	167938385	-	3.25	6.79	>	6	17	73
1201	chr1	180811841	180811822	+	3.244	6.383	>	6	17	73
1202	chr10	42760472	42760453	+	3.229	1.784	>	6	17	73
1203	chr18	20598347	20598328	+	3.213	4.758	>	6	17	73
1204	chr17	71909305	71909286	+	3.203	3.572	>	6	17	73
1205	chr1	34459898	34459879	+	3.193	3.389	>	6	17	73
1206	chr4	117202234	117202215	-	3.191	9.61	>	6	17	73
1207	chr15	101313974	101313955	-	3.178	2.96	>	6	17	73
1208	chr16	13438138	13438119	+	3.176	1.241	>	6	17	73
1209	chr7	114878499	114878480	+	3.174	1.604	>	6	17	73
1210	chr11	109866735	109866716	+	3.166	2.812	>	6	17	73
1211	chr3	123509329	123509310	+	3.162	5.67	>	6	17	73
1212	chr3	114085881	114085862	-	3.146	0.5283	>	6	17	73
1213	chr4	120149384	120149365	-	3.145	8.09	>	6	17	73
1214	chr16	4549594	4549575	-	3.137	11.12	>	6	17	73
1215	chr15	78872224	78872205	+	3.133	9.35	>	6	17	73
1216	chr12	57231261	57231242	-	3.127	3.32	>	6	17	73
1217	chr9	71624949	71624930	-	3.125	15.0	>	6	17	73
1218	chr4	18963859	18963840	-	3.12	4.01	>	6	17	73
1219	chr8	40913366	40913347	-	3.115	1.625	>	6	17	73
1220	chr5	21645240	21645221	-	3.11	1.259	>	6	17	73
1221	chr10	68357244	68357225	+	3.094	1.353	>	6	17	73
1222	chr2	93812077	93812058	-	3.06	11.82	>	6	17	73
1223	chr12	75669431	75669412	-	3.05	4.1	>	6	17	73
1224	chr1	12844023	12844004	+	3.033	4.33	>	6	17	73
1225	chr12	86697142	86697123	+	3.025	6.996	>	6	17	73
1226	chr9	98033678	98033659	+	3.021	1.525	>	6	17	73
1227	chr19	37946902	37946883	+	3.02	4.082	>	6	17	73
1228	chr9	75271676	75271657	+	3.01	4.42	>	6	17	73
1229	chr11	55162881	55162862	+	2.996	3.625	>	6	17	73
1230	chr17	25274339	25274320	-	2.984	4.45	>	6	17	73
1231	chr6	108065317	108065298	+	2.984	5.535	>	6	17	73
1232	chr7	5071749	5071730	-	2.928	2.754	>	6	17	73
1233	chr3	152477906	152477887	-	2.922	3.295	>	6	17	73
1234	chr5	28090770	28090751	-	2.922	2.412	>	6	17	73
1235	chr14	78282622	78282603	+	2.91	2.186	>	6	17	73
1236	chr14	88480122	88480103	-	2.906	3.236	>	6	17	73
1237	chr7	107569047	107569028	+	2.902	1.588	>	6	17	73
1238	chr3	83777088	83777069	-	2.879	3.992	>	6	17	73
1239	chr8	48550865	48550846	+	2.871	0.592	>	6	17	73
1240	chr7	132575955	132575936	-	2.855	4.473	>	6	17	73
1241	chr14	79769127	79769108	-	2.852	4.36	>	6	17	73
1242	chr17	69974245	69974226	-	2.799	1.284	>	6	17	73
1243	chr12	66284211	66284192	-	2.793	5.484	>	6	17	73
1244	chr6	83796902	83796883	-	2.785	3.35	>	6	17	73
1245	chr9	44108077	44108058	+	2.785	11.375	>	6	17	73
1246	chr11	116023924	116023905	+	2.777	6.906	>	6	17	73
1247	chr3	86779824	86779805	-	2.775	8.64	>	6	17	73
1248	chr19	46056202	46056183	+	2.77	5.27	>	6	17	73
1249	chr10	108210181	108210162	-	2.762	0.674	>	6	17	73
1250	chr8	27001386	27001367	+	0.4329	0.4077	>	6	17	73
1251	chr17	28338029	28338010	-	0.252	0.265	>	6	17	73
1252	chr11	76445826	76445807	-	0.2268	0.1863	>	6	17	73
1253	chr5	144244146	144244127	-	0.311	0.3691	>	6	17	73
1254	chr14	79768803	79768784	-	0.3076	0.2808	>	6	17	73
1255	chr9	26778623	26778604	-	1.299	0.6914	>	6	17	73
1256	chr7	25392052	25392033	+	0.2487	0.242	>	6	17	73
1257	chr3	101484879	101484860	-	0.3438	0.528	>	6	17	73
1258	chr2	69113988	69113969	+	0.2472	0.1981	>	6	17	73
1259	chr13	29852447	29852428	-	0.1781	0.1941	>	6	17	73
1260	chr2	60213231	60213212	-	0.1073	0.1628	>	6	17	73
1261	chr2	171418157	171418138	-	0.1407	0.2131	>	6	17	73
1262	chr7	64392050	64392031	-	0.514	0.2006	>	6	17	73
1263	chr15	36157434	36157415	-	0.7227	0.836	>	6	17	73
1264	chr4	49662357	49662338	-	0.4692	0.2915	>	6	17	73
1265	chr4	48422356	48422337	+	1.027	0.5225	>	6	17	73
1266	chr18	82720514	82720495	+	0.1605	0.1409	>	6	17	73
1267	chr1	172022686	172022667	+	0.1733	0.1764	>	6	17	73
1268	chr7	139595890	139595871	+	0.1575	0.2125	>	6	17	73
1269	chr12	73007842	73007823	-	0.345	0.2974	>	6	17	73
1270	chr17	27192928	27192909	-	0.1056	0.4468	>	6	17	73
1271	chr1	53698960	53698941	+	0.557	0.255	>	6	17	73
1272	chr18	12734380	12734361	+	0.207	0.1383	>	6	17	73
1273	chr6	126767488	126767469	-	0.2039	0.2483	>	6	17	73
1274	chr2	92856249	92856230	-	2.734	0.857	>	6	17	73
1275	chr11	74572851	74572832	+	0.2646	0.2705	>	6	17	73
1276	chr9	59675637	59675618	-	0.4082	0.744	>	6	17	73
1277	chr15	55025647	55025628	+	0.1847	0.1536	>	6	17	73
1278	chr4	120579150	120579131	-	0.33	0.264	>	6	17	73
1279	chr15	74525720	74525701	+	0.2172	0.2104	>	6	17	73
1280	chr1	88748095	88748076	+	0.1973	0.1881	>	6	17	73
1281	chr15	32239655	32239636	-	0.2822	0.1587	>	6	17	73
1282	chr7	36571183	36571164	+	0.1103	0.1942	>	6	17	73
1283	chr11	113855351	113855332	-	0.1613	0.1947	>	6	17	73
1284	chr6	90609163	90609144	+	2.127	1.159	>	6	17	73
1285	chr3	146181407	146181388	-	0.2034	0.3416	>	6	17	73
1286	chr10	69857222	69857203	-	0.3232	0.3599	>	6	17	73
1287	chr2	158361425	158361406	-	0.5625	0.2502	>	6	17	73
1288	chr5	136268179	136268160	-	0.1886	0.2153	>	6	17	73
1289	chr16	11983350	11983331	-	1.634	1.076	>	6	17	73
1290	chr2	84437773	84437754	+	0.2305	0.14	>	6	17	73
1291	chr18	24002018	24001999	-	0.133	0.1333	>	6	17	73
1292	chr1	130151533	130151514	-	0.4075	0.3347	>	6	17	73
1293	chr9	59675855	59675836	+	0.3367	0.2161	>	6	17	73
1294	chr11	116840251	116840232	-	0.3374	0.637	>	6	17	73
1295	chr2	155819963	155819944	+	0.07886	0.146	>	6	17	73
1296	chr14	105301632	105301613	+	0.206	0.2114	>	6	17	73
1297	chr12	9044592	9044573	+	0.1821	0.2019	>	6	17	73
1298	chr18	13971224	13971205	-	0.5337	0.3596	>	6	17	73
1299	chr5	136267600	136267581	-	0.2751	0.189	>	6	17	73
1300	chr5	33371430	33371411	+	0.3992	0.1644	>	6	17	73
1301	chr14	51090397	51090378	-	0.4153	0.243	>	6	17	73
1302	chr1	77935072	77935053	+	0.1814	0.1729	>	6	17	73
1303	chr11	119246049	119246030	-	0.204	0.3367	>	6	17	73
1304	chr17	50274949	50274930	-	0.441	0.1749	>	6	17	73
1305	chr8	108956442	108956423	+	0.5635	0.3044	>	6	17	73
1306	chr11	66885340	66885321	+	0.1636	0.169	>	6	17	73
1307	chr7	30099945	30099926	-	0.1979	0.1757	>	6	17	73
1308	chr15	99973159	99973140	-	0.1998	0.3345	>	6	17	73
1309	chr5	16308949	16308930	+	0.1567	0.1411	>	6	17	73
1310	chr6	119466578	119466559	-	0.9824	0.9795	>	6	17	73
1311	chr2	136886679	136886660	+	0.7764	0.2095	>	6	17	73
1312	chr14	79763594	79763575	-	0.2852	0.151	>	6	17	73
1313	chr2	170416012	170415993	+	0.1837	0.1256	>	6	17	73
1314	chr4	41015236	41015217	-	0.1882	0.1434	>	6	17	73
1315	chr11	70975109	70975090	+	0.713	0.3914	>	6	17	73
1316	chr5	122773202	122773183	+	0.11584	0.1375	>	6	17	73
1317	chr4	128588031	128588012	-	0.2659	0.1909	>	6	17	73
1318	chr8	122576186	122576167	-	0.11285	0.1545	>	6	17	73
1319	chr7	76383989	76383970	+	0.1553	0.154	>	6	17	73
1320	chr9	41467019	41467000	-	0.2223	0.1565	>	6	17	73
1321	chr1	32712246	32712227	-	0.05322	0.1516	>	6	17	73
1322	chr16	23974866	23974847	-	0.5283	0.3425	>	6	17	73
1323	chr15	84066194	84066175	-	0.6196	1.17	>	6	17	73
1324	chr11	40148920	40148901	-	1.272	0.642	>	6	17	73
1325	chr7	27166488	27166469	-	0.306	0.491	>	6	17	73
1326	chr11	30240273	30240254	+	0.4001	0.2556	>	6	17	73
1327	chr2	69115969	69115950	-	0.1754	0.1587	>	6	17	73
1328	chr9	113420569	113420550	-	0.2261	0.2178	>	6	17	73
1329	chr12	99882528	99882509	-	0.2617	0.1387	>	6	17	73
1330	chr5	77347648	77347629	-	0.3625	0.4211	>	6	17	73
1331	chr10	49780455	49780436	+	0.2179	0.1394	>	6	17	73
1332	chr5	75855263	75855244	-	0.6416	0.4326	>	6	17	73
1333	chr2	124087358	124087339	-	0.6436	0.2075	>	6	17	73
1334	chr14	49219056	49219037	+	0.678	0.694	>	6	17	73
1335	chr5	147938091	147938072	+	0.368	0.1842	>	6	17	73
1336	chr11	32340288	32340269	+	0.1792	0.1648	>	6	17	73
1337	chr16	50181579	50181560	+	0.2006	0.1838	>	6	17	73
1338	chr16	20496121	20496102	-	0.6714	0.1777	>	6	17	73
1339	chr8	76775680	76775661	+	0.135	0.1975	>	6	17	73
1340	chr14	65597676	65597657	+	0.6543	0.452	>	6	17	73
1341	chr7	64754771	64754752	+	0.1351	0.2295	>	6	17	73
1342	chr2	166083979	166083960	-	0.2964	0.2065	>	6	17	73
1343	chr16	44140440	44140421	+	0.4607	0.3381	>	6	17	73
1344	chr12	90524338	90524319	-	0.3223	0.2983	>	6	17	73
1345	chr5	89391716	89391697	+	0.1626	0.1418	>	6	17	73
1346	chr9	59675438	59675419	-	0.2104	0.1542	>	6	17	73
1347	chr19	16339103	16339084	-	0.1967	0.1177	>	6	17	73
1348	chr13	30545067	30545048	+	0.3672	0.2915	>	6	17	73
1349	chr1	92462681	92462662	+	0.3916	0.1832	>	6	17	73
1350	chr4	84066283	84066264	-	0.1898	0.1552	>	6	17	73
1351	chr9	83373922	83373903	-	0.2197	0.1434	>	6	17	73
1352	chr4	88773969	88773950	-	0.9507	8.01	>	6	17	73
1353	chr9	123132258	123132239	-	0.1687	0.1416	>	6	17	73
1354	chr17	34958843	34958824	-	0.2079	0.5464	>	6	17	73
1355	chr12	50946225	50946206	+	0.2341	0.157	>	6	17	73
1356	chr13	73647252	73647233	+	0.267	0.1704	>	6	17	73
1357	chr11	83279300	83279281	-	0.4434	0.2251	>	6	17	73
1358	chr17	8986048	8986029	-	0.3325	0.212	>	6	17	73
1359	chr4	14935721	14935702	-	0.7095	0.296	>	6	17	73
1360	chr4	75076699	75076680	+	0.09125	0.2014	>	6	17	73
1361	chr5	114610713	114610694	+	0.0985	0.1626	>	6	17	73
1362	chr9	83378273	83378254	-	0.471	0.2808	>	6	17	73
1363	chr9	107773182	107773163	-	0.1786	0.1414	>	6	17	73
1364	chr9	41218030	41218011	+	0.1323	0.1355	>	6	17	73
1365	chr9	105644718	105644699	+	0.4255	0.1808	>	6	17	73
1366	chr8	84264441	84264422	-	1.261	1.4795	>	6	17	73
1367	chr4	135959453	135959434	+	0.112	0.2223	>	6	17	73
1368	chr1	24684268	24684249	+	0.4001	0.1942	>	6	17	73
1369	chr3	87748577	87748558	-	0.7593	0.4382	>	6	17	73
1370	chr9	54690950	54690931	+	0.11566	0.136	>	6	17	73
1371	chr15	82277690	82277671	-	0.9043	0.4492	>	6	17	73
1372	chr5	115498528	115498509	-	0.2693	0.2164	>	6	17	73
1373	chr9	56621276	56621257	+	0.10846	0.253	>	6	17	73
1374	chr18	81956733	81956714	-	0.2815	0.2637	>	6	17	73
1375	chr10	22791401	22791382	-	0.1346	0.2358	>	6	17	73
1376	chr15	82271301	82271282	+	0.836	0.1838	>	6	17	73
1377	chr12	69946159	69946140	+	0.555	0.455	>	6	17	73
1378	chr14	101442800	101442781	+	0.2983	0.1344	>	6	17	73
1379	chr2	164777017	164776998	-	0.5176	0.361	>	6	17	73
1380	chr10	24631573	24631554	-	1.178	1.224	>	6	17	73
1381	chr1	136528510	136528491	-	1.761	0.7373	>	6	17	73
1382	chr10	19222118	19222099	-	1.411	0.8228	>	6	17	73
1383	chr14	56885508	56885489	-	2.348	4.004	>	6	17	73
1384	chr8	85060493	85060474	-	0.9688	0.437	>	6	17	73
1385	chr11	96075822	96075803	-	0.9316	0.4944	>	6	17	73
1386	chr11	77476535	77476516	+	0.1632	0.2383	>	6	17	73
1387	chr1	81294004	81293985	-	0.905	0.562	>	6	17	73
1388	chr12	15520954	15520935	+	0.7183	0.4033	>	6	17	73
1389	chr7	66397054	66397035	+	0.1594	0.2107	>	6	17	73
1390	chr12	74014582	74014563	-	0.2377	0.1973	>	6	17	73
1391	chr5	144242554	144242535	-	0.241	0.1987	>	6	17	73
1392	chr15	66894943	66894924	+	0.2703	0.2021	>	6	17	73
1393	chr6	126484995	126484976	-	0.4333	1.278	>	6	17	73
1394	chr4	48427148	48427129	+	0.678	0.3833	>	6	17	73
1395	chr15	71459211	71459192	+	0.252	0.1731	>	6	17	73
1396	chr3	19896435	19896416	-	0.2361	0.1467	>	6	17	73
1397	chr8	68268707	68268688	-	0.1398	0.1492	>	6	17	73
1398	chr1	182555580	182555561	-	0.1982	0.1915	>	6	17	73
1399	chr9	44413186	44413167	-	0.534	0.393	>	6	17	73
1400	chr14	70151716	70151697	+	0.3604	0.2382	>	6	17	73
1401	chr4	62478250	62478231	+	0.438	0.1328	>	6	17	73
1402	chr3	127561629	127561610	-	0.2183	0.12354	>	6	17	73
1403	chr3	69139614	69139595	-	0.397	0.2261	>	6	17	73
1404	chr17	17919616	17919597	+	0.1678	0.167	>	6	17	73
1405	chr4	139314214	139314195	-	0.2279	0.269	>	6	17	73
1406	chr18	61952763	61952744	-	0.2372	0.1731	>	6	17	73
1407	chr9	7599188	7599169	+	0.33	0.191	>	6	17	73
1408	chr10	120898341	120898322	-	0.3386	0.1467	>	6	17	73
1409	chr11	57469613	57469594	-	0.1846	0.2297	>	6	17	73
1410	chr18	58480198	58480179	-	0.2095	0.1665	>	6	17	73
1411	chr17	12380527	12380508	-	0.658	0.591	>	6	17	73
1412	chr2	107940173	107940154	+	0.11664	0.1351	>	6	17	73
1413	chr2	32580534	32580515	-	0.2605	0.4055	>	6	17	73
1414	chr15	98813480	98813461	+	0.3496	0.5376	>	6	17	73
1415	chr6	54253893	54253874	+	0.1663	0.1743	>	6	17	73
1416	chr1	135800865	135800846	+	0.1766	0.1665	>	6	17	73
1417	chr15	58426369	58426350	+	0.1996	0.1519	>	6	17	73
1418	chr4	87367775	87367756	+	0.3853	0.1472	>	6	17	73
1419	chr2	96583103	96583084	-	0.809	0.3242	>	6	17	73
1420	chr4	63366959	63366940	-	0.1979	0.1753	>	6	17	73
1421	chr4	59761293	59761274	-	0.3435	0.2113	>	6	17	73
1422	chr10	7832162	7832143	+	0.2646	0.1672	>	6	17	73
1423	chr7	89904213	89904194	-	0.2908	0.156	>	6	17	73
1424	chr1	30697342	30697323	+	0.1025	0.1263	>	6	17	73
1425	chr1	58987602	58987583	+	0.2202	0.1498	>	6	17	73
1426	chr15	7452190	7452171	+	0.1405	0.12085	>	6	17	73
1427	chr4	139877044	139877025	+	0.3875	0.2688	>	6	17	73
1428	chr3	83291887	83291868	-	0.0825	0.137	>	6	17	73
1429	chr15	68912907	68912888	-	0.5024	0.2024	>	6	17	73
1430	chr14	64593744	64593725	-	1.073	0.5703	>	6	17	73
1431	chr1	56980349	56980330	-	0.2778	0.2322	>	6	17	73
1432	chr14	75833620	75833601	-	0.6006	0.4543	>	6	17	73
1433	chr16	62904648	62904629	-	0.217	0.1924	>	6	17	73
1434	chr5	35991229	35991210	-	1.033	1.082	>	6	17	73
1435	chr5	44287418	44287399	-	0.248	0.155	>	6	17	73
1436	chr15	76199915	76199896	-	0.07776	0.3071	>	6	17	73
1437	chr4	131240262	131240243	-	0.241	0.206	>	6	17	73
1438	chr5	102147917	102147898	-	0.228	0.2458	>	6	17	73
1439	chr3	93086926	93086907	+	0.0978	0.1787	>	6	17	73
1440	chr6	126163382	126163363	+	2.373	1.376	>	6	17	73
1441	chr3	45375769	45375750	+	1.051	0.2544	>	6	17	73
1442	chr16	90306219	90306200	-	0.3647	0.3506	>	6	17	73
1443	chr17	3249270	3249251	-	0.1843	0.136	>	6	17	73
1444	chr4	143024421	143024402	-	0.087	0.1317	>	6	17	73
1445	chr19	47513892	47513873	-	0.2471	0.1393	>	6	17	73
1446	chr6	66534595	66534576	-	1.387	0.675	>	6	17	73
1447	chr6	134963172	134963153	-	0.6475	0.5996	>	6	17	73
1448	chr14	56369245	56369226	+	0.2401	0.1912	>	6	17	73
1449	chr18	53460219	53460200	+	0.1775	0.162	>	6	17	73
1450	chr7	89476922	89476903	-	0.2163	0.1522	>	6	17	73
1451	chr6	34273116	34273097	+	0.0673	0.1545	>	6	17	73
1452	chr7	142295608	142295589	-	1.062	6.32	>	6	17	73
1453	chr3	22302208	22302189	+	0.992	0.3848	>	6	17	73
1454	chr6	31045994	31045975	-	0.7534	0.959	>	6	17	73
1455	chr9	57143378	57143359	-	0.1816	0.2302	>	6	17	73
1456	chr6	101268340	101268321	+	0.2712	0.1924	>	6	17	73
1457	chr9	58897456	58897437	-	0.7163	0.4846	>	6	17	73
1458	chr17	79601068	79601049	+	0.2245	0.12476	>	6	17	73
1459	chr16	5254607	5254588	-	0.2883	0.22	>	6	17	73
1460	chr4	83595536	83595517	+	1.783	1.041	>	6	17	73
1461	chr9	51159881	51159862	-	0.6875	0.266	>	6	17	73
1462	chr14	66354429	66354410	+	0.1142	0.1388	>	6	17	73
1463	chr5	117090283	117090264	+	0.5806	0.4014	>	6	17	73
1464	chr2	168061425	168061406	-	0.1733	0.2051	>	6	17	73
1465	chr5	9169228	9169209	+	0.3306	0.1686	>	6	17	73
1466	chr6	28418701	28418682	-	0.4202	0.266	>	6	17	73
1467	chr12	105038443	105038424	-	0.1501	0.2063	>	6	17	73
1468	chr1	182558143	182558124	-	0.2264	0.1511	>	6	17	73
1469	chr8	47713300	47713281	-	1.078	1.646	>	6	17	73
1470	chr18	47357393	47357374	+	0.2007	0.1278	>	6	17	73
1471	chr1	118771083	118771064	-	0.1254	0.2006	>	6	17	73
1472	chr16	6493044	6493025	-	0.1927	0.1516	>	6	17	73
1473	chr9	42951005	42950986	-	0.3914	0.2078	>	6	17	73
1474	chr13	53430986	53430967	-	0.6504	0.3672	>	6	17	73
1475	chr13	67609268	67609249	+	2.162	0.826	>	6	17	73
1476	chr1	53035072	53035053	+	0.1465	0.1494	>	6	17	73
1477	chr7	99471824	99471805	-	0.3745	0.4907	>	6	17	73
1478	chr11	36543574	36543555	-	0.1156	0.1614	>	6	17	73
1479	chr5	124334258	124334239	-	0.3428	0.273	>	6	17	73
1480	chr10	76771414	76771395	-	0.1296	0.2047	>	6	17	73
1481	chr10	4386719	4386700	+	0.32	0.4492	>	6	17	73
1482	chr5	116554091	116554072	+	0.0876	0.1714	>	6	17	73
1483	chr10	41734858	41734839	+	0.1406	0.2605	>	6	17	73
1484	chr10	50906875	50906856	-	0.2361	0.1674	>	6	17	73
1485	chr11	31651668	31651649	+	0.07605	0.1534	>	6	17	73
1486	chr6	116193190	116193171	+	0.3687	0.372	>	6	17	73
1487	chr1	188976509	188976490	+	0.343	0.1833	>	6	17	73
1488	chr12	101976095	101976076	+	0.681	0.4116	>	6	17	73
1489	chr15	75925915	75925896	+	0.6084	0.9233	>	6	17	73
1490	chr1	4777287	4777268	-	0.9443	1.425	>	6	17	73
1491	chr18	86560230	86560211	+	0.7866	1.138	>	6	17	73
1492	chr7	43574878	43574859	+	1.292	1.347	>	6	17	73
1493	chr7	98200601	98200582	-	0.2927	0.1711	>	6	17	73
1494	chr4	143319849	143319830	+	0.2299	0.1525	>	6	17	73
1495	chr2	128601696	128601677	-	0.1208	0.207	>	6	17	73
1496	chr17	57004491	57004472	-	0.1467	0.2932	>	6	17	73
1497	chr2	35196541	35196522	-	1.081	0.3997	>	6	17	73
1498	chr5	29779371	29779352	+	0.1531	0.1671	>	6	17	73
1499	chr10	93038429	93038410	-	0.163	0.1875	>	6	17	73
0	chr4	87368268	87368249	+	90.56	65.75	>	6	18	72
1	chr11	109860827	109860808	-	89.2	47.97	>	6	18	72
2	chr3	22309188	22309169	+	81.5	60.4	>	6	18	72
3	chr10	5161770	5161751	-	79.2	55.88	>	6	18	72
4	chr16	71247702	71247683	+	68.56	43.2	>	6	18	72
5	chr16	72980067	72980048	-	68.3	56.7	>	6	18	72
6	chr6	60556001	60555982	+	67.7	40.38	>	6	18	72
7	chr5	7996919	7996900	-	66.06	59.4	>	6	18	72
8	chr14	12140114	12140095	-	65.1	51.62	>	6	18	72
9	chr13	81439574	81439555	+	64.94	46.94	>	6	18	72
10	chr9	103996726	103996707	-	64.9	51.25	>	6	18	72
11	chr15	56066340	56066321	+	63.97	42.94	>	6	18	72
12	chr10	106609250	106609231	+	63.97	42.62	>	6	18	72
13	chr1	144380222	144380203	-	63.4	48.44	>	6	18	72
14	chr10	8240468	8240449	-	62.34	45.88	>	6	18	72
15	chr12	77000269	77000250	+	62.22	54.97	>	6	18	72
16	chr1	44745882	44745863	+	62.12	40.25	>	6	18	72
17	chr4	81178889	81178870	+	62.03	50.0	>	6	18	72
18	chr9	10909768	10909749	+	61.12	47.94	>	6	18	72
19	chr6	64650119	64650100	-	60.56	60.88	>	6	18	72
20	chr15	32766485	32766466	-	60.56	46.62	>	6	18	72
21	chr4	9135983	9135964	+	60.03	34.12	>	6	18	72
22	chr7	118305013	118304994	+	59.5	47.62	>	6	18	72
23	chr10	39520570	39520551	-	58.34	40.5	>	6	18	72
24	chr1	78724658	78724639	+	58.25	47.28	>	6	18	72
25	chr2	160598038	160598019	+	57.94	55.8	>	6	18	72
26	chr18	33790258	33790239	-	57.72	56.3	>	6	18	72
27	chr12	40837750	40837731	+	57.5	46.25	>	6	18	72
28	chr8	41443763	41443744	+	57.34	56.06	>	6	18	72
29	chr14	68494314	68494295	-	56.94	24.97	>	6	18	72
30	chr1	11657910	11657891	+	56.8	43.62	>	6	18	72
31	chr11	77100337	77100318	+	55.88	49.25	>	6	18	72
32	chr16	41244935	41244916	-	55.72	48.0	>	6	18	72
33	chr14	87452291	87452272	-	55.72	63.0	>	6	18	72
34	chr18	16217050	16217031	+	54.9	26.8	>	6	18	72
35	chr11	53255133	53255114	-	54.8	39.5	>	6	18	72
36	chr9	7216447	7216428	+	54.56	27.64	>	6	18	72
37	chr8	35850598	35850579	-	54.5	50.94	>	6	18	72
38	chr8	102781131	102781112	-	54.44	41.34	>	6	18	72
39	chr5	49962010	49961991	-	54.16	50.88	>	6	18	72
40	chr7	90410162	90410143	-	54.06	39.75	>	6	18	72
41	chr4	15328717	15328698	+	54.03	40.72	>	6	18	72
42	chr11	31949616	31949597	-	54.0	41.44	>	6	18	72
43	chr1	120586671	120586652	+	53.8	57.06	>	6	18	72
44	chr13	19698921	19698902	+	53.16	40.8	>	6	18	72
45	chr12	57825950	57825931	+	53.03	34.38	>	6	18	72
46	chr16	72215933	72215914	-	52.7	45.56	>	6	18	72
47	chr9	15685402	15685383	+	52.62	45.03	>	6	18	72
48	chr10	10321327	10321308	-	52.47	23.97	>	6	18	72
49	chr9	49494135	49494116	+	52.4	51.5	>	6	18	72
50	chr3	50906169	50906150	-	52.12	57.06	>	6	18	72
51	chr11	57467973	57467954	-	52.03	54.47	>	6	18	72
52	chr11	113165316	113165297	-	51.88	57.94	>	6	18	72
53	chr9	51152608	51152589	-	51.8	48.22	>	6	18	72
54	chr16	58299658	58299639	+	51.56	30.08	>	6	18	72
55	chr16	22564783	22564764	+	51.44	49.16	>	6	18	72
56	chr8	36523135	36523116	-	51.4	44.44	>	6	18	72
57	chr14	34810941	34810922	+	51.3	52.97	>	6	18	72
58	chr6	101261740	101261721	-	51.0	49.47	>	6	18	72
59	chr7	132213694	132213675	-	50.8	38.62	>	6	18	72
60	chr2	48886271	48886252	-	50.28	44.53	>	6	18	72
61	chr12	54060974	54060955	-	50.12	27.78	>	6	18	72
62	chr1	5905019	5905000	-	50.06	44.22	>	6	18	72
63	chr9	26776375	26776356	-	50.0	53.88	>	6	18	72
64	chr1	103799519	103799500	+	49.53	56.44	>	6	18	72
65	chr9	88222188	88222169	-	49.5	40.1	>	6	18	72
66	chr18	58481884	58481865	-	49.28	39.28	>	6	18	72
67	chr13	100112788	100112769	+	49.16	37.22	>	6	18	72
68	chr3	14679394	14679375	+	49.06	29.97	>	6	18	72
69	chr16	37109459	37109440	+	48.75	19.0	>	6	18	72
70	chr3	153655318	153655299	-	48.72	48.28	>	6	18	72
71	chr16	89765698	89765679	-	48.38	54.0	>	6	18	72
72	chr13	89543228	89543209	-	48.3	56.84	>	6	18	72
73	chr11	40149509	40149490	-	48.28	36.34	>	6	18	72
74	chr3	113080940	113080921	-	48.2	53.4	>	6	18	72
75	chr10	70963797	70963778	-	47.53	51.97	>	6	18	72
76	chr6	66533480	66533461	-	47.34	41.22	>	6	18	72
77	chr18	57976815	57976796	+	47.28	41.3	>	6	18	72
78	chr12	92303388	92303369	+	47.12	48.12	>	6	18	72
79	chr6	43686140	43686121	+	47.1	34.0	>	6	18	72
80	chr15	11038687	11038668	+	47.06	40.16	>	6	18	72
81	chr6	13281064	13281045	-	47.06	44.4	>	6	18	72
82	chr4	25180081	25180062	-	46.94	22.34	>	6	18	72
83	chr2	110229883	110229864	+	46.8	37.2	>	6	18	72
84	chr2	118638293	118638274	+	46.34	48.4	>	6	18	72
85	chr14	67674858	67674839	-	46.2	40.62	>	6	18	72
86	chr1	179477262	179477243	-	45.97	54.9	>	6	18	72
87	chr12	78056191	78056172	+	45.84	48.03	>	6	18	72
88	chr15	44836402	44836383	+	45.7	45.75	>	6	18	72
89	chr9	80293262	80293243	+	45.3	48.66	>	6	18	72
90	chr1	21411405	21411386	+	45.28	35.97	>	6	18	72
91	chr8	80483379	80483360	-	45.28	32.34	>	6	18	72
92	chr16	55477026	55477007	-	44.9	60.88	>	6	18	72
93	chr9	122729759	122729740	-	44.72	40.56	>	6	18	72
94	chr2	17415581	17415562	-	44.56	38.03	>	6	18	72
95	chr4	13778049	13778030	-	44.5	20.47	>	6	18	72
96	chr16	64748455	64748436	-	44.47	52.25	>	6	18	72
97	chr6	57570627	57570608	-	44.28	34.06	>	6	18	72
98	chr16	13117421	13117402	+	44.28	48.25	>	6	18	72
99	chr1	54381475	54381456	-	44.12	34.1	>	6	18	72
100	chr15	40166896	40166877	+	44.03	40.53	>	6	18	72
101	chr17	83271696	83271677	+	44.0	39.2	>	6	18	72
102	chr9	63136063	63136044	+	43.94	32.22	>	6	18	72
103	chr3	68056550	68056531	+	43.88	35.0	>	6	18	72
104	chr3	25220822	25220803	-	43.8	23.62	>	6	18	72
105	chr7	118102455	118102436	-	43.53	59.94	>	6	18	72
106	chr9	51335485	51335466	+	43.47	26.75	>	6	18	72
107	chr16	96671807	96671788	-	43.4	27.66	>	6	18	72
108	chr2	113494904	113494885	+	43.34	43.28	>	6	18	72
109	chr1	55404561	55404542	+	43.25	39.06	>	6	18	72
110	chr3	80079969	80079950	+	43.0	35.7	>	6	18	72
111	chr11	25862989	25862970	-	42.66	37.9	>	6	18	72
112	chr13	109213188	109213169	-	42.6	60.5	>	6	18	72
113	chr8	58566283	58566264	+	42.56	33.8	>	6	18	72
114	chr16	72218227	72218208	+	42.38	47.1	>	6	18	72
115	chr14	102510640	102510621	-	42.34	35.9	>	6	18	72
116	chr7	143154010	143153991	+	42.16	43.66	>	6	18	72
117	chr6	143219585	143219566	+	42.1	41.62	>	6	18	72
118	chr17	86906334	86906315	-	41.97	47.25	>	6	18	72
119	chr8	62080400	62080381	+	41.97	30.6	>	6	18	72
120	chr3	57843985	57843966	+	41.94	43.75	>	6	18	72
121	chr18	3495634	3495615	+	41.62	36.03	>	6	18	72
122	chr7	125393847	125393828	-	41.56	47.0	>	6	18	72
123	chr7	86211564	86211545	-	41.56	46.4	>	6	18	72
124	chr9	60245127	60245108	+	41.38	43.16	>	6	18	72
125	chr6	131353859	131353840	-	41.3	15.89	>	6	18	72
126	chr15	98173991	98173972	-	41.25	24.88	>	6	18	72
127	chr17	88641249	88641230	-	41.12	34.25	>	6	18	72
128	chr9	87027908	87027889	+	41.1	38.34	>	6	18	72
129	chr4	70621553	70621534	-	40.97	48.38	>	6	18	72
130	chr12	41487236	41487217	-	40.88	35.94	>	6	18	72
131	chr4	127368548	127368529	+	40.8	49.72	>	6	18	72
132	chr8	50293750	50293731	-	40.75	48.2	>	6	18	72
133	chr16	27468981	27468962	+	40.75	34.62	>	6	18	72
134	chr7	121641354	121641335	-	40.7	30.69	>	6	18	72
135	chr3	29726795	29726776	-	40.7	30.42	>	6	18	72
136	chr14	29110872	29110853	-	40.66	51.22	>	6	18	72
137	chr13	116712427	116712408	-	40.62	33.1	>	6	18	72
138	chr18	19939562	19939543	-	40.47	45.7	>	6	18	72
139	chr15	80704533	80704514	-	40.28	46.53	>	6	18	72
140	chr18	50137074	50137055	+	40.28	37.62	>	6	18	72
141	chr13	15763212	15763193	-	40.25	29.53	>	6	18	72
142	chr19	50185486	50185467	+	40.22	44.2	>	6	18	72
143	chr12	74013965	74013946	-	40.22	40.8	>	6	18	72
144	chr1	138835543	138835524	+	40.06	20.81	>	6	18	72
145	chr15	55550924	55550905	-	40.06	37.12	>	6	18	72
146	chr1	61771439	61771420	-	40.06	23.55	>	6	18	72
147	chr12	34664961	34664942	+	40.0	19.7	>	6	18	72
148	chr14	78288101	78288082	-	39.8	38.8	>	6	18	72
149	chr2	4499416	4499397	+	39.78	33.88	>	6	18	72
150	chr13	30260132	30260113	-	39.75	32.75	>	6	18	72
151	chr9	68015271	68015252	+	39.2	39.0	>	6	18	72
152	chr1	126993502	126993483	-	39.06	47.2	>	6	18	72
153	chr16	25349824	25349805	-	39.0	41.2	>	6	18	72
154	chr1	14729249	14729230	-	38.94	39.3	>	6	18	72
155	chr15	59389427	59389408	+	38.7	46.34	>	6	18	72
156	chr6	100882590	100882571	+	38.66	49.44	>	6	18	72
157	chr3	9711121	9711102	+	38.62	35.47	>	6	18	72
158	chr6	21214019	21214000	-	38.47	24.2	>	6	18	72
159	chr17	42603617	42603598	-	38.47	42.5	>	6	18	72
160	chr4	80517548	80517529	-	38.47	41.4	>	6	18	72
161	chr9	85328584	85328565	-	38.28	30.06	>	6	18	72
162	chr17	44262001	44261982	+	38.22	44.16	>	6	18	72
163	chr10	102449665	102449646	+	38.2	48.84	>	6	18	72
164	chr17	14520745	14520726	-	38.12	30.45	>	6	18	72
165	chr13	51830925	51830906	+	38.0	56.0	>	6	18	72
166	chr12	83502436	83502417	-	37.97	34.4	>	6	18	72
167	chr5	75853265	75853246	-	37.94	27.88	>	6	18	72
168	chr13	110382742	110382723	+	37.88	61.84	>	6	18	72
169	chr5	62481159	62481140	-	37.8	35.4	>	6	18	72
170	chr7	49121503	49121484	-	37.7	29.61	>	6	18	72
171	chr15	11966575	11966556	-	37.66	34.72	>	6	18	72
172	chr3	31146135	31146116	+	37.53	44.5	>	6	18	72
173	chr2	37815879	37815860	+	37.47	39.2	>	6	18	72
174	chr5	33033442	33033423	-	37.44	48.28	>	6	18	72
175	chr9	7595466	7595447	-	37.4	28.72	>	6	18	72
176	chr5	21641153	21641134	-	37.3	33.66	>	6	18	72
177	chr14	48367302	48367283	-	37.12	39.88	>	6	18	72
178	chr17	14524624	14524605	+	37.1	38.88	>	6	18	72
179	chr4	84064835	84064816	+	37.06	23.38	>	6	18	72
180	chr4	63368786	63368767	+	37.06	51.6	>	6	18	72
181	chr5	102149680	102149661	+	37.03	38.97	>	6	18	72
182	chr12	32897684	32897665	-	36.88	40.9	>	6	18	72
183	chr16	91936532	91936513	+	36.72	43.06	>	6	18	72
184	chr6	37046379	37046360	-	36.72	47.7	>	6	18	72
185	chr18	59081896	59081877	+	36.7	37.34	>	6	18	72
186	chr6	103697552	103697533	-	36.3	43.6	>	6	18	72
187	chr18	19937930	19937911	+	36.3	37.56	>	6	18	72
188	chr6	93757594	93757575	+	36.28	18.31	>	6	18	72
189	chr17	9756371	9756352	+	36.28	21.2	>	6	18	72
190	chr2	96585854	96585835	+	36.25	26.84	>	6	18	72
191	chr11	82915176	82915157	+	36.2	36.34	>	6	18	72
192	chr6	6005837	6005818	+	36.03	35.2	>	6	18	72
193	chr1	98392238	98392219	-	36.03	38.97	>	6	18	72
194	chr7	48749384	48749365	+	35.94	38.3	>	6	18	72
195	chr11	105911812	105911793	-	35.9	37.8	>	6	18	72
196	chr10	45045486	45045467	-	35.8	35.22	>	6	18	72
197	chr2	4492748	4492729	-	35.75	19.97	>	6	18	72
198	chr6	18087397	18087378	+	35.75	40.84	>	6	18	72
199	chr5	90203341	90203322	+	35.7	41.12	>	6	18	72
200	chr7	136489148	136489129	+	35.62	28.06	>	6	18	72
201	chr9	109862620	109862601	-	35.6	34.12	>	6	18	72
202	chr15	59876355	59876336	+	35.3	32.16	>	6	18	72
203	chr14	76473612	76473593	-	35.25	45.66	>	6	18	72
204	chr3	128349320	128349301	+	35.03	41.75	>	6	18	72
205	chr3	45375963	45375944	+	35.03	23.92	>	6	18	72
206	chr3	133314669	133314650	+	34.97	39.0	>	6	18	72
207	chr1	96801850	96801831	-	34.84	30.55	>	6	18	72
208	chr7	115216958	115216939	+	34.62	30.45	>	6	18	72
209	chr9	59282577	59282558	-	34.62	26.88	>	6	18	72
210	chr2	148112135	148112116	-	34.5	31.5	>	6	18	72
211	chr18	52457916	52457897	-	34.47	28.2	>	6	18	72
212	chr6	56691454	56691435	-	34.34	42.2	>	6	18	72
213	chr13	20292580	20292561	-	34.3	38.5	>	6	18	72
214	chr13	57260119	57260100	-	34.25	52.66	>	6	18	72
215	chr13	113877615	113877596	+	34.25	36.75	>	6	18	72
216	chr13	116715029	116715010	-	34.1	31.72	>	6	18	72
217	chr4	83596692	83596673	-	34.1	52.75	>	6	18	72
218	chr8	64941619	64941600	-	34.06	33.75	>	6	18	72
219	chr3	51701488	51701469	+	34.03	22.56	>	6	18	72
220	chr14	120061322	120061303	-	33.84	29.2	>	6	18	72
221	chr7	75910166	75910147	+	33.8	57.6	>	6	18	72
222	chr4	98702698	98702679	-	33.78	31.62	>	6	18	72
223	chr3	146185137	146185118	+	33.62	52.6	>	6	18	72
224	chr4	151157152	151157133	+	33.53	59.38	>	6	18	72
225	chr5	43391861	43391842	-	33.5	21.5	>	6	18	72
226	chr11	93856511	93856492	-	33.47	26.19	>	6	18	72
227	chr14	59605843	59605824	+	33.47	40.3	>	6	18	72
228	chr14	84438580	84438561	+	33.44	23.31	>	6	18	72
229	chr12	50943824	50943805	-	33.28	38.56	>	6	18	72
230	chr7	83550335	83550316	-	33.2	30.12	>	6	18	72
231	chr6	117167008	117166989	+	33.03	30.3	>	6	18	72
232	chr4	12538791	12538772	+	33.0	21.84	>	6	18	72
233	chr18	47353079	47353060	+	32.84	24.58	>	6	18	72
234	chr5	12541496	12541477	-	32.72	22.56	>	6	18	72
235	chr2	60721127	60721108	+	32.72	22.53	>	6	18	72
236	chr11	78838251	78838232	+	32.72	51.5	>	6	18	72
237	chr8	73356225	73356206	+	32.62	23.39	>	6	18	72
238	chr12	10598567	10598548	+	32.5	41.56	>	6	18	72
239	chr19	20345158	20345139	-	32.25	47.94	>	6	18	72
240	chr17	58909486	58909467	-	32.16	39.4	>	6	18	72
241	chr10	69655037	69655018	-	32.12	36.56	>	6	18	72
242	chr4	3967733	3967714	-	32.12	41.75	>	6	18	72
243	chr16	21192795	21192776	-	32.06	38.78	>	6	18	72
244	chr11	12291593	12291574	-	32.0	15.54	>	6	18	72
245	chr11	117385082	117385063	+	31.83	36.6	>	6	18	72
246	chr12	32292095	32292076	+	31.73	20.83	>	6	18	72
247	chr4	64833096	64833077	+	31.69	34.34	>	6	18	72
248	chr13	47301245	47301226	+	31.67	43.9	>	6	18	72
249	chr1	89631957	89631938	-	31.56	45.38	>	6	18	72
250	chr9	69296601	69296582	-	31.53	38.66	>	6	18	72
251	chr3	53735364	53735345	+	31.28	24.5	>	6	18	72
252	chr10	45373471	45373452	-	31.2	37.7	>	6	18	72
253	chr8	91797725	91797706	+	31.19	30.23	>	6	18	72
254	chr4	88035662	88035643	+	31.06	19.66	>	6	18	72
255	chr2	75151187	75151168	-	31.05	37.9	>	6	18	72
256	chr14	66791971	66791952	-	31.02	32.1	>	6	18	72
257	chr2	93199062	93199043	-	30.9	51.25	>	6	18	72
258	chr2	73551006	73550987	+	30.86	53.72	>	6	18	72
259	chr12	89451144	89451125	-	30.81	40.1	>	6	18	72
260	chr16	66086729	66086710	-	30.81	33.7	>	6	18	72
261	chr14	114791647	114791628	-	30.72	37.2	>	6	18	72
262	chr4	43420547	43420528	-	30.61	34.5	>	6	18	72
263	chr1	87447687	87447668	+	30.56	32.53	>	6	18	72
264	chr15	55306471	55306452	+	30.56	24.06	>	6	18	72
265	chr15	97667578	97667559	+	30.52	37.12	>	6	18	72
266	chr2	16359548	16359529	+	30.47	16.92	>	6	18	72
267	chr14	8356099	8356080	+	30.42	51.06	>	6	18	72
268	chr3	19894816	19894797	-	30.38	33.66	>	6	18	72
269	chr12	43813750	43813731	-	30.34	24.06	>	6	18	72
270	chr2	27770378	27770359	+	30.12	46.8	>	6	18	72
271	chr16	48675836	48675817	-	30.12	28.97	>	6	18	72
272	chr10	13016733	13016714	+	30.1	53.44	>	6	18	72
273	chr2	76367359	76367340	+	30.05	30.6	>	6	18	72
274	chr2	115515230	115515211	+	30.05	12.29	>	6	18	72
275	chr19	16785108	16785089	-	30.03	27.4	>	6	18	72
276	chr3	78948444	78948425	+	30.03	29.16	>	6	18	72
277	chr1	37250876	37250857	-	29.94	25.45	>	6	18	72
278	chr18	74431409	74431390	+	29.94	28.48	>	6	18	72
279	chr1	38787652	38787633	-	29.89	46.22	>	6	18	72
280	chr3	14874584	14874565	+	29.88	22.88	>	6	18	72
281	chr9	69505778	69505759	+	29.88	30.58	>	6	18	72
282	chr10	84450913	84450894	-	29.77	31.7	>	6	18	72
283	chr2	172216047	172216028	-	29.77	65.06	>	6	18	72
284	chr10	97712895	97712876	+	29.72	22.83	>	6	18	72
285	chr1	4770074	4770055	+	29.72	39.66	>	6	18	72
286	chr12	50301580	50301561	-	29.69	16.55	>	6	18	72
287	chr15	85266923	85266904	+	29.69	42.06	>	6	18	72
288	chr4	85403030	85403011	+	29.62	27.23	>	6	18	72
289	chr6	97526370	97526351	-	29.53	31.17	>	6	18	72
290	chr8	112046096	112046077	+	29.5	62.6	>	6	18	72
291	chr12	96311368	96311349	-	29.48	23.8	>	6	18	72
292	chr1	93507239	93507220	-	29.45	32.5	>	6	18	72
293	chr13	21714927	21714908	+	29.4	37.72	>	6	18	72
294	chr6	49008180	49008161	+	29.38	27.1	>	6	18	72
295	chr17	17749545	17749526	-	29.36	32.88	>	6	18	72
296	chr6	145360253	145360234	+	29.34	33.62	>	6	18	72
297	chr7	17066630	17066611	-	29.27	41.75	>	6	18	72
298	chr12	81788850	81788831	-	29.25	32.47	>	6	18	72
299	chr7	129649172	129649153	+	29.19	42.88	>	6	18	72
300	chr14	104039053	104039034	+	29.17	41.16	>	6	18	72
301	chr13	41634744	41634725	-	29.08	40.84	>	6	18	72
302	chr7	138835232	138835213	-	29.02	47.88	>	6	18	72
303	chr15	97195797	97195778	+	28.92	38.5	>	6	18	72
304	chr1	119087737	119087718	+	28.89	50.28	>	6	18	72
305	chr4	85819373	85819354	-	28.86	29.28	>	6	18	72
306	chr11	30657307	30657288	-	28.86	6.477	>	6	18	72
307	chr5	49369245	49369226	+	28.66	27.94	>	6	18	72
308	chr6	106805067	106805048	+	28.61	20.38	>	6	18	72
309	chr6	31660958	31660939	+	28.53	52.9	>	6	18	72
310	chr12	8306749	8306730	-	28.48	47.94	>	6	18	72
311	chr13	42822785	42822766	-	28.47	44.4	>	6	18	72
312	chr15	34968778	34968759	+	28.4	27.94	>	6	18	72
313	chr7	68369859	68369840	+	28.38	58.97	>	6	18	72
314	chr15	80266443	80266424	+	28.33	34.62	>	6	18	72
315	chr6	102171110	102171091	+	28.19	24.06	>	6	18	72
316	chr16	72605273	72605254	-	28.11	17.7	>	6	18	72
317	chr18	65490506	65490487	+	28.06	33.94	>	6	18	72
318	chr3	55373775	55373756	+	28.0	19.75	>	6	18	72
319	chr1	53927814	53927795	-	27.97	28.48	>	6	18	72
320	chr2	160368066	160368047	-	27.95	21.97	>	6	18	72
321	chr10	42295232	42295213	-	27.94	37.8	>	6	18	72
322	chr7	116040411	116040392	-	27.9	26.19	>	6	18	72
323	chr10	116197535	116197516	-	27.81	28.58	>	6	18	72
324	chr5	20773533	20773514	-	27.81	20.77	>	6	18	72
325	chr12	80725012	80724993	-	27.73	38.97	>	6	18	72
326	chr15	66899881	66899862	-	27.6	21.5	>	6	18	72
327	chr18	16822208	16822189	-	27.56	13.28	>	6	18	72
328	chr18	14503254	14503235	-	27.55	19.48	>	6	18	72
329	chr5	98344786	98344767	+	27.44	28.3	>	6	18	72
330	chr10	77517236	77517217	+	27.39	30.44	>	6	18	72
331	chr1	44741472	44741453	-	27.38	6.344	>	6	18	72
332	chr6	127945983	127945964	-	27.28	24.97	>	6	18	72
333	chr16	42914955	42914936	-	27.27	20.78	>	6	18	72
334	chr18	39137558	39137539	+	27.11	15.805	>	6	18	72
335	chr13	42575907	42575888	+	27.11	22.34	>	6	18	72
336	chr2	13278209	13278190	+	27.06	48.53	>	6	18	72
337	chr18	43836585	43836566	-	27.06	22.66	>	6	18	72
338	chr4	114647896	114647877	+	27.05	26.58	>	6	18	72
339	chr16	44149214	44149195	-	27.03	37.28	>	6	18	72
340	chr13	109776299	109776280	+	27.02	27.47	>	6	18	72
341	chr19	30217515	30217496	+	27.0	44.25	>	6	18	72
342	chr6	61316075	61316056	+	26.94	38.16	>	6	18	72
343	chr17	78598832	78598813	+	26.92	37.16	>	6	18	72
344	chr2	117231457	117231438	-	26.88	23.62	>	6	18	72
345	chr4	115101816	115101797	+	26.84	34.88	>	6	18	72
346	chr10	57448131	57448112	-	26.8	44.97	>	6	18	72
347	chr13	113046665	113046646	+	26.77	22.72	>	6	18	72
348	chr4	110022447	110022428	-	26.58	43.47	>	6	18	72
349	chr7	101653829	101653810	+	26.5	47.97	>	6	18	72
350	chr5	67756338	67756319	+	26.5	26.55	>	6	18	72
351	chr3	62192717	62192698	-	26.5	17.1	>	6	18	72
352	chr10	17728146	17728127	-	26.45	14.96	>	6	18	72
353	chr5	37752557	37752538	-	26.33	30.73	>	6	18	72
354	chr1	60961316	60961297	-	26.3	26.22	>	6	18	72
355	chr17	68176981	68176962	+	26.27	18.84	>	6	18	72
356	chr7	37357871	37357852	-	26.2	67.6	>	6	18	72
357	chr4	32572316	32572297	-	26.16	44.75	>	6	18	72
358	chr4	96696741	96696722	+	26.12	32.22	>	6	18	72
359	chr4	109729491	109729472	-	26.06	50.3	>	6	18	72
360	chr10	111977780	111977761	+	25.78	32.1	>	6	18	72
361	chr5	45424489	45424470	-	25.73	30.9	>	6	18	72
362	chr2	61494577	61494558	-	25.72	22.25	>	6	18	72
363	chr6	13287046	13287027	+	25.69	21.62	>	6	18	72
364	chr9	116060829	116060810	+	25.66	36.5	>	6	18	72
365	chr8	17537753	17537734	-	25.64	36.44	>	6	18	72
366	chr9	77781636	77781617	-	25.62	27.94	>	6	18	72
367	chr15	5106460	5106441	-	25.56	29.45	>	6	18	72
368	chr17	93141334	93141315	-	25.53	33.03	>	6	18	72
369	chr6	97759520	97759501	+	25.52	17.88	>	6	18	72
370	chr8	119384750	119384731	-	25.47	45.94	>	6	18	72
371	chr6	88113322	88113303	+	25.38	41.75	>	6	18	72
372	chr15	101984527	101984508	-	25.38	56.7	>	6	18	72
373	chr8	54493335	54493316	-	25.34	39.7	>	6	18	72
374	chr9	24119622	24119603	+	25.33	14.83	>	6	18	72
375	chr3	50077169	50077150	-	25.31	24.22	>	6	18	72
376	chr4	47419767	47419748	+	25.23	44.03	>	6	18	72
377	chr2	76115910	76115891	+	25.22	28.97	>	6	18	72
378	chr15	67174759	67174740	+	25.2	12.74	>	6	18	72
379	chr8	125574509	125574490	+	25.17	12.85	>	6	18	72
380	chr1	161737065	161737046	-	25.11	39.75	>	6	18	72
381	chr3	85571455	85571436	-	25.1	9.7	>	6	18	72
382	chr18	19577078	19577059	-	25.02	27.28	>	6	18	72
383	chr19	36083087	36083068	-	25.0	29.4	>	6	18	72
384	chr8	115709616	115709597	-	24.98	9.14	>	6	18	72
385	chr10	126330794	126330775	-	24.84	24.02	>	6	18	72
386	chr15	25993551	25993532	+	24.81	33.28	>	6	18	72
387	chr5	131430355	131430336	-	24.78	45.44	>	6	18	72
388	chr1	9545352	9545333	-	24.78	38.06	>	6	18	72
389	chr19	28768445	28768426	-	24.75	36.44	>	6	18	72
390	chr10	24630876	24630857	+	24.72	22.94	>	6	18	72
391	chr17	54351102	54351083	+	24.53	15.79	>	6	18	72
392	chr16	20496806	20496787	+	24.47	28.86	>	6	18	72
393	chr12	109394024	109394005	-	24.44	15.02	>	6	18	72
394	chr13	21803288	21803269	-	24.42	40.1	>	6	18	72
395	chr3	103392995	103392976	+	24.38	33.9	>	6	18	72
396	chr15	25428758	25428739	+	24.31	24.08	>	6	18	72
397	chr3	135206860	135206841	-	24.3	9.21	>	6	18	72
398	chr8	65139261	65139242	+	24.3	33.56	>	6	18	72
399	chr9	29650850	29650831	-	24.23	35.72	>	6	18	72
400	chr3	127971093	127971074	+	24.2	46.1	>	6	18	72
401	chr2	104035038	104035019	+	24.16	33.7	>	6	18	72
402	chr9	81635302	81635283	+	24.11	12.08	>	6	18	72
403	chr6	95484597	95484578	+	24.03	13.41	>	6	18	72
404	chr14	72293991	72293972	-	23.83	34.2	>	6	18	72
405	chr18	65490035	65490016	-	23.72	29.94	>	6	18	72
406	chr12	38123788	38123769	-	23.66	16.0	>	6	18	72
407	chr18	70184838	70184819	-	23.66	11.39	>	6	18	72
408	chr3	152095252	152095233	-	23.53	23.67	>	6	18	72
409	chr8	32002994	32002975	-	23.5	23.94	>	6	18	72
410	chr11	22206830	22206811	-	23.48	11.1	>	6	18	72
411	chr5	76541051	76541032	-	23.44	19.22	>	6	18	72
412	chr10	52106337	52106318	+	23.38	22.61	>	6	18	72
413	chr1	84697462	84697443	-	23.38	25.22	>	6	18	72
414	chr1	67181385	67181366	+	23.34	35.0	>	6	18	72
415	chr6	101267027	101267008	+	23.31	12.77	>	6	18	72
416	chr6	129255175	129255156	-	23.25	41.8	>	6	18	72
417	chr4	115710017	115709998	-	23.19	25.83	>	6	18	72
418	chr2	118241614	118241595	-	23.19	37.16	>	6	18	72
419	chr8	71371784	71371765	+	23.11	28.11	>	6	18	72
420	chr7	73422670	73422651	-	23.11	37.7	>	6	18	72
421	chr5	33039602	33039583	+	23.05	27.48	>	6	18	72
422	chr2	153143004	153142985	-	23.02	20.31	>	6	18	72
423	chr14	98181824	98181805	-	23.0	7.93	>	6	18	72
424	chr2	136887058	136887039	-	22.97	12.49	>	6	18	72
425	chr1	135136701	135136682	-	22.88	42.44	>	6	18	72
426	chr5	4948481	4948462	-	22.86	27.0	>	6	18	72
427	chr10	71422814	71422795	+	22.81	51.25	>	6	18	72
428	chr8	64597251	64597232	-	22.66	30.06	>	6	18	72
429	chr1	162336834	162336815	-	22.45	14.914	>	6	18	72
430	chr9	94738996	94738977	+	22.42	42.94	>	6	18	72
431	chr17	53403136	53403117	+	22.4	18.28	>	6	18	72
432	chr2	155811920	155811901	-	22.36	51.28	>	6	18	72
433	chr12	52010769	52010750	+	22.33	16.6	>	6	18	72
434	chr3	44912870	44912851	-	22.31	11.58	>	6	18	72
435	chr5	98348848	98348829	+	22.25	34.97	>	6	18	72
436	chr15	80706301	80706282	+	22.25	25.52	>	6	18	72
437	chr1	167932285	167932266	-	22.22	36.66	>	6	18	72
438	chr14	121455709	121455690	-	22.2	25.7	>	6	18	72
439	chr4	98243714	98243695	-	22.16	26.34	>	6	18	72
440	chr4	143027468	143027449	+	22.14	29.11	>	6	18	72
441	chr2	153668926	153668907	+	22.14	25.36	>	6	18	72
442	chr9	41461929	41461910	-	22.14	12.42	>	6	18	72
443	chr4	109431143	109431124	-	22.1	22.34	>	6	18	72
444	chr5	44831505	44831486	-	22.08	22.05	>	6	18	72
445	chr8	119676601	119676582	-	22.03	33.06	>	6	18	72
446	chr17	40824060	40824041	-	22.02	34.28	>	6	18	72
447	chr15	37102366	37102347	-	22.0	13.84	>	6	18	72
448	chr1	119083862	119083843	-	21.92	45.47	>	6	18	72
449	chr5	41044703	41044684	-	21.78	28.61	>	6	18	72
450	chr19	24622032	24622013	+	21.77	22.19	>	6	18	72
451	chr3	58159626	58159607	-	21.75	32.1	>	6	18	72
452	chr1	38130140	38130121	-	21.75	23.66	>	6	18	72
453	chr2	129472129	129472110	-	21.73	30.17	>	6	18	72
454	chr9	15682043	15682024	-	21.73	11.22	>	6	18	72
455	chr9	69502720	69502701	-	21.7	34.7	>	6	18	72
456	chr14	21120676	21120657	+	21.69	43.16	>	6	18	72
457	chr7	110645588	110645569	-	21.69	43.56	>	6	18	72
458	chr16	78950579	78950560	-	21.64	3.295	>	6	18	72
459	chr7	131899517	131899498	+	21.56	16.44	>	6	18	72
460	chr8	106403484	106403465	-	21.53	20.23	>	6	18	72
461	chr17	73303429	73303410	+	21.48	50.6	>	6	18	72
462	chr1	83727325	83727306	+	21.48	26.81	>	6	18	72
463	chr13	29857603	29857584	+	21.42	9.836	>	6	18	72
464	chr14	104033786	104033767	+	21.34	21.16	>	6	18	72
465	chr7	119011391	119011372	+	21.31	35.56	>	6	18	72
466	chr1	69165377	69165358	+	21.31	25.0	>	6	18	72
467	chr1	192727176	192727157	+	21.28	21.9	>	6	18	72
468	chr9	50438293	50438274	-	21.2	27.17	>	6	18	72
469	chr15	46990407	46990388	-	21.14	10.516	>	6	18	72
470	chr13	73646874	73646855	+	21.14	37.5	>	6	18	72
471	chr16	67089956	67089937	+	21.12	15.94	>	6	18	72
472	chr2	83332995	83332976	-	21.02	18.14	>	6	18	72
473	chr8	10415030	10415011	+	21.0	37.3	>	6	18	72
474	chr1	35716149	35716130	-	20.89	18.69	>	6	18	72
475	chr7	43920039	43920020	-	20.83	34.3	>	6	18	72
476	chr8	15138726	15138707	+	20.81	41.03	>	6	18	72
477	chr13	6515705	6515686	+	20.8	28.08	>	6	18	72
478	chr2	64948996	64948977	-	20.72	23.2	>	6	18	72
479	chr19	20345737	20345718	+	20.7	55.44	>	6	18	72
480	chr5	33994851	33994832	+	20.64	14.97	>	6	18	72
481	chr14	76479953	76479934	+	20.62	37.16	>	6	18	72
482	chr3	144737048	144737029	+	20.58	28.33	>	6	18	72
483	chr2	13597223	13597204	-	20.5	12.72	>	6	18	72
484	chr9	118908437	118908418	-	20.5	27.45	>	6	18	72
485	chr4	153484615	153484596	-	20.39	17.89	>	6	18	72
486	chr19	12433211	12433192	+	20.36	28.34	>	6	18	72
487	chr15	31611224	31611205	+	20.34	11.17	>	6	18	72
488	chr3	107206198	107206179	+	20.34	39.22	>	6	18	72
489	chr17	86909946	86909927	+	20.31	22.38	>	6	18	72
490	chr7	89473669	89473650	-	20.22	24.19	>	6	18	72
491	chr6	35252603	35252584	+	20.22	32.56	>	6	18	72
492	chr6	126168001	126167982	-	20.17	8.76	>	6	18	72
493	chr16	42169942	42169923	+	20.12	43.34	>	6	18	72
494	chr6	90607354	90607335	+	20.11	24.86	>	6	18	72
495	chr6	31664664	31664645	+	20.11	41.5	>	6	18	72
496	chr13	100002039	100002020	+	20.02	21.73	>	6	18	72
497	chr6	97523337	97523318	-	19.97	25.72	>	6	18	72
498	chr4	123529452	123529433	-	19.95	17.69	>	6	18	72
499	chr18	53744741	53744722	-	19.94	29.1	>	6	18	72
500	chr9	13849232	13849213	+	19.9	15.484	>	6	18	72
501	chr15	14052128	14052109	-	19.89	12.375	>	6	18	72
502	chr3	68053761	68053742	-	19.88	27.33	>	6	18	72
503	chr14	50799990	50799971	+	19.83	30.28	>	6	18	72
504	chr8	50292348	50292329	+	19.83	31.36	>	6	18	72
505	chr19	52993242	52993223	-	19.81	45.25	>	6	18	72
506	chr8	24546435	24546416	-	19.8	56.1	>	6	18	72
507	chr2	166085186	166085167	+	19.78	40.2	>	6	18	72
508	chr15	80260893	80260874	-	19.75	33.7	>	6	18	72
509	chr18	75606699	75606680	+	19.72	50.94	>	6	18	72
510	chr2	135957961	135957942	-	19.69	27.1	>	6	18	72
511	chr11	75179118	75179099	+	19.67	22.83	>	6	18	72
512	chr6	77628987	77628968	+	19.66	40.56	>	6	18	72
513	chr4	82614384	82614365	-	19.62	15.836	>	6	18	72
514	chr17	27190013	27189994	+	19.5	26.89	>	6	18	72
515	chr14	121451301	121451282	-	19.45	26.11	>	6	18	72
516	chr9	69987821	69987802	-	19.44	12.234	>	6	18	72
517	chr6	40479902	40479883	+	19.42	24.72	>	6	18	72
518	chr4	82619779	82619760	-	19.42	11.22	>	6	18	72
519	chr2	160593235	160593216	-	19.4	45.8	>	6	18	72
520	chr4	48691990	48691971	+	19.4	34.88	>	6	18	72
521	chr1	11140123	11140104	-	19.39	7.324	>	6	18	72
522	chr6	67858160	67858141	+	19.36	18.55	>	6	18	72
523	chr1	91914028	91914009	+	19.36	22.06	>	6	18	72
524	chr15	76196896	76196877	+	19.33	35.8	>	6	18	72
525	chr11	43767011	43766992	+	19.27	27.44	>	6	18	72
526	chr17	8463677	8463658	+	19.23	31.38	>	6	18	72
527	chr2	60442102	60442083	-	19.22	10.555	>	6	18	72
528	chr10	8242562	8242543	+	19.2	18.4	>	6	18	72
529	chr15	8382407	8382388	+	19.16	11.64	>	6	18	72
530	chr19	11360302	11360283	+	19.14	15.06	>	6	18	72
531	chr12	79305335	79305316	+	19.11	29.94	>	6	18	72
532	chr13	38992697	38992678	+	19.03	12.445	>	6	18	72
533	chr8	91147955	91147936	-	19.0	26.05	>	6	18	72
534	chr13	64443476	64443457	+	19.0	35.6	>	6	18	72
535	chr8	117898214	117898195	+	18.92	34.16	>	6	18	72
536	chr11	42423473	42423454	-	18.77	18.48	>	6	18	72
537	chr9	114957195	114957176	-	18.77	27.38	>	6	18	72
538	chr5	149647926	149647907	+	18.72	23.06	>	6	18	72
539	chr5	128440068	128440049	-	18.69	40.7	>	6	18	72
540	chr6	90606762	90606743	-	18.67	32.6	>	6	18	72
541	chr10	58560031	58560012	+	18.67	23.25	>	6	18	72
542	chr18	25538443	25538424	+	18.66	23.94	>	6	18	72
543	chr11	22987510	22987491	+	18.56	23.83	>	6	18	72
544	chr13	57269837	57269818	-	18.55	36.6	>	6	18	72
545	chr13	53096854	53096835	-	18.55	32.88	>	6	18	72
546	chr7	124783020	124783001	-	18.55	23.44	>	6	18	72
547	chr7	40687242	40687223	-	18.52	26.28	>	6	18	72
548	chr4	109438113	109438094	+	18.45	31.61	>	6	18	72
549	chr13	46663777	46663758	-	18.45	5.215	>	6	18	72
550	chr2	21927862	21927843	-	18.45	17.72	>	6	18	72
551	chr11	72564476	72564457	-	18.39	17.95	>	6	18	72
552	chr14	57362951	57362932	-	18.3	10.125	>	6	18	72
553	chr13	54063511	54063492	-	18.3	12.516	>	6	18	72
554	chr8	127191530	127191511	+	18.27	39.03	>	6	18	72
555	chr4	24249781	24249762	+	18.25	8.38	>	6	18	72
556	chr1	175603551	175603532	-	18.2	12.0	>	6	18	72
557	chr7	131897479	131897460	+	18.19	16.34	>	6	18	72
558	chr2	125259455	125259436	-	18.17	32.72	>	6	18	72
559	chr8	11943262	11943243	-	18.0	20.05	>	6	18	72
560	chr13	74861814	74861795	+	17.98	11.664	>	6	18	72
561	chr3	37302880	37302861	-	17.98	17.84	>	6	18	72
562	chr2	165391753	165391734	+	17.95	20.97	>	6	18	72
563	chr1	167669968	167669949	-	17.94	39.3	>	6	18	72
564	chr14	24311319	24311300	+	17.89	24.48	>	6	18	72
565	chr6	125622660	125622641	+	17.86	24.67	>	6	18	72
566	chr16	91694897	91694878	+	17.83	21.03	>	6	18	72
567	chr7	100886752	100886733	-	17.8	33.3	>	6	18	72
568	chr2	165779092	165779073	+	17.7	43.9	>	6	18	72
569	chr4	118988734	118988715	-	17.7	12.37	>	6	18	72
570	chr9	111939788	111939769	+	17.64	16.92	>	6	18	72
571	chr9	40806571	40806552	+	17.64	39.78	>	6	18	72
572	chr19	21571392	21571373	+	17.64	11.9	>	6	18	72
573	chr10	49785057	49785038	-	17.56	2.498	>	6	18	72
574	chr3	84922220	84922201	+	17.47	28.94	>	6	18	72
575	chr12	7991018	7990999	+	17.47	17.66	>	6	18	72
576	chr8	106687694	106687675	+	17.45	42.0	>	6	18	72
577	chr19	15998346	15998327	+	17.33	27.56	>	6	18	72
578	chr10	30838389	30838370	+	17.3	7.543	>	6	18	72
579	chr2	6469364	6469345	-	17.28	15.65	>	6	18	72
580	chr9	59678540	59678521	-	17.28	29.06	>	6	18	72
581	chr18	60143536	60143517	-	17.25	6.348	>	6	18	72
582	chr2	76114972	76114953	-	17.25	26.88	>	6	18	72
583	chr1	192722361	192722342	-	17.23	36.0	>	6	18	72
584	chr13	6737153	6737134	+	17.23	24.25	>	6	18	72
585	chr10	116199232	116199213	+	17.23	24.89	>	6	18	72
586	chr18	6627309	6627290	+	17.06	30.4	>	6	18	72
587	chr7	117375969	117375950	-	17.03	13.42	>	6	18	72
588	chr11	7200225	7200206	+	17.03	39.34	>	6	18	72
589	chr3	152474817	152474798	+	16.98	9.51	>	6	18	72
590	chr12	4107565	4107546	+	16.97	22.11	>	6	18	72
591	chr18	78212287	78212268	-	16.83	18.31	>	6	18	72
592	chr2	17842170	17842151	-	16.81	6.844	>	6	18	72
593	chr5	112429191	112429172	-	16.78	14.19	>	6	18	72
594	chr9	54169687	54169668	+	16.73	16.64	>	6	18	72
595	chr9	78597063	78597044	+	16.73	17.98	>	6	18	72
596	chr2	125556029	125556010	+	16.69	19.19	>	6	18	72
597	chr4	86545837	86545818	-	16.69	26.34	>	6	18	72
598	chr11	34229190	34229171	+	16.55	19.56	>	6	18	72
599	chr13	60479163	60479144	+	16.52	1.697	>	6	18	72
600	chr11	57788119	57788100	+	16.36	29.88	>	6	18	72
601	chr5	117504639	117504620	+	16.36	53.34	>	6	18	72
602	chr1	128368923	128368904	+	16.28	14.01	>	6	18	72
603	chr14	51098507	51098488	-	16.28	41.22	>	6	18	72
604	chr10	14404268	14404249	+	16.23	20.66	>	6	18	72
605	chr18	65752297	65752278	-	16.1	16.11	>	6	18	72
606	chr3	59077498	59077479	+	16.1	40.72	>	6	18	72
607	chr1	119919473	119919454	+	16.06	20.62	>	6	18	72
608	chr1	86598699	86598680	+	16.03	48.72	>	6	18	72
609	chr1	80178208	80178189	-	16.0	17.12	>	6	18	72
610	chr15	64132164	64132145	+	15.96	15.336	>	6	18	72
611	chr2	4652218	4652199	-	15.91	22.83	>	6	18	72
612	chr9	40805489	40805470	-	15.86	35.53	>	6	18	72
613	chr13	30549079	30549060	-	15.805	25.34	>	6	18	72
614	chr3	82350530	82350511	-	15.805	7.78	>	6	18	72
615	chr7	81155234	81155215	-	15.805	19.0	>	6	18	72
616	chr4	107701325	107701306	-	15.8	18.55	>	6	18	72
617	chr11	76655250	76655231	+	15.8	25.19	>	6	18	72
618	chr7	122945377	122945358	+	15.72	20.64	>	6	18	72
619	chr16	32697312	32697293	+	15.695	24.02	>	6	18	72
620	chr13	114460825	114460806	-	15.65	8.25	>	6	18	72
621	chr19	59389409	59389390	+	15.65	31.4	>	6	18	72
622	chr7	45451495	45451476	+	15.64	35.4	>	6	18	72
623	chr15	85599066	85599047	+	15.625	30.86	>	6	18	72
624	chr10	9012998	9012979	+	15.6	21.77	>	6	18	72
625	chr13	24318872	24318853	-	15.58	11.58	>	6	18	72
626	chr3	123506917	123506898	-	15.53	17.17	>	6	18	72
627	chr13	101719731	101719712	-	15.48	25.34	>	6	18	72
628	chr12	12412898	12412879	-	15.43	30.47	>	6	18	72
629	chr10	127342496	127342477	-	15.4	29.73	>	6	18	72
630	chr7	28972871	28972852	+	15.39	21.2	>	6	18	72
631	chr5	130862481	130862462	+	15.33	29.22	>	6	18	72
632	chr13	53779354	53779335	+	15.31	23.8	>	6	18	72
633	chr11	51582940	51582921	-	15.305	26.1	>	6	18	72
634	chr3	34150257	34150238	+	15.3	17.19	>	6	18	72
635	chr9	30423156	30423137	-	15.29	30.31	>	6	18	72
636	chr1	55886585	55886566	+	15.29	16.73	>	6	18	72
637	chr8	121104251	121104232	+	15.28	31.56	>	6	18	72
638	chr2	31683894	31683875	+	15.27	30.73	>	6	18	72
639	chr9	121458682	121458663	+	15.27	42.72	>	6	18	72
640	chr13	111421545	111421526	+	15.22	27.25	>	6	18	72
641	chr18	56572965	56572946	+	15.22	32.7	>	6	18	72
642	chr18	42593315	42593296	+	15.2	8.75	>	6	18	72
643	chr8	118287683	118287664	+	15.2	7.145	>	6	18	72
644	chr14	47742843	47742824	+	15.18	9.65	>	6	18	72
645	chr1	184791312	184791293	-	15.164	27.39	>	6	18	72
646	chr6	106800166	106800147	-	15.1	18.75	>	6	18	72
647	chr11	12025880	12025861	+	15.06	18.02	>	6	18	72
648	chr5	129594341	129594322	-	15.03	29.4	>	6	18	72
649	chr13	16005724	16005705	+	15.016	13.71	>	6	18	72
650	chr14	65597230	65597211	+	15.016	14.01	>	6	18	72
651	chr5	99900280	99900261	-	14.95	10.75	>	6	18	72
652	chr8	11421350	11421331	-	14.945	26.12	>	6	18	72
653	chr19	4755748	4755729	+	14.93	24.55	>	6	18	72
654	chr10	110733540	110733521	-	14.914	16.5	>	6	18	72
655	chr5	67752088	67752069	+	14.89	18.31	>	6	18	72
656	chr9	77381774	77381755	-	14.85	26.45	>	6	18	72
657	chr18	81951830	81951811	-	14.76	34.06	>	6	18	72
658	chr1	86059644	86059625	+	14.734	30.22	>	6	18	72
659	chr1	52630636	52630617	-	14.734	9.89	>	6	18	72
660	chr2	174308107	174308088	+	14.69	14.67	>	6	18	72
661	chr11	99364649	99364630	-	14.6	16.03	>	6	18	72
662	chr13	109558424	109558405	+	14.49	16.98	>	6	18	72
663	chr12	58201405	58201386	-	14.48	6.883	>	6	18	72
664	chr7	137471937	137471918	+	14.445	28.83	>	6	18	72
665	chr17	26916803	26916784	+	14.414	25.05	>	6	18	72
666	chr5	87871626	87871607	-	14.414	20.39	>	6	18	72
667	chr2	125252443	125252424	+	14.414	25.9	>	6	18	72
668	chr1	9549185	9549166	+	14.414	19.5	>	6	18	72
669	chr11	11788608	11788589	-	14.38	31.97	>	6	18	72
670	chr7	43928727	43928708	+	14.36	11.45	>	6	18	72
671	chr10	60760656	60760637	-	14.31	36.9	>	6	18	72
672	chr6	17362958	17362939	+	14.31	3.076	>	6	18	72
673	chr1	136521528	136521509	-	14.305	21.69	>	6	18	72
674	chr2	153147934	153147915	+	14.28	18.94	>	6	18	72
675	chr8	61522313	61522294	+	14.266	28.28	>	6	18	72
676	chr18	56759303	56759284	+	14.266	12.61	>	6	18	72
677	chr14	115451146	115451127	-	14.234	4.215	>	6	18	72
678	chr1	176218428	176218409	+	14.195	14.99	>	6	18	72
679	chr15	97665520	97665501	-	14.18	30.02	>	6	18	72
680	chr13	20299620	20299601	+	14.18	33.25	>	6	18	72
681	chr9	59969601	59969582	-	14.14	17.69	>	6	18	72
682	chr16	57611975	57611956	+	14.055	18.66	>	6	18	72
683	chr12	15816144	15816125	+	13.984	8.52	>	6	18	72
684	chr15	82271381	82271362	-	13.95	28.55	>	6	18	72
685	chr7	74363644	74363625	-	13.95	40.8	>	6	18	72
686	chr3	73066293	73066274	+	13.95	16.86	>	6	18	72
687	chr1	118772515	118772496	-	13.945	30.34	>	6	18	72
688	chr4	110020493	110020474	-	13.94	26.28	>	6	18	72
689	chr3	34639420	34639401	-	13.94	14.87	>	6	18	72
690	chr2	131530224	131530205	-	13.92	25.86	>	6	18	72
691	chr4	20024128	20024109	+	13.91	12.516	>	6	18	72
692	chr8	74980870	74980851	-	13.81	30.2	>	6	18	72
693	chr18	75757719	75757700	+	13.734	18.78	>	6	18	72
694	chr7	89908147	89908128	-	13.72	13.79	>	6	18	72
695	chr4	150257406	150257387	+	13.72	23.58	>	6	18	72
696	chr2	55022781	55022762	-	13.664	7.77	>	6	18	72
697	chr18	64506771	64506752	-	13.63	18.4	>	6	18	72
698	chr14	123353156	123353137	-	13.61	11.6	>	6	18	72
699	chr4	139872794	139872775	+	13.59	35.75	>	6	18	72
700	chr13	51839869	51839850	+	13.586	21.19	>	6	18	72
701	chr5	146162789	146162770	+	13.516	23.42	>	6	18	72
702	chr9	83785201	83785182	+	13.49	14.66	>	6	18	72
703	chr3	59079480	59079461	+	13.44	28.77	>	6	18	72
704	chr10	11345312	11345293	-	13.375	5.086	>	6	18	72
705	chr11	46252188	46252169	-	13.34	28.12	>	6	18	72
706	chr4	85404971	85404952	+	13.32	14.11	>	6	18	72
707	chr4	130738774	130738755	+	13.31	16.47	>	6	18	72
708	chr5	86432914	86432895	+	13.305	16.02	>	6	18	72
709	chr3	22306829	22306810	+	13.266	18.6	>	6	18	72
710	chr2	91930225	91930206	-	13.25	19.55	>	6	18	72
711	chr6	108417714	108417695	+	13.234	10.66	>	6	18	72
712	chr12	17011790	17011771	-	13.16	20.73	>	6	18	72
713	chr5	87551137	87551118	-	13.15	21.52	>	6	18	72
714	chr4	106227683	106227664	-	13.14	14.38	>	6	18	72
715	chr4	139877472	139877453	+	13.1	27.4	>	6	18	72
716	chr1	88742593	88742574	-	13.086	17.75	>	6	18	72
717	chr3	52254088	52254069	+	13.02	34.16	>	6	18	72
718	chr9	73159469	73159450	+	12.99	27.5	>	6	18	72
719	chr7	29297253	29297234	-	12.984	28.8	>	6	18	72
720	chr13	116312336	116312317	-	12.93	10.21	>	6	18	72
721	chr2	157117146	157117127	-	12.91	21.92	>	6	18	72
722	chr9	60243712	60243693	+	12.89	13.59	>	6	18	72
723	chr1	179845066	179845047	-	12.88	17.89	>	6	18	72
724	chr11	103332754	103332735	+	12.875	24.97	>	6	18	72
725	chr1	53032774	53032755	-	12.87	13.05	>	6	18	72
726	chr8	45345197	45345178	+	12.81	16.72	>	6	18	72
727	chr12	113216133	113216114	+	12.74	53.7	>	6	18	72
728	chr15	36152194	36152175	-	12.72	16.9	>	6	18	72
729	chr1	72876274	72876255	+	12.69	17.11	>	6	18	72
730	chr9	14774009	14773990	+	12.664	9.0	>	6	18	72
731	chr12	74317197	74317178	-	12.664	11.76	>	6	18	72
732	chr7	107819649	107819630	-	12.64	16.3	>	6	18	72
733	chr13	55327907	55327888	+	12.64	17.61	>	6	18	72
734	chr3	54796015	54795996	+	12.63	22.77	>	6	18	72
735	chr6	60963937	60963918	+	12.61	7.094	>	6	18	72
736	chr8	21981891	21981872	-	12.61	17.33	>	6	18	72
737	chr10	38269349	38269330	-	12.52	19.28	>	6	18	72
738	chr6	51170619	51170600	-	12.5	20.02	>	6	18	72
739	chr2	148110356	148110337	-	12.43	16.03	>	6	18	72
740	chr1	88301823	88301804	-	12.42	19.61	>	6	18	72
741	chr6	115037959	115037940	-	12.33	15.375	>	6	18	72
742	chr16	11980974	11980955	+	12.33	3.668	>	6	18	72
743	chr15	44832771	44832752	-	12.31	24.2	>	6	18	72
744	chr19	26193888	26193869	-	12.29	7.65	>	6	18	72
745	chr17	8988263	8988244	-	12.29	10.71	>	6	18	72
746	chr14	66358860	66358841	+	12.28	18.22	>	6	18	72
747	chr12	40832432	40832413	-	12.26	13.56	>	6	18	72
748	chr2	53206958	53206939	-	12.18	12.55	>	6	18	72
749	chr16	42914617	42914598	+	12.16	7.133	>	6	18	72
750	chr11	111523686	111523667	-	12.14	23.53	>	6	18	72
751	chr6	121556678	121556659	+	12.11	18.8	>	6	18	72
752	chr7	43926199	43926180	-	12.1	21.69	>	6	18	72
753	chr3	3311028	3311009	+	12.09	10.74	>	6	18	72
754	chr12	17018680	17018661	+	12.04	21.19	>	6	18	72
755	chr18	33794794	33794775	+	11.97	24.89	>	6	18	72
756	chr15	73791915	73791896	+	11.96	24.61	>	6	18	72
757	chr12	82489256	82489237	+	11.945	11.805	>	6	18	72
758	chr19	37559803	37559784	+	11.91	21.4	>	6	18	72
759	chr12	36195155	36195136	-	11.91	7.07	>	6	18	72
760	chr3	30515246	30515227	-	11.875	11.664	>	6	18	72
761	chr19	27426681	27426662	-	11.81	11.945	>	6	18	72
762	chr2	75590427	75590408	-	11.75	21.66	>	6	18	72
763	chr2	17849498	17849479	+	11.75	6.633	>	6	18	72
764	chr9	83371155	83371136	-	11.75	6.18	>	6	18	72
765	chr9	30936846	30936827	-	11.734	17.67	>	6	18	72
766	chr15	94690037	94690018	+	11.73	23.03	>	6	18	72
767	chr2	147379133	147379114	+	11.69	9.875	>	6	18	72
768	chr4	121232314	121232295	-	11.664	7.945	>	6	18	72
769	chr18	56333219	56333200	-	11.64	4.934	>	6	18	72
770	chr16	25952209	25952190	-	11.64	6.688	>	6	18	72
771	chr13	94976326	94976307	+	11.63	16.62	>	6	18	72
772	chr2	30942898	30942879	-	11.57	22.28	>	6	18	72
773	chr6	104479441	104479422	+	11.55	10.57	>	6	18	72
774	chr5	113080039	113080020	-	11.52	26.94	>	6	18	72
775	chr16	30550607	30550588	-	11.52	17.62	>	6	18	72
776	chr1	160194976	160194957	+	11.51	18.28	>	6	18	72
777	chr11	56116782	56116763	-	11.48	30.47	>	6	18	72
778	chr6	112484521	112484502	-	11.48	12.14	>	6	18	72
779	chr14	21853546	21853527	-	11.445	30.66	>	6	18	72
780	chr9	58534993	58534974	+	11.414	20.97	>	6	18	72
781	chr17	73302318	73302299	+	11.414	39.62	>	6	18	72
782	chr1	85842459	85842440	-	11.41	14.02	>	6	18	72
783	chr17	16926410	16926391	-	11.35	2.584	>	6	18	72
784	chr12	29894861	29894842	+	11.31	16.72	>	6	18	72
785	chr2	127832989	127832970	+	11.22	7.293	>	6	18	72
786	chr16	20724653	20724634	+	11.18	15.11	>	6	18	72
787	chr1	180811112	180811093	-	11.164	28.33	>	6	18	72
788	chr13	109210611	109210592	-	11.16	17.5	>	6	18	72
789	chr18	5990207	5990188	-	11.14	3.14	>	6	18	72
790	chr18	12102268	12102249	-	11.125	23.38	>	6	18	72
791	chr19	59380193	59380174	+	11.08	23.9	>	6	18	72
792	chr2	101665476	101665457	+	11.055	26.06	>	6	18	72
793	chr12	108541242	108541223	-	11.02	27.9	>	6	18	72
794	chr2	32583648	32583629	+	11.016	30.19	>	6	18	72
795	chr1	181881807	181881788	-	10.98	11.91	>	6	18	72
796	chr5	117506576	117506557	+	10.94	40.06	>	6	18	72
797	chr1	38789153	38789134	+	10.89	22.95	>	6	18	72
798	chr10	102445139	102445120	-	10.875	19.4	>	6	18	72
799	chr12	81788941	81788922	+	10.87	12.51	>	6	18	72
800	chr9	78233462	78233443	-	10.86	15.93	>	6	18	72
801	chr10	96618527	96618508	+	10.86	3.014	>	6	18	72
802	chr8	84639419	84639400	-	10.85	34.7	>	6	18	72
803	chr17	8468905	8468886	+	10.85	20.27	>	6	18	72
804	chr2	67535551	67535532	+	10.83	7.83	>	6	18	72
805	chr18	52947340	52947321	+	10.82	10.15	>	6	18	72
806	chr13	72625410	72625391	-	10.78	6.715	>	6	18	72
807	chr11	31942449	31942430	+	10.69	22.72	>	6	18	72
808	chr1	6190743	6190724	-	10.63	7.344	>	6	18	72
809	chr7	74367549	74367530	+	10.6	15.16	>	6	18	72
810	chr4	22482970	22482951	+	10.58	4.45	>	6	18	72
811	chr13	20298018	20297999	+	10.56	24.86	>	6	18	72
812	chr16	75325511	75325492	-	10.484	5.44	>	6	18	72
813	chr6	54586377	54586358	+	10.44	8.14	>	6	18	72
814	chr14	59604211	59604192	-	10.375	15.664	>	6	18	72
815	chr2	107946040	107946021	-	10.31	11.08	>	6	18	72
816	chr1	62701219	62701200	-	10.3	12.74	>	6	18	72
817	chr7	75914120	75914101	+	10.266	24.1	>	6	18	72
818	chr5	98167679	98167660	+	10.26	12.875	>	6	18	72
819	chr9	99671799	99671780	+	10.23	22.52	>	6	18	72
820	chr1	179847901	179847882	+	10.16	11.88	>	6	18	72
821	chr15	80080817	80080798	-	10.15	32.28	>	6	18	72
822	chr6	137747756	137747737	-	10.09	27.12	>	6	18	72
823	chr6	77249625	77249606	-	10.09	6.945	>	6	18	72
824	chr5	149049190	149049171	-	10.08	15.81	>	6	18	72
825	chr18	32814407	32814388	-	10.07	2.566	>	6	18	72
826	chr11	46258405	46258386	-	10.06	20.3	>	6	18	72
827	chr11	81974830	81974811	-	10.01	5.44	>	6	18	72
828	chr19	48414047	48414028	+	9.99	12.77	>	6	18	72
829	chr11	34836484	34836465	+	9.86	20.75	>	6	18	72
830	chr17	24437345	24437326	-	9.81	19.33	>	6	18	72
831	chr6	59208753	59208734	-	9.734	12.92	>	6	18	72
832	chr13	37325694	37325675	-	9.734	20.84	>	6	18	72
833	chr11	43412967	43412948	-	9.72	22.2	>	6	18	72
834	chr13	49651342	49651323	-	9.71	2.496	>	6	18	72
835	chr7	143151380	143151361	+	9.69	18.05	>	6	18	72
836	chr16	4285478	4285459	-	9.67	7.94	>	6	18	72
837	chr11	29715017	29714998	-	9.664	9.12	>	6	18	72
838	chr3	134654263	134654244	+	9.62	3.898	>	6	18	72
839	chr8	28978824	28978805	-	9.57	7.504	>	6	18	72
840	chr13	54062269	54062250	-	9.55	10.02	>	6	18	72
841	chr9	32585514	32585495	+	9.516	12.72	>	6	18	72
842	chr7	73648212	73648193	-	9.484	13.375	>	6	18	72
843	chr19	27425889	27425870	-	9.44	11.26	>	6	18	72
844	chr13	100854377	100854358	-	9.42	17.78	>	6	18	72
845	chr5	140749784	140749765	-	9.414	22.17	>	6	18	72
846	chr4	127027444	127027425	+	9.4	22.48	>	6	18	72
847	chr11	109221866	109221847	-	9.3	9.67	>	6	18	72
848	chr16	16596794	16596775	+	9.28	5.977	>	6	18	72
849	chr2	128605294	128605275	-	9.25	9.07	>	6	18	72
850	chr2	61492265	61492246	+	9.25	6.99	>	6	18	72
851	chr10	74217479	74217460	+	9.22	7.7	>	6	18	72
852	chr9	68016722	68016703	+	9.2	8.305	>	6	18	72
853	chr6	144248136	144248117	+	9.19	7.742	>	6	18	72
854	chr13	51191948	51191929	+	9.17	5.492	>	6	18	72
855	chr2	103424848	103424829	-	9.164	12.29	>	6	18	72
856	chr7	64751734	64751715	-	9.13	16.66	>	6	18	72
857	chr7	27160004	27159985	+	9.125	14.17	>	6	18	72
858	chr13	95986545	95986526	+	9.08	13.76	>	6	18	72
859	chr5	135118653	135118634	+	9.08	29.22	>	6	18	72
860	chr10	49786914	49786895	-	9.07	0.785	>	6	18	72
861	chr1	51639072	51639053	+	9.02	3.22	>	6	18	72
862	chr14	105307894	105307875	+	8.95	2.453	>	6	18	72
863	chr19	40231990	40231971	-	8.95	19.89	>	6	18	72
864	chr10	69656526	69656507	+	8.95	12.99	>	6	18	72
865	chr7	142714879	142714860	-	8.945	27.2	>	6	18	72
866	chr6	129256260	129256241	-	8.93	14.53	>	6	18	72
867	chr5	138199783	138199764	+	8.9	8.414	>	6	18	72
868	chr8	36193738	36193719	+	8.89	10.43	>	6	18	72
869	chr11	49597354	49597335	+	8.87	6.92	>	6	18	72
870	chr1	139405977	139405958	-	8.86	4.043	>	6	18	72
871	chr3	124289118	124289099	-	8.84	12.69	>	6	18	72
872	chr9	13196005	13195986	-	8.83	30.6	>	6	18	72
873	chr14	115819240	115819221	+	8.83	10.71	>	6	18	72
874	chr5	146914595	146914576	+	8.82	39.7	>	6	18	72
875	chr4	119223866	119223847	-	8.766	16.34	>	6	18	72
876	chr15	85879204	85879185	-	8.76	17.27	>	6	18	72
877	chr4	124682485	124682466	+	8.7	17.45	>	6	18	72
878	chr17	34956526	34956507	+	8.695	22.17	>	6	18	72
879	chr12	39494054	39494035	-	8.65	2.455	>	6	18	72
880	chr9	34485824	34485805	-	8.625	10.6	>	6	18	72
881	chr2	180786948	180786929	+	8.57	17.27	>	6	18	72
882	chr4	62230989	62230970	+	8.57	12.25	>	6	18	72
883	chr2	16357480	16357461	+	8.55	2.205	>	6	18	72
884	chr17	9759516	9759497	+	8.54	11.53	>	6	18	72
885	chr10	13018670	13018651	+	8.54	19.64	>	6	18	72
886	chr4	32570820	32570801	-	8.52	6.645	>	6	18	72
887	chr9	86451919	86451900	-	8.49	16.77	>	6	18	72
888	chr7	139590495	139590476	+	8.49	20.39	>	6	18	72
889	chr16	31944169	31944150	+	8.445	14.11	>	6	18	72
890	chr3	104701211	104701192	-	8.44	24.84	>	6	18	72
891	chr2	160955546	160955527	-	8.414	14.05	>	6	18	72
892	chr18	32811889	32811870	+	8.4	4.918	>	6	18	72
893	chr14	115042240	115042221	-	8.4	14.734	>	6	18	72
894	chr2	28464119	28464100	-	8.33	19.16	>	6	18	72
895	chr2	76369931	76369912	+	8.28	9.1	>	6	18	72
896	chr3	107605512	107605493	+	8.28	12.57	>	6	18	72
897	chr14	121220891	121220872	-	8.23	10.8	>	6	18	72
898	chr1	103796539	103796520	+	8.22	10.74	>	6	18	72
899	chr16	23151589	23151570	+	8.21	3.11	>	6	18	72
900	chr5	33371346	33371327	-	8.19	15.74	>	6	18	72
901	chr13	103121088	103121069	-	8.18	6.016	>	6	18	72
902	chr10	60760529	60760510	+	8.14	24.72	>	6	18	72
903	chr1	169921787	169921768	+	8.12	12.62	>	6	18	72
904	chr13	42826816	42826797	-	8.11	17.0	>	6	18	72
905	chr6	72601930	72601911	+	8.11	24.06	>	6	18	72
906	chr7	81345319	81345300	-	7.99	7.87	>	6	18	72
907	chr11	33934471	33934452	+	7.98	18.27	>	6	18	72
908	chr18	77044808	77044789	-	7.97	11.42	>	6	18	72
909	chr7	67217278	67217259	+	7.926	7.28	>	6	18	72
910	chr2	164074027	164074008	+	7.906	10.22	>	6	18	72
911	chr3	45373410	45373391	+	7.855	1.438	>	6	18	72
912	chr1	152768355	152768336	-	7.84	9.35	>	6	18	72
913	chr11	102267665	102267646	-	7.81	17.44	>	6	18	72
914	chr11	43411664	43411645	-	7.81	21.72	>	6	18	72
915	chr2	129880054	129880035	+	7.805	6.484	>	6	18	72
916	chr11	81972241	81972222	+	7.797	9.07	>	6	18	72
917	chr9	65581143	65581124	-	7.793	11.17	>	6	18	72
918	chr4	106228720	106228701	+	7.727	13.9	>	6	18	72
919	chr6	119467876	119467857	+	7.703	18.1	>	6	18	72
920	chr10	122794511	122794492	+	7.695	15.734	>	6	18	72
921	chr14	34813484	34813465	-	7.69	11.805	>	6	18	72
922	chr15	19280629	19280610	+	7.68	3.066	>	6	18	72
923	chr13	38235597	38235578	-	7.676	11.836	>	6	18	72
924	chr13	21710105	21710086	+	7.67	14.95	>	6	18	72
925	chr11	104231353	104231334	-	7.67	18.38	>	6	18	72
926	chr6	86401304	86401285	-	7.64	23.28	>	6	18	72
927	chr4	24245320	24245301	-	7.633	3.027	>	6	18	72
928	chr9	29655082	29655063	+	7.613	20.11	>	6	18	72
929	chr9	58535957	58535938	-	7.605	16.9	>	6	18	72
930	chr5	112427478	112427459	-	7.598	9.93	>	6	18	72
931	chr4	140539353	140539334	-	7.58	22.9	>	6	18	72
932	chr14	105302910	105302891	+	7.57	4.605	>	6	18	72
933	chr7	19713404	19713385	-	7.543	26.19	>	6	18	72
934	chr1	127487367	127487348	-	7.52	14.33	>	6	18	72
935	chr19	56806125	56806106	-	7.504	5.934	>	6	18	72
936	chr19	47175662	47175643	-	7.46	21.67	>	6	18	72
937	chr2	150795624	150795605	-	7.44	6.633	>	6	18	72
938	chr2	137114826	137114807	+	7.438	4.08	>	6	18	72
939	chr10	119244230	119244211	+	7.434	4.305	>	6	18	72
940	chr5	117094622	117094603	+	7.42	22.22	>	6	18	72
941	chr11	67100384	67100365	-	7.42	22.83	>	6	18	72
942	chr5	30686988	30686969	+	7.41	18.64	>	6	18	72
943	chr8	105291139	105291120	-	7.41	11.78	>	6	18	72
944	chr7	143470174	143470155	-	7.39	17.94	>	6	18	72
945	chr15	8099290	8099271	-	7.35	8.336	>	6	18	72
946	chr7	119015949	119015930	+	7.34	17.75	>	6	18	72
947	chr17	56306039	56306020	-	7.305	16.48	>	6	18	72
948	chr1	134636895	134636876	+	7.3	5.97	>	6	18	72
949	chr17	65541217	65541198	+	7.258	9.125	>	6	18	72
950	chr14	49218880	49218861	+	7.25	8.47	>	6	18	72
951	chr1	25527154	25527135	+	7.2	7.453	>	6	18	72
952	chr1	146515575	146515556	+	7.18	3.11	>	6	18	72
953	chr9	44109578	44109559	+	7.176	33.9	>	6	18	72
954	chr11	108889358	108889339	+	7.15	8.016	>	6	18	72
955	chr7	138398615	138398596	+	7.117	4.707	>	6	18	72
956	chr5	32204842	32204823	+	7.11	6.15	>	6	18	72
957	chr8	14859581	14859562	+	7.1	5.27	>	6	18	72
958	chr11	95676507	95676488	-	7.09	14.555	>	6	18	72
959	chr6	85141186	85141167	+	7.08	33.56	>	6	18	72
960	chr14	20340404	20340385	-	7.04	15.81	>	6	18	72
961	chr1	193130339	193130320	-	7.023	5.71	>	6	18	72
962	chr9	98032882	98032863	+	6.992	4.73	>	6	18	72
963	chr7	143793289	143793270	+	6.98	21.42	>	6	18	72
964	chr12	32292312	32292293	-	6.895	8.26	>	6	18	72
965	chr17	45724453	45724434	-	6.89	12.125	>	6	18	72
966	chr14	102512314	102512295	+	6.89	1.602	>	6	18	72
967	chr8	11943038	11943019	+	6.88	5.47	>	6	18	72
968	chr7	83553561	83553542	+	6.867	8.27	>	6	18	72
969	chr9	64960779	64960760	-	6.85	16.31	>	6	18	72
970	chr9	30426996	30426977	+	6.832	15.31	>	6	18	72
971	chr11	119249183	119249164	+	6.785	23.48	>	6	18	72
972	chr8	90795542	90795523	+	6.77	10.67	>	6	18	72
973	chr2	113498926	113498907	-	6.766	9.86	>	6	18	72
974	chr13	62926662	62926643	+	6.75	4.73	>	6	18	72
975	chr1	127485025	127485006	+	6.715	16.44	>	6	18	72
976	chr17	78592615	78592596	+	6.715	8.945	>	6	18	72
977	chr2	118246134	118246115	-	6.668	13.72	>	6	18	72
978	chr2	92474875	92474856	-	6.652	13.95	>	6	18	72
979	chr7	17061423	17061404	+	6.645	15.1	>	6	18	72
980	chr10	122090678	122090659	+	6.63	8.38	>	6	18	72
981	chr13	64448147	64448128	+	6.594	17.92	>	6	18	72
982	chr2	34642611	34642592	-	6.562	14.51	>	6	18	72
983	chr5	117509743	117509724	+	6.54	26.92	>	6	18	72
984	chr7	131371109	131371090	+	6.516	4.71	>	6	18	72
985	chr6	94054143	94054124	-	6.5	13.34	>	6	18	72
986	chr14	20697228	20697209	+	6.465	17.88	>	6	18	72
987	chr10	122798121	122798102	+	6.46	15.23	>	6	18	72
988	chr13	14196604	14196585	+	6.45	1.613	>	6	18	72
989	chr3	118991976	118991957	+	6.438	8.26	>	6	18	72
990	chr9	107231295	107231276	-	6.434	7.414	>	6	18	72
991	chr15	24557016	24556997	-	6.418	3.371	>	6	18	72
992	chr2	178407758	178407739	+	6.414	11.43	>	6	18	72
993	chr9	90683476	90683457	-	6.38	1.322	>	6	18	72
994	chr6	22968335	22968316	-	6.34	6.418	>	6	18	72
995	chr12	67217811	67217792	+	6.336	1.95	>	6	18	72
996	chr10	82910438	82910419	+	6.277	10.99	>	6	18	72
997	chr7	49125716	49125697	+	6.258	16.88	>	6	18	72
998	chr11	119491305	119491286	-	6.215	10.81	>	6	18	72
999	chr11	32341308	32341289	-	6.21	14.555	>	6	18	72
1000	chr19	8713406	8713387	+	6.19	10.44	>	6	18	72
1001	chr4	48048044	48048025	+	6.152	6.21	>	6	18	72
1002	chr11	52764825	52764806	+	6.15	7.75	>	6	18	72
1003	chr13	20564636	20564617	-	6.145	4.82	>	6	18	72
1004	chr10	39105011	39104992	-	6.14	7.152	>	6	18	72
1005	chr11	98909856	98909837	-	6.117	18.95	>	6	18	72
1006	chr1	151025102	151025083	+	6.117	4.496	>	6	18	72
1007	chr5	98167777	98167758	-	6.113	9.555	>	6	18	72
1008	chr8	88118562	88118543	+	6.062	3.66	>	6	18	72
1009	chr16	92511934	92511915	+	6.035	16.34	>	6	18	72
1010	chr15	25792295	25792276	-	6.008	6.87	>	6	18	72
1011	chr13	92751194	92751175	+	5.938	12.68	>	6	18	72
1012	chr5	101688793	101688774	-	5.934	12.51	>	6	18	72
1013	chr7	112023252	112023233	+	5.93	8.26	>	6	18	72
1014	chr14	21854038	21854019	-	5.914	27.36	>	6	18	72
1015	chr8	32003733	32003714	-	5.9	2.012	>	6	18	72
1016	chr13	53095394	53095375	-	5.867	6.086	>	6	18	72
1017	chr1	182554179	182554160	+	5.836	10.15	>	6	18	72
1018	chr6	18381568	18381549	+	5.832	1.955	>	6	18	72
1019	chr9	77389590	77389571	+	5.832	5.68	>	6	18	72
1020	chr16	5254481	5254462	-	5.812	12.77	>	6	18	72
1021	chr2	93199625	93199606	+	5.797	14.08	>	6	18	72
1022	chr9	81631651	81631632	-	5.793	3.863	>	6	18	72
1023	chr2	152887412	152887393	-	5.78	4.652	>	6	18	72
1024	chr4	153481137	153481118	-	5.766	3.3	>	6	18	72
1025	chr8	72239706	72239687	-	5.754	5.32	>	6	18	72
1026	chr18	65750236	65750217	-	5.703	2.543	>	6	18	72
1027	chr6	61311882	61311863	-	5.68	7.43	>	6	18	72
1028	chr18	46143625	46143606	+	5.676	6.477	>	6	18	72
1029	chr6	120836118	120836099	+	5.64	7.797	>	6	18	72
1030	chr6	100563990	100563971	-	5.625	4.164	>	6	18	72
1031	chr3	13475098	13475079	-	5.61	1.948	>	6	18	72
1032	chr2	132262968	132262949	+	5.6	7.164	>	6	18	72
1033	chr11	103334169	103334150	+	5.594	12.02	>	6	18	72
1034	chr6	54255029	54255010	+	5.586	4.35	>	6	18	72
1035	chr13	101711018	101710999	+	5.543	9.15	>	6	18	72
1036	chr5	39644761	39644742	-	5.54	3.531	>	6	18	72
1037	chr8	90795201	90795182	-	5.516	4.996	>	6	18	72
1038	chr18	23162646	23162627	+	5.51	1.562	>	6	18	72
1039	chr16	78165563	78165544	+	5.477	7.39	>	6	18	72
1040	chr2	96584106	96584087	-	5.44	3.29	>	6	18	72
1041	chr12	72070473	72070454	+	5.426	11.336	>	6	18	72
1042	chr12	24708691	24708672	+	5.414	9.914	>	6	18	72
1043	chr8	92367135	92367116	-	5.406	6.984	>	6	18	72
1044	chr17	83866777	83866758	+	5.4	23.0	>	6	18	72
1045	chr13	55322636	55322617	-	5.4	7.0	>	6	18	72
1046	chr6	88893771	88893752	-	5.395	16.78	>	6	18	72
1047	chr19	8718731	8718712	-	5.383	8.6	>	6	18	72
1048	chr12	59220179	59220160	-	5.38	2.5	>	6	18	72
1049	chr14	60784526	60784507	+	5.367	16.06	>	6	18	72
1050	chr3	153658591	153658572	+	5.33	6.258	>	6	18	72
1051	chr9	77386949	77386930	-	5.312	12.24	>	6	18	72
1052	chr10	83219903	83219884	+	5.312	6.188	>	6	18	72
1053	chr6	15176967	15176948	-	5.31	2.947	>	6	18	72
1054	chr2	152604207	152604188	-	5.27	19.44	>	6	18	72
1055	chr2	39003369	39003350	-	5.26	1.671	>	6	18	72
1056	chr16	31425707	31425688	-	5.254	13.484	>	6	18	72
1057	chr5	137503018	137502999	-	5.227	3.691	>	6	18	72
1058	chr18	13973086	13973067	-	5.207	0.71	>	6	18	72
1059	chr17	68849016	68848997	-	5.2	1.891	>	6	18	72
1060	chr2	128408931	128408912	-	5.19	8.72	>	6	18	72
1061	chr14	97559790	97559771	-	5.16	2.041	>	6	18	72
1062	chr8	67903864	67903845	-	5.13	6.113	>	6	18	72
1063	chr14	56888181	56888162	-	5.125	3.316	>	6	18	72
1064	chr4	132198465	132198446	+	5.125	11.19	>	6	18	72
1065	chr2	39005861	39005842	-	5.12	3.883	>	6	18	72
1066	chr7	137471679	137471660	-	5.1	19.97	>	6	18	72
1067	chr6	64949075	64949056	+	5.09	5.168	>	6	18	72
1068	chr18	16821148	16821129	+	5.043	1.935	>	6	18	72
1069	chr2	93813566	93813547	+	5.04	13.086	>	6	18	72
1070	chr6	126481478	126481459	-	5.023	10.89	>	6	18	72
1071	chr1	181881093	181881074	-	4.984	10.19	>	6	18	72
1072	chr6	108065822	108065803	-	4.977	6.67	>	6	18	72
1073	chr4	88550373	88550354	+	4.938	4.04	>	6	18	72
1074	chr5	137502167	137502148	+	4.867	8.81	>	6	18	72
1075	chr8	77618148	77618129	-	4.86	4.188	>	6	18	72
1076	chr7	120098024	120098005	+	4.855	7.22	>	6	18	72
1077	chr2	75152706	75152687	-	4.824	10.55	>	6	18	72
1078	chr11	87950193	87950174	+	4.78	11.09	>	6	18	72
1079	chr11	94598936	94598917	-	4.746	10.49	>	6	18	72
1080	chr1	10229119	10229100	+	4.746	0.972	>	6	18	72
1081	chr7	143476888	143476869	+	4.746	8.89	>	6	18	72
1082	chr9	102607693	102607674	-	4.715	3.604	>	6	18	72
1083	chr8	32009749	32009730	+	4.71	6.785	>	6	18	72
1084	chr3	99262117	99262098	-	4.707	1.889	>	6	18	72
1085	chr18	75607987	75607968	+	4.664	23.11	>	6	18	72
1086	chr7	75380211	75380192	-	4.64	2.41	>	6	18	72
1087	chr3	135863108	135863089	+	4.64	3.164	>	6	18	72
1088	chr4	87369015	87368996	-	4.625	9.125	>	6	18	72
1089	chr8	84639535	84639516	+	4.605	13.88	>	6	18	72
1090	chr15	74524301	74524282	+	4.586	13.7	>	6	18	72
1091	chr17	57007316	57007297	-	4.582	9.42	>	6	18	72
1092	chr11	30893985	30893966	+	4.547	0.9004	>	6	18	72
1093	chr19	57360190	57360171	-	4.543	2.654	>	6	18	72
1094	chr8	110102657	110102638	-	4.53	9.24	>	6	18	72
1095	chr7	135389259	135389240	-	4.53	9.336	>	6	18	72
1096	chr4	152527530	152527511	+	4.516	13.99	>	6	18	72
1097	chr13	103710441	103710422	+	4.5	4.57	>	6	18	72
1098	chr10	120896053	120896034	+	4.5	2.322	>	6	18	72
1099	chr18	5155632	5155613	-	4.484	6.39	>	6	18	72
1100	chr12	80141693	80141674	-	4.45	17.05	>	6	18	72
1101	chr5	118763566	118763547	-	4.418	12.81	>	6	18	72
1102	chr12	14150175	14150156	+	4.406	3.688	>	6	18	72
1103	chr10	128990300	128990281	-	4.4	8.03	>	6	18	72
1104	chr10	30834038	30834019	-	4.37	4.473	>	6	18	72
1105	chr6	50618483	50618464	+	4.367	12.766	>	6	18	72
1106	chr15	9748972	9748953	-	4.36	3.496	>	6	18	72
1107	chr16	92308164	92308145	-	4.355	11.22	>	6	18	72
1108	chr2	9881964	9881945	-	4.355	2.918	>	6	18	72
1109	chr8	123106089	123106070	+	4.336	8.18	>	6	18	72
1110	chr5	98346264	98346245	+	4.324	2.342	>	6	18	72
1111	chr10	40249841	40249822	-	4.316	12.23	>	6	18	72
1112	chr3	141457685	141457666	+	4.312	4.707	>	6	18	72
1113	chr9	40192620	40192601	-	4.3	2.145	>	6	18	72
1114	chr9	72448248	72448229	+	4.29	7.78	>	6	18	72
1115	chr13	24316809	24316790	-	4.273	3.682	>	6	18	72
1116	chr1	50927249	50927230	+	4.258	4.5	>	6	18	72
1117	chr11	102690417	102690398	-	4.223	12.195	>	6	18	72
1118	chr4	116627141	116627122	+	4.207	6.52	>	6	18	72
1119	chr15	76198817	76198798	+	4.164	10.72	>	6	18	72
1120	chr15	12113620	12113601	-	4.156	3.312	>	6	18	72
1121	chr1	115675059	115675040	+	4.152	5.223	>	6	18	72
1122	chr2	34644807	34644788	-	4.15	8.266	>	6	18	72
1123	chr2	166084974	166084955	-	4.133	18.12	>	6	18	72
1124	chr11	21571906	21571887	-	4.13	2.105	>	6	18	72
1125	chr15	9449709	9449690	-	4.062	0.543	>	6	18	72
1126	chr5	92664520	92664501	-	4.055	3.326	>	6	18	72
1127	chr12	77001216	77001197	+	4.043	1.105	>	6	18	72
1128	chr6	93757507	93757488	-	4.01	5.273	>	6	18	72
1129	chr19	56302794	56302775	+	4.01	3.797	>	6	18	72
1130	chr13	71954038	71954019	-	4.008	1.19	>	6	18	72
1131	chr4	17852015	17851996	-	4.0	0.8535	>	6	18	72
1132	chr18	39136126	39136107	+	3.992	1.932	>	6	18	72
1133	chr1	153489234	153489215	-	3.99	7.715	>	6	18	72
1134	chr9	66136172	66136153	-	3.988	5.383	>	6	18	72
1135	chr11	109621431	109621412	-	3.979	11.484	>	6	18	72
1136	chr13	91723318	91723299	+	3.959	5.49	>	6	18	72
1137	chr13	3642291	3642272	-	3.959	4.75	>	6	18	72
1138	chr13	47304770	47304751	+	3.957	6.746	>	6	18	72
1139	chr2	121144456	121144437	+	3.953	4.504	>	6	18	72
1140	chr13	93772223	93772204	-	3.928	3.56	>	6	18	72
1141	chr10	70967079	70967060	+	3.916	4.88	>	6	18	72
1142	chr13	59417085	59417066	-	3.91	5.0	>	6	18	72
1143	chr7	102484972	102484953	-	3.883	7.0	>	6	18	72
1144	chr5	38235667	38235648	-	3.879	10.78	>	6	18	72
1145	chr14	56885401	56885382	+	3.87	2.412	>	6	18	72
1146	chr11	75170669	75170650	-	3.861	7.984	>	6	18	72
1147	chr11	77980417	77980398	+	3.846	9.5	>	6	18	72
1148	chr9	94738712	94738693	+	3.828	14.92	>	6	18	72
1149	chr6	140466500	140466481	-	3.816	3.785	>	6	18	72
1150	chr19	57361025	57361006	-	3.814	6.484	>	6	18	72
1151	chr12	58972459	58972440	+	3.777	2.135	>	6	18	72
1152	chr2	61490636	61490617	+	3.775	5.23	>	6	18	72
1153	chr4	44310651	44310632	+	3.762	4.973	>	6	18	72
1154	chr11	52766147	52766128	+	3.734	1.83	>	6	18	72
1155	chr13	72627587	72627568	-	3.717	4.066	>	6	18	72
1156	chr9	23012459	23012440	-	3.71	1.704	>	6	18	72
1157	chr16	31427924	31427905	-	3.705	3.383	>	6	18	72
1158	chr12	29895773	29895754	+	3.691	1.481	>	6	18	72
1159	chr9	73154557	73154538	+	3.666	9.1	>	6	18	72
1160	chr1	127484437	127484418	-	3.66	8.8	>	6	18	72
1161	chr9	107566236	107566217	+	3.656	7.098	>	6	18	72
1162	chr2	68118338	68118319	+	3.652	4.36	>	6	18	72
1163	chr11	11140836	11140817	-	3.629	13.69	>	6	18	72
1164	chr12	74014936	74014917	-	3.627	5.97	>	6	18	72
1165	chr7	138396301	138396282	-	3.621	0.934	>	6	18	72
1166	chr14	103534605	103534586	+	3.617	5.312	>	6	18	72
1167	chr10	115164112	115164093	-	3.613	3.031	>	6	18	72
1168	chr7	119019764	119019745	+	3.598	7.113	>	6	18	72
1169	chr13	96389525	96389506	-	3.588	1.339	>	6	18	72
1170	chr14	74723724	74723705	-	3.586	5.766	>	6	18	72
1171	chr14	55114114	55114095	-	3.57	7.387	>	6	18	72
1172	chr9	62784468	62784449	+	3.562	12.84	>	6	18	72
1173	chr10	127678167	127678148	-	3.541	2.129	>	6	18	72
1174	chr17	55948218	55948199	-	3.535	4.3	>	6	18	72
1175	chr11	78183263	78183244	-	3.525	12.305	>	6	18	72
1176	chr6	59207403	59207384	-	3.508	1.477	>	6	18	72
1177	chr6	135416919	135416900	+	3.498	4.027	>	6	18	72
1178	chr5	122104403	122104384	+	3.492	11.98	>	6	18	72
1179	chr13	37971068	37971049	-	3.482	3.088	>	6	18	72
1180	chr5	114612410	114612391	+	3.48	13.6	>	6	18	72
1181	chr10	114442226	114442207	+	3.46	2.104	>	6	18	72
1182	chr2	145655527	145655508	-	3.44	2.05	>	6	18	72
1183	chr7	109507351	109507332	-	3.418	1.832	>	6	18	72
1184	chr16	10009965	10009946	+	3.402	4.965	>	6	18	72
1185	chr14	67969032	67969013	-	3.385	5.523	>	6	18	72
1186	chr5	140744055	140744036	-	3.348	10.35	>	6	18	72
1187	chr1	56984334	56984315	+	3.338	2.584	>	6	18	72
1188	chr2	137110782	137110763	+	3.328	1.323	>	6	18	72
1189	chr16	22267525	22267506	+	3.322	1.262	>	6	18	72
1190	chr16	4884595	4884576	-	3.3	2.822	>	6	18	72
1191	chr5	19458406	19458387	-	3.291	6.625	>	6	18	72
1192	chr1	84697217	84697198	-	3.29	7.492	>	6	18	72
1193	chr14	122903088	122903069	-	3.29	2.205	>	6	18	72
1194	chr7	64056729	64056710	-	3.273	1.214	>	6	18	72
1195	chr9	71624061	71624042	-	3.273	15.39	>	6	18	72
1196	chr9	96885958	96885939	-	3.271	10.016	>	6	18	72
1197	chr18	46964733	46964714	-	3.266	8.555	>	6	18	72
1198	chr3	122638475	122638456	+	3.26	4.82	>	6	18	72
1199	chr9	94733848	94733829	+	3.256	3.768	>	6	18	72
1200	chr1	167938404	167938385	-	3.25	6.79	>	6	18	72
1201	chr1	180811841	180811822	+	3.244	6.383	>	6	18	72
1202	chr10	42760472	42760453	+	3.229	1.784	>	6	18	72
1203	chr18	20598347	20598328	+	3.213	4.758	>	6	18	72
1204	chr17	71909305	71909286	+	3.203	3.572	>	6	18	72
1205	chr1	34459898	34459879	+	3.193	3.389	>	6	18	72
1206	chr4	117202234	117202215	-	3.191	9.61	>	6	18	72
1207	chr15	101313974	101313955	-	3.178	2.96	>	6	18	72
1208	chr16	13438138	13438119	+	3.176	1.241	>	6	18	72
1209	chr7	114878499	114878480	+	3.174	1.604	>	6	18	72
1210	chr11	109866735	109866716	+	3.166	2.812	>	6	18	72
1211	chr3	123509329	123509310	+	3.162	5.67	>	6	18	72
1212	chr3	114085881	114085862	-	3.146	0.5283	>	6	18	72
1213	chr4	120149384	120149365	-	3.145	8.09	>	6	18	72
1214	chr16	4549594	4549575	-	3.137	11.12	>	6	18	72
1215	chr15	78872224	78872205	+	3.133	9.35	>	6	18	72
1216	chr12	57231261	57231242	-	3.127	3.32	>	6	18	72
1217	chr9	71624949	71624930	-	3.125	15.0	>	6	18	72
1218	chr4	18963859	18963840	-	3.12	4.01	>	6	18	72
1219	chr8	40913366	40913347	-	3.115	1.625	>	6	18	72
1220	chr5	21645240	21645221	-	3.11	1.259	>	6	18	72
1221	chr10	68357244	68357225	+	3.094	1.353	>	6	18	72
1222	chr2	93812077	93812058	-	3.06	11.82	>	6	18	72
1223	chr12	75669431	75669412	-	3.05	4.1	>	6	18	72
1224	chr1	12844023	12844004	+	3.033	4.33	>	6	18	72
1225	chr12	86697142	86697123	+	3.025	6.996	>	6	18	72
1226	chr9	98033678	98033659	+	3.021	1.525	>	6	18	72
1227	chr19	37946902	37946883	+	3.02	4.082	>	6	18	72
1228	chr9	75271676	75271657	+	3.01	4.42	>	6	18	72
1229	chr11	55162881	55162862	+	2.996	3.625	>	6	18	72
1230	chr17	25274339	25274320	-	2.984	4.45	>	6	18	72
1231	chr6	108065317	108065298	+	2.984	5.535	>	6	18	72
1232	chr7	5071749	5071730	-	2.928	2.754	>	6	18	72
1233	chr3	152477906	152477887	-	2.922	3.295	>	6	18	72
1234	chr5	28090770	28090751	-	2.922	2.412	>	6	18	72
1235	chr14	78282622	78282603	+	2.91	2.186	>	6	18	72
1236	chr14	88480122	88480103	-	2.906	3.236	>	6	18	72
1237	chr7	107569047	107569028	+	2.902	1.588	>	6	18	72
1238	chr3	83777088	83777069	-	2.879	3.992	>	6	18	72
1239	chr8	48550865	48550846	+	2.871	0.592	>	6	18	72
1240	chr7	132575955	132575936	-	2.855	4.473	>	6	18	72
1241	chr14	79769127	79769108	-	2.852	4.36	>	6	18	72
1242	chr17	69974245	69974226	-	2.799	1.284	>	6	18	72
1243	chr12	66284211	66284192	-	2.793	5.484	>	6	18	72
1244	chr6	83796902	83796883	-	2.785	3.35	>	6	18	72
1245	chr9	44108077	44108058	+	2.785	11.375	>	6	18	72
1246	chr11	116023924	116023905	+	2.777	6.906	>	6	18	72
1247	chr3	86779824	86779805	-	2.775	8.64	>	6	18	72
1248	chr19	46056202	46056183	+	2.77	5.27	>	6	18	72
1249	chr10	108210181	108210162	-	2.762	0.674	>	6	18	72
1250	chr8	27001386	27001367	+	0.4329	0.4077	>	6	18	72
1251	chr17	28338029	28338010	-	0.252	0.265	>	6	18	72
1252	chr11	76445826	76445807	-	0.2268	0.1863	>	6	18	72
1253	chr5	144244146	144244127	-	0.311	0.3691	>	6	18	72
1254	chr14	79768803	79768784	-	0.3076	0.2808	>	6	18	72
1255	chr9	26778623	26778604	-	1.299	0.6914	>	6	18	72
1256	chr7	25392052	25392033	+	0.2487	0.242	>	6	18	72
1257	chr3	101484879	101484860	-	0.3438	0.528	>	6	18	72
1258	chr2	69113988	69113969	+	0.2472	0.1981	>	6	18	72
1259	chr13	29852447	29852428	-	0.1781	0.1941	>	6	18	72
1260	chr2	60213231	60213212	-	0.1073	0.1628	>	6	18	72
1261	chr2	171418157	171418138	-	0.1407	0.2131	>	6	18	72
1262	chr7	64392050	64392031	-	0.514	0.2006	>	6	18	72
1263	chr15	36157434	36157415	-	0.7227	0.836	>	6	18	72
1264	chr4	49662357	49662338	-	0.4692	0.2915	>	6	18	72
1265	chr4	48422356	48422337	+	1.027	0.5225	>	6	18	72
1266	chr18	82720514	82720495	+	0.1605	0.1409	>	6	18	72
1267	chr1	172022686	172022667	+	0.1733	0.1764	>	6	18	72
1268	chr7	139595890	139595871	+	0.1575	0.2125	>	6	18	72
1269	chr12	73007842	73007823	-	0.345	0.2974	>	6	18	72
1270	chr17	27192928	27192909	-	0.1056	0.4468	>	6	18	72
1271	chr1	53698960	53698941	+	0.557	0.255	>	6	18	72
1272	chr18	12734380	12734361	+	0.207	0.1383	>	6	18	72
1273	chr6	126767488	126767469	-	0.2039	0.2483	>	6	18	72
1274	chr2	92856249	92856230	-	2.734	0.857	>	6	18	72
1275	chr11	74572851	74572832	+	0.2646	0.2705	>	6	18	72
1276	chr9	59675637	59675618	-	0.4082	0.744	>	6	18	72
1277	chr15	55025647	55025628	+	0.1847	0.1536	>	6	18	72
1278	chr4	120579150	120579131	-	0.33	0.264	>	6	18	72
1279	chr15	74525720	74525701	+	0.2172	0.2104	>	6	18	72
1280	chr1	88748095	88748076	+	0.1973	0.1881	>	6	18	72
1281	chr15	32239655	32239636	-	0.2822	0.1587	>	6	18	72
1282	chr7	36571183	36571164	+	0.1103	0.1942	>	6	18	72
1283	chr11	113855351	113855332	-	0.1613	0.1947	>	6	18	72
1284	chr6	90609163	90609144	+	2.127	1.159	>	6	18	72
1285	chr3	146181407	146181388	-	0.2034	0.3416	>	6	18	72
1286	chr10	69857222	69857203	-	0.3232	0.3599	>	6	18	72
1287	chr2	158361425	158361406	-	0.5625	0.2502	>	6	18	72
1288	chr5	136268179	136268160	-	0.1886	0.2153	>	6	18	72
1289	chr16	11983350	11983331	-	1.634	1.076	>	6	18	72
1290	chr2	84437773	84437754	+	0.2305	0.14	>	6	18	72
1291	chr18	24002018	24001999	-	0.133	0.1333	>	6	18	72
1292	chr1	130151533	130151514	-	0.4075	0.3347	>	6	18	72
1293	chr9	59675855	59675836	+	0.3367	0.2161	>	6	18	72
1294	chr11	116840251	116840232	-	0.3374	0.637	>	6	18	72
1295	chr2	155819963	155819944	+	0.07886	0.146	>	6	18	72
1296	chr14	105301632	105301613	+	0.206	0.2114	>	6	18	72
1297	chr12	9044592	9044573	+	0.1821	0.2019	>	6	18	72
1298	chr18	13971224	13971205	-	0.5337	0.3596	>	6	18	72
1299	chr5	136267600	136267581	-	0.2751	0.189	>	6	18	72
1300	chr5	33371430	33371411	+	0.3992	0.1644	>	6	18	72
1301	chr14	51090397	51090378	-	0.4153	0.243	>	6	18	72
1302	chr1	77935072	77935053	+	0.1814	0.1729	>	6	18	72
1303	chr11	119246049	119246030	-	0.204	0.3367	>	6	18	72
1304	chr17	50274949	50274930	-	0.441	0.1749	>	6	18	72
1305	chr8	108956442	108956423	+	0.5635	0.3044	>	6	18	72
1306	chr11	66885340	66885321	+	0.1636	0.169	>	6	18	72
1307	chr7	30099945	30099926	-	0.1979	0.1757	>	6	18	72
1308	chr15	99973159	99973140	-	0.1998	0.3345	>	6	18	72
1309	chr5	16308949	16308930	+	0.1567	0.1411	>	6	18	72
1310	chr6	119466578	119466559	-	0.9824	0.9795	>	6	18	72
1311	chr2	136886679	136886660	+	0.7764	0.2095	>	6	18	72
1312	chr14	79763594	79763575	-	0.2852	0.151	>	6	18	72
1313	chr2	170416012	170415993	+	0.1837	0.1256	>	6	18	72
1314	chr4	41015236	41015217	-	0.1882	0.1434	>	6	18	72
1315	chr11	70975109	70975090	+	0.713	0.3914	>	6	18	72
1316	chr5	122773202	122773183	+	0.11584	0.1375	>	6	18	72
1317	chr4	128588031	128588012	-	0.2659	0.1909	>	6	18	72
1318	chr8	122576186	122576167	-	0.11285	0.1545	>	6	18	72
1319	chr7	76383989	76383970	+	0.1553	0.154	>	6	18	72
1320	chr9	41467019	41467000	-	0.2223	0.1565	>	6	18	72
1321	chr1	32712246	32712227	-	0.05322	0.1516	>	6	18	72
1322	chr16	23974866	23974847	-	0.5283	0.3425	>	6	18	72
1323	chr15	84066194	84066175	-	0.6196	1.17	>	6	18	72
1324	chr11	40148920	40148901	-	1.272	0.642	>	6	18	72
1325	chr7	27166488	27166469	-	0.306	0.491	>	6	18	72
1326	chr11	30240273	30240254	+	0.4001	0.2556	>	6	18	72
1327	chr2	69115969	69115950	-	0.1754	0.1587	>	6	18	72
1328	chr9	113420569	113420550	-	0.2261	0.2178	>	6	18	72
1329	chr12	99882528	99882509	-	0.2617	0.1387	>	6	18	72
1330	chr5	77347648	77347629	-	0.3625	0.4211	>	6	18	72
1331	chr10	49780455	49780436	+	0.2179	0.1394	>	6	18	72
1332	chr5	75855263	75855244	-	0.6416	0.4326	>	6	18	72
1333	chr2	124087358	124087339	-	0.6436	0.2075	>	6	18	72
1334	chr14	49219056	49219037	+	0.678	0.694	>	6	18	72
1335	chr5	147938091	147938072	+	0.368	0.1842	>	6	18	72
1336	chr11	32340288	32340269	+	0.1792	0.1648	>	6	18	72
1337	chr16	50181579	50181560	+	0.2006	0.1838	>	6	18	72
1338	chr16	20496121	20496102	-	0.6714	0.1777	>	6	18	72
1339	chr8	76775680	76775661	+	0.135	0.1975	>	6	18	72
1340	chr14	65597676	65597657	+	0.6543	0.452	>	6	18	72
1341	chr7	64754771	64754752	+	0.1351	0.2295	>	6	18	72
1342	chr2	166083979	166083960	-	0.2964	0.2065	>	6	18	72
1343	chr16	44140440	44140421	+	0.4607	0.3381	>	6	18	72
1344	chr12	90524338	90524319	-	0.3223	0.2983	>	6	18	72
1345	chr5	89391716	89391697	+	0.1626	0.1418	>	6	18	72
1346	chr9	59675438	59675419	-	0.2104	0.1542	>	6	18	72
1347	chr19	16339103	16339084	-	0.1967	0.1177	>	6	18	72
1348	chr13	30545067	30545048	+	0.3672	0.2915	>	6	18	72
1349	chr1	92462681	92462662	+	0.3916	0.1832	>	6	18	72
1350	chr4	84066283	84066264	-	0.1898	0.1552	>	6	18	72
1351	chr9	83373922	83373903	-	0.2197	0.1434	>	6	18	72
1352	chr4	88773969	88773950	-	0.9507	8.01	>	6	18	72
1353	chr9	123132258	123132239	-	0.1687	0.1416	>	6	18	72
1354	chr17	34958843	34958824	-	0.2079	0.5464	>	6	18	72
1355	chr12	50946225	50946206	+	0.2341	0.157	>	6	18	72
1356	chr13	73647252	73647233	+	0.267	0.1704	>	6	18	72
1357	chr11	83279300	83279281	-	0.4434	0.2251	>	6	18	72
1358	chr17	8986048	8986029	-	0.3325	0.212	>	6	18	72
1359	chr4	14935721	14935702	-	0.7095	0.296	>	6	18	72
1360	chr4	75076699	75076680	+	0.09125	0.2014	>	6	18	72
1361	chr5	114610713	114610694	+	0.0985	0.1626	>	6	18	72
1362	chr9	83378273	83378254	-	0.471	0.2808	>	6	18	72
1363	chr9	107773182	107773163	-	0.1786	0.1414	>	6	18	72
1364	chr9	41218030	41218011	+	0.1323	0.1355	>	6	18	72
1365	chr9	105644718	105644699	+	0.4255	0.1808	>	6	18	72
1366	chr8	84264441	84264422	-	1.261	1.4795	>	6	18	72
1367	chr4	135959453	135959434	+	0.112	0.2223	>	6	18	72
1368	chr1	24684268	24684249	+	0.4001	0.1942	>	6	18	72
1369	chr3	87748577	87748558	-	0.7593	0.4382	>	6	18	72
1370	chr9	54690950	54690931	+	0.11566	0.136	>	6	18	72
1371	chr15	82277690	82277671	-	0.9043	0.4492	>	6	18	72
1372	chr5	115498528	115498509	-	0.2693	0.2164	>	6	18	72
1373	chr9	56621276	56621257	+	0.10846	0.253	>	6	18	72
1374	chr18	81956733	81956714	-	0.2815	0.2637	>	6	18	72
1375	chr10	22791401	22791382	-	0.1346	0.2358	>	6	18	72
1376	chr15	82271301	82271282	+	0.836	0.1838	>	6	18	72
1377	chr12	69946159	69946140	+	0.555	0.455	>	6	18	72
1378	chr14	101442800	101442781	+	0.2983	0.1344	>	6	18	72
1379	chr2	164777017	164776998	-	0.5176	0.361	>	6	18	72
1380	chr10	24631573	24631554	-	1.178	1.224	>	6	18	72
1381	chr1	136528510	136528491	-	1.761	0.7373	>	6	18	72
1382	chr10	19222118	19222099	-	1.411	0.8228	>	6	18	72
1383	chr14	56885508	56885489	-	2.348	4.004	>	6	18	72
1384	chr8	85060493	85060474	-	0.9688	0.437	>	6	18	72
1385	chr11	96075822	96075803	-	0.9316	0.4944	>	6	18	72
1386	chr11	77476535	77476516	+	0.1632	0.2383	>	6	18	72
1387	chr1	81294004	81293985	-	0.905	0.562	>	6	18	72
1388	chr12	15520954	15520935	+	0.7183	0.4033	>	6	18	72
1389	chr7	66397054	66397035	+	0.1594	0.2107	>	6	18	72
1390	chr12	74014582	74014563	-	0.2377	0.1973	>	6	18	72
1391	chr5	144242554	144242535	-	0.241	0.1987	>	6	18	72
1392	chr15	66894943	66894924	+	0.2703	0.2021	>	6	18	72
1393	chr6	126484995	126484976	-	0.4333	1.278	>	6	18	72
1394	chr4	48427148	48427129	+	0.678	0.3833	>	6	18	72
1395	chr15	71459211	71459192	+	0.252	0.1731	>	6	18	72
1396	chr3	19896435	19896416	-	0.2361	0.1467	>	6	18	72
1397	chr8	68268707	68268688	-	0.1398	0.1492	>	6	18	72
1398	chr1	182555580	182555561	-	0.1982	0.1915	>	6	18	72
1399	chr9	44413186	44413167	-	0.534	0.393	>	6	18	72
1400	chr14	70151716	70151697	+	0.3604	0.2382	>	6	18	72
1401	chr4	62478250	62478231	+	0.438	0.1328	>	6	18	72
1402	chr3	127561629	127561610	-	0.2183	0.12354	>	6	18	72
1403	chr3	69139614	69139595	-	0.397	0.2261	>	6	18	72
1404	chr17	17919616	17919597	+	0.1678	0.167	>	6	18	72
1405	chr4	139314214	139314195	-	0.2279	0.269	>	6	18	72
1406	chr18	61952763	61952744	-	0.2372	0.1731	>	6	18	72
1407	chr9	7599188	7599169	+	0.33	0.191	>	6	18	72
1408	chr10	120898341	120898322	-	0.3386	0.1467	>	6	18	72
1409	chr11	57469613	57469594	-	0.1846	0.2297	>	6	18	72
1410	chr18	58480198	58480179	-	0.2095	0.1665	>	6	18	72
1411	chr17	12380527	12380508	-	0.658	0.591	>	6	18	72
1412	chr2	107940173	107940154	+	0.11664	0.1351	>	6	18	72
1413	chr2	32580534	32580515	-	0.2605	0.4055	>	6	18	72
1414	chr15	98813480	98813461	+	0.3496	0.5376	>	6	18	72
1415	chr6	54253893	54253874	+	0.1663	0.1743	>	6	18	72
1416	chr1	135800865	135800846	+	0.1766	0.1665	>	6	18	72
1417	chr15	58426369	58426350	+	0.1996	0.1519	>	6	18	72
1418	chr4	87367775	87367756	+	0.3853	0.1472	>	6	18	72
1419	chr2	96583103	96583084	-	0.809	0.3242	>	6	18	72
1420	chr4	63366959	63366940	-	0.1979	0.1753	>	6	18	72
1421	chr4	59761293	59761274	-	0.3435	0.2113	>	6	18	72
1422	chr10	7832162	7832143	+	0.2646	0.1672	>	6	18	72
1423	chr7	89904213	89904194	-	0.2908	0.156	>	6	18	72
1424	chr1	30697342	30697323	+	0.1025	0.1263	>	6	18	72
1425	chr1	58987602	58987583	+	0.2202	0.1498	>	6	18	72
1426	chr15	7452190	7452171	+	0.1405	0.12085	>	6	18	72
1427	chr4	139877044	139877025	+	0.3875	0.2688	>	6	18	72
1428	chr3	83291887	83291868	-	0.0825	0.137	>	6	18	72
1429	chr15	68912907	68912888	-	0.5024	0.2024	>	6	18	72
1430	chr14	64593744	64593725	-	1.073	0.5703	>	6	18	72
1431	chr1	56980349	56980330	-	0.2778	0.2322	>	6	18	72
1432	chr14	75833620	75833601	-	0.6006	0.4543	>	6	18	72
1433	chr16	62904648	62904629	-	0.217	0.1924	>	6	18	72
1434	chr5	35991229	35991210	-	1.033	1.082	>	6	18	72
1435	chr5	44287418	44287399	-	0.248	0.155	>	6	18	72
1436	chr15	76199915	76199896	-	0.07776	0.3071	>	6	18	72
1437	chr4	131240262	131240243	-	0.241	0.206	>	6	18	72
1438	chr5	102147917	102147898	-	0.228	0.2458	>	6	18	72
1439	chr3	93086926	93086907	+	0.0978	0.1787	>	6	18	72
1440	chr6	126163382	126163363	+	2.373	1.376	>	6	18	72
1441	chr3	45375769	45375750	+	1.051	0.2544	>	6	18	72
1442	chr16	90306219	90306200	-	0.3647	0.3506	>	6	18	72
1443	chr17	3249270	3249251	-	0.1843	0.136	>	6	18	72
1444	chr4	143024421	143024402	-	0.087	0.1317	>	6	18	72
1445	chr19	47513892	47513873	-	0.2471	0.1393	>	6	18	72
1446	chr6	66534595	66534576	-	1.387	0.675	>	6	18	72
1447	chr6	134963172	134963153	-	0.6475	0.5996	>	6	18	72
1448	chr14	56369245	56369226	+	0.2401	0.1912	>	6	18	72
1449	chr18	53460219	53460200	+	0.1775	0.162	>	6	18	72
1450	chr7	89476922	89476903	-	0.2163	0.1522	>	6	18	72
1451	chr6	34273116	34273097	+	0.0673	0.1545	>	6	18	72
1452	chr7	142295608	142295589	-	1.062	6.32	>	6	18	72
1453	chr3	22302208	22302189	+	0.992	0.3848	>	6	18	72
1454	chr6	31045994	31045975	-	0.7534	0.959	>	6	18	72
1455	chr9	57143378	57143359	-	0.1816	0.2302	>	6	18	72
1456	chr6	101268340	101268321	+	0.2712	0.1924	>	6	18	72
1457	chr9	58897456	58897437	-	0.7163	0.4846	>	6	18	72
1458	chr17	79601068	79601049	+	0.2245	0.12476	>	6	18	72
1459	chr16	5254607	5254588	-	0.2883	0.22	>	6	18	72
1460	chr4	83595536	83595517	+	1.783	1.041	>	6	18	72
1461	chr9	51159881	51159862	-	0.6875	0.266	>	6	18	72
1462	chr14	66354429	66354410	+	0.1142	0.1388	>	6	18	72
1463	chr5	117090283	117090264	+	0.5806	0.4014	>	6	18	72
1464	chr2	168061425	168061406	-	0.1733	0.2051	>	6	18	72
1465	chr5	9169228	9169209	+	0.3306	0.1686	>	6	18	72
1466	chr6	28418701	28418682	-	0.4202	0.266	>	6	18	72
1467	chr12	105038443	105038424	-	0.1501	0.2063	>	6	18	72
1468	chr1	182558143	182558124	-	0.2264	0.1511	>	6	18	72
1469	chr8	47713300	47713281	-	1.078	1.646	>	6	18	72
1470	chr18	47357393	47357374	+	0.2007	0.1278	>	6	18	72
1471	chr1	118771083	118771064	-	0.1254	0.2006	>	6	18	72
1472	chr16	6493044	6493025	-	0.1927	0.1516	>	6	18	72
1473	chr9	42951005	42950986	-	0.3914	0.2078	>	6	18	72
1474	chr13	53430986	53430967	-	0.6504	0.3672	>	6	18	72
1475	chr13	67609268	67609249	+	2.162	0.826	>	6	18	72
1476	chr1	53035072	53035053	+	0.1465	0.1494	>	6	18	72
1477	chr7	99471824	99471805	-	0.3745	0.4907	>	6	18	72
1478	chr11	36543574	36543555	-	0.1156	0.1614	>	6	18	72
1479	chr5	124334258	124334239	-	0.3428	0.273	>	6	18	72
1480	chr10	76771414	76771395	-	0.1296	0.2047	>	6	18	72
1481	chr10	4386719	4386700	+	0.32	0.4492	>	6	18	72
1482	chr5	116554091	116554072	+	0.0876	0.1714	>	6	18	72
1483	chr10	41734858	41734839	+	0.1406	0.2605	>	6	18	72
1484	chr10	50906875	50906856	-	0.2361	0.1674	>	6	18	72
1485	chr11	31651668	31651649	+	0.07605	0.1534	>	6	18	72
1486	chr6	116193190	116193171	+	0.3687	0.372	>	6	18	72
1487	chr1	188976509	188976490	+	0.343	0.1833	>	6	18	72
1488	chr12	101976095	101976076	+	0.681	0.4116	>	6	18	72
1489	chr15	75925915	75925896	+	0.6084	0.9233	>	6	18	72
1490	chr1	4777287	4777268	-	0.9443	1.425	>	6	18	72
1491	chr18	86560230	86560211	+	0.7866	1.138	>	6	18	72
1492	chr7	43574878	43574859	+	1.292	1.347	>	6	18	72
1493	chr7	98200601	98200582	-	0.2927	0.1711	>	6	18	72
1494	chr4	143319849	143319830	+	0.2299	0.1525	>	6	18	72
1495	chr2	128601696	128601677	-	0.1208	0.207	>	6	18	72
1496	chr17	57004491	57004472	-	0.1467	0.2932	>	6	18	72
1497	chr2	35196541	35196522	-	1.081	0.3997	>	6	18	72
1498	chr5	29779371	29779352	+	0.1531	0.1671	>	6	18	72
1499	chr10	93038429	93038410	-	0.163	0.1875	>	6	18	72
0	chr4	87368268	87368249	+	90.56	65.75	>	6	19	71
1	chr11	109860827	109860808	-	89.2	47.97	>	6	19	71
2	chr3	22309188	22309169	+	81.5	60.4	>	6	19	71
3	chr10	5161770	5161751	-	79.2	55.88	>	6	19	71
4	chr16	71247702	71247683	+	68.56	43.2	>	6	19	71
5	chr16	72980067	72980048	-	68.3	56.7	>	6	19	71
6	chr6	60556001	60555982	+	67.7	40.38	>	6	19	71
7	chr5	7996919	7996900	-	66.06	59.4	>	6	19	71
8	chr14	12140114	12140095	-	65.1	51.62	>	6	19	71
9	chr13	81439574	81439555	+	64.94	46.94	>	6	19	71
10	chr9	103996726	103996707	-	64.9	51.25	>	6	19	71
11	chr15	56066340	56066321	+	63.97	42.94	>	6	19	71
12	chr10	106609250	106609231	+	63.97	42.62	>	6	19	71
13	chr1	144380222	144380203	-	63.4	48.44	>	6	19	71
14	chr10	8240468	8240449	-	62.34	45.88	>	6	19	71
15	chr12	77000269	77000250	+	62.22	54.97	>	6	19	71
16	chr1	44745882	44745863	+	62.12	40.25	>	6	19	71
17	chr4	81178889	81178870	+	62.03	50.0	>	6	19	71
18	chr9	10909768	10909749	+	61.12	47.94	>	6	19	71
19	chr6	64650119	64650100	-	60.56	60.88	>	6	19	71
20	chr15	32766485	32766466	-	60.56	46.62	>	6	19	71
21	chr4	9135983	9135964	+	60.03	34.12	>	6	19	71
22	chr7	118305013	118304994	+	59.5	47.62	>	6	19	71
23	chr10	39520570	39520551	-	58.34	40.5	>	6	19	71
24	chr1	78724658	78724639	+	58.25	47.28	>	6	19	71
25	chr2	160598038	160598019	+	57.94	55.8	>	6	19	71
26	chr18	33790258	33790239	-	57.72	56.3	>	6	19	71
27	chr12	40837750	40837731	+	57.5	46.25	>	6	19	71
28	chr8	41443763	41443744	+	57.34	56.06	>	6	19	71
29	chr14	68494314	68494295	-	56.94	24.97	>	6	19	71
30	chr1	11657910	11657891	+	56.8	43.62	>	6	19	71
31	chr11	77100337	77100318	+	55.88	49.25	>	6	19	71
32	chr16	41244935	41244916	-	55.72	48.0	>	6	19	71
33	chr14	87452291	87452272	-	55.72	63.0	>	6	19	71
34	chr18	16217050	16217031	+	54.9	26.8	>	6	19	71
35	chr11	53255133	53255114	-	54.8	39.5	>	6	19	71
36	chr9	7216447	7216428	+	54.56	27.64	>	6	19	71
37	chr8	35850598	35850579	-	54.5	50.94	>	6	19	71
38	chr8	102781131	102781112	-	54.44	41.34	>	6	19	71
39	chr5	49962010	49961991	-	54.16	50.88	>	6	19	71
40	chr7	90410162	90410143	-	54.06	39.75	>	6	19	71
41	chr4	15328717	15328698	+	54.03	40.72	>	6	19	71
42	chr11	31949616	31949597	-	54.0	41.44	>	6	19	71
43	chr1	120586671	120586652	+	53.8	57.06	>	6	19	71
44	chr13	19698921	19698902	+	53.16	40.8	>	6	19	71
45	chr12	57825950	57825931	+	53.03	34.38	>	6	19	71
46	chr16	72215933	72215914	-	52.7	45.56	>	6	19	71
47	chr9	15685402	15685383	+	52.62	45.03	>	6	19	71
48	chr10	10321327	10321308	-	52.47	23.97	>	6	19	71
49	chr9	49494135	49494116	+	52.4	51.5	>	6	19	71
50	chr3	50906169	50906150	-	52.12	57.06	>	6	19	71
51	chr11	57467973	57467954	-	52.03	54.47	>	6	19	71
52	chr11	113165316	113165297	-	51.88	57.94	>	6	19	71
53	chr9	51152608	51152589	-	51.8	48.22	>	6	19	71
54	chr16	58299658	58299639	+	51.56	30.08	>	6	19	71
55	chr16	22564783	22564764	+	51.44	49.16	>	6	19	71
56	chr8	36523135	36523116	-	51.4	44.44	>	6	19	71
57	chr14	34810941	34810922	+	51.3	52.97	>	6	19	71
58	chr6	101261740	101261721	-	51.0	49.47	>	6	19	71
59	chr7	132213694	132213675	-	50.8	38.62	>	6	19	71
60	chr2	48886271	48886252	-	50.28	44.53	>	6	19	71
61	chr12	54060974	54060955	-	50.12	27.78	>	6	19	71
62	chr1	5905019	5905000	-	50.06	44.22	>	6	19	71
63	chr9	26776375	26776356	-	50.0	53.88	>	6	19	71
64	chr1	103799519	103799500	+	49.53	56.44	>	6	19	71
65	chr9	88222188	88222169	-	49.5	40.1	>	6	19	71
66	chr18	58481884	58481865	-	49.28	39.28	>	6	19	71
67	chr13	100112788	100112769	+	49.16	37.22	>	6	19	71
68	chr3	14679394	14679375	+	49.06	29.97	>	6	19	71
69	chr16	37109459	37109440	+	48.75	19.0	>	6	19	71
70	chr3	153655318	153655299	-	48.72	48.28	>	6	19	71
71	chr16	89765698	89765679	-	48.38	54.0	>	6	19	71
72	chr13	89543228	89543209	-	48.3	56.84	>	6	19	71
73	chr11	40149509	40149490	-	48.28	36.34	>	6	19	71
74	chr3	113080940	113080921	-	48.2	53.4	>	6	19	71
75	chr10	70963797	70963778	-	47.53	51.97	>	6	19	71
76	chr6	66533480	66533461	-	47.34	41.22	>	6	19	71
77	chr18	57976815	57976796	+	47.28	41.3	>	6	19	71
78	chr12	92303388	92303369	+	47.12	48.12	>	6	19	71
79	chr6	43686140	43686121	+	47.1	34.0	>	6	19	71
80	chr15	11038687	11038668	+	47.06	40.16	>	6	19	71
81	chr6	13281064	13281045	-	47.06	44.4	>	6	19	71
82	chr4	25180081	25180062	-	46.94	22.34	>	6	19	71
83	chr2	110229883	110229864	+	46.8	37.2	>	6	19	71
84	chr2	118638293	118638274	+	46.34	48.4	>	6	19	71
85	chr14	67674858	67674839	-	46.2	40.62	>	6	19	71
86	chr1	179477262	179477243	-	45.97	54.9	>	6	19	71
87	chr12	78056191	78056172	+	45.84	48.03	>	6	19	71
88	chr15	44836402	44836383	+	45.7	45.75	>	6	19	71
89	chr9	80293262	80293243	+	45.3	48.66	>	6	19	71
90	chr1	21411405	21411386	+	45.28	35.97	>	6	19	71
91	chr8	80483379	80483360	-	45.28	32.34	>	6	19	71
92	chr16	55477026	55477007	-	44.9	60.88	>	6	19	71
93	chr9	122729759	122729740	-	44.72	40.56	>	6	19	71
94	chr2	17415581	17415562	-	44.56	38.03	>	6	19	71
95	chr4	13778049	13778030	-	44.5	20.47	>	6	19	71
96	chr16	64748455	64748436	-	44.47	52.25	>	6	19	71
97	chr6	57570627	57570608	-	44.28	34.06	>	6	19	71
98	chr16	13117421	13117402	+	44.28	48.25	>	6	19	71
99	chr1	54381475	54381456	-	44.12	34.1	>	6	19	71
100	chr15	40166896	40166877	+	44.03	40.53	>	6	19	71
101	chr17	83271696	83271677	+	44.0	39.2	>	6	19	71
102	chr9	63136063	63136044	+	43.94	32.22	>	6	19	71
103	chr3	68056550	68056531	+	43.88	35.0	>	6	19	71
104	chr3	25220822	25220803	-	43.8	23.62	>	6	19	71
105	chr7	118102455	118102436	-	43.53	59.94	>	6	19	71
106	chr9	51335485	51335466	+	43.47	26.75	>	6	19	71
107	chr16	96671807	96671788	-	43.4	27.66	>	6	19	71
108	chr2	113494904	113494885	+	43.34	43.28	>	6	19	71
109	chr1	55404561	55404542	+	43.25	39.06	>	6	19	71
110	chr3	80079969	80079950	+	43.0	35.7	>	6	19	71
111	chr11	25862989	25862970	-	42.66	37.9	>	6	19	71
112	chr13	109213188	109213169	-	42.6	60.5	>	6	19	71
113	chr8	58566283	58566264	+	42.56	33.8	>	6	19	71
114	chr16	72218227	72218208	+	42.38	47.1	>	6	19	71
115	chr14	102510640	102510621	-	42.34	35.9	>	6	19	71
116	chr7	143154010	143153991	+	42.16	43.66	>	6	19	71
117	chr6	143219585	143219566	+	42.1	41.62	>	6	19	71
118	chr17	86906334	86906315	-	41.97	47.25	>	6	19	71
119	chr8	62080400	62080381	+	41.97	30.6	>	6	19	71
120	chr3	57843985	57843966	+	41.94	43.75	>	6	19	71
121	chr18	3495634	3495615	+	41.62	36.03	>	6	19	71
122	chr7	125393847	125393828	-	41.56	47.0	>	6	19	71
123	chr7	86211564	86211545	-	41.56	46.4	>	6	19	71
124	chr9	60245127	60245108	+	41.38	43.16	>	6	19	71
125	chr6	131353859	131353840	-	41.3	15.89	>	6	19	71
126	chr15	98173991	98173972	-	41.25	24.88	>	6	19	71
127	chr17	88641249	88641230	-	41.12	34.25	>	6	19	71
128	chr9	87027908	87027889	+	41.1	38.34	>	6	19	71
129	chr4	70621553	70621534	-	40.97	48.38	>	6	19	71
130	chr12	41487236	41487217	-	40.88	35.94	>	6	19	71
131	chr4	127368548	127368529	+	40.8	49.72	>	6	19	71
132	chr8	50293750	50293731	-	40.75	48.2	>	6	19	71
133	chr16	27468981	27468962	+	40.75	34.62	>	6	19	71
134	chr7	121641354	121641335	-	40.7	30.69	>	6	19	71
135	chr3	29726795	29726776	-	40.7	30.42	>	6	19	71
136	chr14	29110872	29110853	-	40.66	51.22	>	6	19	71
137	chr13	116712427	116712408	-	40.62	33.1	>	6	19	71
138	chr18	19939562	19939543	-	40.47	45.7	>	6	19	71
139	chr15	80704533	80704514	-	40.28	46.53	>	6	19	71
140	chr18	50137074	50137055	+	40.28	37.62	>	6	19	71
141	chr13	15763212	15763193	-	40.25	29.53	>	6	19	71
142	chr19	50185486	50185467	+	40.22	44.2	>	6	19	71
143	chr12	74013965	74013946	-	40.22	40.8	>	6	19	71
144	chr1	138835543	138835524	+	40.06	20.81	>	6	19	71
145	chr15	55550924	55550905	-	40.06	37.12	>	6	19	71
146	chr1	61771439	61771420	-	40.06	23.55	>	6	19	71
147	chr12	34664961	34664942	+	40.0	19.7	>	6	19	71
148	chr14	78288101	78288082	-	39.8	38.8	>	6	19	71
149	chr2	4499416	4499397	+	39.78	33.88	>	6	19	71
150	chr13	30260132	30260113	-	39.75	32.75	>	6	19	71
151	chr9	68015271	68015252	+	39.2	39.0	>	6	19	71
152	chr1	126993502	126993483	-	39.06	47.2	>	6	19	71
153	chr16	25349824	25349805	-	39.0	41.2	>	6	19	71
154	chr1	14729249	14729230	-	38.94	39.3	>	6	19	71
155	chr15	59389427	59389408	+	38.7	46.34	>	6	19	71
156	chr6	100882590	100882571	+	38.66	49.44	>	6	19	71
157	chr3	9711121	9711102	+	38.62	35.47	>	6	19	71
158	chr6	21214019	21214000	-	38.47	24.2	>	6	19	71
159	chr17	42603617	42603598	-	38.47	42.5	>	6	19	71
160	chr4	80517548	80517529	-	38.47	41.4	>	6	19	71
161	chr9	85328584	85328565	-	38.28	30.06	>	6	19	71
162	chr17	44262001	44261982	+	38.22	44.16	>	6	19	71
163	chr10	102449665	102449646	+	38.2	48.84	>	6	19	71
164	chr17	14520745	14520726	-	38.12	30.45	>	6	19	71
165	chr13	51830925	51830906	+	38.0	56.0	>	6	19	71
166	chr12	83502436	83502417	-	37.97	34.4	>	6	19	71
167	chr5	75853265	75853246	-	37.94	27.88	>	6	19	71
168	chr13	110382742	110382723	+	37.88	61.84	>	6	19	71
169	chr5	62481159	62481140	-	37.8	35.4	>	6	19	71
170	chr7	49121503	49121484	-	37.7	29.61	>	6	19	71
171	chr15	11966575	11966556	-	37.66	34.72	>	6	19	71
172	chr3	31146135	31146116	+	37.53	44.5	>	6	19	71
173	chr2	37815879	37815860	+	37.47	39.2	>	6	19	71
174	chr5	33033442	33033423	-	37.44	48.28	>	6	19	71
175	chr9	7595466	7595447	-	37.4	28.72	>	6	19	71
176	chr5	21641153	21641134	-	37.3	33.66	>	6	19	71
177	chr14	48367302	48367283	-	37.12	39.88	>	6	19	71
178	chr17	14524624	14524605	+	37.1	38.88	>	6	19	71
179	chr4	84064835	84064816	+	37.06	23.38	>	6	19	71
180	chr4	63368786	63368767	+	37.06	51.6	>	6	19	71
181	chr5	102149680	102149661	+	37.03	38.97	>	6	19	71
182	chr12	32897684	32897665	-	36.88	40.9	>	6	19	71
183	chr16	91936532	91936513	+	36.72	43.06	>	6	19	71
184	chr6	37046379	37046360	-	36.72	47.7	>	6	19	71
185	chr18	59081896	59081877	+	36.7	37.34	>	6	19	71
186	chr6	103697552	103697533	-	36.3	43.6	>	6	19	71
187	chr18	19937930	19937911	+	36.3	37.56	>	6	19	71
188	chr6	93757594	93757575	+	36.28	18.31	>	6	19	71
189	chr17	9756371	9756352	+	36.28	21.2	>	6	19	71
190	chr2	96585854	96585835	+	36.25	26.84	>	6	19	71
191	chr11	82915176	82915157	+	36.2	36.34	>	6	19	71
192	chr6	6005837	6005818	+	36.03	35.2	>	6	19	71
193	chr1	98392238	98392219	-	36.03	38.97	>	6	19	71
194	chr7	48749384	48749365	+	35.94	38.3	>	6	19	71
195	chr11	105911812	105911793	-	35.9	37.8	>	6	19	71
196	chr10	45045486	45045467	-	35.8	35.22	>	6	19	71
197	chr2	4492748	4492729	-	35.75	19.97	>	6	19	71
198	chr6	18087397	18087378	+	35.75	40.84	>	6	19	71
199	chr5	90203341	90203322	+	35.7	41.12	>	6	19	71
200	chr7	136489148	136489129	+	35.62	28.06	>	6	19	71
201	chr9	109862620	109862601	-	35.6	34.12	>	6	19	71
202	chr15	59876355	59876336	+	35.3	32.16	>	6	19	71
203	chr14	76473612	76473593	-	35.25	45.66	>	6	19	71
204	chr3	128349320	128349301	+	35.03	41.75	>	6	19	71
205	chr3	45375963	45375944	+	35.03	23.92	>	6	19	71
206	chr3	133314669	133314650	+	34.97	39.0	>	6	19	71
207	chr1	96801850	96801831	-	34.84	30.55	>	6	19	71
208	chr7	115216958	115216939	+	34.62	30.45	>	6	19	71
209	chr9	59282577	59282558	-	34.62	26.88	>	6	19	71
210	chr2	148112135	148112116	-	34.5	31.5	>	6	19	71
211	chr18	52457916	52457897	-	34.47	28.2	>	6	19	71
212	chr6	56691454	56691435	-	34.34	42.2	>	6	19	71
213	chr13	20292580	20292561	-	34.3	38.5	>	6	19	71
214	chr13	57260119	57260100	-	34.25	52.66	>	6	19	71
215	chr13	113877615	113877596	+	34.25	36.75	>	6	19	71
216	chr13	116715029	116715010	-	34.1	31.72	>	6	19	71
217	chr4	83596692	83596673	-	34.1	52.75	>	6	19	71
218	chr8	64941619	64941600	-	34.06	33.75	>	6	19	71
219	chr3	51701488	51701469	+	34.03	22.56	>	6	19	71
220	chr14	120061322	120061303	-	33.84	29.2	>	6	19	71
221	chr7	75910166	75910147	+	33.8	57.6	>	6	19	71
222	chr4	98702698	98702679	-	33.78	31.62	>	6	19	71
223	chr3	146185137	146185118	+	33.62	52.6	>	6	19	71
224	chr4	151157152	151157133	+	33.53	59.38	>	6	19	71
225	chr5	43391861	43391842	-	33.5	21.5	>	6	19	71
226	chr11	93856511	93856492	-	33.47	26.19	>	6	19	71
227	chr14	59605843	59605824	+	33.47	40.3	>	6	19	71
228	chr14	84438580	84438561	+	33.44	23.31	>	6	19	71
229	chr12	50943824	50943805	-	33.28	38.56	>	6	19	71
230	chr7	83550335	83550316	-	33.2	30.12	>	6	19	71
231	chr6	117167008	117166989	+	33.03	30.3	>	6	19	71
232	chr4	12538791	12538772	+	33.0	21.84	>	6	19	71
233	chr18	47353079	47353060	+	32.84	24.58	>	6	19	71
234	chr5	12541496	12541477	-	32.72	22.56	>	6	19	71
235	chr2	60721127	60721108	+	32.72	22.53	>	6	19	71
236	chr11	78838251	78838232	+	32.72	51.5	>	6	19	71
237	chr8	73356225	73356206	+	32.62	23.39	>	6	19	71
238	chr12	10598567	10598548	+	32.5	41.56	>	6	19	71
239	chr19	20345158	20345139	-	32.25	47.94	>	6	19	71
240	chr17	58909486	58909467	-	32.16	39.4	>	6	19	71
241	chr10	69655037	69655018	-	32.12	36.56	>	6	19	71
242	chr4	3967733	3967714	-	32.12	41.75	>	6	19	71
243	chr16	21192795	21192776	-	32.06	38.78	>	6	19	71
244	chr11	12291593	12291574	-	32.0	15.54	>	6	19	71
245	chr11	117385082	117385063	+	31.83	36.6	>	6	19	71
246	chr12	32292095	32292076	+	31.73	20.83	>	6	19	71
247	chr4	64833096	64833077	+	31.69	34.34	>	6	19	71
248	chr13	47301245	47301226	+	31.67	43.9	>	6	19	71
249	chr1	89631957	89631938	-	31.56	45.38	>	6	19	71
250	chr9	69296601	69296582	-	31.53	38.66	>	6	19	71
251	chr3	53735364	53735345	+	31.28	24.5	>	6	19	71
252	chr10	45373471	45373452	-	31.2	37.7	>	6	19	71
253	chr8	91797725	91797706	+	31.19	30.23	>	6	19	71
254	chr4	88035662	88035643	+	31.06	19.66	>	6	19	71
255	chr2	75151187	75151168	-	31.05	37.9	>	6	19	71
256	chr14	66791971	66791952	-	31.02	32.1	>	6	19	71
257	chr2	93199062	93199043	-	30.9	51.25	>	6	19	71
258	chr2	73551006	73550987	+	30.86	53.72	>	6	19	71
259	chr12	89451144	89451125	-	30.81	40.1	>	6	19	71
260	chr16	66086729	66086710	-	30.81	33.7	>	6	19	71
261	chr14	114791647	114791628	-	30.72	37.2	>	6	19	71
262	chr4	43420547	43420528	-	30.61	34.5	>	6	19	71
263	chr1	87447687	87447668	+	30.56	32.53	>	6	19	71
264	chr15	55306471	55306452	+	30.56	24.06	>	6	19	71
265	chr15	97667578	97667559	+	30.52	37.12	>	6	19	71
266	chr2	16359548	16359529	+	30.47	16.92	>	6	19	71
267	chr14	8356099	8356080	+	30.42	51.06	>	6	19	71
268	chr3	19894816	19894797	-	30.38	33.66	>	6	19	71
269	chr12	43813750	43813731	-	30.34	24.06	>	6	19	71
270	chr2	27770378	27770359	+	30.12	46.8	>	6	19	71
271	chr16	48675836	48675817	-	30.12	28.97	>	6	19	71
272	chr10	13016733	13016714	+	30.1	53.44	>	6	19	71
273	chr2	76367359	76367340	+	30.05	30.6	>	6	19	71
274	chr2	115515230	115515211	+	30.05	12.29	>	6	19	71
275	chr19	16785108	16785089	-	30.03	27.4	>	6	19	71
276	chr3	78948444	78948425	+	30.03	29.16	>	6	19	71
277	chr1	37250876	37250857	-	29.94	25.45	>	6	19	71
278	chr18	74431409	74431390	+	29.94	28.48	>	6	19	71
279	chr1	38787652	38787633	-	29.89	46.22	>	6	19	71
280	chr3	14874584	14874565	+	29.88	22.88	>	6	19	71
281	chr9	69505778	69505759	+	29.88	30.58	>	6	19	71
282	chr10	84450913	84450894	-	29.77	31.7	>	6	19	71
283	chr2	172216047	172216028	-	29.77	65.06	>	6	19	71
284	chr10	97712895	97712876	+	29.72	22.83	>	6	19	71
285	chr1	4770074	4770055	+	29.72	39.66	>	6	19	71
286	chr12	50301580	50301561	-	29.69	16.55	>	6	19	71
287	chr15	85266923	85266904	+	29.69	42.06	>	6	19	71
288	chr4	85403030	85403011	+	29.62	27.23	>	6	19	71
289	chr6	97526370	97526351	-	29.53	31.17	>	6	19	71
290	chr8	112046096	112046077	+	29.5	62.6	>	6	19	71
291	chr12	96311368	96311349	-	29.48	23.8	>	6	19	71
292	chr1	93507239	93507220	-	29.45	32.5	>	6	19	71
293	chr13	21714927	21714908	+	29.4	37.72	>	6	19	71
294	chr6	49008180	49008161	+	29.38	27.1	>	6	19	71
295	chr17	17749545	17749526	-	29.36	32.88	>	6	19	71
296	chr6	145360253	145360234	+	29.34	33.62	>	6	19	71
297	chr7	17066630	17066611	-	29.27	41.75	>	6	19	71
298	chr12	81788850	81788831	-	29.25	32.47	>	6	19	71
299	chr7	129649172	129649153	+	29.19	42.88	>	6	19	71
300	chr14	104039053	104039034	+	29.17	41.16	>	6	19	71
301	chr13	41634744	41634725	-	29.08	40.84	>	6	19	71
302	chr7	138835232	138835213	-	29.02	47.88	>	6	19	71
303	chr15	97195797	97195778	+	28.92	38.5	>	6	19	71
304	chr1	119087737	119087718	+	28.89	50.28	>	6	19	71
305	chr4	85819373	85819354	-	28.86	29.28	>	6	19	71
306	chr11	30657307	30657288	-	28.86	6.477	>	6	19	71
307	chr5	49369245	49369226	+	28.66	27.94	>	6	19	71
308	chr6	106805067	106805048	+	28.61	20.38	>	6	19	71
309	chr6	31660958	31660939	+	28.53	52.9	>	6	19	71
310	chr12	8306749	8306730	-	28.48	47.94	>	6	19	71
311	chr13	42822785	42822766	-	28.47	44.4	>	6	19	71
312	chr15	34968778	34968759	+	28.4	27.94	>	6	19	71
313	chr7	68369859	68369840	+	28.38	58.97	>	6	19	71
314	chr15	80266443	80266424	+	28.33	34.62	>	6	19	71
315	chr6	102171110	102171091	+	28.19	24.06	>	6	19	71
316	chr16	72605273	72605254	-	28.11	17.7	>	6	19	71
317	chr18	65490506	65490487	+	28.06	33.94	>	6	19	71
318	chr3	55373775	55373756	+	28.0	19.75	>	6	19	71
319	chr1	53927814	53927795	-	27.97	28.48	>	6	19	71
320	chr2	160368066	160368047	-	27.95	21.97	>	6	19	71
321	chr10	42295232	42295213	-	27.94	37.8	>	6	19	71
322	chr7	116040411	116040392	-	27.9	26.19	>	6	19	71
323	chr10	116197535	116197516	-	27.81	28.58	>	6	19	71
324	chr5	20773533	20773514	-	27.81	20.77	>	6	19	71
325	chr12	80725012	80724993	-	27.73	38.97	>	6	19	71
326	chr15	66899881	66899862	-	27.6	21.5	>	6	19	71
327	chr18	16822208	16822189	-	27.56	13.28	>	6	19	71
328	chr18	14503254	14503235	-	27.55	19.48	>	6	19	71
329	chr5	98344786	98344767	+	27.44	28.3	>	6	19	71
330	chr10	77517236	77517217	+	27.39	30.44	>	6	19	71
331	chr1	44741472	44741453	-	27.38	6.344	>	6	19	71
332	chr6	127945983	127945964	-	27.28	24.97	>	6	19	71
333	chr16	42914955	42914936	-	27.27	20.78	>	6	19	71
334	chr18	39137558	39137539	+	27.11	15.805	>	6	19	71
335	chr13	42575907	42575888	+	27.11	22.34	>	6	19	71
336	chr2	13278209	13278190	+	27.06	48.53	>	6	19	71
337	chr18	43836585	43836566	-	27.06	22.66	>	6	19	71
338	chr4	114647896	114647877	+	27.05	26.58	>	6	19	71
339	chr16	44149214	44149195	-	27.03	37.28	>	6	19	71
340	chr13	109776299	109776280	+	27.02	27.47	>	6	19	71
341	chr19	30217515	30217496	+	27.0	44.25	>	6	19	71
342	chr6	61316075	61316056	+	26.94	38.16	>	6	19	71
343	chr17	78598832	78598813	+	26.92	37.16	>	6	19	71
344	chr2	117231457	117231438	-	26.88	23.62	>	6	19	71
345	chr4	115101816	115101797	+	26.84	34.88	>	6	19	71
346	chr10	57448131	57448112	-	26.8	44.97	>	6	19	71
347	chr13	113046665	113046646	+	26.77	22.72	>	6	19	71
348	chr4	110022447	110022428	-	26.58	43.47	>	6	19	71
349	chr7	101653829	101653810	+	26.5	47.97	>	6	19	71
350	chr5	67756338	67756319	+	26.5	26.55	>	6	19	71
351	chr3	62192717	62192698	-	26.5	17.1	>	6	19	71
352	chr10	17728146	17728127	-	26.45	14.96	>	6	19	71
353	chr5	37752557	37752538	-	26.33	30.73	>	6	19	71
354	chr1	60961316	60961297	-	26.3	26.22	>	6	19	71
355	chr17	68176981	68176962	+	26.27	18.84	>	6	19	71
356	chr7	37357871	37357852	-	26.2	67.6	>	6	19	71
357	chr4	32572316	32572297	-	26.16	44.75	>	6	19	71
358	chr4	96696741	96696722	+	26.12	32.22	>	6	19	71
359	chr4	109729491	109729472	-	26.06	50.3	>	6	19	71
360	chr10	111977780	111977761	+	25.78	32.1	>	6	19	71
361	chr5	45424489	45424470	-	25.73	30.9	>	6	19	71
362	chr2	61494577	61494558	-	25.72	22.25	>	6	19	71
363	chr6	13287046	13287027	+	25.69	21.62	>	6	19	71
364	chr9	116060829	116060810	+	25.66	36.5	>	6	19	71
365	chr8	17537753	17537734	-	25.64	36.44	>	6	19	71
366	chr9	77781636	77781617	-	25.62	27.94	>	6	19	71
367	chr15	5106460	5106441	-	25.56	29.45	>	6	19	71
368	chr17	93141334	93141315	-	25.53	33.03	>	6	19	71
369	chr6	97759520	97759501	+	25.52	17.88	>	6	19	71
370	chr8	119384750	119384731	-	25.47	45.94	>	6	19	71
371	chr6	88113322	88113303	+	25.38	41.75	>	6	19	71
372	chr15	101984527	101984508	-	25.38	56.7	>	6	19	71
373	chr8	54493335	54493316	-	25.34	39.7	>	6	19	71
374	chr9	24119622	24119603	+	25.33	14.83	>	6	19	71
375	chr3	50077169	50077150	-	25.31	24.22	>	6	19	71
376	chr4	47419767	47419748	+	25.23	44.03	>	6	19	71
377	chr2	76115910	76115891	+	25.22	28.97	>	6	19	71
378	chr15	67174759	67174740	+	25.2	12.74	>	6	19	71
379	chr8	125574509	125574490	+	25.17	12.85	>	6	19	71
380	chr1	161737065	161737046	-	25.11	39.75	>	6	19	71
381	chr3	85571455	85571436	-	25.1	9.7	>	6	19	71
382	chr18	19577078	19577059	-	25.02	27.28	>	6	19	71
383	chr19	36083087	36083068	-	25.0	29.4	>	6	19	71
384	chr8	115709616	115709597	-	24.98	9.14	>	6	19	71
385	chr10	126330794	126330775	-	24.84	24.02	>	6	19	71
386	chr15	25993551	25993532	+	24.81	33.28	>	6	19	71
387	chr5	131430355	131430336	-	24.78	45.44	>	6	19	71
388	chr1	9545352	9545333	-	24.78	38.06	>	6	19	71
389	chr19	28768445	28768426	-	24.75	36.44	>	6	19	71
390	chr10	24630876	24630857	+	24.72	22.94	>	6	19	71
391	chr17	54351102	54351083	+	24.53	15.79	>	6	19	71
392	chr16	20496806	20496787	+	24.47	28.86	>	6	19	71
393	chr12	109394024	109394005	-	24.44	15.02	>	6	19	71
394	chr13	21803288	21803269	-	24.42	40.1	>	6	19	71
395	chr3	103392995	103392976	+	24.38	33.9	>	6	19	71
396	chr15	25428758	25428739	+	24.31	24.08	>	6	19	71
397	chr3	135206860	135206841	-	24.3	9.21	>	6	19	71
398	chr8	65139261	65139242	+	24.3	33.56	>	6	19	71
399	chr9	29650850	29650831	-	24.23	35.72	>	6	19	71
400	chr3	127971093	127971074	+	24.2	46.1	>	6	19	71
401	chr2	104035038	104035019	+	24.16	33.7	>	6	19	71
402	chr9	81635302	81635283	+	24.11	12.08	>	6	19	71
403	chr6	95484597	95484578	+	24.03	13.41	>	6	19	71
404	chr14	72293991	72293972	-	23.83	34.2	>	6	19	71
405	chr18	65490035	65490016	-	23.72	29.94	>	6	19	71
406	chr12	38123788	38123769	-	23.66	16.0	>	6	19	71
407	chr18	70184838	70184819	-	23.66	11.39	>	6	19	71
408	chr3	152095252	152095233	-	23.53	23.67	>	6	19	71
409	chr8	32002994	32002975	-	23.5	23.94	>	6	19	71
410	chr11	22206830	22206811	-	23.48	11.1	>	6	19	71
411	chr5	76541051	76541032	-	23.44	19.22	>	6	19	71
412	chr10	52106337	52106318	+	23.38	22.61	>	6	19	71
413	chr1	84697462	84697443	-	23.38	25.22	>	6	19	71
414	chr1	67181385	67181366	+	23.34	35.0	>	6	19	71
415	chr6	101267027	101267008	+	23.31	12.77	>	6	19	71
416	chr6	129255175	129255156	-	23.25	41.8	>	6	19	71
417	chr4	115710017	115709998	-	23.19	25.83	>	6	19	71
418	chr2	118241614	118241595	-	23.19	37.16	>	6	19	71
419	chr8	71371784	71371765	+	23.11	28.11	>	6	19	71
420	chr7	73422670	73422651	-	23.11	37.7	>	6	19	71
421	chr5	33039602	33039583	+	23.05	27.48	>	6	19	71
422	chr2	153143004	153142985	-	23.02	20.31	>	6	19	71
423	chr14	98181824	98181805	-	23.0	7.93	>	6	19	71
424	chr2	136887058	136887039	-	22.97	12.49	>	6	19	71
425	chr1	135136701	135136682	-	22.88	42.44	>	6	19	71
426	chr5	4948481	4948462	-	22.86	27.0	>	6	19	71
427	chr10	71422814	71422795	+	22.81	51.25	>	6	19	71
428	chr8	64597251	64597232	-	22.66	30.06	>	6	19	71
429	chr1	162336834	162336815	-	22.45	14.914	>	6	19	71
430	chr9	94738996	94738977	+	22.42	42.94	>	6	19	71
431	chr17	53403136	53403117	+	22.4	18.28	>	6	19	71
432	chr2	155811920	155811901	-	22.36	51.28	>	6	19	71
433	chr12	52010769	52010750	+	22.33	16.6	>	6	19	71
434	chr3	44912870	44912851	-	22.31	11.58	>	6	19	71
435	chr5	98348848	98348829	+	22.25	34.97	>	6	19	71
436	chr15	80706301	80706282	+	22.25	25.52	>	6	19	71
437	chr1	167932285	167932266	-	22.22	36.66	>	6	19	71
438	chr14	121455709	121455690	-	22.2	25.7	>	6	19	71
439	chr4	98243714	98243695	-	22.16	26.34	>	6	19	71
440	chr4	143027468	143027449	+	22.14	29.11	>	6	19	71
441	chr2	153668926	153668907	+	22.14	25.36	>	6	19	71
442	chr9	41461929	41461910	-	22.14	12.42	>	6	19	71
443	chr4	109431143	109431124	-	22.1	22.34	>	6	19	71
444	chr5	44831505	44831486	-	22.08	22.05	>	6	19	71
445	chr8	119676601	119676582	-	22.03	33.06	>	6	19	71
446	chr17	40824060	40824041	-	22.02	34.28	>	6	19	71
447	chr15	37102366	37102347	-	22.0	13.84	>	6	19	71
448	chr1	119083862	119083843	-	21.92	45.47	>	6	19	71
449	chr5	41044703	41044684	-	21.78	28.61	>	6	19	71
450	chr19	24622032	24622013	+	21.77	22.19	>	6	19	71
451	chr3	58159626	58159607	-	21.75	32.1	>	6	19	71
452	chr1	38130140	38130121	-	21.75	23.66	>	6	19	71
453	chr2	129472129	129472110	-	21.73	30.17	>	6	19	71
454	chr9	15682043	15682024	-	21.73	11.22	>	6	19	71
455	chr9	69502720	69502701	-	21.7	34.7	>	6	19	71
456	chr14	21120676	21120657	+	21.69	43.16	>	6	19	71
457	chr7	110645588	110645569	-	21.69	43.56	>	6	19	71
458	chr16	78950579	78950560	-	21.64	3.295	>	6	19	71
459	chr7	131899517	131899498	+	21.56	16.44	>	6	19	71
460	chr8	106403484	106403465	-	21.53	20.23	>	6	19	71
461	chr17	73303429	73303410	+	21.48	50.6	>	6	19	71
462	chr1	83727325	83727306	+	21.48	26.81	>	6	19	71
463	chr13	29857603	29857584	+	21.42	9.836	>	6	19	71
464	chr14	104033786	104033767	+	21.34	21.16	>	6	19	71
465	chr7	119011391	119011372	+	21.31	35.56	>	6	19	71
466	chr1	69165377	69165358	+	21.31	25.0	>	6	19	71
467	chr1	192727176	192727157	+	21.28	21.9	>	6	19	71
468	chr9	50438293	50438274	-	21.2	27.17	>	6	19	71
469	chr15	46990407	46990388	-	21.14	10.516	>	6	19	71
470	chr13	73646874	73646855	+	21.14	37.5	>	6	19	71
471	chr16	67089956	67089937	+	21.12	15.94	>	6	19	71
472	chr2	83332995	83332976	-	21.02	18.14	>	6	19	71
473	chr8	10415030	10415011	+	21.0	37.3	>	6	19	71
474	chr1	35716149	35716130	-	20.89	18.69	>	6	19	71
475	chr7	43920039	43920020	-	20.83	34.3	>	6	19	71
476	chr8	15138726	15138707	+	20.81	41.03	>	6	19	71
477	chr13	6515705	6515686	+	20.8	28.08	>	6	19	71
478	chr2	64948996	64948977	-	20.72	23.2	>	6	19	71
479	chr19	20345737	20345718	+	20.7	55.44	>	6	19	71
480	chr5	33994851	33994832	+	20.64	14.97	>	6	19	71
481	chr14	76479953	76479934	+	20.62	37.16	>	6	19	71
482	chr3	144737048	144737029	+	20.58	28.33	>	6	19	71
483	chr2	13597223	13597204	-	20.5	12.72	>	6	19	71
484	chr9	118908437	118908418	-	20.5	27.45	>	6	19	71
485	chr4	153484615	153484596	-	20.39	17.89	>	6	19	71
486	chr19	12433211	12433192	+	20.36	28.34	>	6	19	71
487	chr15	31611224	31611205	+	20.34	11.17	>	6	19	71
488	chr3	107206198	107206179	+	20.34	39.22	>	6	19	71
489	chr17	86909946	86909927	+	20.31	22.38	>	6	19	71
490	chr7	89473669	89473650	-	20.22	24.19	>	6	19	71
491	chr6	35252603	35252584	+	20.22	32.56	>	6	19	71
492	chr6	126168001	126167982	-	20.17	8.76	>	6	19	71
493	chr16	42169942	42169923	+	20.12	43.34	>	6	19	71
494	chr6	90607354	90607335	+	20.11	24.86	>	6	19	71
495	chr6	31664664	31664645	+	20.11	41.5	>	6	19	71
496	chr13	100002039	100002020	+	20.02	21.73	>	6	19	71
497	chr6	97523337	97523318	-	19.97	25.72	>	6	19	71
498	chr4	123529452	123529433	-	19.95	17.69	>	6	19	71
499	chr18	53744741	53744722	-	19.94	29.1	>	6	19	71
500	chr9	13849232	13849213	+	19.9	15.484	>	6	19	71
501	chr15	14052128	14052109	-	19.89	12.375	>	6	19	71
502	chr3	68053761	68053742	-	19.88	27.33	>	6	19	71
503	chr14	50799990	50799971	+	19.83	30.28	>	6	19	71
504	chr8	50292348	50292329	+	19.83	31.36	>	6	19	71
505	chr19	52993242	52993223	-	19.81	45.25	>	6	19	71
506	chr8	24546435	24546416	-	19.8	56.1	>	6	19	71
507	chr2	166085186	166085167	+	19.78	40.2	>	6	19	71
508	chr15	80260893	80260874	-	19.75	33.7	>	6	19	71
509	chr18	75606699	75606680	+	19.72	50.94	>	6	19	71
510	chr2	135957961	135957942	-	19.69	27.1	>	6	19	71
511	chr11	75179118	75179099	+	19.67	22.83	>	6	19	71
512	chr6	77628987	77628968	+	19.66	40.56	>	6	19	71
513	chr4	82614384	82614365	-	19.62	15.836	>	6	19	71
514	chr17	27190013	27189994	+	19.5	26.89	>	6	19	71
515	chr14	121451301	121451282	-	19.45	26.11	>	6	19	71
516	chr9	69987821	69987802	-	19.44	12.234	>	6	19	71
517	chr6	40479902	40479883	+	19.42	24.72	>	6	19	71
518	chr4	82619779	82619760	-	19.42	11.22	>	6	19	71
519	chr2	160593235	160593216	-	19.4	45.8	>	6	19	71
520	chr4	48691990	48691971	+	19.4	34.88	>	6	19	71
521	chr1	11140123	11140104	-	19.39	7.324	>	6	19	71
522	chr6	67858160	67858141	+	19.36	18.55	>	6	19	71
523	chr1	91914028	91914009	+	19.36	22.06	>	6	19	71
524	chr15	76196896	76196877	+	19.33	35.8	>	6	19	71
525	chr11	43767011	43766992	+	19.27	27.44	>	6	19	71
526	chr17	8463677	8463658	+	19.23	31.38	>	6	19	71
527	chr2	60442102	60442083	-	19.22	10.555	>	6	19	71
528	chr10	8242562	8242543	+	19.2	18.4	>	6	19	71
529	chr15	8382407	8382388	+	19.16	11.64	>	6	19	71
530	chr19	11360302	11360283	+	19.14	15.06	>	6	19	71
531	chr12	79305335	79305316	+	19.11	29.94	>	6	19	71
532	chr13	38992697	38992678	+	19.03	12.445	>	6	19	71
533	chr8	91147955	91147936	-	19.0	26.05	>	6	19	71
534	chr13	64443476	64443457	+	19.0	35.6	>	6	19	71
535	chr8	117898214	117898195	+	18.92	34.16	>	6	19	71
536	chr11	42423473	42423454	-	18.77	18.48	>	6	19	71
537	chr9	114957195	114957176	-	18.77	27.38	>	6	19	71
538	chr5	149647926	149647907	+	18.72	23.06	>	6	19	71
539	chr5	128440068	128440049	-	18.69	40.7	>	6	19	71
540	chr6	90606762	90606743	-	18.67	32.6	>	6	19	71
541	chr10	58560031	58560012	+	18.67	23.25	>	6	19	71
542	chr18	25538443	25538424	+	18.66	23.94	>	6	19	71
543	chr11	22987510	22987491	+	18.56	23.83	>	6	19	71
544	chr13	57269837	57269818	-	18.55	36.6	>	6	19	71
545	chr13	53096854	53096835	-	18.55	32.88	>	6	19	71
546	chr7	124783020	124783001	-	18.55	23.44	>	6	19	71
547	chr7	40687242	40687223	-	18.52	26.28	>	6	19	71
548	chr4	109438113	109438094	+	18.45	31.61	>	6	19	71
549	chr13	46663777	46663758	-	18.45	5.215	>	6	19	71
550	chr2	21927862	21927843	-	18.45	17.72	>	6	19	71
551	chr11	72564476	72564457	-	18.39	17.95	>	6	19	71
552	chr14	57362951	57362932	-	18.3	10.125	>	6	19	71
553	chr13	54063511	54063492	-	18.3	12.516	>	6	19	71
554	chr8	127191530	127191511	+	18.27	39.03	>	6	19	71
555	chr4	24249781	24249762	+	18.25	8.38	>	6	19	71
556	chr1	175603551	175603532	-	18.2	12.0	>	6	19	71
557	chr7	131897479	131897460	+	18.19	16.34	>	6	19	71
558	chr2	125259455	125259436	-	18.17	32.72	>	6	19	71
559	chr8	11943262	11943243	-	18.0	20.05	>	6	19	71
560	chr13	74861814	74861795	+	17.98	11.664	>	6	19	71
561	chr3	37302880	37302861	-	17.98	17.84	>	6	19	71
562	chr2	165391753	165391734	+	17.95	20.97	>	6	19	71
563	chr1	167669968	167669949	-	17.94	39.3	>	6	19	71
564	chr14	24311319	24311300	+	17.89	24.48	>	6	19	71
565	chr6	125622660	125622641	+	17.86	24.67	>	6	19	71
566	chr16	91694897	91694878	+	17.83	21.03	>	6	19	71
567	chr7	100886752	100886733	-	17.8	33.3	>	6	19	71
568	chr2	165779092	165779073	+	17.7	43.9	>	6	19	71
569	chr4	118988734	118988715	-	17.7	12.37	>	6	19	71
570	chr9	111939788	111939769	+	17.64	16.92	>	6	19	71
571	chr9	40806571	40806552	+	17.64	39.78	>	6	19	71
572	chr19	21571392	21571373	+	17.64	11.9	>	6	19	71
573	chr10	49785057	49785038	-	17.56	2.498	>	6	19	71
574	chr3	84922220	84922201	+	17.47	28.94	>	6	19	71
575	chr12	7991018	7990999	+	17.47	17.66	>	6	19	71
576	chr8	106687694	106687675	+	17.45	42.0	>	6	19	71
577	chr19	15998346	15998327	+	17.33	27.56	>	6	19	71
578	chr10	30838389	30838370	+	17.3	7.543	>	6	19	71
579	chr2	6469364	6469345	-	17.28	15.65	>	6	19	71
580	chr9	59678540	59678521	-	17.28	29.06	>	6	19	71
581	chr18	60143536	60143517	-	17.25	6.348	>	6	19	71
582	chr2	76114972	76114953	-	17.25	26.88	>	6	19	71
583	chr1	192722361	192722342	-	17.23	36.0	>	6	19	71
584	chr13	6737153	6737134	+	17.23	24.25	>	6	19	71
585	chr10	116199232	116199213	+	17.23	24.89	>	6	19	71
586	chr18	6627309	6627290	+	17.06	30.4	>	6	19	71
587	chr7	117375969	117375950	-	17.03	13.42	>	6	19	71
588	chr11	7200225	7200206	+	17.03	39.34	>	6	19	71
589	chr3	152474817	152474798	+	16.98	9.51	>	6	19	71
590	chr12	4107565	4107546	+	16.97	22.11	>	6	19	71
591	chr18	78212287	78212268	-	16.83	18.31	>	6	19	71
592	chr2	17842170	17842151	-	16.81	6.844	>	6	19	71
593	chr5	112429191	112429172	-	16.78	14.19	>	6	19	71
594	chr9	54169687	54169668	+	16.73	16.64	>	6	19	71
595	chr9	78597063	78597044	+	16.73	17.98	>	6	19	71
596	chr2	125556029	125556010	+	16.69	19.19	>	6	19	71
597	chr4	86545837	86545818	-	16.69	26.34	>	6	19	71
598	chr11	34229190	34229171	+	16.55	19.56	>	6	19	71
599	chr13	60479163	60479144	+	16.52	1.697	>	6	19	71
600	chr11	57788119	57788100	+	16.36	29.88	>	6	19	71
601	chr5	117504639	117504620	+	16.36	53.34	>	6	19	71
602	chr1	128368923	128368904	+	16.28	14.01	>	6	19	71
603	chr14	51098507	51098488	-	16.28	41.22	>	6	19	71
604	chr10	14404268	14404249	+	16.23	20.66	>	6	19	71
605	chr18	65752297	65752278	-	16.1	16.11	>	6	19	71
606	chr3	59077498	59077479	+	16.1	40.72	>	6	19	71
607	chr1	119919473	119919454	+	16.06	20.62	>	6	19	71
608	chr1	86598699	86598680	+	16.03	48.72	>	6	19	71
609	chr1	80178208	80178189	-	16.0	17.12	>	6	19	71
610	chr15	64132164	64132145	+	15.96	15.336	>	6	19	71
611	chr2	4652218	4652199	-	15.91	22.83	>	6	19	71
612	chr9	40805489	40805470	-	15.86	35.53	>	6	19	71
613	chr13	30549079	30549060	-	15.805	25.34	>	6	19	71
614	chr3	82350530	82350511	-	15.805	7.78	>	6	19	71
615	chr7	81155234	81155215	-	15.805	19.0	>	6	19	71
616	chr4	107701325	107701306	-	15.8	18.55	>	6	19	71
617	chr11	76655250	76655231	+	15.8	25.19	>	6	19	71
618	chr7	122945377	122945358	+	15.72	20.64	>	6	19	71
619	chr16	32697312	32697293	+	15.695	24.02	>	6	19	71
620	chr13	114460825	114460806	-	15.65	8.25	>	6	19	71
621	chr19	59389409	59389390	+	15.65	31.4	>	6	19	71
622	chr7	45451495	45451476	+	15.64	35.4	>	6	19	71
623	chr15	85599066	85599047	+	15.625	30.86	>	6	19	71
624	chr10	9012998	9012979	+	15.6	21.77	>	6	19	71
625	chr13	24318872	24318853	-	15.58	11.58	>	6	19	71
626	chr3	123506917	123506898	-	15.53	17.17	>	6	19	71
627	chr13	101719731	101719712	-	15.48	25.34	>	6	19	71
628	chr12	12412898	12412879	-	15.43	30.47	>	6	19	71
629	chr10	127342496	127342477	-	15.4	29.73	>	6	19	71
630	chr7	28972871	28972852	+	15.39	21.2	>	6	19	71
631	chr5	130862481	130862462	+	15.33	29.22	>	6	19	71
632	chr13	53779354	53779335	+	15.31	23.8	>	6	19	71
633	chr11	51582940	51582921	-	15.305	26.1	>	6	19	71
634	chr3	34150257	34150238	+	15.3	17.19	>	6	19	71
635	chr9	30423156	30423137	-	15.29	30.31	>	6	19	71
636	chr1	55886585	55886566	+	15.29	16.73	>	6	19	71
637	chr8	121104251	121104232	+	15.28	31.56	>	6	19	71
638	chr2	31683894	31683875	+	15.27	30.73	>	6	19	71
639	chr9	121458682	121458663	+	15.27	42.72	>	6	19	71
640	chr13	111421545	111421526	+	15.22	27.25	>	6	19	71
641	chr18	56572965	56572946	+	15.22	32.7	>	6	19	71
642	chr18	42593315	42593296	+	15.2	8.75	>	6	19	71
643	chr8	118287683	118287664	+	15.2	7.145	>	6	19	71
644	chr14	47742843	47742824	+	15.18	9.65	>	6	19	71
645	chr1	184791312	184791293	-	15.164	27.39	>	6	19	71
646	chr6	106800166	106800147	-	15.1	18.75	>	6	19	71
647	chr11	12025880	12025861	+	15.06	18.02	>	6	19	71
648	chr5	129594341	129594322	-	15.03	29.4	>	6	19	71
649	chr13	16005724	16005705	+	15.016	13.71	>	6	19	71
650	chr14	65597230	65597211	+	15.016	14.01	>	6	19	71
651	chr5	99900280	99900261	-	14.95	10.75	>	6	19	71
652	chr8	11421350	11421331	-	14.945	26.12	>	6	19	71
653	chr19	4755748	4755729	+	14.93	24.55	>	6	19	71
654	chr10	110733540	110733521	-	14.914	16.5	>	6	19	71
655	chr5	67752088	67752069	+	14.89	18.31	>	6	19	71
656	chr9	77381774	77381755	-	14.85	26.45	>	6	19	71
657	chr18	81951830	81951811	-	14.76	34.06	>	6	19	71
658	chr1	86059644	86059625	+	14.734	30.22	>	6	19	71
659	chr1	52630636	52630617	-	14.734	9.89	>	6	19	71
660	chr2	174308107	174308088	+	14.69	14.67	>	6	19	71
661	chr11	99364649	99364630	-	14.6	16.03	>	6	19	71
662	chr13	109558424	109558405	+	14.49	16.98	>	6	19	71
663	chr12	58201405	58201386	-	14.48	6.883	>	6	19	71
664	chr7	137471937	137471918	+	14.445	28.83	>	6	19	71
665	chr17	26916803	26916784	+	14.414	25.05	>	6	19	71
666	chr5	87871626	87871607	-	14.414	20.39	>	6	19	71
667	chr2	125252443	125252424	+	14.414	25.9	>	6	19	71
668	chr1	9549185	9549166	+	14.414	19.5	>	6	19	71
669	chr11	11788608	11788589	-	14.38	31.97	>	6	19	71
670	chr7	43928727	43928708	+	14.36	11.45	>	6	19	71
671	chr10	60760656	60760637	-	14.31	36.9	>	6	19	71
672	chr6	17362958	17362939	+	14.31	3.076	>	6	19	71
673	chr1	136521528	136521509	-	14.305	21.69	>	6	19	71
674	chr2	153147934	153147915	+	14.28	18.94	>	6	19	71
675	chr8	61522313	61522294	+	14.266	28.28	>	6	19	71
676	chr18	56759303	56759284	+	14.266	12.61	>	6	19	71
677	chr14	115451146	115451127	-	14.234	4.215	>	6	19	71
678	chr1	176218428	176218409	+	14.195	14.99	>	6	19	71
679	chr15	97665520	97665501	-	14.18	30.02	>	6	19	71
680	chr13	20299620	20299601	+	14.18	33.25	>	6	19	71
681	chr9	59969601	59969582	-	14.14	17.69	>	6	19	71
682	chr16	57611975	57611956	+	14.055	18.66	>	6	19	71
683	chr12	15816144	15816125	+	13.984	8.52	>	6	19	71
684	chr15	82271381	82271362	-	13.95	28.55	>	6	19	71
685	chr7	74363644	74363625	-	13.95	40.8	>	6	19	71
686	chr3	73066293	73066274	+	13.95	16.86	>	6	19	71
687	chr1	118772515	118772496	-	13.945	30.34	>	6	19	71
688	chr4	110020493	110020474	-	13.94	26.28	>	6	19	71
689	chr3	34639420	34639401	-	13.94	14.87	>	6	19	71
690	chr2	131530224	131530205	-	13.92	25.86	>	6	19	71
691	chr4	20024128	20024109	+	13.91	12.516	>	6	19	71
692	chr8	74980870	74980851	-	13.81	30.2	>	6	19	71
693	chr18	75757719	75757700	+	13.734	18.78	>	6	19	71
694	chr7	89908147	89908128	-	13.72	13.79	>	6	19	71
695	chr4	150257406	150257387	+	13.72	23.58	>	6	19	71
696	chr2	55022781	55022762	-	13.664	7.77	>	6	19	71
697	chr18	64506771	64506752	-	13.63	18.4	>	6	19	71
698	chr14	123353156	123353137	-	13.61	11.6	>	6	19	71
699	chr4	139872794	139872775	+	13.59	35.75	>	6	19	71
700	chr13	51839869	51839850	+	13.586	21.19	>	6	19	71
701	chr5	146162789	146162770	+	13.516	23.42	>	6	19	71
702	chr9	83785201	83785182	+	13.49	14.66	>	6	19	71
703	chr3	59079480	59079461	+	13.44	28.77	>	6	19	71
704	chr10	11345312	11345293	-	13.375	5.086	>	6	19	71
705	chr11	46252188	46252169	-	13.34	28.12	>	6	19	71
706	chr4	85404971	85404952	+	13.32	14.11	>	6	19	71
707	chr4	130738774	130738755	+	13.31	16.47	>	6	19	71
708	chr5	86432914	86432895	+	13.305	16.02	>	6	19	71
709	chr3	22306829	22306810	+	13.266	18.6	>	6	19	71
710	chr2	91930225	91930206	-	13.25	19.55	>	6	19	71
711	chr6	108417714	108417695	+	13.234	10.66	>	6	19	71
712	chr12	17011790	17011771	-	13.16	20.73	>	6	19	71
713	chr5	87551137	87551118	-	13.15	21.52	>	6	19	71
714	chr4	106227683	106227664	-	13.14	14.38	>	6	19	71
715	chr4	139877472	139877453	+	13.1	27.4	>	6	19	71
716	chr1	88742593	88742574	-	13.086	17.75	>	6	19	71
717	chr3	52254088	52254069	+	13.02	34.16	>	6	19	71
718	chr9	73159469	73159450	+	12.99	27.5	>	6	19	71
719	chr7	29297253	29297234	-	12.984	28.8	>	6	19	71
720	chr13	116312336	116312317	-	12.93	10.21	>	6	19	71
721	chr2	157117146	157117127	-	12.91	21.92	>	6	19	71
722	chr9	60243712	60243693	+	12.89	13.59	>	6	19	71
723	chr1	179845066	179845047	-	12.88	17.89	>	6	19	71
724	chr11	103332754	103332735	+	12.875	24.97	>	6	19	71
725	chr1	53032774	53032755	-	12.87	13.05	>	6	19	71
726	chr8	45345197	45345178	+	12.81	16.72	>	6	19	71
727	chr12	113216133	113216114	+	12.74	53.7	>	6	19	71
728	chr15	36152194	36152175	-	12.72	16.9	>	6	19	71
729	chr1	72876274	72876255	+	12.69	17.11	>	6	19	71
730	chr9	14774009	14773990	+	12.664	9.0	>	6	19	71
731	chr12	74317197	74317178	-	12.664	11.76	>	6	19	71
732	chr7	107819649	107819630	-	12.64	16.3	>	6	19	71
733	chr13	55327907	55327888	+	12.64	17.61	>	6	19	71
734	chr3	54796015	54795996	+	12.63	22.77	>	6	19	71
735	chr6	60963937	60963918	+	12.61	7.094	>	6	19	71
736	chr8	21981891	21981872	-	12.61	17.33	>	6	19	71
737	chr10	38269349	38269330	-	12.52	19.28	>	6	19	71
738	chr6	51170619	51170600	-	12.5	20.02	>	6	19	71
739	chr2	148110356	148110337	-	12.43	16.03	>	6	19	71
740	chr1	88301823	88301804	-	12.42	19.61	>	6	19	71
741	chr6	115037959	115037940	-	12.33	15.375	>	6	19	71
742	chr16	11980974	11980955	+	12.33	3.668	>	6	19	71
743	chr15	44832771	44832752	-	12.31	24.2	>	6	19	71
744	chr19	26193888	26193869	-	12.29	7.65	>	6	19	71
745	chr17	8988263	8988244	-	12.29	10.71	>	6	19	71
746	chr14	66358860	66358841	+	12.28	18.22	>	6	19	71
747	chr12	40832432	40832413	-	12.26	13.56	>	6	19	71
748	chr2	53206958	53206939	-	12.18	12.55	>	6	19	71
749	chr16	42914617	42914598	+	12.16	7.133	>	6	19	71
750	chr11	111523686	111523667	-	12.14	23.53	>	6	19	71
751	chr6	121556678	121556659	+	12.11	18.8	>	6	19	71
752	chr7	43926199	43926180	-	12.1	21.69	>	6	19	71
753	chr3	3311028	3311009	+	12.09	10.74	>	6	19	71
754	chr12	17018680	17018661	+	12.04	21.19	>	6	19	71
755	chr18	33794794	33794775	+	11.97	24.89	>	6	19	71
756	chr15	73791915	73791896	+	11.96	24.61	>	6	19	71
757	chr12	82489256	82489237	+	11.945	11.805	>	6	19	71
758	chr19	37559803	37559784	+	11.91	21.4	>	6	19	71
759	chr12	36195155	36195136	-	11.91	7.07	>	6	19	71
760	chr3	30515246	30515227	-	11.875	11.664	>	6	19	71
761	chr19	27426681	27426662	-	11.81	11.945	>	6	19	71
762	chr2	75590427	75590408	-	11.75	21.66	>	6	19	71
763	chr2	17849498	17849479	+	11.75	6.633	>	6	19	71
764	chr9	83371155	83371136	-	11.75	6.18	>	6	19	71
765	chr9	30936846	30936827	-	11.734	17.67	>	6	19	71
766	chr15	94690037	94690018	+	11.73	23.03	>	6	19	71
767	chr2	147379133	147379114	+	11.69	9.875	>	6	19	71
768	chr4	121232314	121232295	-	11.664	7.945	>	6	19	71
769	chr18	56333219	56333200	-	11.64	4.934	>	6	19	71
770	chr16	25952209	25952190	-	11.64	6.688	>	6	19	71
771	chr13	94976326	94976307	+	11.63	16.62	>	6	19	71
772	chr2	30942898	30942879	-	11.57	22.28	>	6	19	71
773	chr6	104479441	104479422	+	11.55	10.57	>	6	19	71
774	chr5	113080039	113080020	-	11.52	26.94	>	6	19	71
775	chr16	30550607	30550588	-	11.52	17.62	>	6	19	71
776	chr1	160194976	160194957	+	11.51	18.28	>	6	19	71
777	chr11	56116782	56116763	-	11.48	30.47	>	6	19	71
778	chr6	112484521	112484502	-	11.48	12.14	>	6	19	71
779	chr14	21853546	21853527	-	11.445	30.66	>	6	19	71
780	chr9	58534993	58534974	+	11.414	20.97	>	6	19	71
781	chr17	73302318	73302299	+	11.414	39.62	>	6	19	71
782	chr1	85842459	85842440	-	11.41	14.02	>	6	19	71
783	chr17	16926410	16926391	-	11.35	2.584	>	6	19	71
784	chr12	29894861	29894842	+	11.31	16.72	>	6	19	71
785	chr2	127832989	127832970	+	11.22	7.293	>	6	19	71
786	chr16	20724653	20724634	+	11.18	15.11	>	6	19	71
787	chr1	180811112	180811093	-	11.164	28.33	>	6	19	71
788	chr13	109210611	109210592	-	11.16	17.5	>	6	19	71
789	chr18	5990207	5990188	-	11.14	3.14	>	6	19	71
790	chr18	12102268	12102249	-	11.125	23.38	>	6	19	71
791	chr19	59380193	59380174	+	11.08	23.9	>	6	19	71
792	chr2	101665476	101665457	+	11.055	26.06	>	6	19	71
793	chr12	108541242	108541223	-	11.02	27.9	>	6	19	71
794	chr2	32583648	32583629	+	11.016	30.19	>	6	19	71
795	chr1	181881807	181881788	-	10.98	11.91	>	6	19	71
796	chr5	117506576	117506557	+	10.94	40.06	>	6	19	71
797	chr1	38789153	38789134	+	10.89	22.95	>	6	19	71
798	chr10	102445139	102445120	-	10.875	19.4	>	6	19	71
799	chr12	81788941	81788922	+	10.87	12.51	>	6	19	71
800	chr9	78233462	78233443	-	10.86	15.93	>	6	19	71
801	chr10	96618527	96618508	+	10.86	3.014	>	6	19	71
802	chr8	84639419	84639400	-	10.85	34.7	>	6	19	71
803	chr17	8468905	8468886	+	10.85	20.27	>	6	19	71
804	chr2	67535551	67535532	+	10.83	7.83	>	6	19	71
805	chr18	52947340	52947321	+	10.82	10.15	>	6	19	71
806	chr13	72625410	72625391	-	10.78	6.715	>	6	19	71
807	chr11	31942449	31942430	+	10.69	22.72	>	6	19	71
808	chr1	6190743	6190724	-	10.63	7.344	>	6	19	71
809	chr7	74367549	74367530	+	10.6	15.16	>	6	19	71
810	chr4	22482970	22482951	+	10.58	4.45	>	6	19	71
811	chr13	20298018	20297999	+	10.56	24.86	>	6	19	71
812	chr16	75325511	75325492	-	10.484	5.44	>	6	19	71
813	chr6	54586377	54586358	+	10.44	8.14	>	6	19	71
814	chr14	59604211	59604192	-	10.375	15.664	>	6	19	71
815	chr2	107946040	107946021	-	10.31	11.08	>	6	19	71
816	chr1	62701219	62701200	-	10.3	12.74	>	6	19	71
817	chr7	75914120	75914101	+	10.266	24.1	>	6	19	71
818	chr5	98167679	98167660	+	10.26	12.875	>	6	19	71
819	chr9	99671799	99671780	+	10.23	22.52	>	6	19	71
820	chr1	179847901	179847882	+	10.16	11.88	>	6	19	71
821	chr15	80080817	80080798	-	10.15	32.28	>	6	19	71
822	chr6	137747756	137747737	-	10.09	27.12	>	6	19	71
823	chr6	77249625	77249606	-	10.09	6.945	>	6	19	71
824	chr5	149049190	149049171	-	10.08	15.81	>	6	19	71
825	chr18	32814407	32814388	-	10.07	2.566	>	6	19	71
826	chr11	46258405	46258386	-	10.06	20.3	>	6	19	71
827	chr11	81974830	81974811	-	10.01	5.44	>	6	19	71
828	chr19	48414047	48414028	+	9.99	12.77	>	6	19	71
829	chr11	34836484	34836465	+	9.86	20.75	>	6	19	71
830	chr17	24437345	24437326	-	9.81	19.33	>	6	19	71
831	chr6	59208753	59208734	-	9.734	12.92	>	6	19	71
832	chr13	37325694	37325675	-	9.734	20.84	>	6	19	71
833	chr11	43412967	43412948	-	9.72	22.2	>	6	19	71
834	chr13	49651342	49651323	-	9.71	2.496	>	6	19	71
835	chr7	143151380	143151361	+	9.69	18.05	>	6	19	71
836	chr16	4285478	4285459	-	9.67	7.94	>	6	19	71
837	chr11	29715017	29714998	-	9.664	9.12	>	6	19	71
838	chr3	134654263	134654244	+	9.62	3.898	>	6	19	71
839	chr8	28978824	28978805	-	9.57	7.504	>	6	19	71
840	chr13	54062269	54062250	-	9.55	10.02	>	6	19	71
841	chr9	32585514	32585495	+	9.516	12.72	>	6	19	71
842	chr7	73648212	73648193	-	9.484	13.375	>	6	19	71
843	chr19	27425889	27425870	-	9.44	11.26	>	6	19	71
844	chr13	100854377	100854358	-	9.42	17.78	>	6	19	71
845	chr5	140749784	140749765	-	9.414	22.17	>	6	19	71
846	chr4	127027444	127027425	+	9.4	22.48	>	6	19	71
847	chr11	109221866	109221847	-	9.3	9.67	>	6	19	71
848	chr16	16596794	16596775	+	9.28	5.977	>	6	19	71
849	chr2	128605294	128605275	-	9.25	9.07	>	6	19	71
850	chr2	61492265	61492246	+	9.25	6.99	>	6	19	71
851	chr10	74217479	74217460	+	9.22	7.7	>	6	19	71
852	chr9	68016722	68016703	+	9.2	8.305	>	6	19	71
853	chr6	144248136	144248117	+	9.19	7.742	>	6	19	71
854	chr13	51191948	51191929	+	9.17	5.492	>	6	19	71
855	chr2	103424848	103424829	-	9.164	12.29	>	6	19	71
856	chr7	64751734	64751715	-	9.13	16.66	>	6	19	71
857	chr7	27160004	27159985	+	9.125	14.17	>	6	19	71
858	chr13	95986545	95986526	+	9.08	13.76	>	6	19	71
859	chr5	135118653	135118634	+	9.08	29.22	>	6	19	71
860	chr10	49786914	49786895	-	9.07	0.785	>	6	19	71
861	chr1	51639072	51639053	+	9.02	3.22	>	6	19	71
862	chr14	105307894	105307875	+	8.95	2.453	>	6	19	71
863	chr19	40231990	40231971	-	8.95	19.89	>	6	19	71
864	chr10	69656526	69656507	+	8.95	12.99	>	6	19	71
865	chr7	142714879	142714860	-	8.945	27.2	>	6	19	71
866	chr6	129256260	129256241	-	8.93	14.53	>	6	19	71
867	chr5	138199783	138199764	+	8.9	8.414	>	6	19	71
868	chr8	36193738	36193719	+	8.89	10.43	>	6	19	71
869	chr11	49597354	49597335	+	8.87	6.92	>	6	19	71
870	chr1	139405977	139405958	-	8.86	4.043	>	6	19	71
871	chr3	124289118	124289099	-	8.84	12.69	>	6	19	71
872	chr9	13196005	13195986	-	8.83	30.6	>	6	19	71
873	chr14	115819240	115819221	+	8.83	10.71	>	6	19	71
874	chr5	146914595	146914576	+	8.82	39.7	>	6	19	71
875	chr4	119223866	119223847	-	8.766	16.34	>	6	19	71
876	chr15	85879204	85879185	-	8.76	17.27	>	6	19	71
877	chr4	124682485	124682466	+	8.7	17.45	>	6	19	71
878	chr17	34956526	34956507	+	8.695	22.17	>	6	19	71
879	chr12	39494054	39494035	-	8.65	2.455	>	6	19	71
880	chr9	34485824	34485805	-	8.625	10.6	>	6	19	71
881	chr2	180786948	180786929	+	8.57	17.27	>	6	19	71
882	chr4	62230989	62230970	+	8.57	12.25	>	6	19	71
883	chr2	16357480	16357461	+	8.55	2.205	>	6	19	71
884	chr17	9759516	9759497	+	8.54	11.53	>	6	19	71
885	chr10	13018670	13018651	+	8.54	19.64	>	6	19	71
886	chr4	32570820	32570801	-	8.52	6.645	>	6	19	71
887	chr9	86451919	86451900	-	8.49	16.77	>	6	19	71
888	chr7	139590495	139590476	+	8.49	20.39	>	6	19	71
889	chr16	31944169	31944150	+	8.445	14.11	>	6	19	71
890	chr3	104701211	104701192	-	8.44	24.84	>	6	19	71
891	chr2	160955546	160955527	-	8.414	14.05	>	6	19	71
892	chr18	32811889	32811870	+	8.4	4.918	>	6	19	71
893	chr14	115042240	115042221	-	8.4	14.734	>	6	19	71
894	chr2	28464119	28464100	-	8.33	19.16	>	6	19	71
895	chr2	76369931	76369912	+	8.28	9.1	>	6	19	71
896	chr3	107605512	107605493	+	8.28	12.57	>	6	19	71
897	chr14	121220891	121220872	-	8.23	10.8	>	6	19	71
898	chr1	103796539	103796520	+	8.22	10.74	>	6	19	71
899	chr16	23151589	23151570	+	8.21	3.11	>	6	19	71
900	chr5	33371346	33371327	-	8.19	15.74	>	6	19	71
901	chr13	103121088	103121069	-	8.18	6.016	>	6	19	71
902	chr10	60760529	60760510	+	8.14	24.72	>	6	19	71
903	chr1	169921787	169921768	+	8.12	12.62	>	6	19	71
904	chr13	42826816	42826797	-	8.11	17.0	>	6	19	71
905	chr6	72601930	72601911	+	8.11	24.06	>	6	19	71
906	chr7	81345319	81345300	-	7.99	7.87	>	6	19	71
907	chr11	33934471	33934452	+	7.98	18.27	>	6	19	71
908	chr18	77044808	77044789	-	7.97	11.42	>	6	19	71
909	chr7	67217278	67217259	+	7.926	7.28	>	6	19	71
910	chr2	164074027	164074008	+	7.906	10.22	>	6	19	71
911	chr3	45373410	45373391	+	7.855	1.438	>	6	19	71
912	chr1	152768355	152768336	-	7.84	9.35	>	6	19	71
913	chr11	102267665	102267646	-	7.81	17.44	>	6	19	71
914	chr11	43411664	43411645	-	7.81	21.72	>	6	19	71
915	chr2	129880054	129880035	+	7.805	6.484	>	6	19	71
916	chr11	81972241	81972222	+	7.797	9.07	>	6	19	71
917	chr9	65581143	65581124	-	7.793	11.17	>	6	19	71
918	chr4	106228720	106228701	+	7.727	13.9	>	6	19	71
919	chr6	119467876	119467857	+	7.703	18.1	>	6	19	71
920	chr10	122794511	122794492	+	7.695	15.734	>	6	19	71
921	chr14	34813484	34813465	-	7.69	11.805	>	6	19	71
922	chr15	19280629	19280610	+	7.68	3.066	>	6	19	71
923	chr13	38235597	38235578	-	7.676	11.836	>	6	19	71
924	chr13	21710105	21710086	+	7.67	14.95	>	6	19	71
925	chr11	104231353	104231334	-	7.67	18.38	>	6	19	71
926	chr6	86401304	86401285	-	7.64	23.28	>	6	19	71
927	chr4	24245320	24245301	-	7.633	3.027	>	6	19	71
928	chr9	29655082	29655063	+	7.613	20.11	>	6	19	71
929	chr9	58535957	58535938	-	7.605	16.9	>	6	19	71
930	chr5	112427478	112427459	-	7.598	9.93	>	6	19	71
931	chr4	140539353	140539334	-	7.58	22.9	>	6	19	71
932	chr14	105302910	105302891	+	7.57	4.605	>	6	19	71
933	chr7	19713404	19713385	-	7.543	26.19	>	6	19	71
934	chr1	127487367	127487348	-	7.52	14.33	>	6	19	71
935	chr19	56806125	56806106	-	7.504	5.934	>	6	19	71
936	chr19	47175662	47175643	-	7.46	21.67	>	6	19	71
937	chr2	150795624	150795605	-	7.44	6.633	>	6	19	71
938	chr2	137114826	137114807	+	7.438	4.08	>	6	19	71
939	chr10	119244230	119244211	+	7.434	4.305	>	6	19	71
940	chr5	117094622	117094603	+	7.42	22.22	>	6	19	71
941	chr11	67100384	67100365	-	7.42	22.83	>	6	19	71
942	chr5	30686988	30686969	+	7.41	18.64	>	6	19	71
943	chr8	105291139	105291120	-	7.41	11.78	>	6	19	71
944	chr7	143470174	143470155	-	7.39	17.94	>	6	19	71
945	chr15	8099290	8099271	-	7.35	8.336	>	6	19	71
946	chr7	119015949	119015930	+	7.34	17.75	>	6	19	71
947	chr17	56306039	56306020	-	7.305	16.48	>	6	19	71
948	chr1	134636895	134636876	+	7.3	5.97	>	6	19	71
949	chr17	65541217	65541198	+	7.258	9.125	>	6	19	71
950	chr14	49218880	49218861	+	7.25	8.47	>	6	19	71
951	chr1	25527154	25527135	+	7.2	7.453	>	6	19	71
952	chr1	146515575	146515556	+	7.18	3.11	>	6	19	71
953	chr9	44109578	44109559	+	7.176	33.9	>	6	19	71
954	chr11	108889358	108889339	+	7.15	8.016	>	6	19	71
955	chr7	138398615	138398596	+	7.117	4.707	>	6	19	71
956	chr5	32204842	32204823	+	7.11	6.15	>	6	19	71
957	chr8	14859581	14859562	+	7.1	5.27	>	6	19	71
958	chr11	95676507	95676488	-	7.09	14.555	>	6	19	71
959	chr6	85141186	85141167	+	7.08	33.56	>	6	19	71
960	chr14	20340404	20340385	-	7.04	15.81	>	6	19	71
961	chr1	193130339	193130320	-	7.023	5.71	>	6	19	71
962	chr9	98032882	98032863	+	6.992	4.73	>	6	19	71
963	chr7	143793289	143793270	+	6.98	21.42	>	6	19	71
964	chr12	32292312	32292293	-	6.895	8.26	>	6	19	71
965	chr17	45724453	45724434	-	6.89	12.125	>	6	19	71
966	chr14	102512314	102512295	+	6.89	1.602	>	6	19	71
967	chr8	11943038	11943019	+	6.88	5.47	>	6	19	71
968	chr7	83553561	83553542	+	6.867	8.27	>	6	19	71
969	chr9	64960779	64960760	-	6.85	16.31	>	6	19	71
970	chr9	30426996	30426977	+	6.832	15.31	>	6	19	71
971	chr11	119249183	119249164	+	6.785	23.48	>	6	19	71
972	chr8	90795542	90795523	+	6.77	10.67	>	6	19	71
973	chr2	113498926	113498907	-	6.766	9.86	>	6	19	71
974	chr13	62926662	62926643	+	6.75	4.73	>	6	19	71
975	chr1	127485025	127485006	+	6.715	16.44	>	6	19	71
976	chr17	78592615	78592596	+	6.715	8.945	>	6	19	71
977	chr2	118246134	118246115	-	6.668	13.72	>	6	19	71
978	chr2	92474875	92474856	-	6.652	13.95	>	6	19	71
979	chr7	17061423	17061404	+	6.645	15.1	>	6	19	71
980	chr10	122090678	122090659	+	6.63	8.38	>	6	19	71
981	chr13	64448147	64448128	+	6.594	17.92	>	6	19	71
982	chr2	34642611	34642592	-	6.562	14.51	>	6	19	71
983	chr5	117509743	117509724	+	6.54	26.92	>	6	19	71
984	chr7	131371109	131371090	+	6.516	4.71	>	6	19	71
985	chr6	94054143	94054124	-	6.5	13.34	>	6	19	71
986	chr14	20697228	20697209	+	6.465	17.88	>	6	19	71
987	chr10	122798121	122798102	+	6.46	15.23	>	6	19	71
988	chr13	14196604	14196585	+	6.45	1.613	>	6	19	71
989	chr3	118991976	118991957	+	6.438	8.26	>	6	19	71
990	chr9	107231295	107231276	-	6.434	7.414	>	6	19	71
991	chr15	24557016	24556997	-	6.418	3.371	>	6	19	71
992	chr2	178407758	178407739	+	6.414	11.43	>	6	19	71
993	chr9	90683476	90683457	-	6.38	1.322	>	6	19	71
994	chr6	22968335	22968316	-	6.34	6.418	>	6	19	71
995	chr12	67217811	67217792	+	6.336	1.95	>	6	19	71
996	chr10	82910438	82910419	+	6.277	10.99	>	6	19	71
997	chr7	49125716	49125697	+	6.258	16.88	>	6	19	71
998	chr11	119491305	119491286	-	6.215	10.81	>	6	19	71
999	chr11	32341308	32341289	-	6.21	14.555	>	6	19	71
1000	chr19	8713406	8713387	+	6.19	10.44	>	6	19	71
1001	chr4	48048044	48048025	+	6.152	6.21	>	6	19	71
1002	chr11	52764825	52764806	+	6.15	7.75	>	6	19	71
1003	chr13	20564636	20564617	-	6.145	4.82	>	6	19	71
1004	chr10	39105011	39104992	-	6.14	7.152	>	6	19	71
1005	chr11	98909856	98909837	-	6.117	18.95	>	6	19	71
1006	chr1	151025102	151025083	+	6.117	4.496	>	6	19	71
1007	chr5	98167777	98167758	-	6.113	9.555	>	6	19	71
1008	chr8	88118562	88118543	+	6.062	3.66	>	6	19	71
1009	chr16	92511934	92511915	+	6.035	16.34	>	6	19	71
1010	chr15	25792295	25792276	-	6.008	6.87	>	6	19	71
1011	chr13	92751194	92751175	+	5.938	12.68	>	6	19	71
1012	chr5	101688793	101688774	-	5.934	12.51	>	6	19	71
1013	chr7	112023252	112023233	+	5.93	8.26	>	6	19	71
1014	chr14	21854038	21854019	-	5.914	27.36	>	6	19	71
1015	chr8	32003733	32003714	-	5.9	2.012	>	6	19	71
1016	chr13	53095394	53095375	-	5.867	6.086	>	6	19	71
1017	chr1	182554179	182554160	+	5.836	10.15	>	6	19	71
1018	chr6	18381568	18381549	+	5.832	1.955	>	6	19	71
1019	chr9	77389590	77389571	+	5.832	5.68	>	6	19	71
1020	chr16	5254481	5254462	-	5.812	12.77	>	6	19	71
1021	chr2	93199625	93199606	+	5.797	14.08	>	6	19	71
1022	chr9	81631651	81631632	-	5.793	3.863	>	6	19	71
1023	chr2	152887412	152887393	-	5.78	4.652	>	6	19	71
1024	chr4	153481137	153481118	-	5.766	3.3	>	6	19	71
1025	chr8	72239706	72239687	-	5.754	5.32	>	6	19	71
1026	chr18	65750236	65750217	-	5.703	2.543	>	6	19	71
1027	chr6	61311882	61311863	-	5.68	7.43	>	6	19	71
1028	chr18	46143625	46143606	+	5.676	6.477	>	6	19	71
1029	chr6	120836118	120836099	+	5.64	7.797	>	6	19	71
1030	chr6	100563990	100563971	-	5.625	4.164	>	6	19	71
1031	chr3	13475098	13475079	-	5.61	1.948	>	6	19	71
1032	chr2	132262968	132262949	+	5.6	7.164	>	6	19	71
1033	chr11	103334169	103334150	+	5.594	12.02	>	6	19	71
1034	chr6	54255029	54255010	+	5.586	4.35	>	6	19	71
1035	chr13	101711018	101710999	+	5.543	9.15	>	6	19	71
1036	chr5	39644761	39644742	-	5.54	3.531	>	6	19	71
1037	chr8	90795201	90795182	-	5.516	4.996	>	6	19	71
1038	chr18	23162646	23162627	+	5.51	1.562	>	6	19	71
1039	chr16	78165563	78165544	+	5.477	7.39	>	6	19	71
1040	chr2	96584106	96584087	-	5.44	3.29	>	6	19	71
1041	chr12	72070473	72070454	+	5.426	11.336	>	6	19	71
1042	chr12	24708691	24708672	+	5.414	9.914	>	6	19	71
1043	chr8	92367135	92367116	-	5.406	6.984	>	6	19	71
1044	chr17	83866777	83866758	+	5.4	23.0	>	6	19	71
1045	chr13	55322636	55322617	-	5.4	7.0	>	6	19	71
1046	chr6	88893771	88893752	-	5.395	16.78	>	6	19	71
1047	chr19	8718731	8718712	-	5.383	8.6	>	6	19	71
1048	chr12	59220179	59220160	-	5.38	2.5	>	6	19	71
1049	chr14	60784526	60784507	+	5.367	16.06	>	6	19	71
1050	chr3	153658591	153658572	+	5.33	6.258	>	6	19	71
1051	chr9	77386949	77386930	-	5.312	12.24	>	6	19	71
1052	chr10	83219903	83219884	+	5.312	6.188	>	6	19	71
1053	chr6	15176967	15176948	-	5.31	2.947	>	6	19	71
1054	chr2	152604207	152604188	-	5.27	19.44	>	6	19	71
1055	chr2	39003369	39003350	-	5.26	1.671	>	6	19	71
1056	chr16	31425707	31425688	-	5.254	13.484	>	6	19	71
1057	chr5	137503018	137502999	-	5.227	3.691	>	6	19	71
1058	chr18	13973086	13973067	-	5.207	0.71	>	6	19	71
1059	chr17	68849016	68848997	-	5.2	1.891	>	6	19	71
1060	chr2	128408931	128408912	-	5.19	8.72	>	6	19	71
1061	chr14	97559790	97559771	-	5.16	2.041	>	6	19	71
1062	chr8	67903864	67903845	-	5.13	6.113	>	6	19	71
1063	chr14	56888181	56888162	-	5.125	3.316	>	6	19	71
1064	chr4	132198465	132198446	+	5.125	11.19	>	6	19	71
1065	chr2	39005861	39005842	-	5.12	3.883	>	6	19	71
1066	chr7	137471679	137471660	-	5.1	19.97	>	6	19	71
1067	chr6	64949075	64949056	+	5.09	5.168	>	6	19	71
1068	chr18	16821148	16821129	+	5.043	1.935	>	6	19	71
1069	chr2	93813566	93813547	+	5.04	13.086	>	6	19	71
1070	chr6	126481478	126481459	-	5.023	10.89	>	6	19	71
1071	chr1	181881093	181881074	-	4.984	10.19	>	6	19	71
1072	chr6	108065822	108065803	-	4.977	6.67	>	6	19	71
1073	chr4	88550373	88550354	+	4.938	4.04	>	6	19	71
1074	chr5	137502167	137502148	+	4.867	8.81	>	6	19	71
1075	chr8	77618148	77618129	-	4.86	4.188	>	6	19	71
1076	chr7	120098024	120098005	+	4.855	7.22	>	6	19	71
1077	chr2	75152706	75152687	-	4.824	10.55	>	6	19	71
1078	chr11	87950193	87950174	+	4.78	11.09	>	6	19	71
1079	chr11	94598936	94598917	-	4.746	10.49	>	6	19	71
1080	chr1	10229119	10229100	+	4.746	0.972	>	6	19	71
1081	chr7	143476888	143476869	+	4.746	8.89	>	6	19	71
1082	chr9	102607693	102607674	-	4.715	3.604	>	6	19	71
1083	chr8	32009749	32009730	+	4.71	6.785	>	6	19	71
1084	chr3	99262117	99262098	-	4.707	1.889	>	6	19	71
1085	chr18	75607987	75607968	+	4.664	23.11	>	6	19	71
1086	chr7	75380211	75380192	-	4.64	2.41	>	6	19	71
1087	chr3	135863108	135863089	+	4.64	3.164	>	6	19	71
1088	chr4	87369015	87368996	-	4.625	9.125	>	6	19	71
1089	chr8	84639535	84639516	+	4.605	13.88	>	6	19	71
1090	chr15	74524301	74524282	+	4.586	13.7	>	6	19	71
1091	chr17	57007316	57007297	-	4.582	9.42	>	6	19	71
1092	chr11	30893985	30893966	+	4.547	0.9004	>	6	19	71
1093	chr19	57360190	57360171	-	4.543	2.654	>	6	19	71
1094	chr8	110102657	110102638	-	4.53	9.24	>	6	19	71
1095	chr7	135389259	135389240	-	4.53	9.336	>	6	19	71
1096	chr4	152527530	152527511	+	4.516	13.99	>	6	19	71
1097	chr13	103710441	103710422	+	4.5	4.57	>	6	19	71
1098	chr10	120896053	120896034	+	4.5	2.322	>	6	19	71
1099	chr18	5155632	5155613	-	4.484	6.39	>	6	19	71
1100	chr12	80141693	80141674	-	4.45	17.05	>	6	19	71
1101	chr5	118763566	118763547	-	4.418	12.81	>	6	19	71
1102	chr12	14150175	14150156	+	4.406	3.688	>	6	19	71
1103	chr10	128990300	128990281	-	4.4	8.03	>	6	19	71
1104	chr10	30834038	30834019	-	4.37	4.473	>	6	19	71
1105	chr6	50618483	50618464	+	4.367	12.766	>	6	19	71
1106	chr15	9748972	9748953	-	4.36	3.496	>	6	19	71
1107	chr16	92308164	92308145	-	4.355	11.22	>	6	19	71
1108	chr2	9881964	9881945	-	4.355	2.918	>	6	19	71
1109	chr8	123106089	123106070	+	4.336	8.18	>	6	19	71
1110	chr5	98346264	98346245	+	4.324	2.342	>	6	19	71
1111	chr10	40249841	40249822	-	4.316	12.23	>	6	19	71
1112	chr3	141457685	141457666	+	4.312	4.707	>	6	19	71
1113	chr9	40192620	40192601	-	4.3	2.145	>	6	19	71
1114	chr9	72448248	72448229	+	4.29	7.78	>	6	19	71
1115	chr13	24316809	24316790	-	4.273	3.682	>	6	19	71
1116	chr1	50927249	50927230	+	4.258	4.5	>	6	19	71
1117	chr11	102690417	102690398	-	4.223	12.195	>	6	19	71
1118	chr4	116627141	116627122	+	4.207	6.52	>	6	19	71
1119	chr15	76198817	76198798	+	4.164	10.72	>	6	19	71
1120	chr15	12113620	12113601	-	4.156	3.312	>	6	19	71
1121	chr1	115675059	115675040	+	4.152	5.223	>	6	19	71
1122	chr2	34644807	34644788	-	4.15	8.266	>	6	19	71
1123	chr2	166084974	166084955	-	4.133	18.12	>	6	19	71
1124	chr11	21571906	21571887	-	4.13	2.105	>	6	19	71
1125	chr15	9449709	9449690	-	4.062	0.543	>	6	19	71
1126	chr5	92664520	92664501	-	4.055	3.326	>	6	19	71
1127	chr12	77001216	77001197	+	4.043	1.105	>	6	19	71
1128	chr6	93757507	93757488	-	4.01	5.273	>	6	19	71
1129	chr19	56302794	56302775	+	4.01	3.797	>	6	19	71
1130	chr13	71954038	71954019	-	4.008	1.19	>	6	19	71
1131	chr4	17852015	17851996	-	4.0	0.8535	>	6	19	71
1132	chr18	39136126	39136107	+	3.992	1.932	>	6	19	71
1133	chr1	153489234	153489215	-	3.99	7.715	>	6	19	71
1134	chr9	66136172	66136153	-	3.988	5.383	>	6	19	71
1135	chr11	109621431	109621412	-	3.979	11.484	>	6	19	71
1136	chr13	91723318	91723299	+	3.959	5.49	>	6	19	71
1137	chr13	3642291	3642272	-	3.959	4.75	>	6	19	71
1138	chr13	47304770	47304751	+	3.957	6.746	>	6	19	71
1139	chr2	121144456	121144437	+	3.953	4.504	>	6	19	71
1140	chr13	93772223	93772204	-	3.928	3.56	>	6	19	71
1141	chr10	70967079	70967060	+	3.916	4.88	>	6	19	71
1142	chr13	59417085	59417066	-	3.91	5.0	>	6	19	71
1143	chr7	102484972	102484953	-	3.883	7.0	>	6	19	71
1144	chr5	38235667	38235648	-	3.879	10.78	>	6	19	71
1145	chr14	56885401	56885382	+	3.87	2.412	>	6	19	71
1146	chr11	75170669	75170650	-	3.861	7.984	>	6	19	71
1147	chr11	77980417	77980398	+	3.846	9.5	>	6	19	71
1148	chr9	94738712	94738693	+	3.828	14.92	>	6	19	71
1149	chr6	140466500	140466481	-	3.816	3.785	>	6	19	71
1150	chr19	57361025	57361006	-	3.814	6.484	>	6	19	71
1151	chr12	58972459	58972440	+	3.777	2.135	>	6	19	71
1152	chr2	61490636	61490617	+	3.775	5.23	>	6	19	71
1153	chr4	44310651	44310632	+	3.762	4.973	>	6	19	71
1154	chr11	52766147	52766128	+	3.734	1.83	>	6	19	71
1155	chr13	72627587	72627568	-	3.717	4.066	>	6	19	71
1156	chr9	23012459	23012440	-	3.71	1.704	>	6	19	71
1157	chr16	31427924	31427905	-	3.705	3.383	>	6	19	71
1158	chr12	29895773	29895754	+	3.691	1.481	>	6	19	71
1159	chr9	73154557	73154538	+	3.666	9.1	>	6	19	71
1160	chr1	127484437	127484418	-	3.66	8.8	>	6	19	71
1161	chr9	107566236	107566217	+	3.656	7.098	>	6	19	71
1162	chr2	68118338	68118319	+	3.652	4.36	>	6	19	71
1163	chr11	11140836	11140817	-	3.629	13.69	>	6	19	71
1164	chr12	74014936	74014917	-	3.627	5.97	>	6	19	71
1165	chr7	138396301	138396282	-	3.621	0.934	>	6	19	71
1166	chr14	103534605	103534586	+	3.617	5.312	>	6	19	71
1167	chr10	115164112	115164093	-	3.613	3.031	>	6	19	71
1168	chr7	119019764	119019745	+	3.598	7.113	>	6	19	71
1169	chr13	96389525	96389506	-	3.588	1.339	>	6	19	71
1170	chr14	74723724	74723705	-	3.586	5.766	>	6	19	71
1171	chr14	55114114	55114095	-	3.57	7.387	>	6	19	71
1172	chr9	62784468	62784449	+	3.562	12.84	>	6	19	71
1173	chr10	127678167	127678148	-	3.541	2.129	>	6	19	71
1174	chr17	55948218	55948199	-	3.535	4.3	>	6	19	71
1175	chr11	78183263	78183244	-	3.525	12.305	>	6	19	71
1176	chr6	59207403	59207384	-	3.508	1.477	>	6	19	71
1177	chr6	135416919	135416900	+	3.498	4.027	>	6	19	71
1178	chr5	122104403	122104384	+	3.492	11.98	>	6	19	71
1179	chr13	37971068	37971049	-	3.482	3.088	>	6	19	71
1180	chr5	114612410	114612391	+	3.48	13.6	>	6	19	71
1181	chr10	114442226	114442207	+	3.46	2.104	>	6	19	71
1182	chr2	145655527	145655508	-	3.44	2.05	>	6	19	71
1183	chr7	109507351	109507332	-	3.418	1.832	>	6	19	71
1184	chr16	10009965	10009946	+	3.402	4.965	>	6	19	71
1185	chr14	67969032	67969013	-	3.385	5.523	>	6	19	71
1186	chr5	140744055	140744036	-	3.348	10.35	>	6	19	71
1187	chr1	56984334	56984315	+	3.338	2.584	>	6	19	71
1188	chr2	137110782	137110763	+	3.328	1.323	>	6	19	71
1189	chr16	22267525	22267506	+	3.322	1.262	>	6	19	71
1190	chr16	4884595	4884576	-	3.3	2.822	>	6	19	71
1191	chr5	19458406	19458387	-	3.291	6.625	>	6	19	71
1192	chr1	84697217	84697198	-	3.29	7.492	>	6	19	71
1193	chr14	122903088	122903069	-	3.29	2.205	>	6	19	71
1194	chr7	64056729	64056710	-	3.273	1.214	>	6	19	71
1195	chr9	71624061	71624042	-	3.273	15.39	>	6	19	71
1196	chr9	96885958	96885939	-	3.271	10.016	>	6	19	71
1197	chr18	46964733	46964714	-	3.266	8.555	>	6	19	71
1198	chr3	122638475	122638456	+	3.26	4.82	>	6	19	71
1199	chr9	94733848	94733829	+	3.256	3.768	>	6	19	71
1200	chr1	167938404	167938385	-	3.25	6.79	>	6	19	71
1201	chr1	180811841	180811822	+	3.244	6.383	>	6	19	71
1202	chr10	42760472	42760453	+	3.229	1.784	>	6	19	71
1203	chr18	20598347	20598328	+	3.213	4.758	>	6	19	71
1204	chr17	71909305	71909286	+	3.203	3.572	>	6	19	71
1205	chr1	34459898	34459879	+	3.193	3.389	>	6	19	71
1206	chr4	117202234	117202215	-	3.191	9.61	>	6	19	71
1207	chr15	101313974	101313955	-	3.178	2.96	>	6	19	71
1208	chr16	13438138	13438119	+	3.176	1.241	>	6	19	71
1209	chr7	114878499	114878480	+	3.174	1.604	>	6	19	71
1210	chr11	109866735	109866716	+	3.166	2.812	>	6	19	71
1211	chr3	123509329	123509310	+	3.162	5.67	>	6	19	71
1212	chr3	114085881	114085862	-	3.146	0.5283	>	6	19	71
1213	chr4	120149384	120149365	-	3.145	8.09	>	6	19	71
1214	chr16	4549594	4549575	-	3.137	11.12	>	6	19	71
1215	chr15	78872224	78872205	+	3.133	9.35	>	6	19	71
1216	chr12	57231261	57231242	-	3.127	3.32	>	6	19	71
1217	chr9	71624949	71624930	-	3.125	15.0	>	6	19	71
1218	chr4	18963859	18963840	-	3.12	4.01	>	6	19	71
1219	chr8	40913366	40913347	-	3.115	1.625	>	6	19	71
1220	chr5	21645240	21645221	-	3.11	1.259	>	6	19	71
1221	chr10	68357244	68357225	+	3.094	1.353	>	6	19	71
1222	chr2	93812077	93812058	-	3.06	11.82	>	6	19	71
1223	chr12	75669431	75669412	-	3.05	4.1	>	6	19	71
1224	chr1	12844023	12844004	+	3.033	4.33	>	6	19	71
1225	chr12	86697142	86697123	+	3.025	6.996	>	6	19	71
1226	chr9	98033678	98033659	+	3.021	1.525	>	6	19	71
1227	chr19	37946902	37946883	+	3.02	4.082	>	6	19	71
1228	chr9	75271676	75271657	+	3.01	4.42	>	6	19	71
1229	chr11	55162881	55162862	+	2.996	3.625	>	6	19	71
1230	chr17	25274339	25274320	-	2.984	4.45	>	6	19	71
1231	chr6	108065317	108065298	+	2.984	5.535	>	6	19	71
1232	chr7	5071749	5071730	-	2.928	2.754	>	6	19	71
1233	chr3	152477906	152477887	-	2.922	3.295	>	6	19	71
1234	chr5	28090770	28090751	-	2.922	2.412	>	6	19	71
1235	chr14	78282622	78282603	+	2.91	2.186	>	6	19	71
1236	chr14	88480122	88480103	-	2.906	3.236	>	6	19	71
1237	chr7	107569047	107569028	+	2.902	1.588	>	6	19	71
1238	chr3	83777088	83777069	-	2.879	3.992	>	6	19	71
1239	chr8	48550865	48550846	+	2.871	0.592	>	6	19	71
1240	chr7	132575955	132575936	-	2.855	4.473	>	6	19	71
1241	chr14	79769127	79769108	-	2.852	4.36	>	6	19	71
1242	chr17	69974245	69974226	-	2.799	1.284	>	6	19	71
1243	chr12	66284211	66284192	-	2.793	5.484	>	6	19	71
1244	chr6	83796902	83796883	-	2.785	3.35	>	6	19	71
1245	chr9	44108077	44108058	+	2.785	11.375	>	6	19	71
1246	chr11	116023924	116023905	+	2.777	6.906	>	6	19	71
1247	chr3	86779824	86779805	-	2.775	8.64	>	6	19	71
1248	chr19	46056202	46056183	+	2.77	5.27	>	6	19	71
1249	chr10	108210181	108210162	-	2.762	0.674	>	6	19	71
1250	chr8	27001386	27001367	+	0.4329	0.4077	>	6	19	71
1251	chr17	28338029	28338010	-	0.252	0.265	>	6	19	71
1252	chr11	76445826	76445807	-	0.2268	0.1863	>	6	19	71
1253	chr5	144244146	144244127	-	0.311	0.3691	>	6	19	71
1254	chr14	79768803	79768784	-	0.3076	0.2808	>	6	19	71
1255	chr9	26778623	26778604	-	1.299	0.6914	>	6	19	71
1256	chr7	25392052	25392033	+	0.2487	0.242	>	6	19	71
1257	chr3	101484879	101484860	-	0.3438	0.528	>	6	19	71
1258	chr2	69113988	69113969	+	0.2472	0.1981	>	6	19	71
1259	chr13	29852447	29852428	-	0.1781	0.1941	>	6	19	71
1260	chr2	60213231	60213212	-	0.1073	0.1628	>	6	19	71
1261	chr2	171418157	171418138	-	0.1407	0.2131	>	6	19	71
1262	chr7	64392050	64392031	-	0.514	0.2006	>	6	19	71
1263	chr15	36157434	36157415	-	0.7227	0.836	>	6	19	71
1264	chr4	49662357	49662338	-	0.4692	0.2915	>	6	19	71
1265	chr4	48422356	48422337	+	1.027	0.5225	>	6	19	71
1266	chr18	82720514	82720495	+	0.1605	0.1409	>	6	19	71
1267	chr1	172022686	172022667	+	0.1733	0.1764	>	6	19	71
1268	chr7	139595890	139595871	+	0.1575	0.2125	>	6	19	71
1269	chr12	73007842	73007823	-	0.345	0.2974	>	6	19	71
1270	chr17	27192928	27192909	-	0.1056	0.4468	>	6	19	71
1271	chr1	53698960	53698941	+	0.557	0.255	>	6	19	71
1272	chr18	12734380	12734361	+	0.207	0.1383	>	6	19	71
1273	chr6	126767488	126767469	-	0.2039	0.2483	>	6	19	71
1274	chr2	92856249	92856230	-	2.734	0.857	>	6	19	71
1275	chr11	74572851	74572832	+	0.2646	0.2705	>	6	19	71
1276	chr9	59675637	59675618	-	0.4082	0.744	>	6	19	71
1277	chr15	55025647	55025628	+	0.1847	0.1536	>	6	19	71
1278	chr4	120579150	120579131	-	0.33	0.264	>	6	19	71
1279	chr15	74525720	74525701	+	0.2172	0.2104	>	6	19	71
1280	chr1	88748095	88748076	+	0.1973	0.1881	>	6	19	71
1281	chr15	32239655	32239636	-	0.2822	0.1587	>	6	19	71
1282	chr7	36571183	36571164	+	0.1103	0.1942	>	6	19	71
1283	chr11	113855351	113855332	-	0.1613	0.1947	>	6	19	71
1284	chr6	90609163	90609144	+	2.127	1.159	>	6	19	71
1285	chr3	146181407	146181388	-	0.2034	0.3416	>	6	19	71
1286	chr10	69857222	69857203	-	0.3232	0.3599	>	6	19	71
1287	chr2	158361425	158361406	-	0.5625	0.2502	>	6	19	71
1288	chr5	136268179	136268160	-	0.1886	0.2153	>	6	19	71
1289	chr16	11983350	11983331	-	1.634	1.076	>	6	19	71
1290	chr2	84437773	84437754	+	0.2305	0.14	>	6	19	71
1291	chr18	24002018	24001999	-	0.133	0.1333	>	6	19	71
1292	chr1	130151533	130151514	-	0.4075	0.3347	>	6	19	71
1293	chr9	59675855	59675836	+	0.3367	0.2161	>	6	19	71
1294	chr11	116840251	116840232	-	0.3374	0.637	>	6	19	71
1295	chr2	155819963	155819944	+	0.07886	0.146	>	6	19	71
1296	chr14	105301632	105301613	+	0.206	0.2114	>	6	19	71
1297	chr12	9044592	9044573	+	0.1821	0.2019	>	6	19	71
1298	chr18	13971224	13971205	-	0.5337	0.3596	>	6	19	71
1299	chr5	136267600	136267581	-	0.2751	0.189	>	6	19	71
1300	chr5	33371430	33371411	+	0.3992	0.1644	>	6	19	71
1301	chr14	51090397	51090378	-	0.4153	0.243	>	6	19	71
1302	chr1	77935072	77935053	+	0.1814	0.1729	>	6	19	71
1303	chr11	119246049	119246030	-	0.204	0.3367	>	6	19	71
1304	chr17	50274949	50274930	-	0.441	0.1749	>	6	19	71
1305	chr8	108956442	108956423	+	0.5635	0.3044	>	6	19	71
1306	chr11	66885340	66885321	+	0.1636	0.169	>	6	19	71
1307	chr7	30099945	30099926	-	0.1979	0.1757	>	6	19	71
1308	chr15	99973159	99973140	-	0.1998	0.3345	>	6	19	71
1309	chr5	16308949	16308930	+	0.1567	0.1411	>	6	19	71
1310	chr6	119466578	119466559	-	0.9824	0.9795	>	6	19	71
1311	chr2	136886679	136886660	+	0.7764	0.2095	>	6	19	71
1312	chr14	79763594	79763575	-	0.2852	0.151	>	6	19	71
1313	chr2	170416012	170415993	+	0.1837	0.1256	>	6	19	71
1314	chr4	41015236	41015217	-	0.1882	0.1434	>	6	19	71
1315	chr11	70975109	70975090	+	0.713	0.3914	>	6	19	71
1316	chr5	122773202	122773183	+	0.11584	0.1375	>	6	19	71
1317	chr4	128588031	128588012	-	0.2659	0.1909	>	6	19	71
1318	chr8	122576186	122576167	-	0.11285	0.1545	>	6	19	71
1319	chr7	76383989	76383970	+	0.1553	0.154	>	6	19	71
1320	chr9	41467019	41467000	-	0.2223	0.1565	>	6	19	71
1321	chr1	32712246	32712227	-	0.05322	0.1516	>	6	19	71
1322	chr16	23974866	23974847	-	0.5283	0.3425	>	6	19	71
1323	chr15	84066194	84066175	-	0.6196	1.17	>	6	19	71
1324	chr11	40148920	40148901	-	1.272	0.642	>	6	19	71
1325	chr7	27166488	27166469	-	0.306	0.491	>	6	19	71
1326	chr11	30240273	30240254	+	0.4001	0.2556	>	6	19	71
1327	chr2	69115969	69115950	-	0.1754	0.1587	>	6	19	71
1328	chr9	113420569	113420550	-	0.2261	0.2178	>	6	19	71
1329	chr12	99882528	99882509	-	0.2617	0.1387	>	6	19	71
1330	chr5	77347648	77347629	-	0.3625	0.4211	>	6	19	71
1331	chr10	49780455	49780436	+	0.2179	0.1394	>	6	19	71
1332	chr5	75855263	75855244	-	0.6416	0.4326	>	6	19	71
1333	chr2	124087358	124087339	-	0.6436	0.2075	>	6	19	71
1334	chr14	49219056	49219037	+	0.678	0.694	>	6	19	71
1335	chr5	147938091	147938072	+	0.368	0.1842	>	6	19	71
1336	chr11	32340288	32340269	+	0.1792	0.1648	>	6	19	71
1337	chr16	50181579	50181560	+	0.2006	0.1838	>	6	19	71
1338	chr16	20496121	20496102	-	0.6714	0.1777	>	6	19	71
1339	chr8	76775680	76775661	+	0.135	0.1975	>	6	19	71
1340	chr14	65597676	65597657	+	0.6543	0.452	>	6	19	71
1341	chr7	64754771	64754752	+	0.1351	0.2295	>	6	19	71
1342	chr2	166083979	166083960	-	0.2964	0.2065	>	6	19	71
1343	chr16	44140440	44140421	+	0.4607	0.3381	>	6	19	71
1344	chr12	90524338	90524319	-	0.3223	0.2983	>	6	19	71
1345	chr5	89391716	89391697	+	0.1626	0.1418	>	6	19	71
1346	chr9	59675438	59675419	-	0.2104	0.1542	>	6	19	71
1347	chr19	16339103	16339084	-	0.1967	0.1177	>	6	19	71
1348	chr13	30545067	30545048	+	0.3672	0.2915	>	6	19	71
1349	chr1	92462681	92462662	+	0.3916	0.1832	>	6	19	71
1350	chr4	84066283	84066264	-	0.1898	0.1552	>	6	19	71
1351	chr9	83373922	83373903	-	0.2197	0.1434	>	6	19	71
1352	chr4	88773969	88773950	-	0.9507	8.01	>	6	19	71
1353	chr9	123132258	123132239	-	0.1687	0.1416	>	6	19	71
1354	chr17	34958843	34958824	-	0.2079	0.5464	>	6	19	71
1355	chr12	50946225	50946206	+	0.2341	0.157	>	6	19	71
1356	chr13	73647252	73647233	+	0.267	0.1704	>	6	19	71
1357	chr11	83279300	83279281	-	0.4434	0.2251	>	6	19	71
1358	chr17	8986048	8986029	-	0.3325	0.212	>	6	19	71
1359	chr4	14935721	14935702	-	0.7095	0.296	>	6	19	71
1360	chr4	75076699	75076680	+	0.09125	0.2014	>	6	19	71
1361	chr5	114610713	114610694	+	0.0985	0.1626	>	6	19	71
1362	chr9	83378273	83378254	-	0.471	0.2808	>	6	19	71
1363	chr9	107773182	107773163	-	0.1786	0.1414	>	6	19	71
1364	chr9	41218030	41218011	+	0.1323	0.1355	>	6	19	71
1365	chr9	105644718	105644699	+	0.4255	0.1808	>	6	19	71
1366	chr8	84264441	84264422	-	1.261	1.4795	>	6	19	71
1367	chr4	135959453	135959434	+	0.112	0.2223	>	6	19	71
1368	chr1	24684268	24684249	+	0.4001	0.1942	>	6	19	71
1369	chr3	87748577	87748558	-	0.7593	0.4382	>	6	19	71
1370	chr9	54690950	54690931	+	0.11566	0.136	>	6	19	71
1371	chr15	82277690	82277671	-	0.9043	0.4492	>	6	19	71
1372	chr5	115498528	115498509	-	0.2693	0.2164	>	6	19	71
1373	chr9	56621276	56621257	+	0.10846	0.253	>	6	19	71
1374	chr18	81956733	81956714	-	0.2815	0.2637	>	6	19	71
1375	chr10	22791401	22791382	-	0.1346	0.2358	>	6	19	71
1376	chr15	82271301	82271282	+	0.836	0.1838	>	6	19	71
1377	chr12	69946159	69946140	+	0.555	0.455	>	6	19	71
1378	chr14	101442800	101442781	+	0.2983	0.1344	>	6	19	71
1379	chr2	164777017	164776998	-	0.5176	0.361	>	6	19	71
1380	chr10	24631573	24631554	-	1.178	1.224	>	6	19	71
1381	chr1	136528510	136528491	-	1.761	0.7373	>	6	19	71
1382	chr10	19222118	19222099	-	1.411	0.8228	>	6	19	71
1383	chr14	56885508	56885489	-	2.348	4.004	>	6	19	71
1384	chr8	85060493	85060474	-	0.9688	0.437	>	6	19	71
1385	chr11	96075822	96075803	-	0.9316	0.4944	>	6	19	71
1386	chr11	77476535	77476516	+	0.1632	0.2383	>	6	19	71
1387	chr1	81294004	81293985	-	0.905	0.562	>	6	19	71
1388	chr12	15520954	15520935	+	0.7183	0.4033	>	6	19	71
1389	chr7	66397054	66397035	+	0.1594	0.2107	>	6	19	71
1390	chr12	74014582	74014563	-	0.2377	0.1973	>	6	19	71
1391	chr5	144242554	144242535	-	0.241	0.1987	>	6	19	71
1392	chr15	66894943	66894924	+	0.2703	0.2021	>	6	19	71
1393	chr6	126484995	126484976	-	0.4333	1.278	>	6	19	71
1394	chr4	48427148	48427129	+	0.678	0.3833	>	6	19	71
1395	chr15	71459211	71459192	+	0.252	0.1731	>	6	19	71
1396	chr3	19896435	19896416	-	0.2361	0.1467	>	6	19	71
1397	chr8	68268707	68268688	-	0.1398	0.1492	>	6	19	71
1398	chr1	182555580	182555561	-	0.1982	0.1915	>	6	19	71
1399	chr9	44413186	44413167	-	0.534	0.393	>	6	19	71
1400	chr14	70151716	70151697	+	0.3604	0.2382	>	6	19	71
1401	chr4	62478250	62478231	+	0.438	0.1328	>	6	19	71
1402	chr3	127561629	127561610	-	0.2183	0.12354	>	6	19	71
1403	chr3	69139614	69139595	-	0.397	0.2261	>	6	19	71
1404	chr17	17919616	17919597	+	0.1678	0.167	>	6	19	71
1405	chr4	139314214	139314195	-	0.2279	0.269	>	6	19	71
1406	chr18	61952763	61952744	-	0.2372	0.1731	>	6	19	71
1407	chr9	7599188	7599169	+	0.33	0.191	>	6	19	71
1408	chr10	120898341	120898322	-	0.3386	0.1467	>	6	19	71
1409	chr11	57469613	57469594	-	0.1846	0.2297	>	6	19	71
1410	chr18	58480198	58480179	-	0.2095	0.1665	>	6	19	71
1411	chr17	12380527	12380508	-	0.658	0.591	>	6	19	71
1412	chr2	107940173	107940154	+	0.11664	0.1351	>	6	19	71
1413	chr2	32580534	32580515	-	0.2605	0.4055	>	6	19	71
1414	chr15	98813480	98813461	+	0.3496	0.5376	>	6	19	71
1415	chr6	54253893	54253874	+	0.1663	0.1743	>	6	19	71
1416	chr1	135800865	135800846	+	0.1766	0.1665	>	6	19	71
1417	chr15	58426369	58426350	+	0.1996	0.1519	>	6	19	71
1418	chr4	87367775	87367756	+	0.3853	0.1472	>	6	19	71
1419	chr2	96583103	96583084	-	0.809	0.3242	>	6	19	71
1420	chr4	63366959	63366940	-	0.1979	0.1753	>	6	19	71
1421	chr4	59761293	59761274	-	0.3435	0.2113	>	6	19	71
1422	chr10	7832162	7832143	+	0.2646	0.1672	>	6	19	71
1423	chr7	89904213	89904194	-	0.2908	0.156	>	6	19	71
1424	chr1	30697342	30697323	+	0.1025	0.1263	>	6	19	71
1425	chr1	58987602	58987583	+	0.2202	0.1498	>	6	19	71
1426	chr15	7452190	7452171	+	0.1405	0.12085	>	6	19	71
1427	chr4	139877044	139877025	+	0.3875	0.2688	>	6	19	71
1428	chr3	83291887	83291868	-	0.0825	0.137	>	6	19	71
1429	chr15	68912907	68912888	-	0.5024	0.2024	>	6	19	71
1430	chr14	64593744	64593725	-	1.073	0.5703	>	6	19	71
1431	chr1	56980349	56980330	-	0.2778	0.2322	>	6	19	71
1432	chr14	75833620	75833601	-	0.6006	0.4543	>	6	19	71
1433	chr16	62904648	62904629	-	0.217	0.1924	>	6	19	71
1434	chr5	35991229	35991210	-	1.033	1.082	>	6	19	71
1435	chr5	44287418	44287399	-	0.248	0.155	>	6	19	71
1436	chr15	76199915	76199896	-	0.07776	0.3071	>	6	19	71
1437	chr4	131240262	131240243	-	0.241	0.206	>	6	19	71
1438	chr5	102147917	102147898	-	0.228	0.2458	>	6	19	71
1439	chr3	93086926	93086907	+	0.0978	0.1787	>	6	19	71
1440	chr6	126163382	126163363	+	2.373	1.376	>	6	19	71
1441	chr3	45375769	45375750	+	1.051	0.2544	>	6	19	71
1442	chr16	90306219	90306200	-	0.3647	0.3506	>	6	19	71
1443	chr17	3249270	3249251	-	0.1843	0.136	>	6	19	71
1444	chr4	143024421	143024402	-	0.087	0.1317	>	6	19	71
1445	chr19	47513892	47513873	-	0.2471	0.1393	>	6	19	71
1446	chr6	66534595	66534576	-	1.387	0.675	>	6	19	71
1447	chr6	134963172	134963153	-	0.6475	0.5996	>	6	19	71
1448	chr14	56369245	56369226	+	0.2401	0.1912	>	6	19	71
1449	chr18	53460219	53460200	+	0.1775	0.162	>	6	19	71
1450	chr7	89476922	89476903	-	0.2163	0.1522	>	6	19	71
1451	chr6	34273116	34273097	+	0.0673	0.1545	>	6	19	71
1452	chr7	142295608	142295589	-	1.062	6.32	>	6	19	71
1453	chr3	22302208	22302189	+	0.992	0.3848	>	6	19	71
1454	chr6	31045994	31045975	-	0.7534	0.959	>	6	19	71
1455	chr9	57143378	57143359	-	0.1816	0.2302	>	6	19	71
1456	chr6	101268340	101268321	+	0.2712	0.1924	>	6	19	71
1457	chr9	58897456	58897437	-	0.7163	0.4846	>	6	19	71
1458	chr17	79601068	79601049	+	0.2245	0.12476	>	6	19	71
1459	chr16	5254607	5254588	-	0.2883	0.22	>	6	19	71
1460	chr4	83595536	83595517	+	1.783	1.041	>	6	19	71
1461	chr9	51159881	51159862	-	0.6875	0.266	>	6	19	71
1462	chr14	66354429	66354410	+	0.1142	0.1388	>	6	19	71
1463	chr5	117090283	117090264	+	0.5806	0.4014	>	6	19	71
1464	chr2	168061425	168061406	-	0.1733	0.2051	>	6	19	71
1465	chr5	9169228	9169209	+	0.3306	0.1686	>	6	19	71
1466	chr6	28418701	28418682	-	0.4202	0.266	>	6	19	71
1467	chr12	105038443	105038424	-	0.1501	0.2063	>	6	19	71
1468	chr1	182558143	182558124	-	0.2264	0.1511	>	6	19	71
1469	chr8	47713300	47713281	-	1.078	1.646	>	6	19	71
1470	chr18	47357393	47357374	+	0.2007	0.1278	>	6	19	71
1471	chr1	118771083	118771064	-	0.1254	0.2006	>	6	19	71
1472	chr16	6493044	6493025	-	0.1927	0.1516	>	6	19	71
1473	chr9	42951005	42950986	-	0.3914	0.2078	>	6	19	71
1474	chr13	53430986	53430967	-	0.6504	0.3672	>	6	19	71
1475	chr13	67609268	67609249	+	2.162	0.826	>	6	19	71
1476	chr1	53035072	53035053	+	0.1465	0.1494	>	6	19	71
1477	chr7	99471824	99471805	-	0.3745	0.4907	>	6	19	71
1478	chr11	36543574	36543555	-	0.1156	0.1614	>	6	19	71
1479	chr5	124334258	124334239	-	0.3428	0.273	>	6	19	71
1480	chr10	76771414	76771395	-	0.1296	0.2047	>	6	19	71
1481	chr10	4386719	4386700	+	0.32	0.4492	>	6	19	71
1482	chr5	116554091	116554072	+	0.0876	0.1714	>	6	19	71
1483	chr10	41734858	41734839	+	0.1406	0.2605	>	6	19	71
1484	chr10	50906875	50906856	-	0.2361	0.1674	>	6	19	71
1485	chr11	31651668	31651649	+	0.07605	0.1534	>	6	19	71
1486	chr6	116193190	116193171	+	0.3687	0.372	>	6	19	71
1487	chr1	188976509	188976490	+	0.343	0.1833	>	6	19	71
1488	chr12	101976095	101976076	+	0.681	0.4116	>	6	19	71
1489	chr15	75925915	75925896	+	0.6084	0.9233	>	6	19	71
1490	chr1	4777287	4777268	-	0.9443	1.425	>	6	19	71
1491	chr18	86560230	86560211	+	0.7866	1.138	>	6	19	71
1492	chr7	43574878	43574859	+	1.292	1.347	>	6	19	71
1493	chr7	98200601	98200582	-	0.2927	0.1711	>	6	19	71
1494	chr4	143319849	143319830	+	0.2299	0.1525	>	6	19	71
1495	chr2	128601696	128601677	-	0.1208	0.207	>	6	19	71
1496	chr17	57004491	57004472	-	0.1467	0.2932	>	6	19	71
1497	chr2	35196541	35196522	-	1.081	0.3997	>	6	19	71
1498	chr5	29779371	29779352	+	0.1531	0.1671	>	6	19	71
1499	chr10	93038429	93038410	-	0.163	0.1875	>	6	19	71
0	chr4	87368268	87368249	+	90.56	65.75	>	6	20	70
1	chr11	109860827	109860808	-	89.2	47.97	>	6	20	70
2	chr3	22309188	22309169	+	81.5	60.4	>	6	20	70
3	chr10	5161770	5161751	-	79.2	55.88	>	6	20	70
4	chr16	71247702	71247683	+	68.56	43.2	>	6	20	70
5	chr16	72980067	72980048	-	68.3	56.7	>	6	20	70
6	chr6	60556001	60555982	+	67.7	40.38	>	6	20	70
7	chr5	7996919	7996900	-	66.06	59.4	>	6	20	70
8	chr14	12140114	12140095	-	65.1	51.62	>	6	20	70
9	chr13	81439574	81439555	+	64.94	46.94	>	6	20	70
10	chr9	103996726	103996707	-	64.9	51.25	>	6	20	70
11	chr15	56066340	56066321	+	63.97	42.94	>	6	20	70
12	chr10	106609250	106609231	+	63.97	42.62	>	6	20	70
13	chr1	144380222	144380203	-	63.4	48.44	>	6	20	70
14	chr10	8240468	8240449	-	62.34	45.88	>	6	20	70
15	chr12	77000269	77000250	+	62.22	54.97	>	6	20	70
16	chr1	44745882	44745863	+	62.12	40.25	>	6	20	70
17	chr4	81178889	81178870	+	62.03	50.0	>	6	20	70
18	chr9	10909768	10909749	+	61.12	47.94	>	6	20	70
19	chr6	64650119	64650100	-	60.56	60.88	>	6	20	70
20	chr15	32766485	32766466	-	60.56	46.62	>	6	20	70
21	chr4	9135983	9135964	+	60.03	34.12	>	6	20	70
22	chr7	118305013	118304994	+	59.5	47.62	>	6	20	70
23	chr10	39520570	39520551	-	58.34	40.5	>	6	20	70
24	chr1	78724658	78724639	+	58.25	47.28	>	6	20	70
25	chr2	160598038	160598019	+	57.94	55.8	>	6	20	70
26	chr18	33790258	33790239	-	57.72	56.3	>	6	20	70
27	chr12	40837750	40837731	+	57.5	46.25	>	6	20	70
28	chr8	41443763	41443744	+	57.34	56.06	>	6	20	70
29	chr14	68494314	68494295	-	56.94	24.97	>	6	20	70
30	chr1	11657910	11657891	+	56.8	43.62	>	6	20	70
31	chr11	77100337	77100318	+	55.88	49.25	>	6	20	70
32	chr16	41244935	41244916	-	55.72	48.0	>	6	20	70
33	chr14	87452291	87452272	-	55.72	63.0	>	6	20	70
34	chr18	16217050	16217031	+	54.9	26.8	>	6	20	70
35	chr11	53255133	53255114	-	54.8	39.5	>	6	20	70
36	chr9	7216447	7216428	+	54.56	27.64	>	6	20	70
37	chr8	35850598	35850579	-	54.5	50.94	>	6	20	70
38	chr8	102781131	102781112	-	54.44	41.34	>	6	20	70
39	chr5	49962010	49961991	-	54.16	50.88	>	6	20	70
40	chr7	90410162	90410143	-	54.06	39.75	>	6	20	70
41	chr4	15328717	15328698	+	54.03	40.72	>	6	20	70
42	chr11	31949616	31949597	-	54.0	41.44	>	6	20	70
43	chr1	120586671	120586652	+	53.8	57.06	>	6	20	70
44	chr13	19698921	19698902	+	53.16	40.8	>	6	20	70
45	chr12	57825950	57825931	+	53.03	34.38	>	6	20	70
46	chr16	72215933	72215914	-	52.7	45.56	>	6	20	70
47	chr9	15685402	15685383	+	52.62	45.03	>	6	20	70
48	chr10	10321327	10321308	-	52.47	23.97	>	6	20	70
49	chr9	49494135	49494116	+	52.4	51.5	>	6	20	70
50	chr3	50906169	50906150	-	52.12	57.06	>	6	20	70
51	chr11	57467973	57467954	-	52.03	54.47	>	6	20	70
52	chr11	113165316	113165297	-	51.88	57.94	>	6	20	70
53	chr9	51152608	51152589	-	51.8	48.22	>	6	20	70
54	chr16	58299658	58299639	+	51.56	30.08	>	6	20	70
55	chr16	22564783	22564764	+	51.44	49.16	>	6	20	70
56	chr8	36523135	36523116	-	51.4	44.44	>	6	20	70
57	chr14	34810941	34810922	+	51.3	52.97	>	6	20	70
58	chr6	101261740	101261721	-	51.0	49.47	>	6	20	70
59	chr7	132213694	132213675	-	50.8	38.62	>	6	20	70
60	chr2	48886271	48886252	-	50.28	44.53	>	6	20	70
61	chr12	54060974	54060955	-	50.12	27.78	>	6	20	70
62	chr1	5905019	5905000	-	50.06	44.22	>	6	20	70
63	chr9	26776375	26776356	-	50.0	53.88	>	6	20	70
64	chr1	103799519	103799500	+	49.53	56.44	>	6	20	70
65	chr9	88222188	88222169	-	49.5	40.1	>	6	20	70
66	chr18	58481884	58481865	-	49.28	39.28	>	6	20	70
67	chr13	100112788	100112769	+	49.16	37.22	>	6	20	70
68	chr3	14679394	14679375	+	49.06	29.97	>	6	20	70
69	chr16	37109459	37109440	+	48.75	19.0	>	6	20	70
70	chr3	153655318	153655299	-	48.72	48.28	>	6	20	70
71	chr16	89765698	89765679	-	48.38	54.0	>	6	20	70
72	chr13	89543228	89543209	-	48.3	56.84	>	6	20	70
73	chr11	40149509	40149490	-	48.28	36.34	>	6	20	70
74	chr3	113080940	113080921	-	48.2	53.4	>	6	20	70
75	chr10	70963797	70963778	-	47.53	51.97	>	6	20	70
76	chr6	66533480	66533461	-	47.34	41.22	>	6	20	70
77	chr18	57976815	57976796	+	47.28	41.3	>	6	20	70
78	chr12	92303388	92303369	+	47.12	48.12	>	6	20	70
79	chr6	43686140	43686121	+	47.1	34.0	>	6	20	70
80	chr15	11038687	11038668	+	47.06	40.16	>	6	20	70
81	chr6	13281064	13281045	-	47.06	44.4	>	6	20	70
82	chr4	25180081	25180062	-	46.94	22.34	>	6	20	70
83	chr2	110229883	110229864	+	46.8	37.2	>	6	20	70
84	chr2	118638293	118638274	+	46.34	48.4	>	6	20	70
85	chr14	67674858	67674839	-	46.2	40.62	>	6	20	70
86	chr1	179477262	179477243	-	45.97	54.9	>	6	20	70
87	chr12	78056191	78056172	+	45.84	48.03	>	6	20	70
88	chr15	44836402	44836383	+	45.7	45.75	>	6	20	70
89	chr9	80293262	80293243	+	45.3	48.66	>	6	20	70
90	chr1	21411405	21411386	+	45.28	35.97	>	6	20	70
91	chr8	80483379	80483360	-	45.28	32.34	>	6	20	70
92	chr16	55477026	55477007	-	44.9	60.88	>	6	20	70
93	chr9	122729759	122729740	-	44.72	40.56	>	6	20	70
94	chr2	17415581	17415562	-	44.56	38.03	>	6	20	70
95	chr4	13778049	13778030	-	44.5	20.47	>	6	20	70
96	chr16	64748455	64748436	-	44.47	52.25	>	6	20	70
97	chr6	57570627	57570608	-	44.28	34.06	>	6	20	70
98	chr16	13117421	13117402	+	44.28	48.25	>	6	20	70
99	chr1	54381475	54381456	-	44.12	34.1	>	6	20	70
100	chr15	40166896	40166877	+	44.03	40.53	>	6	20	70
101	chr17	83271696	83271677	+	44.0	39.2	>	6	20	70
102	chr9	63136063	63136044	+	43.94	32.22	>	6	20	70
103	chr3	68056550	68056531	+	43.88	35.0	>	6	20	70
104	chr3	25220822	25220803	-	43.8	23.62	>	6	20	70
105	chr7	118102455	118102436	-	43.53	59.94	>	6	20	70
106	chr9	51335485	51335466	+	43.47	26.75	>	6	20	70
107	chr16	96671807	96671788	-	43.4	27.66	>	6	20	70
108	chr2	113494904	113494885	+	43.34	43.28	>	6	20	70
109	chr1	55404561	55404542	+	43.25	39.06	>	6	20	70
110	chr3	80079969	80079950	+	43.0	35.7	>	6	20	70
111	chr11	25862989	25862970	-	42.66	37.9	>	6	20	70
112	chr13	109213188	109213169	-	42.6	60.5	>	6	20	70
113	chr8	58566283	58566264	+	42.56	33.8	>	6	20	70
114	chr16	72218227	72218208	+	42.38	47.1	>	6	20	70
115	chr14	102510640	102510621	-	42.34	35.9	>	6	20	70
116	chr7	143154010	143153991	+	42.16	43.66	>	6	20	70
117	chr6	143219585	143219566	+	42.1	41.62	>	6	20	70
118	chr17	86906334	86906315	-	41.97	47.25	>	6	20	70
119	chr8	62080400	62080381	+	41.97	30.6	>	6	20	70
120	chr3	57843985	57843966	+	41.94	43.75	>	6	20	70
121	chr18	3495634	3495615	+	41.62	36.03	>	6	20	70
122	chr7	125393847	125393828	-	41.56	47.0	>	6	20	70
123	chr7	86211564	86211545	-	41.56	46.4	>	6	20	70
124	chr9	60245127	60245108	+	41.38	43.16	>	6	20	70
125	chr6	131353859	131353840	-	41.3	15.89	>	6	20	70
126	chr15	98173991	98173972	-	41.25	24.88	>	6	20	70
127	chr17	88641249	88641230	-	41.12	34.25	>	6	20	70
128	chr9	87027908	87027889	+	41.1	38.34	>	6	20	70
129	chr4	70621553	70621534	-	40.97	48.38	>	6	20	70
130	chr12	41487236	41487217	-	40.88	35.94	>	6	20	70
131	chr4	127368548	127368529	+	40.8	49.72	>	6	20	70
132	chr8	50293750	50293731	-	40.75	48.2	>	6	20	70
133	chr16	27468981	27468962	+	40.75	34.62	>	6	20	70
134	chr7	121641354	121641335	-	40.7	30.69	>	6	20	70
135	chr3	29726795	29726776	-	40.7	30.42	>	6	20	70
136	chr14	29110872	29110853	-	40.66	51.22	>	6	20	70
137	chr13	116712427	116712408	-	40.62	33.1	>	6	20	70
138	chr18	19939562	19939543	-	40.47	45.7	>	6	20	70
139	chr15	80704533	80704514	-	40.28	46.53	>	6	20	70
140	chr18	50137074	50137055	+	40.28	37.62	>	6	20	70
141	chr13	15763212	15763193	-	40.25	29.53	>	6	20	70
142	chr19	50185486	50185467	+	40.22	44.2	>	6	20	70
143	chr12	74013965	74013946	-	40.22	40.8	>	6	20	70
144	chr1	138835543	138835524	+	40.06	20.81	>	6	20	70
145	chr15	55550924	55550905	-	40.06	37.12	>	6	20	70
146	chr1	61771439	61771420	-	40.06	23.55	>	6	20	70
147	chr12	34664961	34664942	+	40.0	19.7	>	6	20	70
148	chr14	78288101	78288082	-	39.8	38.8	>	6	20	70
149	chr2	4499416	4499397	+	39.78	33.88	>	6	20	70
150	chr13	30260132	30260113	-	39.75	32.75	>	6	20	70
151	chr9	68015271	68015252	+	39.2	39.0	>	6	20	70
152	chr1	126993502	126993483	-	39.06	47.2	>	6	20	70
153	chr16	25349824	25349805	-	39.0	41.2	>	6	20	70
154	chr1	14729249	14729230	-	38.94	39.3	>	6	20	70
155	chr15	59389427	59389408	+	38.7	46.34	>	6	20	70
156	chr6	100882590	100882571	+	38.66	49.44	>	6	20	70
157	chr3	9711121	9711102	+	38.62	35.47	>	6	20	70
158	chr6	21214019	21214000	-	38.47	24.2	>	6	20	70
159	chr17	42603617	42603598	-	38.47	42.5	>	6	20	70
160	chr4	80517548	80517529	-	38.47	41.4	>	6	20	70
161	chr9	85328584	85328565	-	38.28	30.06	>	6	20	70
162	chr17	44262001	44261982	+	38.22	44.16	>	6	20	70
163	chr10	102449665	102449646	+	38.2	48.84	>	6	20	70
164	chr17	14520745	14520726	-	38.12	30.45	>	6	20	70
165	chr13	51830925	51830906	+	38.0	56.0	>	6	20	70
166	chr12	83502436	83502417	-	37.97	34.4	>	6	20	70
167	chr5	75853265	75853246	-	37.94	27.88	>	6	20	70
168	chr13	110382742	110382723	+	37.88	61.84	>	6	20	70
169	chr5	62481159	62481140	-	37.8	35.4	>	6	20	70
170	chr7	49121503	49121484	-	37.7	29.61	>	6	20	70
171	chr15	11966575	11966556	-	37.66	34.72	>	6	20	70
172	chr3	31146135	31146116	+	37.53	44.5	>	6	20	70
173	chr2	37815879	37815860	+	37.47	39.2	>	6	20	70
174	chr5	33033442	33033423	-	37.44	48.28	>	6	20	70
175	chr9	7595466	7595447	-	37.4	28.72	>	6	20	70
176	chr5	21641153	21641134	-	37.3	33.66	>	6	20	70
177	chr14	48367302	48367283	-	37.12	39.88	>	6	20	70
178	chr17	14524624	14524605	+	37.1	38.88	>	6	20	70
179	chr4	84064835	84064816	+	37.06	23.38	>	6	20	70
180	chr4	63368786	63368767	+	37.06	51.6	>	6	20	70
181	chr5	102149680	102149661	+	37.03	38.97	>	6	20	70
182	chr12	32897684	32897665	-	36.88	40.9	>	6	20	70
183	chr16	91936532	91936513	+	36.72	43.06	>	6	20	70
184	chr6	37046379	37046360	-	36.72	47.7	>	6	20	70
185	chr18	59081896	59081877	+	36.7	37.34	>	6	20	70
186	chr6	103697552	103697533	-	36.3	43.6	>	6	20	70
187	chr18	19937930	19937911	+	36.3	37.56	>	6	20	70
188	chr6	93757594	93757575	+	36.28	18.31	>	6	20	70
189	chr17	9756371	9756352	+	36.28	21.2	>	6	20	70
190	chr2	96585854	96585835	+	36.25	26.84	>	6	20	70
191	chr11	82915176	82915157	+	36.2	36.34	>	6	20	70
192	chr6	6005837	6005818	+	36.03	35.2	>	6	20	70
193	chr1	98392238	98392219	-	36.03	38.97	>	6	20	70
194	chr7	48749384	48749365	+	35.94	38.3	>	6	20	70
195	chr11	105911812	105911793	-	35.9	37.8	>	6	20	70
196	chr10	45045486	45045467	-	35.8	35.22	>	6	20	70
197	chr2	4492748	4492729	-	35.75	19.97	>	6	20	70
198	chr6	18087397	18087378	+	35.75	40.84	>	6	20	70
199	chr5	90203341	90203322	+	35.7	41.12	>	6	20	70
200	chr7	136489148	136489129	+	35.62	28.06	>	6	20	70
201	chr9	109862620	109862601	-	35.6	34.12	>	6	20	70
202	chr15	59876355	59876336	+	35.3	32.16	>	6	20	70
203	chr14	76473612	76473593	-	35.25	45.66	>	6	20	70
204	chr3	128349320	128349301	+	35.03	41.75	>	6	20	70
205	chr3	45375963	45375944	+	35.03	23.92	>	6	20	70
206	chr3	133314669	133314650	+	34.97	39.0	>	6	20	70
207	chr1	96801850	96801831	-	34.84	30.55	>	6	20	70
208	chr7	115216958	115216939	+	34.62	30.45	>	6	20	70
209	chr9	59282577	59282558	-	34.62	26.88	>	6	20	70
210	chr2	148112135	148112116	-	34.5	31.5	>	6	20	70
211	chr18	52457916	52457897	-	34.47	28.2	>	6	20	70
212	chr6	56691454	56691435	-	34.34	42.2	>	6	20	70
213	chr13	20292580	20292561	-	34.3	38.5	>	6	20	70
214	chr13	57260119	57260100	-	34.25	52.66	>	6	20	70
215	chr13	113877615	113877596	+	34.25	36.75	>	6	20	70
216	chr13	116715029	116715010	-	34.1	31.72	>	6	20	70
217	chr4	83596692	83596673	-	34.1	52.75	>	6	20	70
218	chr8	64941619	64941600	-	34.06	33.75	>	6	20	70
219	chr3	51701488	51701469	+	34.03	22.56	>	6	20	70
220	chr14	120061322	120061303	-	33.84	29.2	>	6	20	70
221	chr7	75910166	75910147	+	33.8	57.6	>	6	20	70
222	chr4	98702698	98702679	-	33.78	31.62	>	6	20	70
223	chr3	146185137	146185118	+	33.62	52.6	>	6	20	70
224	chr4	151157152	151157133	+	33.53	59.38	>	6	20	70
225	chr5	43391861	43391842	-	33.5	21.5	>	6	20	70
226	chr11	93856511	93856492	-	33.47	26.19	>	6	20	70
227	chr14	59605843	59605824	+	33.47	40.3	>	6	20	70
228	chr14	84438580	84438561	+	33.44	23.31	>	6	20	70
229	chr12	50943824	50943805	-	33.28	38.56	>	6	20	70
230	chr7	83550335	83550316	-	33.2	30.12	>	6	20	70
231	chr6	117167008	117166989	+	33.03	30.3	>	6	20	70
232	chr4	12538791	12538772	+	33.0	21.84	>	6	20	70
233	chr18	47353079	47353060	+	32.84	24.58	>	6	20	70
234	chr5	12541496	12541477	-	32.72	22.56	>	6	20	70
235	chr2	60721127	60721108	+	32.72	22.53	>	6	20	70
236	chr11	78838251	78838232	+	32.72	51.5	>	6	20	70
237	chr8	73356225	73356206	+	32.62	23.39	>	6	20	70
238	chr12	10598567	10598548	+	32.5	41.56	>	6	20	70
239	chr19	20345158	20345139	-	32.25	47.94	>	6	20	70
240	chr17	58909486	58909467	-	32.16	39.4	>	6	20	70
241	chr10	69655037	69655018	-	32.12	36.56	>	6	20	70
242	chr4	3967733	3967714	-	32.12	41.75	>	6	20	70
243	chr16	21192795	21192776	-	32.06	38.78	>	6	20	70
244	chr11	12291593	12291574	-	32.0	15.54	>	6	20	70
245	chr11	117385082	117385063	+	31.83	36.6	>	6	20	70
246	chr12	32292095	32292076	+	31.73	20.83	>	6	20	70
247	chr4	64833096	64833077	+	31.69	34.34	>	6	20	70
248	chr13	47301245	47301226	+	31.67	43.9	>	6	20	70
249	chr1	89631957	89631938	-	31.56	45.38	>	6	20	70
250	chr9	69296601	69296582	-	31.53	38.66	>	6	20	70
251	chr3	53735364	53735345	+	31.28	24.5	>	6	20	70
252	chr10	45373471	45373452	-	31.2	37.7	>	6	20	70
253	chr8	91797725	91797706	+	31.19	30.23	>	6	20	70
254	chr4	88035662	88035643	+	31.06	19.66	>	6	20	70
255	chr2	75151187	75151168	-	31.05	37.9	>	6	20	70
256	chr14	66791971	66791952	-	31.02	32.1	>	6	20	70
257	chr2	93199062	93199043	-	30.9	51.25	>	6	20	70
258	chr2	73551006	73550987	+	30.86	53.72	>	6	20	70
259	chr12	89451144	89451125	-	30.81	40.1	>	6	20	70
260	chr16	66086729	66086710	-	30.81	33.7	>	6	20	70
261	chr14	114791647	114791628	-	30.72	37.2	>	6	20	70
262	chr4	43420547	43420528	-	30.61	34.5	>	6	20	70
263	chr1	87447687	87447668	+	30.56	32.53	>	6	20	70
264	chr15	55306471	55306452	+	30.56	24.06	>	6	20	70
265	chr15	97667578	97667559	+	30.52	37.12	>	6	20	70
266	chr2	16359548	16359529	+	30.47	16.92	>	6	20	70
267	chr14	8356099	8356080	+	30.42	51.06	>	6	20	70
268	chr3	19894816	19894797	-	30.38	33.66	>	6	20	70
269	chr12	43813750	43813731	-	30.34	24.06	>	6	20	70
270	chr2	27770378	27770359	+	30.12	46.8	>	6	20	70
271	chr16	48675836	48675817	-	30.12	28.97	>	6	20	70
272	chr10	13016733	13016714	+	30.1	53.44	>	6	20	70
273	chr2	76367359	76367340	+	30.05	30.6	>	6	20	70
274	chr2	115515230	115515211	+	30.05	12.29	>	6	20	70
275	chr19	16785108	16785089	-	30.03	27.4	>	6	20	70
276	chr3	78948444	78948425	+	30.03	29.16	>	6	20	70
277	chr1	37250876	37250857	-	29.94	25.45	>	6	20	70
278	chr18	74431409	74431390	+	29.94	28.48	>	6	20	70
279	chr1	38787652	38787633	-	29.89	46.22	>	6	20	70
280	chr3	14874584	14874565	+	29.88	22.88	>	6	20	70
281	chr9	69505778	69505759	+	29.88	30.58	>	6	20	70
282	chr10	84450913	84450894	-	29.77	31.7	>	6	20	70
283	chr2	172216047	172216028	-	29.77	65.06	>	6	20	70
284	chr10	97712895	97712876	+	29.72	22.83	>	6	20	70
285	chr1	4770074	4770055	+	29.72	39.66	>	6	20	70
286	chr12	50301580	50301561	-	29.69	16.55	>	6	20	70
287	chr15	85266923	85266904	+	29.69	42.06	>	6	20	70
288	chr4	85403030	85403011	+	29.62	27.23	>	6	20	70
289	chr6	97526370	97526351	-	29.53	31.17	>	6	20	70
290	chr8	112046096	112046077	+	29.5	62.6	>	6	20	70
291	chr12	96311368	96311349	-	29.48	23.8	>	6	20	70
292	chr1	93507239	93507220	-	29.45	32.5	>	6	20	70
293	chr13	21714927	21714908	+	29.4	37.72	>	6	20	70
294	chr6	49008180	49008161	+	29.38	27.1	>	6	20	70
295	chr17	17749545	17749526	-	29.36	32.88	>	6	20	70
296	chr6	145360253	145360234	+	29.34	33.62	>	6	20	70
297	chr7	17066630	17066611	-	29.27	41.75	>	6	20	70
298	chr12	81788850	81788831	-	29.25	32.47	>	6	20	70
299	chr7	129649172	129649153	+	29.19	42.88	>	6	20	70
300	chr14	104039053	104039034	+	29.17	41.16	>	6	20	70
301	chr13	41634744	41634725	-	29.08	40.84	>	6	20	70
302	chr7	138835232	138835213	-	29.02	47.88	>	6	20	70
303	chr15	97195797	97195778	+	28.92	38.5	>	6	20	70
304	chr1	119087737	119087718	+	28.89	50.28	>	6	20	70
305	chr4	85819373	85819354	-	28.86	29.28	>	6	20	70
306	chr11	30657307	30657288	-	28.86	6.477	>	6	20	70
307	chr5	49369245	49369226	+	28.66	27.94	>	6	20	70
308	chr6	106805067	106805048	+	28.61	20.38	>	6	20	70
309	chr6	31660958	31660939	+	28.53	52.9	>	6	20	70
310	chr12	8306749	8306730	-	28.48	47.94	>	6	20	70
311	chr13	42822785	42822766	-	28.47	44.4	>	6	20	70
312	chr15	34968778	34968759	+	28.4	27.94	>	6	20	70
313	chr7	68369859	68369840	+	28.38	58.97	>	6	20	70
314	chr15	80266443	80266424	+	28.33	34.62	>	6	20	70
315	chr6	102171110	102171091	+	28.19	24.06	>	6	20	70
316	chr16	72605273	72605254	-	28.11	17.7	>	6	20	70
317	chr18	65490506	65490487	+	28.06	33.94	>	6	20	70
318	chr3	55373775	55373756	+	28.0	19.75	>	6	20	70
319	chr1	53927814	53927795	-	27.97	28.48	>	6	20	70
320	chr2	160368066	160368047	-	27.95	21.97	>	6	20	70
321	chr10	42295232	42295213	-	27.94	37.8	>	6	20	70
322	chr7	116040411	116040392	-	27.9	26.19	>	6	20	70
323	chr10	116197535	116197516	-	27.81	28.58	>	6	20	70
324	chr5	20773533	20773514	-	27.81	20.77	>	6	20	70
325	chr12	80725012	80724993	-	27.73	38.97	>	6	20	70
326	chr15	66899881	66899862	-	27.6	21.5	>	6	20	70
327	chr18	16822208	16822189	-	27.56	13.28	>	6	20	70
328	chr18	14503254	14503235	-	27.55	19.48	>	6	20	70
329	chr5	98344786	98344767	+	27.44	28.3	>	6	20	70
330	chr10	77517236	77517217	+	27.39	30.44	>	6	20	70
331	chr1	44741472	44741453	-	27.38	6.344	>	6	20	70
332	chr6	127945983	127945964	-	27.28	24.97	>	6	20	70
333	chr16	42914955	42914936	-	27.27	20.78	>	6	20	70
334	chr18	39137558	39137539	+	27.11	15.805	>	6	20	70
335	chr13	42575907	42575888	+	27.11	22.34	>	6	20	70
336	chr2	13278209	13278190	+	27.06	48.53	>	6	20	70
337	chr18	43836585	43836566	-	27.06	22.66	>	6	20	70
338	chr4	114647896	114647877	+	27.05	26.58	>	6	20	70
339	chr16	44149214	44149195	-	27.03	37.28	>	6	20	70
340	chr13	109776299	109776280	+	27.02	27.47	>	6	20	70
341	chr19	30217515	30217496	+	27.0	44.25	>	6	20	70
342	chr6	61316075	61316056	+	26.94	38.16	>	6	20	70
343	chr17	78598832	78598813	+	26.92	37.16	>	6	20	70
344	chr2	117231457	117231438	-	26.88	23.62	>	6	20	70
345	chr4	115101816	115101797	+	26.84	34.88	>	6	20	70
346	chr10	57448131	57448112	-	26.8	44.97	>	6	20	70
347	chr13	113046665	113046646	+	26.77	22.72	>	6	20	70
348	chr4	110022447	110022428	-	26.58	43.47	>	6	20	70
349	chr7	101653829	101653810	+	26.5	47.97	>	6	20	70
350	chr5	67756338	67756319	+	26.5	26.55	>	6	20	70
351	chr3	62192717	62192698	-	26.5	17.1	>	6	20	70
352	chr10	17728146	17728127	-	26.45	14.96	>	6	20	70
353	chr5	37752557	37752538	-	26.33	30.73	>	6	20	70
354	chr1	60961316	60961297	-	26.3	26.22	>	6	20	70
355	chr17	68176981	68176962	+	26.27	18.84	>	6	20	70
356	chr7	37357871	37357852	-	26.2	67.6	>	6	20	70
357	chr4	32572316	32572297	-	26.16	44.75	>	6	20	70
358	chr4	96696741	96696722	+	26.12	32.22	>	6	20	70
359	chr4	109729491	109729472	-	26.06	50.3	>	6	20	70
360	chr10	111977780	111977761	+	25.78	32.1	>	6	20	70
361	chr5	45424489	45424470	-	25.73	30.9	>	6	20	70
362	chr2	61494577	61494558	-	25.72	22.25	>	6	20	70
363	chr6	13287046	13287027	+	25.69	21.62	>	6	20	70
364	chr9	116060829	116060810	+	25.66	36.5	>	6	20	70
365	chr8	17537753	17537734	-	25.64	36.44	>	6	20	70
366	chr9	77781636	77781617	-	25.62	27.94	>	6	20	70
367	chr15	5106460	5106441	-	25.56	29.45	>	6	20	70
368	chr17	93141334	93141315	-	25.53	33.03	>	6	20	70
369	chr6	97759520	97759501	+	25.52	17.88	>	6	20	70
370	chr8	119384750	119384731	-	25.47	45.94	>	6	20	70
371	chr6	88113322	88113303	+	25.38	41.75	>	6	20	70
372	chr15	101984527	101984508	-	25.38	56.7	>	6	20	70
373	chr8	54493335	54493316	-	25.34	39.7	>	6	20	70
374	chr9	24119622	24119603	+	25.33	14.83	>	6	20	70
375	chr3	50077169	50077150	-	25.31	24.22	>	6	20	70
376	chr4	47419767	47419748	+	25.23	44.03	>	6	20	70
377	chr2	76115910	76115891	+	25.22	28.97	>	6	20	70
378	chr15	67174759	67174740	+	25.2	12.74	>	6	20	70
379	chr8	125574509	125574490	+	25.17	12.85	>	6	20	70
380	chr1	161737065	161737046	-	25.11	39.75	>	6	20	70
381	chr3	85571455	85571436	-	25.1	9.7	>	6	20	70
382	chr18	19577078	19577059	-	25.02	27.28	>	6	20	70
383	chr19	36083087	36083068	-	25.0	29.4	>	6	20	70
384	chr8	115709616	115709597	-	24.98	9.14	>	6	20	70
385	chr10	126330794	126330775	-	24.84	24.02	>	6	20	70
386	chr15	25993551	25993532	+	24.81	33.28	>	6	20	70
387	chr5	131430355	131430336	-	24.78	45.44	>	6	20	70
388	chr1	9545352	9545333	-	24.78	38.06	>	6	20	70
389	chr19	28768445	28768426	-	24.75	36.44	>	6	20	70
390	chr10	24630876	24630857	+	24.72	22.94	>	6	20	70
391	chr17	54351102	54351083	+	24.53	15.79	>	6	20	70
392	chr16	20496806	20496787	+	24.47	28.86	>	6	20	70
393	chr12	109394024	109394005	-	24.44	15.02	>	6	20	70
394	chr13	21803288	21803269	-	24.42	40.1	>	6	20	70
395	chr3	103392995	103392976	+	24.38	33.9	>	6	20	70
396	chr15	25428758	25428739	+	24.31	24.08	>	6	20	70
397	chr3	135206860	135206841	-	24.3	9.21	>	6	20	70
398	chr8	65139261	65139242	+	24.3	33.56	>	6	20	70
399	chr9	29650850	29650831	-	24.23	35.72	>	6	20	70
400	chr3	127971093	127971074	+	24.2	46.1	>	6	20	70
401	chr2	104035038	104035019	+	24.16	33.7	>	6	20	70
402	chr9	81635302	81635283	+	24.11	12.08	>	6	20	70
403	chr6	95484597	95484578	+	24.03	13.41	>	6	20	70
404	chr14	72293991	72293972	-	23.83	34.2	>	6	20	70
405	chr18	65490035	65490016	-	23.72	29.94	>	6	20	70
406	chr12	38123788	38123769	-	23.66	16.0	>	6	20	70
407	chr18	70184838	70184819	-	23.66	11.39	>	6	20	70
408	chr3	152095252	152095233	-	23.53	23.67	>	6	20	70
409	chr8	32002994	32002975	-	23.5	23.94	>	6	20	70
410	chr11	22206830	22206811	-	23.48	11.1	>	6	20	70
411	chr5	76541051	76541032	-	23.44	19.22	>	6	20	70
412	chr10	52106337	52106318	+	23.38	22.61	>	6	20	70
413	chr1	84697462	84697443	-	23.38	25.22	>	6	20	70
414	chr1	67181385	67181366	+	23.34	35.0	>	6	20	70
415	chr6	101267027	101267008	+	23.31	12.77	>	6	20	70
416	chr6	129255175	129255156	-	23.25	41.8	>	6	20	70
417	chr4	115710017	115709998	-	23.19	25.83	>	6	20	70
418	chr2	118241614	118241595	-	23.19	37.16	>	6	20	70
419	chr8	71371784	71371765	+	23.11	28.11	>	6	20	70
420	chr7	73422670	73422651	-	23.11	37.7	>	6	20	70
421	chr5	33039602	33039583	+	23.05	27.48	>	6	20	70
422	chr2	153143004	153142985	-	23.02	20.31	>	6	20	70
423	chr14	98181824	98181805	-	23.0	7.93	>	6	20	70
424	chr2	136887058	136887039	-	22.97	12.49	>	6	20	70
425	chr1	135136701	135136682	-	22.88	42.44	>	6	20	70
426	chr5	4948481	4948462	-	22.86	27.0	>	6	20	70
427	chr10	71422814	71422795	+	22.81	51.25	>	6	20	70
428	chr8	64597251	64597232	-	22.66	30.06	>	6	20	70
429	chr1	162336834	162336815	-	22.45	14.914	>	6	20	70
430	chr9	94738996	94738977	+	22.42	42.94	>	6	20	70
431	chr17	53403136	53403117	+	22.4	18.28	>	6	20	70
432	chr2	155811920	155811901	-	22.36	51.28	>	6	20	70
433	chr12	52010769	52010750	+	22.33	16.6	>	6	20	70
434	chr3	44912870	44912851	-	22.31	11.58	>	6	20	70
435	chr5	98348848	98348829	+	22.25	34.97	>	6	20	70
436	chr15	80706301	80706282	+	22.25	25.52	>	6	20	70
437	chr1	167932285	167932266	-	22.22	36.66	>	6	20	70
438	chr14	121455709	121455690	-	22.2	25.7	>	6	20	70
439	chr4	98243714	98243695	-	22.16	26.34	>	6	20	70
440	chr4	143027468	143027449	+	22.14	29.11	>	6	20	70
441	chr2	153668926	153668907	+	22.14	25.36	>	6	20	70
442	chr9	41461929	41461910	-	22.14	12.42	>	6	20	70
443	chr4	109431143	109431124	-	22.1	22.34	>	6	20	70
444	chr5	44831505	44831486	-	22.08	22.05	>	6	20	70
445	chr8	119676601	119676582	-	22.03	33.06	>	6	20	70
446	chr17	40824060	40824041	-	22.02	34.28	>	6	20	70
447	chr15	37102366	37102347	-	22.0	13.84	>	6	20	70
448	chr1	119083862	119083843	-	21.92	45.47	>	6	20	70
449	chr5	41044703	41044684	-	21.78	28.61	>	6	20	70
450	chr19	24622032	24622013	+	21.77	22.19	>	6	20	70
451	chr3	58159626	58159607	-	21.75	32.1	>	6	20	70
452	chr1	38130140	38130121	-	21.75	23.66	>	6	20	70
453	chr2	129472129	129472110	-	21.73	30.17	>	6	20	70
454	chr9	15682043	15682024	-	21.73	11.22	>	6	20	70
455	chr9	69502720	69502701	-	21.7	34.7	>	6	20	70
456	chr14	21120676	21120657	+	21.69	43.16	>	6	20	70
457	chr7	110645588	110645569	-	21.69	43.56	>	6	20	70
458	chr16	78950579	78950560	-	21.64	3.295	>	6	20	70
459	chr7	131899517	131899498	+	21.56	16.44	>	6	20	70
460	chr8	106403484	106403465	-	21.53	20.23	>	6	20	70
461	chr17	73303429	73303410	+	21.48	50.6	>	6	20	70
462	chr1	83727325	83727306	+	21.48	26.81	>	6	20	70
463	chr13	29857603	29857584	+	21.42	9.836	>	6	20	70
464	chr14	104033786	104033767	+	21.34	21.16	>	6	20	70
465	chr7	119011391	119011372	+	21.31	35.56	>	6	20	70
466	chr1	69165377	69165358	+	21.31	25.0	>	6	20	70
467	chr1	192727176	192727157	+	21.28	21.9	>	6	20	70
468	chr9	50438293	50438274	-	21.2	27.17	>	6	20	70
469	chr15	46990407	46990388	-	21.14	10.516	>	6	20	70
470	chr13	73646874	73646855	+	21.14	37.5	>	6	20	70
471	chr16	67089956	67089937	+	21.12	15.94	>	6	20	70
472	chr2	83332995	83332976	-	21.02	18.14	>	6	20	70
473	chr8	10415030	10415011	+	21.0	37.3	>	6	20	70
474	chr1	35716149	35716130	-	20.89	18.69	>	6	20	70
475	chr7	43920039	43920020	-	20.83	34.3	>	6	20	70
476	chr8	15138726	15138707	+	20.81	41.03	>	6	20	70
477	chr13	6515705	6515686	+	20.8	28.08	>	6	20	70
478	chr2	64948996	64948977	-	20.72	23.2	>	6	20	70
479	chr19	20345737	20345718	+	20.7	55.44	>	6	20	70
480	chr5	33994851	33994832	+	20.64	14.97	>	6	20	70
481	chr14	76479953	76479934	+	20.62	37.16	>	6	20	70
482	chr3	144737048	144737029	+	20.58	28.33	>	6	20	70
483	chr2	13597223	13597204	-	20.5	12.72	>	6	20	70
484	chr9	118908437	118908418	-	20.5	27.45	>	6	20	70
485	chr4	153484615	153484596	-	20.39	17.89	>	6	20	70
486	chr19	12433211	12433192	+	20.36	28.34	>	6	20	70
487	chr15	31611224	31611205	+	20.34	11.17	>	6	20	70
488	chr3	107206198	107206179	+	20.34	39.22	>	6	20	70
489	chr17	86909946	86909927	+	20.31	22.38	>	6	20	70
490	chr7	89473669	89473650	-	20.22	24.19	>	6	20	70
491	chr6	35252603	35252584	+	20.22	32.56	>	6	20	70
492	chr6	126168001	126167982	-	20.17	8.76	>	6	20	70
493	chr16	42169942	42169923	+	20.12	43.34	>	6	20	70
494	chr6	90607354	90607335	+	20.11	24.86	>	6	20	70
495	chr6	31664664	31664645	+	20.11	41.5	>	6	20	70
496	chr13	100002039	100002020	+	20.02	21.73	>	6	20	70
497	chr6	97523337	97523318	-	19.97	25.72	>	6	20	70
498	chr4	123529452	123529433	-	19.95	17.69	>	6	20	70
499	chr18	53744741	53744722	-	19.94	29.1	>	6	20	70
500	chr9	13849232	13849213	+	19.9	15.484	>	6	20	70
501	chr15	14052128	14052109	-	19.89	12.375	>	6	20	70
502	chr3	68053761	68053742	-	19.88	27.33	>	6	20	70
503	chr14	50799990	50799971	+	19.83	30.28	>	6	20	70
504	chr8	50292348	50292329	+	19.83	31.36	>	6	20	70
505	chr19	52993242	52993223	-	19.81	45.25	>	6	20	70
506	chr8	24546435	24546416	-	19.8	56.1	>	6	20	70
507	chr2	166085186	166085167	+	19.78	40.2	>	6	20	70
508	chr15	80260893	80260874	-	19.75	33.7	>	6	20	70
509	chr18	75606699	75606680	+	19.72	50.94	>	6	20	70
510	chr2	135957961	135957942	-	19.69	27.1	>	6	20	70
511	chr11	75179118	75179099	+	19.67	22.83	>	6	20	70
512	chr6	77628987	77628968	+	19.66	40.56	>	6	20	70
513	chr4	82614384	82614365	-	19.62	15.836	>	6	20	70
514	chr17	27190013	27189994	+	19.5	26.89	>	6	20	70
515	chr14	121451301	121451282	-	19.45	26.11	>	6	20	70
516	chr9	69987821	69987802	-	19.44	12.234	>	6	20	70
517	chr6	40479902	40479883	+	19.42	24.72	>	6	20	70
518	chr4	82619779	82619760	-	19.42	11.22	>	6	20	70
519	chr2	160593235	160593216	-	19.4	45.8	>	6	20	70
520	chr4	48691990	48691971	+	19.4	34.88	>	6	20	70
521	chr1	11140123	11140104	-	19.39	7.324	>	6	20	70
522	chr6	67858160	67858141	+	19.36	18.55	>	6	20	70
523	chr1	91914028	91914009	+	19.36	22.06	>	6	20	70
524	chr15	76196896	76196877	+	19.33	35.8	>	6	20	70
525	chr11	43767011	43766992	+	19.27	27.44	>	6	20	70
526	chr17	8463677	8463658	+	19.23	31.38	>	6	20	70
527	chr2	60442102	60442083	-	19.22	10.555	>	6	20	70
528	chr10	8242562	8242543	+	19.2	18.4	>	6	20	70
529	chr15	8382407	8382388	+	19.16	11.64	>	6	20	70
530	chr19	11360302	11360283	+	19.14	15.06	>	6	20	70
531	chr12	79305335	79305316	+	19.11	29.94	>	6	20	70
532	chr13	38992697	38992678	+	19.03	12.445	>	6	20	70
533	chr8	91147955	91147936	-	19.0	26.05	>	6	20	70
534	chr13	64443476	64443457	+	19.0	35.6	>	6	20	70
535	chr8	117898214	117898195	+	18.92	34.16	>	6	20	70
536	chr11	42423473	42423454	-	18.77	18.48	>	6	20	70
537	chr9	114957195	114957176	-	18.77	27.38	>	6	20	70
538	chr5	149647926	149647907	+	18.72	23.06	>	6	20	70
539	chr5	128440068	128440049	-	18.69	40.7	>	6	20	70
540	chr6	90606762	90606743	-	18.67	32.6	>	6	20	70
541	chr10	58560031	58560012	+	18.67	23.25	>	6	20	70
542	chr18	25538443	25538424	+	18.66	23.94	>	6	20	70
543	chr11	22987510	22987491	+	18.56	23.83	>	6	20	70
544	chr13	57269837	57269818	-	18.55	36.6	>	6	20	70
545	chr13	53096854	53096835	-	18.55	32.88	>	6	20	70
546	chr7	124783020	124783001	-	18.55	23.44	>	6	20	70
547	chr7	40687242	40687223	-	18.52	26.28	>	6	20	70
548	chr4	109438113	109438094	+	18.45	31.61	>	6	20	70
549	chr13	46663777	46663758	-	18.45	5.215	>	6	20	70
550	chr2	21927862	21927843	-	18.45	17.72	>	6	20	70
551	chr11	72564476	72564457	-	18.39	17.95	>	6	20	70
552	chr14	57362951	57362932	-	18.3	10.125	>	6	20	70
553	chr13	54063511	54063492	-	18.3	12.516	>	6	20	70
554	chr8	127191530	127191511	+	18.27	39.03	>	6	20	70
555	chr4	24249781	24249762	+	18.25	8.38	>	6	20	70
556	chr1	175603551	175603532	-	18.2	12.0	>	6	20	70
557	chr7	131897479	131897460	+	18.19	16.34	>	6	20	70
558	chr2	125259455	125259436	-	18.17	32.72	>	6	20	70
559	chr8	11943262	11943243	-	18.0	20.05	>	6	20	70
560	chr13	74861814	74861795	+	17.98	11.664	>	6	20	70
561	chr3	37302880	37302861	-	17.98	17.84	>	6	20	70
562	chr2	165391753	165391734	+	17.95	20.97	>	6	20	70
563	chr1	167669968	167669949	-	17.94	39.3	>	6	20	70
564	chr14	24311319	24311300	+	17.89	24.48	>	6	20	70
565	chr6	125622660	125622641	+	17.86	24.67	>	6	20	70
566	chr16	91694897	91694878	+	17.83	21.03	>	6	20	70
567	chr7	100886752	100886733	-	17.8	33.3	>	6	20	70
568	chr2	165779092	165779073	+	17.7	43.9	>	6	20	70
569	chr4	118988734	118988715	-	17.7	12.37	>	6	20	70
570	chr9	111939788	111939769	+	17.64	16.92	>	6	20	70
571	chr9	40806571	40806552	+	17.64	39.78	>	6	20	70
572	chr19	21571392	21571373	+	17.64	11.9	>	6	20	70
573	chr10	49785057	49785038	-	17.56	2.498	>	6	20	70
574	chr3	84922220	84922201	+	17.47	28.94	>	6	20	70
575	chr12	7991018	7990999	+	17.47	17.66	>	6	20	70
576	chr8	106687694	106687675	+	17.45	42.0	>	6	20	70
577	chr19	15998346	15998327	+	17.33	27.56	>	6	20	70
578	chr10	30838389	30838370	+	17.3	7.543	>	6	20	70
579	chr2	6469364	6469345	-	17.28	15.65	>	6	20	70
580	chr9	59678540	59678521	-	17.28	29.06	>	6	20	70
581	chr18	60143536	60143517	-	17.25	6.348	>	6	20	70
582	chr2	76114972	76114953	-	17.25	26.88	>	6	20	70
583	chr1	192722361	192722342	-	17.23	36.0	>	6	20	70
584	chr13	6737153	6737134	+	17.23	24.25	>	6	20	70
585	chr10	116199232	116199213	+	17.23	24.89	>	6	20	70
586	chr18	6627309	6627290	+	17.06	30.4	>	6	20	70
587	chr7	117375969	117375950	-	17.03	13.42	>	6	20	70
588	chr11	7200225	7200206	+	17.03	39.34	>	6	20	70
589	chr3	152474817	152474798	+	16.98	9.51	>	6	20	70
590	chr12	4107565	4107546	+	16.97	22.11	>	6	20	70
591	chr18	78212287	78212268	-	16.83	18.31	>	6	20	70
592	chr2	17842170	17842151	-	16.81	6.844	>	6	20	70
593	chr5	112429191	112429172	-	16.78	14.19	>	6	20	70
594	chr9	54169687	54169668	+	16.73	16.64	>	6	20	70
595	chr9	78597063	78597044	+	16.73	17.98	>	6	20	70
596	chr2	125556029	125556010	+	16.69	19.19	>	6	20	70
597	chr4	86545837	86545818	-	16.69	26.34	>	6	20	70
598	chr11	34229190	34229171	+	16.55	19.56	>	6	20	70
599	chr13	60479163	60479144	+	16.52	1.697	>	6	20	70
600	chr11	57788119	57788100	+	16.36	29.88	>	6	20	70
601	chr5	117504639	117504620	+	16.36	53.34	>	6	20	70
602	chr1	128368923	128368904	+	16.28	14.01	>	6	20	70
603	chr14	51098507	51098488	-	16.28	41.22	>	6	20	70
604	chr10	14404268	14404249	+	16.23	20.66	>	6	20	70
605	chr18	65752297	65752278	-	16.1	16.11	>	6	20	70
606	chr3	59077498	59077479	+	16.1	40.72	>	6	20	70
607	chr1	119919473	119919454	+	16.06	20.62	>	6	20	70
608	chr1	86598699	86598680	+	16.03	48.72	>	6	20	70
609	chr1	80178208	80178189	-	16.0	17.12	>	6	20	70
610	chr15	64132164	64132145	+	15.96	15.336	>	6	20	70
611	chr2	4652218	4652199	-	15.91	22.83	>	6	20	70
612	chr9	40805489	40805470	-	15.86	35.53	>	6	20	70
613	chr13	30549079	30549060	-	15.805	25.34	>	6	20	70
614	chr3	82350530	82350511	-	15.805	7.78	>	6	20	70
615	chr7	81155234	81155215	-	15.805	19.0	>	6	20	70
616	chr4	107701325	107701306	-	15.8	18.55	>	6	20	70
617	chr11	76655250	76655231	+	15.8	25.19	>	6	20	70
618	chr7	122945377	122945358	+	15.72	20.64	>	6	20	70
619	chr16	32697312	32697293	+	15.695	24.02	>	6	20	70
620	chr13	114460825	114460806	-	15.65	8.25	>	6	20	70
621	chr19	59389409	59389390	+	15.65	31.4	>	6	20	70
622	chr7	45451495	45451476	+	15.64	35.4	>	6	20	70
623	chr15	85599066	85599047	+	15.625	30.86	>	6	20	70
624	chr10	9012998	9012979	+	15.6	21.77	>	6	20	70
625	chr13	24318872	24318853	-	15.58	11.58	>	6	20	70
626	chr3	123506917	123506898	-	15.53	17.17	>	6	20	70
627	chr13	101719731	101719712	-	15.48	25.34	>	6	20	70
628	chr12	12412898	12412879	-	15.43	30.47	>	6	20	70
629	chr10	127342496	127342477	-	15.4	29.73	>	6	20	70
630	chr7	28972871	28972852	+	15.39	21.2	>	6	20	70
631	chr5	130862481	130862462	+	15.33	29.22	>	6	20	70
632	chr13	53779354	53779335	+	15.31	23.8	>	6	20	70
633	chr11	51582940	51582921	-	15.305	26.1	>	6	20	70
634	chr3	34150257	34150238	+	15.3	17.19	>	6	20	70
635	chr9	30423156	30423137	-	15.29	30.31	>	6	20	70
636	chr1	55886585	55886566	+	15.29	16.73	>	6	20	70
637	chr8	121104251	121104232	+	15.28	31.56	>	6	20	70
638	chr2	31683894	31683875	+	15.27	30.73	>	6	20	70
639	chr9	121458682	121458663	+	15.27	42.72	>	6	20	70
640	chr13	111421545	111421526	+	15.22	27.25	>	6	20	70
641	chr18	56572965	56572946	+	15.22	32.7	>	6	20	70
642	chr18	42593315	42593296	+	15.2	8.75	>	6	20	70
643	chr8	118287683	118287664	+	15.2	7.145	>	6	20	70
644	chr14	47742843	47742824	+	15.18	9.65	>	6	20	70
645	chr1	184791312	184791293	-	15.164	27.39	>	6	20	70
646	chr6	106800166	106800147	-	15.1	18.75	>	6	20	70
647	chr11	12025880	12025861	+	15.06	18.02	>	6	20	70
648	chr5	129594341	129594322	-	15.03	29.4	>	6	20	70
649	chr13	16005724	16005705	+	15.016	13.71	>	6	20	70
650	chr14	65597230	65597211	+	15.016	14.01	>	6	20	70
651	chr5	99900280	99900261	-	14.95	10.75	>	6	20	70
652	chr8	11421350	11421331	-	14.945	26.12	>	6	20	70
653	chr19	4755748	4755729	+	14.93	24.55	>	6	20	70
654	chr10	110733540	110733521	-	14.914	16.5	>	6	20	70
655	chr5	67752088	67752069	+	14.89	18.31	>	6	20	70
656	chr9	77381774	77381755	-	14.85	26.45	>	6	20	70
657	chr18	81951830	81951811	-	14.76	34.06	>	6	20	70
658	chr1	86059644	86059625	+	14.734	30.22	>	6	20	70
659	chr1	52630636	52630617	-	14.734	9.89	>	6	20	70
660	chr2	174308107	174308088	+	14.69	14.67	>	6	20	70
661	chr11	99364649	99364630	-	14.6	16.03	>	6	20	70
662	chr13	109558424	109558405	+	14.49	16.98	>	6	20	70
663	chr12	58201405	58201386	-	14.48	6.883	>	6	20	70
664	chr7	137471937	137471918	+	14.445	28.83	>	6	20	70
665	chr17	26916803	26916784	+	14.414	25.05	>	6	20	70
666	chr5	87871626	87871607	-	14.414	20.39	>	6	20	70
667	chr2	125252443	125252424	+	14.414	25.9	>	6	20	70
668	chr1	9549185	9549166	+	14.414	19.5	>	6	20	70
669	chr11	11788608	11788589	-	14.38	31.97	>	6	20	70
670	chr7	43928727	43928708	+	14.36	11.45	>	6	20	70
671	chr10	60760656	60760637	-	14.31	36.9	>	6	20	70
672	chr6	17362958	17362939	+	14.31	3.076	>	6	20	70
673	chr1	136521528	136521509	-	14.305	21.69	>	6	20	70
674	chr2	153147934	153147915	+	14.28	18.94	>	6	20	70
675	chr8	61522313	61522294	+	14.266	28.28	>	6	20	70
676	chr18	56759303	56759284	+	14.266	12.61	>	6	20	70
677	chr14	115451146	115451127	-	14.234	4.215	>	6	20	70
678	chr1	176218428	176218409	+	14.195	14.99	>	6	20	70
679	chr15	97665520	97665501	-	14.18	30.02	>	6	20	70
680	chr13	20299620	20299601	+	14.18	33.25	>	6	20	70
681	chr9	59969601	59969582	-	14.14	17.69	>	6	20	70
682	chr16	57611975	57611956	+	14.055	18.66	>	6	20	70
683	chr12	15816144	15816125	+	13.984	8.52	>	6	20	70
684	chr15	82271381	82271362	-	13.95	28.55	>	6	20	70
685	chr7	74363644	74363625	-	13.95	40.8	>	6	20	70
686	chr3	73066293	73066274	+	13.95	16.86	>	6	20	70
687	chr1	118772515	118772496	-	13.945	30.34	>	6	20	70
688	chr4	110020493	110020474	-	13.94	26.28	>	6	20	70
689	chr3	34639420	34639401	-	13.94	14.87	>	6	20	70
690	chr2	131530224	131530205	-	13.92	25.86	>	6	20	70
691	chr4	20024128	20024109	+	13.91	12.516	>	6	20	70
692	chr8	74980870	74980851	-	13.81	30.2	>	6	20	70
693	chr18	75757719	75757700	+	13.734	18.78	>	6	20	70
694	chr7	89908147	89908128	-	13.72	13.79	>	6	20	70
695	chr4	150257406	150257387	+	13.72	23.58	>	6	20	70
696	chr2	55022781	55022762	-	13.664	7.77	>	6	20	70
697	chr18	64506771	64506752	-	13.63	18.4	>	6	20	70
698	chr14	123353156	123353137	-	13.61	11.6	>	6	20	70
699	chr4	139872794	139872775	+	13.59	35.75	>	6	20	70
700	chr13	51839869	51839850	+	13.586	21.19	>	6	20	70
701	chr5	146162789	146162770	+	13.516	23.42	>	6	20	70
702	chr9	83785201	83785182	+	13.49	14.66	>	6	20	70
703	chr3	59079480	59079461	+	13.44	28.77	>	6	20	70
704	chr10	11345312	11345293	-	13.375	5.086	>	6	20	70
705	chr11	46252188	46252169	-	13.34	28.12	>	6	20	70
706	chr4	85404971	85404952	+	13.32	14.11	>	6	20	70
707	chr4	130738774	130738755	+	13.31	16.47	>	6	20	70
708	chr5	86432914	86432895	+	13.305	16.02	>	6	20	70
709	chr3	22306829	22306810	+	13.266	18.6	>	6	20	70
710	chr2	91930225	91930206	-	13.25	19.55	>	6	20	70
711	chr6	108417714	108417695	+	13.234	10.66	>	6	20	70
712	chr12	17011790	17011771	-	13.16	20.73	>	6	20	70
713	chr5	87551137	87551118	-	13.15	21.52	>	6	20	70
714	chr4	106227683	106227664	-	13.14	14.38	>	6	20	70
715	chr4	139877472	139877453	+	13.1	27.4	>	6	20	70
716	chr1	88742593	88742574	-	13.086	17.75	>	6	20	70
717	chr3	52254088	52254069	+	13.02	34.16	>	6	20	70
718	chr9	73159469	73159450	+	12.99	27.5	>	6	20	70
719	chr7	29297253	29297234	-	12.984	28.8	>	6	20	70
720	chr13	116312336	116312317	-	12.93	10.21	>	6	20	70
721	chr2	157117146	157117127	-	12.91	21.92	>	6	20	70
722	chr9	60243712	60243693	+	12.89	13.59	>	6	20	70
723	chr1	179845066	179845047	-	12.88	17.89	>	6	20	70
724	chr11	103332754	103332735	+	12.875	24.97	>	6	20	70
725	chr1	53032774	53032755	-	12.87	13.05	>	6	20	70
726	chr8	45345197	45345178	+	12.81	16.72	>	6	20	70
727	chr12	113216133	113216114	+	12.74	53.7	>	6	20	70
728	chr15	36152194	36152175	-	12.72	16.9	>	6	20	70
729	chr1	72876274	72876255	+	12.69	17.11	>	6	20	70
730	chr9	14774009	14773990	+	12.664	9.0	>	6	20	70
731	chr12	74317197	74317178	-	12.664	11.76	>	6	20	70
732	chr7	107819649	107819630	-	12.64	16.3	>	6	20	70
733	chr13	55327907	55327888	+	12.64	17.61	>	6	20	70
734	chr3	54796015	54795996	+	12.63	22.77	>	6	20	70
735	chr6	60963937	60963918	+	12.61	7.094	>	6	20	70
736	chr8	21981891	21981872	-	12.61	17.33	>	6	20	70
737	chr10	38269349	38269330	-	12.52	19.28	>	6	20	70
738	chr6	51170619	51170600	-	12.5	20.02	>	6	20	70
739	chr2	148110356	148110337	-	12.43	16.03	>	6	20	70
740	chr1	88301823	88301804	-	12.42	19.61	>	6	20	70
741	chr6	115037959	115037940	-	12.33	15.375	>	6	20	70
742	chr16	11980974	11980955	+	12.33	3.668	>	6	20	70
743	chr15	44832771	44832752	-	12.31	24.2	>	6	20	70
744	chr19	26193888	26193869	-	12.29	7.65	>	6	20	70
745	chr17	8988263	8988244	-	12.29	10.71	>	6	20	70
746	chr14	66358860	66358841	+	12.28	18.22	>	6	20	70
747	chr12	40832432	40832413	-	12.26	13.56	>	6	20	70
748	chr2	53206958	53206939	-	12.18	12.55	>	6	20	70
749	chr16	42914617	42914598	+	12.16	7.133	>	6	20	70
750	chr11	111523686	111523667	-	12.14	23.53	>	6	20	70
751	chr6	121556678	121556659	+	12.11	18.8	>	6	20	70
752	chr7	43926199	43926180	-	12.1	21.69	>	6	20	70
753	chr3	3311028	3311009	+	12.09	10.74	>	6	20	70
754	chr12	17018680	17018661	+	12.04	21.19	>	6	20	70
755	chr18	33794794	33794775	+	11.97	24.89	>	6	20	70
756	chr15	73791915	73791896	+	11.96	24.61	>	6	20	70
757	chr12	82489256	82489237	+	11.945	11.805	>	6	20	70
758	chr19	37559803	37559784	+	11.91	21.4	>	6	20	70
759	chr12	36195155	36195136	-	11.91	7.07	>	6	20	70
760	chr3	30515246	30515227	-	11.875	11.664	>	6	20	70
761	chr19	27426681	27426662	-	11.81	11.945	>	6	20	70
762	chr2	75590427	75590408	-	11.75	21.66	>	6	20	70
763	chr2	17849498	17849479	+	11.75	6.633	>	6	20	70
764	chr9	83371155	83371136	-	11.75	6.18	>	6	20	70
765	chr9	30936846	30936827	-	11.734	17.67	>	6	20	70
766	chr15	94690037	94690018	+	11.73	23.03	>	6	20	70
767	chr2	147379133	147379114	+	11.69	9.875	>	6	20	70
768	chr4	121232314	121232295	-	11.664	7.945	>	6	20	70
769	chr18	56333219	56333200	-	11.64	4.934	>	6	20	70
770	chr16	25952209	25952190	-	11.64	6.688	>	6	20	70
771	chr13	94976326	94976307	+	11.63	16.62	>	6	20	70
772	chr2	30942898	30942879	-	11.57	22.28	>	6	20	70
773	chr6	104479441	104479422	+	11.55	10.57	>	6	20	70
774	chr5	113080039	113080020	-	11.52	26.94	>	6	20	70
775	chr16	30550607	30550588	-	11.52	17.62	>	6	20	70
776	chr1	160194976	160194957	+	11.51	18.28	>	6	20	70
777	chr11	56116782	56116763	-	11.48	30.47	>	6	20	70
778	chr6	112484521	112484502	-	11.48	12.14	>	6	20	70
779	chr14	21853546	21853527	-	11.445	30.66	>	6	20	70
780	chr9	58534993	58534974	+	11.414	20.97	>	6	20	70
781	chr17	73302318	73302299	+	11.414	39.62	>	6	20	70
782	chr1	85842459	85842440	-	11.41	14.02	>	6	20	70
783	chr17	16926410	16926391	-	11.35	2.584	>	6	20	70
784	chr12	29894861	29894842	+	11.31	16.72	>	6	20	70
785	chr2	127832989	127832970	+	11.22	7.293	>	6	20	70
786	chr16	20724653	20724634	+	11.18	15.11	>	6	20	70
787	chr1	180811112	180811093	-	11.164	28.33	>	6	20	70
788	chr13	109210611	109210592	-	11.16	17.5	>	6	20	70
789	chr18	5990207	5990188	-	11.14	3.14	>	6	20	70
790	chr18	12102268	12102249	-	11.125	23.38	>	6	20	70
791	chr19	59380193	59380174	+	11.08	23.9	>	6	20	70
792	chr2	101665476	101665457	+	11.055	26.06	>	6	20	70
793	chr12	108541242	108541223	-	11.02	27.9	>	6	20	70
794	chr2	32583648	32583629	+	11.016	30.19	>	6	20	70
795	chr1	181881807	181881788	-	10.98	11.91	>	6	20	70
796	chr5	117506576	117506557	+	10.94	40.06	>	6	20	70
797	chr1	38789153	38789134	+	10.89	22.95	>	6	20	70
798	chr10	102445139	102445120	-	10.875	19.4	>	6	20	70
799	chr12	81788941	81788922	+	10.87	12.51	>	6	20	70
800	chr9	78233462	78233443	-	10.86	15.93	>	6	20	70
801	chr10	96618527	96618508	+	10.86	3.014	>	6	20	70
802	chr8	84639419	84639400	-	10.85	34.7	>	6	20	70
803	chr17	8468905	8468886	+	10.85	20.27	>	6	20	70
804	chr2	67535551	67535532	+	10.83	7.83	>	6	20	70
805	chr18	52947340	52947321	+	10.82	10.15	>	6	20	70
806	chr13	72625410	72625391	-	10.78	6.715	>	6	20	70
807	chr11	31942449	31942430	+	10.69	22.72	>	6	20	70
808	chr1	6190743	6190724	-	10.63	7.344	>	6	20	70
809	chr7	74367549	74367530	+	10.6	15.16	>	6	20	70
810	chr4	22482970	22482951	+	10.58	4.45	>	6	20	70
811	chr13	20298018	20297999	+	10.56	24.86	>	6	20	70
812	chr16	75325511	75325492	-	10.484	5.44	>	6	20	70
813	chr6	54586377	54586358	+	10.44	8.14	>	6	20	70
814	chr14	59604211	59604192	-	10.375	15.664	>	6	20	70
815	chr2	107946040	107946021	-	10.31	11.08	>	6	20	70
816	chr1	62701219	62701200	-	10.3	12.74	>	6	20	70
817	chr7	75914120	75914101	+	10.266	24.1	>	6	20	70
818	chr5	98167679	98167660	+	10.26	12.875	>	6	20	70
819	chr9	99671799	99671780	+	10.23	22.52	>	6	20	70
820	chr1	179847901	179847882	+	10.16	11.88	>	6	20	70
821	chr15	80080817	80080798	-	10.15	32.28	>	6	20	70
822	chr6	137747756	137747737	-	10.09	27.12	>	6	20	70
823	chr6	77249625	77249606	-	10.09	6.945	>	6	20	70
824	chr5	149049190	149049171	-	10.08	15.81	>	6	20	70
825	chr18	32814407	32814388	-	10.07	2.566	>	6	20	70
826	chr11	46258405	46258386	-	10.06	20.3	>	6	20	70
827	chr11	81974830	81974811	-	10.01	5.44	>	6	20	70
828	chr19	48414047	48414028	+	9.99	12.77	>	6	20	70
829	chr11	34836484	34836465	+	9.86	20.75	>	6	20	70
830	chr17	24437345	24437326	-	9.81	19.33	>	6	20	70
831	chr6	59208753	59208734	-	9.734	12.92	>	6	20	70
832	chr13	37325694	37325675	-	9.734	20.84	>	6	20	70
833	chr11	43412967	43412948	-	9.72	22.2	>	6	20	70
834	chr13	49651342	49651323	-	9.71	2.496	>	6	20	70
835	chr7	143151380	143151361	+	9.69	18.05	>	6	20	70
836	chr16	4285478	4285459	-	9.67	7.94	>	6	20	70
837	chr11	29715017	29714998	-	9.664	9.12	>	6	20	70
838	chr3	134654263	134654244	+	9.62	3.898	>	6	20	70
839	chr8	28978824	28978805	-	9.57	7.504	>	6	20	70
840	chr13	54062269	54062250	-	9.55	10.02	>	6	20	70
841	chr9	32585514	32585495	+	9.516	12.72	>	6	20	70
842	chr7	73648212	73648193	-	9.484	13.375	>	6	20	70
843	chr19	27425889	27425870	-	9.44	11.26	>	6	20	70
844	chr13	100854377	100854358	-	9.42	17.78	>	6	20	70
845	chr5	140749784	140749765	-	9.414	22.17	>	6	20	70
846	chr4	127027444	127027425	+	9.4	22.48	>	6	20	70
847	chr11	109221866	109221847	-	9.3	9.67	>	6	20	70
848	chr16	16596794	16596775	+	9.28	5.977	>	6	20	70
849	chr2	128605294	128605275	-	9.25	9.07	>	6	20	70
850	chr2	61492265	61492246	+	9.25	6.99	>	6	20	70
851	chr10	74217479	74217460	+	9.22	7.7	>	6	20	70
852	chr9	68016722	68016703	+	9.2	8.305	>	6	20	70
853	chr6	144248136	144248117	+	9.19	7.742	>	6	20	70
854	chr13	51191948	51191929	+	9.17	5.492	>	6	20	70
855	chr2	103424848	103424829	-	9.164	12.29	>	6	20	70
856	chr7	64751734	64751715	-	9.13	16.66	>	6	20	70
857	chr7	27160004	27159985	+	9.125	14.17	>	6	20	70
858	chr13	95986545	95986526	+	9.08	13.76	>	6	20	70
859	chr5	135118653	135118634	+	9.08	29.22	>	6	20	70
860	chr10	49786914	49786895	-	9.07	0.785	>	6	20	70
861	chr1	51639072	51639053	+	9.02	3.22	>	6	20	70
862	chr14	105307894	105307875	+	8.95	2.453	>	6	20	70
863	chr19	40231990	40231971	-	8.95	19.89	>	6	20	70
864	chr10	69656526	69656507	+	8.95	12.99	>	6	20	70
865	chr7	142714879	142714860	-	8.945	27.2	>	6	20	70
866	chr6	129256260	129256241	-	8.93	14.53	>	6	20	70
867	chr5	138199783	138199764	+	8.9	8.414	>	6	20	70
868	chr8	36193738	36193719	+	8.89	10.43	>	6	20	70
869	chr11	49597354	49597335	+	8.87	6.92	>	6	20	70
870	chr1	139405977	139405958	-	8.86	4.043	>	6	20	70
871	chr3	124289118	124289099	-	8.84	12.69	>	6	20	70
872	chr9	13196005	13195986	-	8.83	30.6	>	6	20	70
873	chr14	115819240	115819221	+	8.83	10.71	>	6	20	70
874	chr5	146914595	146914576	+	8.82	39.7	>	6	20	70
875	chr4	119223866	119223847	-	8.766	16.34	>	6	20	70
876	chr15	85879204	85879185	-	8.76	17.27	>	6	20	70
877	chr4	124682485	124682466	+	8.7	17.45	>	6	20	70
878	chr17	34956526	34956507	+	8.695	22.17	>	6	20	70
879	chr12	39494054	39494035	-	8.65	2.455	>	6	20	70
880	chr9	34485824	34485805	-	8.625	10.6	>	6	20	70
881	chr2	180786948	180786929	+	8.57	17.27	>	6	20	70
882	chr4	62230989	62230970	+	8.57	12.25	>	6	20	70
883	chr2	16357480	16357461	+	8.55	2.205	>	6	20	70
884	chr17	9759516	9759497	+	8.54	11.53	>	6	20	70
885	chr10	13018670	13018651	+	8.54	19.64	>	6	20	70
886	chr4	32570820	32570801	-	8.52	6.645	>	6	20	70
887	chr9	86451919	86451900	-	8.49	16.77	>	6	20	70
888	chr7	139590495	139590476	+	8.49	20.39	>	6	20	70
889	chr16	31944169	31944150	+	8.445	14.11	>	6	20	70
890	chr3	104701211	104701192	-	8.44	24.84	>	6	20	70
891	chr2	160955546	160955527	-	8.414	14.05	>	6	20	70
892	chr18	32811889	32811870	+	8.4	4.918	>	6	20	70
893	chr14	115042240	115042221	-	8.4	14.734	>	6	20	70
894	chr2	28464119	28464100	-	8.33	19.16	>	6	20	70
895	chr2	76369931	76369912	+	8.28	9.1	>	6	20	70
896	chr3	107605512	107605493	+	8.28	12.57	>	6	20	70
897	chr14	121220891	121220872	-	8.23	10.8	>	6	20	70
898	chr1	103796539	103796520	+	8.22	10.74	>	6	20	70
899	chr16	23151589	23151570	+	8.21	3.11	>	6	20	70
900	chr5	33371346	33371327	-	8.19	15.74	>	6	20	70
901	chr13	103121088	103121069	-	8.18	6.016	>	6	20	70
902	chr10	60760529	60760510	+	8.14	24.72	>	6	20	70
903	chr1	169921787	169921768	+	8.12	12.62	>	6	20	70
904	chr13	42826816	42826797	-	8.11	17.0	>	6	20	70
905	chr6	72601930	72601911	+	8.11	24.06	>	6	20	70
906	chr7	81345319	81345300	-	7.99	7.87	>	6	20	70
907	chr11	33934471	33934452	+	7.98	18.27	>	6	20	70
908	chr18	77044808	77044789	-	7.97	11.42	>	6	20	70
909	chr7	67217278	67217259	+	7.926	7.28	>	6	20	70
910	chr2	164074027	164074008	+	7.906	10.22	>	6	20	70
911	chr3	45373410	45373391	+	7.855	1.438	>	6	20	70
912	chr1	152768355	152768336	-	7.84	9.35	>	6	20	70
913	chr11	102267665	102267646	-	7.81	17.44	>	6	20	70
914	chr11	43411664	43411645	-	7.81	21.72	>	6	20	70
915	chr2	129880054	129880035	+	7.805	6.484	>	6	20	70
916	chr11	81972241	81972222	+	7.797	9.07	>	6	20	70
917	chr9	65581143	65581124	-	7.793	11.17	>	6	20	70
918	chr4	106228720	106228701	+	7.727	13.9	>	6	20	70
919	chr6	119467876	119467857	+	7.703	18.1	>	6	20	70
920	chr10	122794511	122794492	+	7.695	15.734	>	6	20	70
921	chr14	34813484	34813465	-	7.69	11.805	>	6	20	70
922	chr15	19280629	19280610	+	7.68	3.066	>	6	20	70
923	chr13	38235597	38235578	-	7.676	11.836	>	6	20	70
924	chr13	21710105	21710086	+	7.67	14.95	>	6	20	70
925	chr11	104231353	104231334	-	7.67	18.38	>	6	20	70
926	chr6	86401304	86401285	-	7.64	23.28	>	6	20	70
927	chr4	24245320	24245301	-	7.633	3.027	>	6	20	70
928	chr9	29655082	29655063	+	7.613	20.11	>	6	20	70
929	chr9	58535957	58535938	-	7.605	16.9	>	6	20	70
930	chr5	112427478	112427459	-	7.598	9.93	>	6	20	70
931	chr4	140539353	140539334	-	7.58	22.9	>	6	20	70
932	chr14	105302910	105302891	+	7.57	4.605	>	6	20	70
933	chr7	19713404	19713385	-	7.543	26.19	>	6	20	70
934	chr1	127487367	127487348	-	7.52	14.33	>	6	20	70
935	chr19	56806125	56806106	-	7.504	5.934	>	6	20	70
936	chr19	47175662	47175643	-	7.46	21.67	>	6	20	70
937	chr2	150795624	150795605	-	7.44	6.633	>	6	20	70
938	chr2	137114826	137114807	+	7.438	4.08	>	6	20	70
939	chr10	119244230	119244211	+	7.434	4.305	>	6	20	70
940	chr5	117094622	117094603	+	7.42	22.22	>	6	20	70
941	chr11	67100384	67100365	-	7.42	22.83	>	6	20	70
942	chr5	30686988	30686969	+	7.41	18.64	>	6	20	70
943	chr8	105291139	105291120	-	7.41	11.78	>	6	20	70
944	chr7	143470174	143470155	-	7.39	17.94	>	6	20	70
945	chr15	8099290	8099271	-	7.35	8.336	>	6	20	70
946	chr7	119015949	119015930	+	7.34	17.75	>	6	20	70
947	chr17	56306039	56306020	-	7.305	16.48	>	6	20	70
948	chr1	134636895	134636876	+	7.3	5.97	>	6	20	70
949	chr17	65541217	65541198	+	7.258	9.125	>	6	20	70
950	chr14	49218880	49218861	+	7.25	8.47	>	6	20	70
951	chr1	25527154	25527135	+	7.2	7.453	>	6	20	70
952	chr1	146515575	146515556	+	7.18	3.11	>	6	20	70
953	chr9	44109578	44109559	+	7.176	33.9	>	6	20	70
954	chr11	108889358	108889339	+	7.15	8.016	>	6	20	70
955	chr7	138398615	138398596	+	7.117	4.707	>	6	20	70
956	chr5	32204842	32204823	+	7.11	6.15	>	6	20	70
957	chr8	14859581	14859562	+	7.1	5.27	>	6	20	70
958	chr11	95676507	95676488	-	7.09	14.555	>	6	20	70
959	chr6	85141186	85141167	+	7.08	33.56	>	6	20	70
960	chr14	20340404	20340385	-	7.04	15.81	>	6	20	70
961	chr1	193130339	193130320	-	7.023	5.71	>	6	20	70
962	chr9	98032882	98032863	+	6.992	4.73	>	6	20	70
963	chr7	143793289	143793270	+	6.98	21.42	>	6	20	70
964	chr12	32292312	32292293	-	6.895	8.26	>	6	20	70
965	chr17	45724453	45724434	-	6.89	12.125	>	6	20	70
966	chr14	102512314	102512295	+	6.89	1.602	>	6	20	70
967	chr8	11943038	11943019	+	6.88	5.47	>	6	20	70
968	chr7	83553561	83553542	+	6.867	8.27	>	6	20	70
969	chr9	64960779	64960760	-	6.85	16.31	>	6	20	70
970	chr9	30426996	30426977	+	6.832	15.31	>	6	20	70
971	chr11	119249183	119249164	+	6.785	23.48	>	6	20	70
972	chr8	90795542	90795523	+	6.77	10.67	>	6	20	70
973	chr2	113498926	113498907	-	6.766	9.86	>	6	20	70
974	chr13	62926662	62926643	+	6.75	4.73	>	6	20	70
975	chr1	127485025	127485006	+	6.715	16.44	>	6	20	70
976	chr17	78592615	78592596	+	6.715	8.945	>	6	20	70
977	chr2	118246134	118246115	-	6.668	13.72	>	6	20	70
978	chr2	92474875	92474856	-	6.652	13.95	>	6	20	70
979	chr7	17061423	17061404	+	6.645	15.1	>	6	20	70
980	chr10	122090678	122090659	+	6.63	8.38	>	6	20	70
981	chr13	64448147	64448128	+	6.594	17.92	>	6	20	70
982	chr2	34642611	34642592	-	6.562	14.51	>	6	20	70
983	chr5	117509743	117509724	+	6.54	26.92	>	6	20	70
984	chr7	131371109	131371090	+	6.516	4.71	>	6	20	70
985	chr6	94054143	94054124	-	6.5	13.34	>	6	20	70
986	chr14	20697228	20697209	+	6.465	17.88	>	6	20	70
987	chr10	122798121	122798102	+	6.46	15.23	>	6	20	70
988	chr13	14196604	14196585	+	6.45	1.613	>	6	20	70
989	chr3	118991976	118991957	+	6.438	8.26	>	6	20	70
990	chr9	107231295	107231276	-	6.434	7.414	>	6	20	70
991	chr15	24557016	24556997	-	6.418	3.371	>	6	20	70
992	chr2	178407758	178407739	+	6.414	11.43	>	6	20	70
993	chr9	90683476	90683457	-	6.38	1.322	>	6	20	70
994	chr6	22968335	22968316	-	6.34	6.418	>	6	20	70
995	chr12	67217811	67217792	+	6.336	1.95	>	6	20	70
996	chr10	82910438	82910419	+	6.277	10.99	>	6	20	70
997	chr7	49125716	49125697	+	6.258	16.88	>	6	20	70
998	chr11	119491305	119491286	-	6.215	10.81	>	6	20	70
999	chr11	32341308	32341289	-	6.21	14.555	>	6	20	70
1000	chr19	8713406	8713387	+	6.19	10.44	>	6	20	70
1001	chr4	48048044	48048025	+	6.152	6.21	>	6	20	70
1002	chr11	52764825	52764806	+	6.15	7.75	>	6	20	70
1003	chr13	20564636	20564617	-	6.145	4.82	>	6	20	70
1004	chr10	39105011	39104992	-	6.14	7.152	>	6	20	70
1005	chr11	98909856	98909837	-	6.117	18.95	>	6	20	70
1006	chr1	151025102	151025083	+	6.117	4.496	>	6	20	70
1007	chr5	98167777	98167758	-	6.113	9.555	>	6	20	70
1008	chr8	88118562	88118543	+	6.062	3.66	>	6	20	70
1009	chr16	92511934	92511915	+	6.035	16.34	>	6	20	70
1010	chr15	25792295	25792276	-	6.008	6.87	>	6	20	70
1011	chr13	92751194	92751175	+	5.938	12.68	>	6	20	70
1012	chr5	101688793	101688774	-	5.934	12.51	>	6	20	70
1013	chr7	112023252	112023233	+	5.93	8.26	>	6	20	70
1014	chr14	21854038	21854019	-	5.914	27.36	>	6	20	70
1015	chr8	32003733	32003714	-	5.9	2.012	>	6	20	70
1016	chr13	53095394	53095375	-	5.867	6.086	>	6	20	70
1017	chr1	182554179	182554160	+	5.836	10.15	>	6	20	70
1018	chr6	18381568	18381549	+	5.832	1.955	>	6	20	70
1019	chr9	77389590	77389571	+	5.832	5.68	>	6	20	70
1020	chr16	5254481	5254462	-	5.812	12.77	>	6	20	70
1021	chr2	93199625	93199606	+	5.797	14.08	>	6	20	70
1022	chr9	81631651	81631632	-	5.793	3.863	>	6	20	70
1023	chr2	152887412	152887393	-	5.78	4.652	>	6	20	70
1024	chr4	153481137	153481118	-	5.766	3.3	>	6	20	70
1025	chr8	72239706	72239687	-	5.754	5.32	>	6	20	70
1026	chr18	65750236	65750217	-	5.703	2.543	>	6	20	70
1027	chr6	61311882	61311863	-	5.68	7.43	>	6	20	70
1028	chr18	46143625	46143606	+	5.676	6.477	>	6	20	70
1029	chr6	120836118	120836099	+	5.64	7.797	>	6	20	70
1030	chr6	100563990	100563971	-	5.625	4.164	>	6	20	70
1031	chr3	13475098	13475079	-	5.61	1.948	>	6	20	70
1032	chr2	132262968	132262949	+	5.6	7.164	>	6	20	70
1033	chr11	103334169	103334150	+	5.594	12.02	>	6	20	70
1034	chr6	54255029	54255010	+	5.586	4.35	>	6	20	70
1035	chr13	101711018	101710999	+	5.543	9.15	>	6	20	70
1036	chr5	39644761	39644742	-	5.54	3.531	>	6	20	70
1037	chr8	90795201	90795182	-	5.516	4.996	>	6	20	70
1038	chr18	23162646	23162627	+	5.51	1.562	>	6	20	70
1039	chr16	78165563	78165544	+	5.477	7.39	>	6	20	70
1040	chr2	96584106	96584087	-	5.44	3.29	>	6	20	70
1041	chr12	72070473	72070454	+	5.426	11.336	>	6	20	70
1042	chr12	24708691	24708672	+	5.414	9.914	>	6	20	70
1043	chr8	92367135	92367116	-	5.406	6.984	>	6	20	70
1044	chr17	83866777	83866758	+	5.4	23.0	>	6	20	70
1045	chr13	55322636	55322617	-	5.4	7.0	>	6	20	70
1046	chr6	88893771	88893752	-	5.395	16.78	>	6	20	70
1047	chr19	8718731	8718712	-	5.383	8.6	>	6	20	70
1048	chr12	59220179	59220160	-	5.38	2.5	>	6	20	70
1049	chr14	60784526	60784507	+	5.367	16.06	>	6	20	70
1050	chr3	153658591	153658572	+	5.33	6.258	>	6	20	70
1051	chr9	77386949	77386930	-	5.312	12.24	>	6	20	70
1052	chr10	83219903	83219884	+	5.312	6.188	>	6	20	70
1053	chr6	15176967	15176948	-	5.31	2.947	>	6	20	70
1054	chr2	152604207	152604188	-	5.27	19.44	>	6	20	70
1055	chr2	39003369	39003350	-	5.26	1.671	>	6	20	70
1056	chr16	31425707	31425688	-	5.254	13.484	>	6	20	70
1057	chr5	137503018	137502999	-	5.227	3.691	>	6	20	70
1058	chr18	13973086	13973067	-	5.207	0.71	>	6	20	70
1059	chr17	68849016	68848997	-	5.2	1.891	>	6	20	70
1060	chr2	128408931	128408912	-	5.19	8.72	>	6	20	70
1061	chr14	97559790	97559771	-	5.16	2.041	>	6	20	70
1062	chr8	67903864	67903845	-	5.13	6.113	>	6	20	70
1063	chr14	56888181	56888162	-	5.125	3.316	>	6	20	70
1064	chr4	132198465	132198446	+	5.125	11.19	>	6	20	70
1065	chr2	39005861	39005842	-	5.12	3.883	>	6	20	70
1066	chr7	137471679	137471660	-	5.1	19.97	>	6	20	70
1067	chr6	64949075	64949056	+	5.09	5.168	>	6	20	70
1068	chr18	16821148	16821129	+	5.043	1.935	>	6	20	70
1069	chr2	93813566	93813547	+	5.04	13.086	>	6	20	70
1070	chr6	126481478	126481459	-	5.023	10.89	>	6	20	70
1071	chr1	181881093	181881074	-	4.984	10.19	>	6	20	70
1072	chr6	108065822	108065803	-	4.977	6.67	>	6	20	70
1073	chr4	88550373	88550354	+	4.938	4.04	>	6	20	70
1074	chr5	137502167	137502148	+	4.867	8.81	>	6	20	70
1075	chr8	77618148	77618129	-	4.86	4.188	>	6	20	70
1076	chr7	120098024	120098005	+	4.855	7.22	>	6	20	70
1077	chr2	75152706	75152687	-	4.824	10.55	>	6	20	70
1078	chr11	87950193	87950174	+	4.78	11.09	>	6	20	70
1079	chr11	94598936	94598917	-	4.746	10.49	>	6	20	70
1080	chr1	10229119	10229100	+	4.746	0.972	>	6	20	70
1081	chr7	143476888	143476869	+	4.746	8.89	>	6	20	70
1082	chr9	102607693	102607674	-	4.715	3.604	>	6	20	70
1083	chr8	32009749	32009730	+	4.71	6.785	>	6	20	70
1084	chr3	99262117	99262098	-	4.707	1.889	>	6	20	70
1085	chr18	75607987	75607968	+	4.664	23.11	>	6	20	70
1086	chr7	75380211	75380192	-	4.64	2.41	>	6	20	70
1087	chr3	135863108	135863089	+	4.64	3.164	>	6	20	70
1088	chr4	87369015	87368996	-	4.625	9.125	>	6	20	70
1089	chr8	84639535	84639516	+	4.605	13.88	>	6	20	70
1090	chr15	74524301	74524282	+	4.586	13.7	>	6	20	70
1091	chr17	57007316	57007297	-	4.582	9.42	>	6	20	70
1092	chr11	30893985	30893966	+	4.547	0.9004	>	6	20	70
1093	chr19	57360190	57360171	-	4.543	2.654	>	6	20	70
1094	chr8	110102657	110102638	-	4.53	9.24	>	6	20	70
1095	chr7	135389259	135389240	-	4.53	9.336	>	6	20	70
1096	chr4	152527530	152527511	+	4.516	13.99	>	6	20	70
1097	chr13	103710441	103710422	+	4.5	4.57	>	6	20	70
1098	chr10	120896053	120896034	+	4.5	2.322	>	6	20	70
1099	chr18	5155632	5155613	-	4.484	6.39	>	6	20	70
1100	chr12	80141693	80141674	-	4.45	17.05	>	6	20	70
1101	chr5	118763566	118763547	-	4.418	12.81	>	6	20	70
1102	chr12	14150175	14150156	+	4.406	3.688	>	6	20	70
1103	chr10	128990300	128990281	-	4.4	8.03	>	6	20	70
1104	chr10	30834038	30834019	-	4.37	4.473	>	6	20	70
1105	chr6	50618483	50618464	+	4.367	12.766	>	6	20	70
1106	chr15	9748972	9748953	-	4.36	3.496	>	6	20	70
1107	chr16	92308164	92308145	-	4.355	11.22	>	6	20	70
1108	chr2	9881964	9881945	-	4.355	2.918	>	6	20	70
1109	chr8	123106089	123106070	+	4.336	8.18	>	6	20	70
1110	chr5	98346264	98346245	+	4.324	2.342	>	6	20	70
1111	chr10	40249841	40249822	-	4.316	12.23	>	6	20	70
1112	chr3	141457685	141457666	+	4.312	4.707	>	6	20	70
1113	chr9	40192620	40192601	-	4.3	2.145	>	6	20	70
1114	chr9	72448248	72448229	+	4.29	7.78	>	6	20	70
1115	chr13	24316809	24316790	-	4.273	3.682	>	6	20	70
1116	chr1	50927249	50927230	+	4.258	4.5	>	6	20	70
1117	chr11	102690417	102690398	-	4.223	12.195	>	6	20	70
1118	chr4	116627141	116627122	+	4.207	6.52	>	6	20	70
1119	chr15	76198817	76198798	+	4.164	10.72	>	6	20	70
1120	chr15	12113620	12113601	-	4.156	3.312	>	6	20	70
1121	chr1	115675059	115675040	+	4.152	5.223	>	6	20	70
1122	chr2	34644807	34644788	-	4.15	8.266	>	6	20	70
1123	chr2	166084974	166084955	-	4.133	18.12	>	6	20	70
1124	chr11	21571906	21571887	-	4.13	2.105	>	6	20	70
1125	chr15	9449709	9449690	-	4.062	0.543	>	6	20	70
1126	chr5	92664520	92664501	-	4.055	3.326	>	6	20	70
1127	chr12	77001216	77001197	+	4.043	1.105	>	6	20	70
1128	chr6	93757507	93757488	-	4.01	5.273	>	6	20	70
1129	chr19	56302794	56302775	+	4.01	3.797	>	6	20	70
1130	chr13	71954038	71954019	-	4.008	1.19	>	6	20	70
1131	chr4	17852015	17851996	-	4.0	0.8535	>	6	20	70
1132	chr18	39136126	39136107	+	3.992	1.932	>	6	20	70
1133	chr1	153489234	153489215	-	3.99	7.715	>	6	20	70
1134	chr9	66136172	66136153	-	3.988	5.383	>	6	20	70
1135	chr11	109621431	109621412	-	3.979	11.484	>	6	20	70
1136	chr13	91723318	91723299	+	3.959	5.49	>	6	20	70
1137	chr13	3642291	3642272	-	3.959	4.75	>	6	20	70
1138	chr13	47304770	47304751	+	3.957	6.746	>	6	20	70
1139	chr2	121144456	121144437	+	3.953	4.504	>	6	20	70
1140	chr13	93772223	93772204	-	3.928	3.56	>	6	20	70
1141	chr10	70967079	70967060	+	3.916	4.88	>	6	20	70
1142	chr13	59417085	59417066	-	3.91	5.0	>	6	20	70
1143	chr7	102484972	102484953	-	3.883	7.0	>	6	20	70
1144	chr5	38235667	38235648	-	3.879	10.78	>	6	20	70
1145	chr14	56885401	56885382	+	3.87	2.412	>	6	20	70
1146	chr11	75170669	75170650	-	3.861	7.984	>	6	20	70
1147	chr11	77980417	77980398	+	3.846	9.5	>	6	20	70
1148	chr9	94738712	94738693	+	3.828	14.92	>	6	20	70
1149	chr6	140466500	140466481	-	3.816	3.785	>	6	20	70
1150	chr19	57361025	57361006	-	3.814	6.484	>	6	20	70
1151	chr12	58972459	58972440	+	3.777	2.135	>	6	20	70
1152	chr2	61490636	61490617	+	3.775	5.23	>	6	20	70
1153	chr4	44310651	44310632	+	3.762	4.973	>	6	20	70
1154	chr11	52766147	52766128	+	3.734	1.83	>	6	20	70
1155	chr13	72627587	72627568	-	3.717	4.066	>	6	20	70
1156	chr9	23012459	23012440	-	3.71	1.704	>	6	20	70
1157	chr16	31427924	31427905	-	3.705	3.383	>	6	20	70
1158	chr12	29895773	29895754	+	3.691	1.481	>	6	20	70
1159	chr9	73154557	73154538	+	3.666	9.1	>	6	20	70
1160	chr1	127484437	127484418	-	3.66	8.8	>	6	20	70
1161	chr9	107566236	107566217	+	3.656	7.098	>	6	20	70
1162	chr2	68118338	68118319	+	3.652	4.36	>	6	20	70
1163	chr11	11140836	11140817	-	3.629	13.69	>	6	20	70
1164	chr12	74014936	74014917	-	3.627	5.97	>	6	20	70
1165	chr7	138396301	138396282	-	3.621	0.934	>	6	20	70
1166	chr14	103534605	103534586	+	3.617	5.312	>	6	20	70
1167	chr10	115164112	115164093	-	3.613	3.031	>	6	20	70
1168	chr7	119019764	119019745	+	3.598	7.113	>	6	20	70
1169	chr13	96389525	96389506	-	3.588	1.339	>	6	20	70
1170	chr14	74723724	74723705	-	3.586	5.766	>	6	20	70
1171	chr14	55114114	55114095	-	3.57	7.387	>	6	20	70
1172	chr9	62784468	62784449	+	3.562	12.84	>	6	20	70
1173	chr10	127678167	127678148	-	3.541	2.129	>	6	20	70
1174	chr17	55948218	55948199	-	3.535	4.3	>	6	20	70
1175	chr11	78183263	78183244	-	3.525	12.305	>	6	20	70
1176	chr6	59207403	59207384	-	3.508	1.477	>	6	20	70
1177	chr6	135416919	135416900	+	3.498	4.027	>	6	20	70
1178	chr5	122104403	122104384	+	3.492	11.98	>	6	20	70
1179	chr13	37971068	37971049	-	3.482	3.088	>	6	20	70
1180	chr5	114612410	114612391	+	3.48	13.6	>	6	20	70
1181	chr10	114442226	114442207	+	3.46	2.104	>	6	20	70
1182	chr2	145655527	145655508	-	3.44	2.05	>	6	20	70
1183	chr7	109507351	109507332	-	3.418	1.832	>	6	20	70
1184	chr16	10009965	10009946	+	3.402	4.965	>	6	20	70
1185	chr14	67969032	67969013	-	3.385	5.523	>	6	20	70
1186	chr5	140744055	140744036	-	3.348	10.35	>	6	20	70
1187	chr1	56984334	56984315	+	3.338	2.584	>	6	20	70
1188	chr2	137110782	137110763	+	3.328	1.323	>	6	20	70
1189	chr16	22267525	22267506	+	3.322	1.262	>	6	20	70
1190	chr16	4884595	4884576	-	3.3	2.822	>	6	20	70
1191	chr5	19458406	19458387	-	3.291	6.625	>	6	20	70
1192	chr1	84697217	84697198	-	3.29	7.492	>	6	20	70
1193	chr14	122903088	122903069	-	3.29	2.205	>	6	20	70
1194	chr7	64056729	64056710	-	3.273	1.214	>	6	20	70
1195	chr9	71624061	71624042	-	3.273	15.39	>	6	20	70
1196	chr9	96885958	96885939	-	3.271	10.016	>	6	20	70
1197	chr18	46964733	46964714	-	3.266	8.555	>	6	20	70
1198	chr3	122638475	122638456	+	3.26	4.82	>	6	20	70
1199	chr9	94733848	94733829	+	3.256	3.768	>	6	20	70
1200	chr1	167938404	167938385	-	3.25	6.79	>	6	20	70
1201	chr1	180811841	180811822	+	3.244	6.383	>	6	20	70
1202	chr10	42760472	42760453	+	3.229	1.784	>	6	20	70
1203	chr18	20598347	20598328	+	3.213	4.758	>	6	20	70
1204	chr17	71909305	71909286	+	3.203	3.572	>	6	20	70
1205	chr1	34459898	34459879	+	3.193	3.389	>	6	20	70
1206	chr4	117202234	117202215	-	3.191	9.61	>	6	20	70
1207	chr15	101313974	101313955	-	3.178	2.96	>	6	20	70
1208	chr16	13438138	13438119	+	3.176	1.241	>	6	20	70
1209	chr7	114878499	114878480	+	3.174	1.604	>	6	20	70
1210	chr11	109866735	109866716	+	3.166	2.812	>	6	20	70
1211	chr3	123509329	123509310	+	3.162	5.67	>	6	20	70
1212	chr3	114085881	114085862	-	3.146	0.5283	>	6	20	70
1213	chr4	120149384	120149365	-	3.145	8.09	>	6	20	70
1214	chr16	4549594	4549575	-	3.137	11.12	>	6	20	70
1215	chr15	78872224	78872205	+	3.133	9.35	>	6	20	70
1216	chr12	57231261	57231242	-	3.127	3.32	>	6	20	70
1217	chr9	71624949	71624930	-	3.125	15.0	>	6	20	70
1218	chr4	18963859	18963840	-	3.12	4.01	>	6	20	70
1219	chr8	40913366	40913347	-	3.115	1.625	>	6	20	70
1220	chr5	21645240	21645221	-	3.11	1.259	>	6	20	70
1221	chr10	68357244	68357225	+	3.094	1.353	>	6	20	70
1222	chr2	93812077	93812058	-	3.06	11.82	>	6	20	70
1223	chr12	75669431	75669412	-	3.05	4.1	>	6	20	70
1224	chr1	12844023	12844004	+	3.033	4.33	>	6	20	70
1225	chr12	86697142	86697123	+	3.025	6.996	>	6	20	70
1226	chr9	98033678	98033659	+	3.021	1.525	>	6	20	70
1227	chr19	37946902	37946883	+	3.02	4.082	>	6	20	70
1228	chr9	75271676	75271657	+	3.01	4.42	>	6	20	70
1229	chr11	55162881	55162862	+	2.996	3.625	>	6	20	70
1230	chr17	25274339	25274320	-	2.984	4.45	>	6	20	70
1231	chr6	108065317	108065298	+	2.984	5.535	>	6	20	70
1232	chr7	5071749	5071730	-	2.928	2.754	>	6	20	70
1233	chr3	152477906	152477887	-	2.922	3.295	>	6	20	70
1234	chr5	28090770	28090751	-	2.922	2.412	>	6	20	70
1235	chr14	78282622	78282603	+	2.91	2.186	>	6	20	70
1236	chr14	88480122	88480103	-	2.906	3.236	>	6	20	70
1237	chr7	107569047	107569028	+	2.902	1.588	>	6	20	70
1238	chr3	83777088	83777069	-	2.879	3.992	>	6	20	70
1239	chr8	48550865	48550846	+	2.871	0.592	>	6	20	70
1240	chr7	132575955	132575936	-	2.855	4.473	>	6	20	70
1241	chr14	79769127	79769108	-	2.852	4.36	>	6	20	70
1242	chr17	69974245	69974226	-	2.799	1.284	>	6	20	70
1243	chr12	66284211	66284192	-	2.793	5.484	>	6	20	70
1244	chr6	83796902	83796883	-	2.785	3.35	>	6	20	70
1245	chr9	44108077	44108058	+	2.785	11.375	>	6	20	70
1246	chr11	116023924	116023905	+	2.777	6.906	>	6	20	70
1247	chr3	86779824	86779805	-	2.775	8.64	>	6	20	70
1248	chr19	46056202	46056183	+	2.77	5.27	>	6	20	70
1249	chr10	108210181	108210162	-	2.762	0.674	>	6	20	70
1250	chr8	27001386	27001367	+	0.4329	0.4077	>	6	20	70
1251	chr17	28338029	28338010	-	0.252	0.265	>	6	20	70
1252	chr11	76445826	76445807	-	0.2268	0.1863	>	6	20	70
1253	chr5	144244146	144244127	-	0.311	0.3691	>	6	20	70
1254	chr14	79768803	79768784	-	0.3076	0.2808	>	6	20	70
1255	chr9	26778623	26778604	-	1.299	0.6914	>	6	20	70
1256	chr7	25392052	25392033	+	0.2487	0.242	>	6	20	70
1257	chr3	101484879	101484860	-	0.3438	0.528	>	6	20	70
1258	chr2	69113988	69113969	+	0.2472	0.1981	>	6	20	70
1259	chr13	29852447	29852428	-	0.1781	0.1941	>	6	20	70
1260	chr2	60213231	60213212	-	0.1073	0.1628	>	6	20	70
1261	chr2	171418157	171418138	-	0.1407	0.2131	>	6	20	70
1262	chr7	64392050	64392031	-	0.514	0.2006	>	6	20	70
1263	chr15	36157434	36157415	-	0.7227	0.836	>	6	20	70
1264	chr4	49662357	49662338	-	0.4692	0.2915	>	6	20	70
1265	chr4	48422356	48422337	+	1.027	0.5225	>	6	20	70
1266	chr18	82720514	82720495	+	0.1605	0.1409	>	6	20	70
1267	chr1	172022686	172022667	+	0.1733	0.1764	>	6	20	70
1268	chr7	139595890	139595871	+	0.1575	0.2125	>	6	20	70
1269	chr12	73007842	73007823	-	0.345	0.2974	>	6	20	70
1270	chr17	27192928	27192909	-	0.1056	0.4468	>	6	20	70
1271	chr1	53698960	53698941	+	0.557	0.255	>	6	20	70
1272	chr18	12734380	12734361	+	0.207	0.1383	>	6	20	70
1273	chr6	126767488	126767469	-	0.2039	0.2483	>	6	20	70
1274	chr2	92856249	92856230	-	2.734	0.857	>	6	20	70
1275	chr11	74572851	74572832	+	0.2646	0.2705	>	6	20	70
1276	chr9	59675637	59675618	-	0.4082	0.744	>	6	20	70
1277	chr15	55025647	55025628	+	0.1847	0.1536	>	6	20	70
1278	chr4	120579150	120579131	-	0.33	0.264	>	6	20	70
1279	chr15	74525720	74525701	+	0.2172	0.2104	>	6	20	70
1280	chr1	88748095	88748076	+	0.1973	0.1881	>	6	20	70
1281	chr15	32239655	32239636	-	0.2822	0.1587	>	6	20	70
1282	chr7	36571183	36571164	+	0.1103	0.1942	>	6	20	70
1283	chr11	113855351	113855332	-	0.1613	0.1947	>	6	20	70
1284	chr6	90609163	90609144	+	2.127	1.159	>	6	20	70
1285	chr3	146181407	146181388	-	0.2034	0.3416	>	6	20	70
1286	chr10	69857222	69857203	-	0.3232	0.3599	>	6	20	70
1287	chr2	158361425	158361406	-	0.5625	0.2502	>	6	20	70
1288	chr5	136268179	136268160	-	0.1886	0.2153	>	6	20	70
1289	chr16	11983350	11983331	-	1.634	1.076	>	6	20	70
1290	chr2	84437773	84437754	+	0.2305	0.14	>	6	20	70
1291	chr18	24002018	24001999	-	0.133	0.1333	>	6	20	70
1292	chr1	130151533	130151514	-	0.4075	0.3347	>	6	20	70
1293	chr9	59675855	59675836	+	0.3367	0.2161	>	6	20	70
1294	chr11	116840251	116840232	-	0.3374	0.637	>	6	20	70
1295	chr2	155819963	155819944	+	0.07886	0.146	>	6	20	70
1296	chr14	105301632	105301613	+	0.206	0.2114	>	6	20	70
1297	chr12	9044592	9044573	+	0.1821	0.2019	>	6	20	70
1298	chr18	13971224	13971205	-	0.5337	0.3596	>	6	20	70
1299	chr5	136267600	136267581	-	0.2751	0.189	>	6	20	70
1300	chr5	33371430	33371411	+	0.3992	0.1644	>	6	20	70
1301	chr14	51090397	51090378	-	0.4153	0.243	>	6	20	70
1302	chr1	77935072	77935053	+	0.1814	0.1729	>	6	20	70
1303	chr11	119246049	119246030	-	0.204	0.3367	>	6	20	70
1304	chr17	50274949	50274930	-	0.441	0.1749	>	6	20	70
1305	chr8	108956442	108956423	+	0.5635	0.3044	>	6	20	70
1306	chr11	66885340	66885321	+	0.1636	0.169	>	6	20	70
1307	chr7	30099945	30099926	-	0.1979	0.1757	>	6	20	70
1308	chr15	99973159	99973140	-	0.1998	0.3345	>	6	20	70
1309	chr5	16308949	16308930	+	0.1567	0.1411	>	6	20	70
1310	chr6	119466578	119466559	-	0.9824	0.9795	>	6	20	70
1311	chr2	136886679	136886660	+	0.7764	0.2095	>	6	20	70
1312	chr14	79763594	79763575	-	0.2852	0.151	>	6	20	70
1313	chr2	170416012	170415993	+	0.1837	0.1256	>	6	20	70
1314	chr4	41015236	41015217	-	0.1882	0.1434	>	6	20	70
1315	chr11	70975109	70975090	+	0.713	0.3914	>	6	20	70
1316	chr5	122773202	122773183	+	0.11584	0.1375	>	6	20	70
1317	chr4	128588031	128588012	-	0.2659	0.1909	>	6	20	70
1318	chr8	122576186	122576167	-	0.11285	0.1545	>	6	20	70
1319	chr7	76383989	76383970	+	0.1553	0.154	>	6	20	70
1320	chr9	41467019	41467000	-	0.2223	0.1565	>	6	20	70
1321	chr1	32712246	32712227	-	0.05322	0.1516	>	6	20	70
1322	chr16	23974866	23974847	-	0.5283	0.3425	>	6	20	70
1323	chr15	84066194	84066175	-	0.6196	1.17	>	6	20	70
1324	chr11	40148920	40148901	-	1.272	0.642	>	6	20	70
1325	chr7	27166488	27166469	-	0.306	0.491	>	6	20	70
1326	chr11	30240273	30240254	+	0.4001	0.2556	>	6	20	70
1327	chr2	69115969	69115950	-	0.1754	0.1587	>	6	20	70
1328	chr9	113420569	113420550	-	0.2261	0.2178	>	6	20	70
1329	chr12	99882528	99882509	-	0.2617	0.1387	>	6	20	70
1330	chr5	77347648	77347629	-	0.3625	0.4211	>	6	20	70
1331	chr10	49780455	49780436	+	0.2179	0.1394	>	6	20	70
1332	chr5	75855263	75855244	-	0.6416	0.4326	>	6	20	70
1333	chr2	124087358	124087339	-	0.6436	0.2075	>	6	20	70
1334	chr14	49219056	49219037	+	0.678	0.694	>	6	20	70
1335	chr5	147938091	147938072	+	0.368	0.1842	>	6	20	70
1336	chr11	32340288	32340269	+	0.1792	0.1648	>	6	20	70
1337	chr16	50181579	50181560	+	0.2006	0.1838	>	6	20	70
1338	chr16	20496121	20496102	-	0.6714	0.1777	>	6	20	70
1339	chr8	76775680	76775661	+	0.135	0.1975	>	6	20	70
1340	chr14	65597676	65597657	+	0.6543	0.452	>	6	20	70
1341	chr7	64754771	64754752	+	0.1351	0.2295	>	6	20	70
1342	chr2	166083979	166083960	-	0.2964	0.2065	>	6	20	70
1343	chr16	44140440	44140421	+	0.4607	0.3381	>	6	20	70
1344	chr12	90524338	90524319	-	0.3223	0.2983	>	6	20	70
1345	chr5	89391716	89391697	+	0.1626	0.1418	>	6	20	70
1346	chr9	59675438	59675419	-	0.2104	0.1542	>	6	20	70
1347	chr19	16339103	16339084	-	0.1967	0.1177	>	6	20	70
1348	chr13	30545067	30545048	+	0.3672	0.2915	>	6	20	70
1349	chr1	92462681	92462662	+	0.3916	0.1832	>	6	20	70
1350	chr4	84066283	84066264	-	0.1898	0.1552	>	6	20	70
1351	chr9	83373922	83373903	-	0.2197	0.1434	>	6	20	70
1352	chr4	88773969	88773950	-	0.9507	8.01	>	6	20	70
1353	chr9	123132258	123132239	-	0.1687	0.1416	>	6	20	70
1354	chr17	34958843	34958824	-	0.2079	0.5464	>	6	20	70
1355	chr12	50946225	50946206	+	0.2341	0.157	>	6	20	70
1356	chr13	73647252	73647233	+	0.267	0.1704	>	6	20	70
1357	chr11	83279300	83279281	-	0.4434	0.2251	>	6	20	70
1358	chr17	8986048	8986029	-	0.3325	0.212	>	6	20	70
1359	chr4	14935721	14935702	-	0.7095	0.296	>	6	20	70
1360	chr4	75076699	75076680	+	0.09125	0.2014	>	6	20	70
1361	chr5	114610713	114610694	+	0.0985	0.1626	>	6	20	70
1362	chr9	83378273	83378254	-	0.471	0.2808	>	6	20	70
1363	chr9	107773182	107773163	-	0.1786	0.1414	>	6	20	70
1364	chr9	41218030	41218011	+	0.1323	0.1355	>	6	20	70
1365	chr9	105644718	105644699	+	0.4255	0.1808	>	6	20	70
1366	chr8	84264441	84264422	-	1.261	1.4795	>	6	20	70
1367	chr4	135959453	135959434	+	0.112	0.2223	>	6	20	70
1368	chr1	24684268	24684249	+	0.4001	0.1942	>	6	20	70
1369	chr3	87748577	87748558	-	0.7593	0.4382	>	6	20	70
1370	chr9	54690950	54690931	+	0.11566	0.136	>	6	20	70
1371	chr15	82277690	82277671	-	0.9043	0.4492	>	6	20	70
1372	chr5	115498528	115498509	-	0.2693	0.2164	>	6	20	70
1373	chr9	56621276	56621257	+	0.10846	0.253	>	6	20	70
1374	chr18	81956733	81956714	-	0.2815	0.2637	>	6	20	70
1375	chr10	22791401	22791382	-	0.1346	0.2358	>	6	20	70
1376	chr15	82271301	82271282	+	0.836	0.1838	>	6	20	70
1377	chr12	69946159	69946140	+	0.555	0.455	>	6	20	70
1378	chr14	101442800	101442781	+	0.2983	0.1344	>	6	20	70
1379	chr2	164777017	164776998	-	0.5176	0.361	>	6	20	70
1380	chr10	24631573	24631554	-	1.178	1.224	>	6	20	70
1381	chr1	136528510	136528491	-	1.761	0.7373	>	6	20	70
1382	chr10	19222118	19222099	-	1.411	0.8228	>	6	20	70
1383	chr14	56885508	56885489	-	2.348	4.004	>	6	20	70
1384	chr8	85060493	85060474	-	0.9688	0.437	>	6	20	70
1385	chr11	96075822	96075803	-	0.9316	0.4944	>	6	20	70
1386	chr11	77476535	77476516	+	0.1632	0.2383	>	6	20	70
1387	chr1	81294004	81293985	-	0.905	0.562	>	6	20	70
1388	chr12	15520954	15520935	+	0.7183	0.4033	>	6	20	70
1389	chr7	66397054	66397035	+	0.1594	0.2107	>	6	20	70
1390	chr12	74014582	74014563	-	0.2377	0.1973	>	6	20	70
1391	chr5	144242554	144242535	-	0.241	0.1987	>	6	20	70
1392	chr15	66894943	66894924	+	0.2703	0.2021	>	6	20	70
1393	chr6	126484995	126484976	-	0.4333	1.278	>	6	20	70
1394	chr4	48427148	48427129	+	0.678	0.3833	>	6	20	70
1395	chr15	71459211	71459192	+	0.252	0.1731	>	6	20	70
1396	chr3	19896435	19896416	-	0.2361	0.1467	>	6	20	70
1397	chr8	68268707	68268688	-	0.1398	0.1492	>	6	20	70
1398	chr1	182555580	182555561	-	0.1982	0.1915	>	6	20	70
1399	chr9	44413186	44413167	-	0.534	0.393	>	6	20	70
1400	chr14	70151716	70151697	+	0.3604	0.2382	>	6	20	70
1401	chr4	62478250	62478231	+	0.438	0.1328	>	6	20	70
1402	chr3	127561629	127561610	-	0.2183	0.12354	>	6	20	70
1403	chr3	69139614	69139595	-	0.397	0.2261	>	6	20	70
1404	chr17	17919616	17919597	+	0.1678	0.167	>	6	20	70
1405	chr4	139314214	139314195	-	0.2279	0.269	>	6	20	70
1406	chr18	61952763	61952744	-	0.2372	0.1731	>	6	20	70
1407	chr9	7599188	7599169	+	0.33	0.191	>	6	20	70
1408	chr10	120898341	120898322	-	0.3386	0.1467	>	6	20	70
1409	chr11	57469613	57469594	-	0.1846	0.2297	>	6	20	70
1410	chr18	58480198	58480179	-	0.2095	0.1665	>	6	20	70
1411	chr17	12380527	12380508	-	0.658	0.591	>	6	20	70
1412	chr2	107940173	107940154	+	0.11664	0.1351	>	6	20	70
1413	chr2	32580534	32580515	-	0.2605	0.4055	>	6	20	70
1414	chr15	98813480	98813461	+	0.3496	0.5376	>	6	20	70
1415	chr6	54253893	54253874	+	0.1663	0.1743	>	6	20	70
1416	chr1	135800865	135800846	+	0.1766	0.1665	>	6	20	70
1417	chr15	58426369	58426350	+	0.1996	0.1519	>	6	20	70
1418	chr4	87367775	87367756	+	0.3853	0.1472	>	6	20	70
1419	chr2	96583103	96583084	-	0.809	0.3242	>	6	20	70
1420	chr4	63366959	63366940	-	0.1979	0.1753	>	6	20	70
1421	chr4	59761293	59761274	-	0.3435	0.2113	>	6	20	70
1422	chr10	7832162	7832143	+	0.2646	0.1672	>	6	20	70
1423	chr7	89904213	89904194	-	0.2908	0.156	>	6	20	70
1424	chr1	30697342	30697323	+	0.1025	0.1263	>	6	20	70
1425	chr1	58987602	58987583	+	0.2202	0.1498	>	6	20	70
1426	chr15	7452190	7452171	+	0.1405	0.12085	>	6	20	70
1427	chr4	139877044	139877025	+	0.3875	0.2688	>	6	20	70
1428	chr3	83291887	83291868	-	0.0825	0.137	>	6	20	70
1429	chr15	68912907	68912888	-	0.5024	0.2024	>	6	20	70
1430	chr14	64593744	64593725	-	1.073	0.5703	>	6	20	70
1431	chr1	56980349	56980330	-	0.2778	0.2322	>	6	20	70
1432	chr14	75833620	75833601	-	0.6006	0.4543	>	6	20	70
1433	chr16	62904648	62904629	-	0.217	0.1924	>	6	20	70
1434	chr5	35991229	35991210	-	1.033	1.082	>	6	20	70
1435	chr5	44287418	44287399	-	0.248	0.155	>	6	20	70
1436	chr15	76199915	76199896	-	0.07776	0.3071	>	6	20	70
1437	chr4	131240262	131240243	-	0.241	0.206	>	6	20	70
1438	chr5	102147917	102147898	-	0.228	0.2458	>	6	20	70
1439	chr3	93086926	93086907	+	0.0978	0.1787	>	6	20	70
1440	chr6	126163382	126163363	+	2.373	1.376	>	6	20	70
1441	chr3	45375769	45375750	+	1.051	0.2544	>	6	20	70
1442	chr16	90306219	90306200	-	0.3647	0.3506	>	6	20	70
1443	chr17	3249270	3249251	-	0.1843	0.136	>	6	20	70
1444	chr4	143024421	143024402	-	0.087	0.1317	>	6	20	70
1445	chr19	47513892	47513873	-	0.2471	0.1393	>	6	20	70
1446	chr6	66534595	66534576	-	1.387	0.675	>	6	20	70
1447	chr6	134963172	134963153	-	0.6475	0.5996	>	6	20	70
1448	chr14	56369245	56369226	+	0.2401	0.1912	>	6	20	70
1449	chr18	53460219	53460200	+	0.1775	0.162	>	6	20	70
1450	chr7	89476922	89476903	-	0.2163	0.1522	>	6	20	70
1451	chr6	34273116	34273097	+	0.0673	0.1545	>	6	20	70
1452	chr7	142295608	142295589	-	1.062	6.32	>	6	20	70
1453	chr3	22302208	22302189	+	0.992	0.3848	>	6	20	70
1454	chr6	31045994	31045975	-	0.7534	0.959	>	6	20	70
1455	chr9	57143378	57143359	-	0.1816	0.2302	>	6	20	70
1456	chr6	101268340	101268321	+	0.2712	0.1924	>	6	20	70
1457	chr9	58897456	58897437	-	0.7163	0.4846	>	6	20	70
1458	chr17	79601068	79601049	+	0.2245	0.12476	>	6	20	70
1459	chr16	5254607	5254588	-	0.2883	0.22	>	6	20	70
1460	chr4	83595536	83595517	+	1.783	1.041	>	6	20	70
1461	chr9	51159881	51159862	-	0.6875	0.266	>	6	20	70
1462	chr14	66354429	66354410	+	0.1142	0.1388	>	6	20	70
1463	chr5	117090283	117090264	+	0.5806	0.4014	>	6	20	70
1464	chr2	168061425	168061406	-	0.1733	0.2051	>	6	20	70
1465	chr5	9169228	9169209	+	0.3306	0.1686	>	6	20	70
1466	chr6	28418701	28418682	-	0.4202	0.266	>	6	20	70
1467	chr12	105038443	105038424	-	0.1501	0.2063	>	6	20	70
1468	chr1	182558143	182558124	-	0.2264	0.1511	>	6	20	70
1469	chr8	47713300	47713281	-	1.078	1.646	>	6	20	70
1470	chr18	47357393	47357374	+	0.2007	0.1278	>	6	20	70
1471	chr1	118771083	118771064	-	0.1254	0.2006	>	6	20	70
1472	chr16	6493044	6493025	-	0.1927	0.1516	>	6	20	70
1473	chr9	42951005	42950986	-	0.3914	0.2078	>	6	20	70
1474	chr13	53430986	53430967	-	0.6504	0.3672	>	6	20	70
1475	chr13	67609268	67609249	+	2.162	0.826	>	6	20	70
1476	chr1	53035072	53035053	+	0.1465	0.1494	>	6	20	70
1477	chr7	99471824	99471805	-	0.3745	0.4907	>	6	20	70
1478	chr11	36543574	36543555	-	0.1156	0.1614	>	6	20	70
1479	chr5	124334258	124334239	-	0.3428	0.273	>	6	20	70
1480	chr10	76771414	76771395	-	0.1296	0.2047	>	6	20	70
1481	chr10	4386719	4386700	+	0.32	0.4492	>	6	20	70
1482	chr5	116554091	116554072	+	0.0876	0.1714	>	6	20	70
1483	chr10	41734858	41734839	+	0.1406	0.2605	>	6	20	70
1484	chr10	50906875	50906856	-	0.2361	0.1674	>	6	20	70
1485	chr11	31651668	31651649	+	0.07605	0.1534	>	6	20	70
1486	chr6	116193190	116193171	+	0.3687	0.372	>	6	20	70
1487	chr1	188976509	188976490	+	0.343	0.1833	>	6	20	70
1488	chr12	101976095	101976076	+	0.681	0.4116	>	6	20	70
1489	chr15	75925915	75925896	+	0.6084	0.9233	>	6	20	70
1490	chr1	4777287	4777268	-	0.9443	1.425	>	6	20	70
1491	chr18	86560230	86560211	+	0.7866	1.138	>	6	20	70
1492	chr7	43574878	43574859	+	1.292	1.347	>	6	20	70
1493	chr7	98200601	98200582	-	0.2927	0.1711	>	6	20	70
1494	chr4	143319849	143319830	+	0.2299	0.1525	>	6	20	70
1495	chr2	128601696	128601677	-	0.1208	0.207	>	6	20	70
1496	chr17	57004491	57004472	-	0.1467	0.2932	>	6	20	70
1497	chr2	35196541	35196522	-	1.081	0.3997	>	6	20	70
1498	chr5	29779371	29779352	+	0.1531	0.1671	>	6	20	70
1499	chr10	93038429	93038410	-	0.163	0.1875	>	6	20	70
0	chr4	87368268	87368249	+	90.56	65.75	>	6	21	69
1	chr11	109860827	109860808	-	89.2	47.97	>	6	21	69
2	chr3	22309188	22309169	+	81.5	60.4	>	6	21	69
3	chr10	5161770	5161751	-	79.2	55.88	>	6	21	69
4	chr16	71247702	71247683	+	68.56	43.2	>	6	21	69
5	chr16	72980067	72980048	-	68.3	56.7	>	6	21	69
6	chr6	60556001	60555982	+	67.7	40.38	>	6	21	69
7	chr5	7996919	7996900	-	66.06	59.4	>	6	21	69
8	chr14	12140114	12140095	-	65.1	51.62	>	6	21	69
9	chr13	81439574	81439555	+	64.94	46.94	>	6	21	69
10	chr9	103996726	103996707	-	64.9	51.25	>	6	21	69
11	chr15	56066340	56066321	+	63.97	42.94	>	6	21	69
12	chr10	106609250	106609231	+	63.97	42.62	>	6	21	69
13	chr1	144380222	144380203	-	63.4	48.44	>	6	21	69
14	chr10	8240468	8240449	-	62.34	45.88	>	6	21	69
15	chr12	77000269	77000250	+	62.22	54.97	>	6	21	69
16	chr1	44745882	44745863	+	62.12	40.25	>	6	21	69
17	chr4	81178889	81178870	+	62.03	50.0	>	6	21	69
18	chr9	10909768	10909749	+	61.12	47.94	>	6	21	69
19	chr6	64650119	64650100	-	60.56	60.88	>	6	21	69
20	chr15	32766485	32766466	-	60.56	46.62	>	6	21	69
21	chr4	9135983	9135964	+	60.03	34.12	>	6	21	69
22	chr7	118305013	118304994	+	59.5	47.62	>	6	21	69
23	chr10	39520570	39520551	-	58.34	40.5	>	6	21	69
24	chr1	78724658	78724639	+	58.25	47.28	>	6	21	69
25	chr2	160598038	160598019	+	57.94	55.8	>	6	21	69
26	chr18	33790258	33790239	-	57.72	56.3	>	6	21	69
27	chr12	40837750	40837731	+	57.5	46.25	>	6	21	69
28	chr8	41443763	41443744	+	57.34	56.06	>	6	21	69
29	chr14	68494314	68494295	-	56.94	24.97	>	6	21	69
30	chr1	11657910	11657891	+	56.8	43.62	>	6	21	69
31	chr11	77100337	77100318	+	55.88	49.25	>	6	21	69
32	chr16	41244935	41244916	-	55.72	48.0	>	6	21	69
33	chr14	87452291	87452272	-	55.72	63.0	>	6	21	69
34	chr18	16217050	16217031	+	54.9	26.8	>	6	21	69
35	chr11	53255133	53255114	-	54.8	39.5	>	6	21	69
36	chr9	7216447	7216428	+	54.56	27.64	>	6	21	69
37	chr8	35850598	35850579	-	54.5	50.94	>	6	21	69
38	chr8	102781131	102781112	-	54.44	41.34	>	6	21	69
39	chr5	49962010	49961991	-	54.16	50.88	>	6	21	69
40	chr7	90410162	90410143	-	54.06	39.75	>	6	21	69
41	chr4	15328717	15328698	+	54.03	40.72	>	6	21	69
42	chr11	31949616	31949597	-	54.0	41.44	>	6	21	69
43	chr1	120586671	120586652	+	53.8	57.06	>	6	21	69
44	chr13	19698921	19698902	+	53.16	40.8	>	6	21	69
45	chr12	57825950	57825931	+	53.03	34.38	>	6	21	69
46	chr16	72215933	72215914	-	52.7	45.56	>	6	21	69
47	chr9	15685402	15685383	+	52.62	45.03	>	6	21	69
48	chr10	10321327	10321308	-	52.47	23.97	>	6	21	69
49	chr9	49494135	49494116	+	52.4	51.5	>	6	21	69
50	chr3	50906169	50906150	-	52.12	57.06	>	6	21	69
51	chr11	57467973	57467954	-	52.03	54.47	>	6	21	69
52	chr11	113165316	113165297	-	51.88	57.94	>	6	21	69
53	chr9	51152608	51152589	-	51.8	48.22	>	6	21	69
54	chr16	58299658	58299639	+	51.56	30.08	>	6	21	69
55	chr16	22564783	22564764	+	51.44	49.16	>	6	21	69
56	chr8	36523135	36523116	-	51.4	44.44	>	6	21	69
57	chr14	34810941	34810922	+	51.3	52.97	>	6	21	69
58	chr6	101261740	101261721	-	51.0	49.47	>	6	21	69
59	chr7	132213694	132213675	-	50.8	38.62	>	6	21	69
60	chr2	48886271	48886252	-	50.28	44.53	>	6	21	69
61	chr12	54060974	54060955	-	50.12	27.78	>	6	21	69
62	chr1	5905019	5905000	-	50.06	44.22	>	6	21	69
63	chr9	26776375	26776356	-	50.0	53.88	>	6	21	69
64	chr1	103799519	103799500	+	49.53	56.44	>	6	21	69
65	chr9	88222188	88222169	-	49.5	40.1	>	6	21	69
66	chr18	58481884	58481865	-	49.28	39.28	>	6	21	69
67	chr13	100112788	100112769	+	49.16	37.22	>	6	21	69
68	chr3	14679394	14679375	+	49.06	29.97	>	6	21	69
69	chr16	37109459	37109440	+	48.75	19.0	>	6	21	69
70	chr3	153655318	153655299	-	48.72	48.28	>	6	21	69
71	chr16	89765698	89765679	-	48.38	54.0	>	6	21	69
72	chr13	89543228	89543209	-	48.3	56.84	>	6	21	69
73	chr11	40149509	40149490	-	48.28	36.34	>	6	21	69
74	chr3	113080940	113080921	-	48.2	53.4	>	6	21	69
75	chr10	70963797	70963778	-	47.53	51.97	>	6	21	69
76	chr6	66533480	66533461	-	47.34	41.22	>	6	21	69
77	chr18	57976815	57976796	+	47.28	41.3	>	6	21	69
78	chr12	92303388	92303369	+	47.12	48.12	>	6	21	69
79	chr6	43686140	43686121	+	47.1	34.0	>	6	21	69
80	chr15	11038687	11038668	+	47.06	40.16	>	6	21	69
81	chr6	13281064	13281045	-	47.06	44.4	>	6	21	69
82	chr4	25180081	25180062	-	46.94	22.34	>	6	21	69
83	chr2	110229883	110229864	+	46.8	37.2	>	6	21	69
84	chr2	118638293	118638274	+	46.34	48.4	>	6	21	69
85	chr14	67674858	67674839	-	46.2	40.62	>	6	21	69
86	chr1	179477262	179477243	-	45.97	54.9	>	6	21	69
87	chr12	78056191	78056172	+	45.84	48.03	>	6	21	69
88	chr15	44836402	44836383	+	45.7	45.75	>	6	21	69
89	chr9	80293262	80293243	+	45.3	48.66	>	6	21	69
90	chr1	21411405	21411386	+	45.28	35.97	>	6	21	69
91	chr8	80483379	80483360	-	45.28	32.34	>	6	21	69
92	chr16	55477026	55477007	-	44.9	60.88	>	6	21	69
93	chr9	122729759	122729740	-	44.72	40.56	>	6	21	69
94	chr2	17415581	17415562	-	44.56	38.03	>	6	21	69
95	chr4	13778049	13778030	-	44.5	20.47	>	6	21	69
96	chr16	64748455	64748436	-	44.47	52.25	>	6	21	69
97	chr6	57570627	57570608	-	44.28	34.06	>	6	21	69
98	chr16	13117421	13117402	+	44.28	48.25	>	6	21	69
99	chr1	54381475	54381456	-	44.12	34.1	>	6	21	69
100	chr15	40166896	40166877	+	44.03	40.53	>	6	21	69
101	chr17	83271696	83271677	+	44.0	39.2	>	6	21	69
102	chr9	63136063	63136044	+	43.94	32.22	>	6	21	69
103	chr3	68056550	68056531	+	43.88	35.0	>	6	21	69
104	chr3	25220822	25220803	-	43.8	23.62	>	6	21	69
105	chr7	118102455	118102436	-	43.53	59.94	>	6	21	69
106	chr9	51335485	51335466	+	43.47	26.75	>	6	21	69
107	chr16	96671807	96671788	-	43.4	27.66	>	6	21	69
108	chr2	113494904	113494885	+	43.34	43.28	>	6	21	69
109	chr1	55404561	55404542	+	43.25	39.06	>	6	21	69
110	chr3	80079969	80079950	+	43.0	35.7	>	6	21	69
111	chr11	25862989	25862970	-	42.66	37.9	>	6	21	69
112	chr13	109213188	109213169	-	42.6	60.5	>	6	21	69
113	chr8	58566283	58566264	+	42.56	33.8	>	6	21	69
114	chr16	72218227	72218208	+	42.38	47.1	>	6	21	69
115	chr14	102510640	102510621	-	42.34	35.9	>	6	21	69
116	chr7	143154010	143153991	+	42.16	43.66	>	6	21	69
117	chr6	143219585	143219566	+	42.1	41.62	>	6	21	69
118	chr17	86906334	86906315	-	41.97	47.25	>	6	21	69
119	chr8	62080400	62080381	+	41.97	30.6	>	6	21	69
120	chr3	57843985	57843966	+	41.94	43.75	>	6	21	69
121	chr18	3495634	3495615	+	41.62	36.03	>	6	21	69
122	chr7	125393847	125393828	-	41.56	47.0	>	6	21	69
123	chr7	86211564	86211545	-	41.56	46.4	>	6	21	69
124	chr9	60245127	60245108	+	41.38	43.16	>	6	21	69
125	chr6	131353859	131353840	-	41.3	15.89	>	6	21	69
126	chr15	98173991	98173972	-	41.25	24.88	>	6	21	69
127	chr17	88641249	88641230	-	41.12	34.25	>	6	21	69
128	chr9	87027908	87027889	+	41.1	38.34	>	6	21	69
129	chr4	70621553	70621534	-	40.97	48.38	>	6	21	69
130	chr12	41487236	41487217	-	40.88	35.94	>	6	21	69
131	chr4	127368548	127368529	+	40.8	49.72	>	6	21	69
132	chr8	50293750	50293731	-	40.75	48.2	>	6	21	69
133	chr16	27468981	27468962	+	40.75	34.62	>	6	21	69
134	chr7	121641354	121641335	-	40.7	30.69	>	6	21	69
135	chr3	29726795	29726776	-	40.7	30.42	>	6	21	69
136	chr14	29110872	29110853	-	40.66	51.22	>	6	21	69
137	chr13	116712427	116712408	-	40.62	33.1	>	6	21	69
138	chr18	19939562	19939543	-	40.47	45.7	>	6	21	69
139	chr15	80704533	80704514	-	40.28	46.53	>	6	21	69
140	chr18	50137074	50137055	+	40.28	37.62	>	6	21	69
141	chr13	15763212	15763193	-	40.25	29.53	>	6	21	69
142	chr19	50185486	50185467	+	40.22	44.2	>	6	21	69
143	chr12	74013965	74013946	-	40.22	40.8	>	6	21	69
144	chr1	138835543	138835524	+	40.06	20.81	>	6	21	69
145	chr15	55550924	55550905	-	40.06	37.12	>	6	21	69
146	chr1	61771439	61771420	-	40.06	23.55	>	6	21	69
147	chr12	34664961	34664942	+	40.0	19.7	>	6	21	69
148	chr14	78288101	78288082	-	39.8	38.8	>	6	21	69
149	chr2	4499416	4499397	+	39.78	33.88	>	6	21	69
150	chr13	30260132	30260113	-	39.75	32.75	>	6	21	69
151	chr9	68015271	68015252	+	39.2	39.0	>	6	21	69
152	chr1	126993502	126993483	-	39.06	47.2	>	6	21	69
153	chr16	25349824	25349805	-	39.0	41.2	>	6	21	69
154	chr1	14729249	14729230	-	38.94	39.3	>	6	21	69
155	chr15	59389427	59389408	+	38.7	46.34	>	6	21	69
156	chr6	100882590	100882571	+	38.66	49.44	>	6	21	69
157	chr3	9711121	9711102	+	38.62	35.47	>	6	21	69
158	chr6	21214019	21214000	-	38.47	24.2	>	6	21	69
159	chr17	42603617	42603598	-	38.47	42.5	>	6	21	69
160	chr4	80517548	80517529	-	38.47	41.4	>	6	21	69
161	chr9	85328584	85328565	-	38.28	30.06	>	6	21	69
162	chr17	44262001	44261982	+	38.22	44.16	>	6	21	69
163	chr10	102449665	102449646	+	38.2	48.84	>	6	21	69
164	chr17	14520745	14520726	-	38.12	30.45	>	6	21	69
165	chr13	51830925	51830906	+	38.0	56.0	>	6	21	69
166	chr12	83502436	83502417	-	37.97	34.4	>	6	21	69
167	chr5	75853265	75853246	-	37.94	27.88	>	6	21	69
168	chr13	110382742	110382723	+	37.88	61.84	>	6	21	69
169	chr5	62481159	62481140	-	37.8	35.4	>	6	21	69
170	chr7	49121503	49121484	-	37.7	29.61	>	6	21	69
171	chr15	11966575	11966556	-	37.66	34.72	>	6	21	69
172	chr3	31146135	31146116	+	37.53	44.5	>	6	21	69
173	chr2	37815879	37815860	+	37.47	39.2	>	6	21	69
174	chr5	33033442	33033423	-	37.44	48.28	>	6	21	69
175	chr9	7595466	7595447	-	37.4	28.72	>	6	21	69
176	chr5	21641153	21641134	-	37.3	33.66	>	6	21	69
177	chr14	48367302	48367283	-	37.12	39.88	>	6	21	69
178	chr17	14524624	14524605	+	37.1	38.88	>	6	21	69
179	chr4	84064835	84064816	+	37.06	23.38	>	6	21	69
180	chr4	63368786	63368767	+	37.06	51.6	>	6	21	69
181	chr5	102149680	102149661	+	37.03	38.97	>	6	21	69
182	chr12	32897684	32897665	-	36.88	40.9	>	6	21	69
183	chr16	91936532	91936513	+	36.72	43.06	>	6	21	69
184	chr6	37046379	37046360	-	36.72	47.7	>	6	21	69
185	chr18	59081896	59081877	+	36.7	37.34	>	6	21	69
186	chr6	103697552	103697533	-	36.3	43.6	>	6	21	69
187	chr18	19937930	19937911	+	36.3	37.56	>	6	21	69
188	chr6	93757594	93757575	+	36.28	18.31	>	6	21	69
189	chr17	9756371	9756352	+	36.28	21.2	>	6	21	69
190	chr2	96585854	96585835	+	36.25	26.84	>	6	21	69
191	chr11	82915176	82915157	+	36.2	36.34	>	6	21	69
192	chr6	6005837	6005818	+	36.03	35.2	>	6	21	69
193	chr1	98392238	98392219	-	36.03	38.97	>	6	21	69
194	chr7	48749384	48749365	+	35.94	38.3	>	6	21	69
195	chr11	105911812	105911793	-	35.9	37.8	>	6	21	69
196	chr10	45045486	45045467	-	35.8	35.22	>	6	21	69
197	chr2	4492748	4492729	-	35.75	19.97	>	6	21	69
198	chr6	18087397	18087378	+	35.75	40.84	>	6	21	69
199	chr5	90203341	90203322	+	35.7	41.12	>	6	21	69
200	chr7	136489148	136489129	+	35.62	28.06	>	6	21	69
201	chr9	109862620	109862601	-	35.6	34.12	>	6	21	69
202	chr15	59876355	59876336	+	35.3	32.16	>	6	21	69
203	chr14	76473612	76473593	-	35.25	45.66	>	6	21	69
204	chr3	128349320	128349301	+	35.03	41.75	>	6	21	69
205	chr3	45375963	45375944	+	35.03	23.92	>	6	21	69
206	chr3	133314669	133314650	+	34.97	39.0	>	6	21	69
207	chr1	96801850	96801831	-	34.84	30.55	>	6	21	69
208	chr7	115216958	115216939	+	34.62	30.45	>	6	21	69
209	chr9	59282577	59282558	-	34.62	26.88	>	6	21	69
210	chr2	148112135	148112116	-	34.5	31.5	>	6	21	69
211	chr18	52457916	52457897	-	34.47	28.2	>	6	21	69
212	chr6	56691454	56691435	-	34.34	42.2	>	6	21	69
213	chr13	20292580	20292561	-	34.3	38.5	>	6	21	69
214	chr13	57260119	57260100	-	34.25	52.66	>	6	21	69
215	chr13	113877615	113877596	+	34.25	36.75	>	6	21	69
216	chr13	116715029	116715010	-	34.1	31.72	>	6	21	69
217	chr4	83596692	83596673	-	34.1	52.75	>	6	21	69
218	chr8	64941619	64941600	-	34.06	33.75	>	6	21	69
219	chr3	51701488	51701469	+	34.03	22.56	>	6	21	69
220	chr14	120061322	120061303	-	33.84	29.2	>	6	21	69
221	chr7	75910166	75910147	+	33.8	57.6	>	6	21	69
222	chr4	98702698	98702679	-	33.78	31.62	>	6	21	69
223	chr3	146185137	146185118	+	33.62	52.6	>	6	21	69
224	chr4	151157152	151157133	+	33.53	59.38	>	6	21	69
225	chr5	43391861	43391842	-	33.5	21.5	>	6	21	69
226	chr11	93856511	93856492	-	33.47	26.19	>	6	21	69
227	chr14	59605843	59605824	+	33.47	40.3	>	6	21	69
228	chr14	84438580	84438561	+	33.44	23.31	>	6	21	69
229	chr12	50943824	50943805	-	33.28	38.56	>	6	21	69
230	chr7	83550335	83550316	-	33.2	30.12	>	6	21	69
231	chr6	117167008	117166989	+	33.03	30.3	>	6	21	69
232	chr4	12538791	12538772	+	33.0	21.84	>	6	21	69
233	chr18	47353079	47353060	+	32.84	24.58	>	6	21	69
234	chr5	12541496	12541477	-	32.72	22.56	>	6	21	69
235	chr2	60721127	60721108	+	32.72	22.53	>	6	21	69
236	chr11	78838251	78838232	+	32.72	51.5	>	6	21	69
237	chr8	73356225	73356206	+	32.62	23.39	>	6	21	69
238	chr12	10598567	10598548	+	32.5	41.56	>	6	21	69
239	chr19	20345158	20345139	-	32.25	47.94	>	6	21	69
240	chr17	58909486	58909467	-	32.16	39.4	>	6	21	69
241	chr10	69655037	69655018	-	32.12	36.56	>	6	21	69
242	chr4	3967733	3967714	-	32.12	41.75	>	6	21	69
243	chr16	21192795	21192776	-	32.06	38.78	>	6	21	69
244	chr11	12291593	12291574	-	32.0	15.54	>	6	21	69
245	chr11	117385082	117385063	+	31.83	36.6	>	6	21	69
246	chr12	32292095	32292076	+	31.73	20.83	>	6	21	69
247	chr4	64833096	64833077	+	31.69	34.34	>	6	21	69
248	chr13	47301245	47301226	+	31.67	43.9	>	6	21	69
249	chr1	89631957	89631938	-	31.56	45.38	>	6	21	69
250	chr9	69296601	69296582	-	31.53	38.66	>	6	21	69
251	chr3	53735364	53735345	+	31.28	24.5	>	6	21	69
252	chr10	45373471	45373452	-	31.2	37.7	>	6	21	69
253	chr8	91797725	91797706	+	31.19	30.23	>	6	21	69
254	chr4	88035662	88035643	+	31.06	19.66	>	6	21	69
255	chr2	75151187	75151168	-	31.05	37.9	>	6	21	69
256	chr14	66791971	66791952	-	31.02	32.1	>	6	21	69
257	chr2	93199062	93199043	-	30.9	51.25	>	6	21	69
258	chr2	73551006	73550987	+	30.86	53.72	>	6	21	69
259	chr12	89451144	89451125	-	30.81	40.1	>	6	21	69
260	chr16	66086729	66086710	-	30.81	33.7	>	6	21	69
261	chr14	114791647	114791628	-	30.72	37.2	>	6	21	69
262	chr4	43420547	43420528	-	30.61	34.5	>	6	21	69
263	chr1	87447687	87447668	+	30.56	32.53	>	6	21	69
264	chr15	55306471	55306452	+	30.56	24.06	>	6	21	69
265	chr15	97667578	97667559	+	30.52	37.12	>	6	21	69
266	chr2	16359548	16359529	+	30.47	16.92	>	6	21	69
267	chr14	8356099	8356080	+	30.42	51.06	>	6	21	69
268	chr3	19894816	19894797	-	30.38	33.66	>	6	21	69
269	chr12	43813750	43813731	-	30.34	24.06	>	6	21	69
270	chr2	27770378	27770359	+	30.12	46.8	>	6	21	69
271	chr16	48675836	48675817	-	30.12	28.97	>	6	21	69
272	chr10	13016733	13016714	+	30.1	53.44	>	6	21	69
273	chr2	76367359	76367340	+	30.05	30.6	>	6	21	69
274	chr2	115515230	115515211	+	30.05	12.29	>	6	21	69
275	chr19	16785108	16785089	-	30.03	27.4	>	6	21	69
276	chr3	78948444	78948425	+	30.03	29.16	>	6	21	69
277	chr1	37250876	37250857	-	29.94	25.45	>	6	21	69
278	chr18	74431409	74431390	+	29.94	28.48	>	6	21	69
279	chr1	38787652	38787633	-	29.89	46.22	>	6	21	69
280	chr3	14874584	14874565	+	29.88	22.88	>	6	21	69
281	chr9	69505778	69505759	+	29.88	30.58	>	6	21	69
282	chr10	84450913	84450894	-	29.77	31.7	>	6	21	69
283	chr2	172216047	172216028	-	29.77	65.06	>	6	21	69
284	chr10	97712895	97712876	+	29.72	22.83	>	6	21	69
285	chr1	4770074	4770055	+	29.72	39.66	>	6	21	69
286	chr12	50301580	50301561	-	29.69	16.55	>	6	21	69
287	chr15	85266923	85266904	+	29.69	42.06	>	6	21	69
288	chr4	85403030	85403011	+	29.62	27.23	>	6	21	69
289	chr6	97526370	97526351	-	29.53	31.17	>	6	21	69
290	chr8	112046096	112046077	+	29.5	62.6	>	6	21	69
291	chr12	96311368	96311349	-	29.48	23.8	>	6	21	69
292	chr1	93507239	93507220	-	29.45	32.5	>	6	21	69
293	chr13	21714927	21714908	+	29.4	37.72	>	6	21	69
294	chr6	49008180	49008161	+	29.38	27.1	>	6	21	69
295	chr17	17749545	17749526	-	29.36	32.88	>	6	21	69
296	chr6	145360253	145360234	+	29.34	33.62	>	6	21	69
297	chr7	17066630	17066611	-	29.27	41.75	>	6	21	69
298	chr12	81788850	81788831	-	29.25	32.47	>	6	21	69
299	chr7	129649172	129649153	+	29.19	42.88	>	6	21	69
300	chr14	104039053	104039034	+	29.17	41.16	>	6	21	69
301	chr13	41634744	41634725	-	29.08	40.84	>	6	21	69
302	chr7	138835232	138835213	-	29.02	47.88	>	6	21	69
303	chr15	97195797	97195778	+	28.92	38.5	>	6	21	69
304	chr1	119087737	119087718	+	28.89	50.28	>	6	21	69
305	chr4	85819373	85819354	-	28.86	29.28	>	6	21	69
306	chr11	30657307	30657288	-	28.86	6.477	>	6	21	69
307	chr5	49369245	49369226	+	28.66	27.94	>	6	21	69
308	chr6	106805067	106805048	+	28.61	20.38	>	6	21	69
309	chr6	31660958	31660939	+	28.53	52.9	>	6	21	69
310	chr12	8306749	8306730	-	28.48	47.94	>	6	21	69
311	chr13	42822785	42822766	-	28.47	44.4	>	6	21	69
312	chr15	34968778	34968759	+	28.4	27.94	>	6	21	69
313	chr7	68369859	68369840	+	28.38	58.97	>	6	21	69
314	chr15	80266443	80266424	+	28.33	34.62	>	6	21	69
315	chr6	102171110	102171091	+	28.19	24.06	>	6	21	69
316	chr16	72605273	72605254	-	28.11	17.7	>	6	21	69
317	chr18	65490506	65490487	+	28.06	33.94	>	6	21	69
318	chr3	55373775	55373756	+	28.0	19.75	>	6	21	69
319	chr1	53927814	53927795	-	27.97	28.48	>	6	21	69
320	chr2	160368066	160368047	-	27.95	21.97	>	6	21	69
321	chr10	42295232	42295213	-	27.94	37.8	>	6	21	69
322	chr7	116040411	116040392	-	27.9	26.19	>	6	21	69
323	chr10	116197535	116197516	-	27.81	28.58	>	6	21	69
324	chr5	20773533	20773514	-	27.81	20.77	>	6	21	69
325	chr12	80725012	80724993	-	27.73	38.97	>	6	21	69
326	chr15	66899881	66899862	-	27.6	21.5	>	6	21	69
327	chr18	16822208	16822189	-	27.56	13.28	>	6	21	69
328	chr18	14503254	14503235	-	27.55	19.48	>	6	21	69
329	chr5	98344786	98344767	+	27.44	28.3	>	6	21	69
330	chr10	77517236	77517217	+	27.39	30.44	>	6	21	69
331	chr1	44741472	44741453	-	27.38	6.344	>	6	21	69
332	chr6	127945983	127945964	-	27.28	24.97	>	6	21	69
333	chr16	42914955	42914936	-	27.27	20.78	>	6	21	69
334	chr18	39137558	39137539	+	27.11	15.805	>	6	21	69
335	chr13	42575907	42575888	+	27.11	22.34	>	6	21	69
336	chr2	13278209	13278190	+	27.06	48.53	>	6	21	69
337	chr18	43836585	43836566	-	27.06	22.66	>	6	21	69
338	chr4	114647896	114647877	+	27.05	26.58	>	6	21	69
339	chr16	44149214	44149195	-	27.03	37.28	>	6	21	69
340	chr13	109776299	109776280	+	27.02	27.47	>	6	21	69
341	chr19	30217515	30217496	+	27.0	44.25	>	6	21	69
342	chr6	61316075	61316056	+	26.94	38.16	>	6	21	69
343	chr17	78598832	78598813	+	26.92	37.16	>	6	21	69
344	chr2	117231457	117231438	-	26.88	23.62	>	6	21	69
345	chr4	115101816	115101797	+	26.84	34.88	>	6	21	69
346	chr10	57448131	57448112	-	26.8	44.97	>	6	21	69
347	chr13	113046665	113046646	+	26.77	22.72	>	6	21	69
348	chr4	110022447	110022428	-	26.58	43.47	>	6	21	69
349	chr7	101653829	101653810	+	26.5	47.97	>	6	21	69
350	chr5	67756338	67756319	+	26.5	26.55	>	6	21	69
351	chr3	62192717	62192698	-	26.5	17.1	>	6	21	69
352	chr10	17728146	17728127	-	26.45	14.96	>	6	21	69
353	chr5	37752557	37752538	-	26.33	30.73	>	6	21	69
354	chr1	60961316	60961297	-	26.3	26.22	>	6	21	69
355	chr17	68176981	68176962	+	26.27	18.84	>	6	21	69
356	chr7	37357871	37357852	-	26.2	67.6	>	6	21	69
357	chr4	32572316	32572297	-	26.16	44.75	>	6	21	69
358	chr4	96696741	96696722	+	26.12	32.22	>	6	21	69
359	chr4	109729491	109729472	-	26.06	50.3	>	6	21	69
360	chr10	111977780	111977761	+	25.78	32.1	>	6	21	69
361	chr5	45424489	45424470	-	25.73	30.9	>	6	21	69
362	chr2	61494577	61494558	-	25.72	22.25	>	6	21	69
363	chr6	13287046	13287027	+	25.69	21.62	>	6	21	69
364	chr9	116060829	116060810	+	25.66	36.5	>	6	21	69
365	chr8	17537753	17537734	-	25.64	36.44	>	6	21	69
366	chr9	77781636	77781617	-	25.62	27.94	>	6	21	69
367	chr15	5106460	5106441	-	25.56	29.45	>	6	21	69
368	chr17	93141334	93141315	-	25.53	33.03	>	6	21	69
369	chr6	97759520	97759501	+	25.52	17.88	>	6	21	69
370	chr8	119384750	119384731	-	25.47	45.94	>	6	21	69
371	chr6	88113322	88113303	+	25.38	41.75	>	6	21	69
372	chr15	101984527	101984508	-	25.38	56.7	>	6	21	69
373	chr8	54493335	54493316	-	25.34	39.7	>	6	21	69
374	chr9	24119622	24119603	+	25.33	14.83	>	6	21	69
375	chr3	50077169	50077150	-	25.31	24.22	>	6	21	69
376	chr4	47419767	47419748	+	25.23	44.03	>	6	21	69
377	chr2	76115910	76115891	+	25.22	28.97	>	6	21	69
378	chr15	67174759	67174740	+	25.2	12.74	>	6	21	69
379	chr8	125574509	125574490	+	25.17	12.85	>	6	21	69
380	chr1	161737065	161737046	-	25.11	39.75	>	6	21	69
381	chr3	85571455	85571436	-	25.1	9.7	>	6	21	69
382	chr18	19577078	19577059	-	25.02	27.28	>	6	21	69
383	chr19	36083087	36083068	-	25.0	29.4	>	6	21	69
384	chr8	115709616	115709597	-	24.98	9.14	>	6	21	69
385	chr10	126330794	126330775	-	24.84	24.02	>	6	21	69
386	chr15	25993551	25993532	+	24.81	33.28	>	6	21	69
387	chr5	131430355	131430336	-	24.78	45.44	>	6	21	69
388	chr1	9545352	9545333	-	24.78	38.06	>	6	21	69
389	chr19	28768445	28768426	-	24.75	36.44	>	6	21	69
390	chr10	24630876	24630857	+	24.72	22.94	>	6	21	69
391	chr17	54351102	54351083	+	24.53	15.79	>	6	21	69
392	chr16	20496806	20496787	+	24.47	28.86	>	6	21	69
393	chr12	109394024	109394005	-	24.44	15.02	>	6	21	69
394	chr13	21803288	21803269	-	24.42	40.1	>	6	21	69
395	chr3	103392995	103392976	+	24.38	33.9	>	6	21	69
396	chr15	25428758	25428739	+	24.31	24.08	>	6	21	69
397	chr3	135206860	135206841	-	24.3	9.21	>	6	21	69
398	chr8	65139261	65139242	+	24.3	33.56	>	6	21	69
399	chr9	29650850	29650831	-	24.23	35.72	>	6	21	69
400	chr3	127971093	127971074	+	24.2	46.1	>	6	21	69
401	chr2	104035038	104035019	+	24.16	33.7	>	6	21	69
402	chr9	81635302	81635283	+	24.11	12.08	>	6	21	69
403	chr6	95484597	95484578	+	24.03	13.41	>	6	21	69
404	chr14	72293991	72293972	-	23.83	34.2	>	6	21	69
405	chr18	65490035	65490016	-	23.72	29.94	>	6	21	69
406	chr12	38123788	38123769	-	23.66	16.0	>	6	21	69
407	chr18	70184838	70184819	-	23.66	11.39	>	6	21	69
408	chr3	152095252	152095233	-	23.53	23.67	>	6	21	69
409	chr8	32002994	32002975	-	23.5	23.94	>	6	21	69
410	chr11	22206830	22206811	-	23.48	11.1	>	6	21	69
411	chr5	76541051	76541032	-	23.44	19.22	>	6	21	69
412	chr10	52106337	52106318	+	23.38	22.61	>	6	21	69
413	chr1	84697462	84697443	-	23.38	25.22	>	6	21	69
414	chr1	67181385	67181366	+	23.34	35.0	>	6	21	69
415	chr6	101267027	101267008	+	23.31	12.77	>	6	21	69
416	chr6	129255175	129255156	-	23.25	41.8	>	6	21	69
417	chr4	115710017	115709998	-	23.19	25.83	>	6	21	69
418	chr2	118241614	118241595	-	23.19	37.16	>	6	21	69
419	chr8	71371784	71371765	+	23.11	28.11	>	6	21	69
420	chr7	73422670	73422651	-	23.11	37.7	>	6	21	69
421	chr5	33039602	33039583	+	23.05	27.48	>	6	21	69
422	chr2	153143004	153142985	-	23.02	20.31	>	6	21	69
423	chr14	98181824	98181805	-	23.0	7.93	>	6	21	69
424	chr2	136887058	136887039	-	22.97	12.49	>	6	21	69
425	chr1	135136701	135136682	-	22.88	42.44	>	6	21	69
426	chr5	4948481	4948462	-	22.86	27.0	>	6	21	69
427	chr10	71422814	71422795	+	22.81	51.25	>	6	21	69
428	chr8	64597251	64597232	-	22.66	30.06	>	6	21	69
429	chr1	162336834	162336815	-	22.45	14.914	>	6	21	69
430	chr9	94738996	94738977	+	22.42	42.94	>	6	21	69
431	chr17	53403136	53403117	+	22.4	18.28	>	6	21	69
432	chr2	155811920	155811901	-	22.36	51.28	>	6	21	69
433	chr12	52010769	52010750	+	22.33	16.6	>	6	21	69
434	chr3	44912870	44912851	-	22.31	11.58	>	6	21	69
435	chr5	98348848	98348829	+	22.25	34.97	>	6	21	69
436	chr15	80706301	80706282	+	22.25	25.52	>	6	21	69
437	chr1	167932285	167932266	-	22.22	36.66	>	6	21	69
438	chr14	121455709	121455690	-	22.2	25.7	>	6	21	69
439	chr4	98243714	98243695	-	22.16	26.34	>	6	21	69
440	chr4	143027468	143027449	+	22.14	29.11	>	6	21	69
441	chr2	153668926	153668907	+	22.14	25.36	>	6	21	69
442	chr9	41461929	41461910	-	22.14	12.42	>	6	21	69
443	chr4	109431143	109431124	-	22.1	22.34	>	6	21	69
444	chr5	44831505	44831486	-	22.08	22.05	>	6	21	69
445	chr8	119676601	119676582	-	22.03	33.06	>	6	21	69
446	chr17	40824060	40824041	-	22.02	34.28	>	6	21	69
447	chr15	37102366	37102347	-	22.0	13.84	>	6	21	69
448	chr1	119083862	119083843	-	21.92	45.47	>	6	21	69
449	chr5	41044703	41044684	-	21.78	28.61	>	6	21	69
450	chr19	24622032	24622013	+	21.77	22.19	>	6	21	69
451	chr3	58159626	58159607	-	21.75	32.1	>	6	21	69
452	chr1	38130140	38130121	-	21.75	23.66	>	6	21	69
453	chr2	129472129	129472110	-	21.73	30.17	>	6	21	69
454	chr9	15682043	15682024	-	21.73	11.22	>	6	21	69
455	chr9	69502720	69502701	-	21.7	34.7	>	6	21	69
456	chr14	21120676	21120657	+	21.69	43.16	>	6	21	69
457	chr7	110645588	110645569	-	21.69	43.56	>	6	21	69
458	chr16	78950579	78950560	-	21.64	3.295	>	6	21	69
459	chr7	131899517	131899498	+	21.56	16.44	>	6	21	69
460	chr8	106403484	106403465	-	21.53	20.23	>	6	21	69
461	chr17	73303429	73303410	+	21.48	50.6	>	6	21	69
462	chr1	83727325	83727306	+	21.48	26.81	>	6	21	69
463	chr13	29857603	29857584	+	21.42	9.836	>	6	21	69
464	chr14	104033786	104033767	+	21.34	21.16	>	6	21	69
465	chr7	119011391	119011372	+	21.31	35.56	>	6	21	69
466	chr1	69165377	69165358	+	21.31	25.0	>	6	21	69
467	chr1	192727176	192727157	+	21.28	21.9	>	6	21	69
468	chr9	50438293	50438274	-	21.2	27.17	>	6	21	69
469	chr15	46990407	46990388	-	21.14	10.516	>	6	21	69
470	chr13	73646874	73646855	+	21.14	37.5	>	6	21	69
471	chr16	67089956	67089937	+	21.12	15.94	>	6	21	69
472	chr2	83332995	83332976	-	21.02	18.14	>	6	21	69
473	chr8	10415030	10415011	+	21.0	37.3	>	6	21	69
474	chr1	35716149	35716130	-	20.89	18.69	>	6	21	69
475	chr7	43920039	43920020	-	20.83	34.3	>	6	21	69
476	chr8	15138726	15138707	+	20.81	41.03	>	6	21	69
477	chr13	6515705	6515686	+	20.8	28.08	>	6	21	69
478	chr2	64948996	64948977	-	20.72	23.2	>	6	21	69
479	chr19	20345737	20345718	+	20.7	55.44	>	6	21	69
480	chr5	33994851	33994832	+	20.64	14.97	>	6	21	69
481	chr14	76479953	76479934	+	20.62	37.16	>	6	21	69
482	chr3	144737048	144737029	+	20.58	28.33	>	6	21	69
483	chr2	13597223	13597204	-	20.5	12.72	>	6	21	69
484	chr9	118908437	118908418	-	20.5	27.45	>	6	21	69
485	chr4	153484615	153484596	-	20.39	17.89	>	6	21	69
486	chr19	12433211	12433192	+	20.36	28.34	>	6	21	69
487	chr15	31611224	31611205	+	20.34	11.17	>	6	21	69
488	chr3	107206198	107206179	+	20.34	39.22	>	6	21	69
489	chr17	86909946	86909927	+	20.31	22.38	>	6	21	69
490	chr7	89473669	89473650	-	20.22	24.19	>	6	21	69
491	chr6	35252603	35252584	+	20.22	32.56	>	6	21	69
492	chr6	126168001	126167982	-	20.17	8.76	>	6	21	69
493	chr16	42169942	42169923	+	20.12	43.34	>	6	21	69
494	chr6	90607354	90607335	+	20.11	24.86	>	6	21	69
495	chr6	31664664	31664645	+	20.11	41.5	>	6	21	69
496	chr13	100002039	100002020	+	20.02	21.73	>	6	21	69
497	chr6	97523337	97523318	-	19.97	25.72	>	6	21	69
498	chr4	123529452	123529433	-	19.95	17.69	>	6	21	69
499	chr18	53744741	53744722	-	19.94	29.1	>	6	21	69
500	chr9	13849232	13849213	+	19.9	15.484	>	6	21	69
501	chr15	14052128	14052109	-	19.89	12.375	>	6	21	69
502	chr3	68053761	68053742	-	19.88	27.33	>	6	21	69
503	chr14	50799990	50799971	+	19.83	30.28	>	6	21	69
504	chr8	50292348	50292329	+	19.83	31.36	>	6	21	69
505	chr19	52993242	52993223	-	19.81	45.25	>	6	21	69
506	chr8	24546435	24546416	-	19.8	56.1	>	6	21	69
507	chr2	166085186	166085167	+	19.78	40.2	>	6	21	69
508	chr15	80260893	80260874	-	19.75	33.7	>	6	21	69
509	chr18	75606699	75606680	+	19.72	50.94	>	6	21	69
510	chr2	135957961	135957942	-	19.69	27.1	>	6	21	69
511	chr11	75179118	75179099	+	19.67	22.83	>	6	21	69
512	chr6	77628987	77628968	+	19.66	40.56	>	6	21	69
513	chr4	82614384	82614365	-	19.62	15.836	>	6	21	69
514	chr17	27190013	27189994	+	19.5	26.89	>	6	21	69
515	chr14	121451301	121451282	-	19.45	26.11	>	6	21	69
516	chr9	69987821	69987802	-	19.44	12.234	>	6	21	69
517	chr6	40479902	40479883	+	19.42	24.72	>	6	21	69
518	chr4	82619779	82619760	-	19.42	11.22	>	6	21	69
519	chr2	160593235	160593216	-	19.4	45.8	>	6	21	69
520	chr4	48691990	48691971	+	19.4	34.88	>	6	21	69
521	chr1	11140123	11140104	-	19.39	7.324	>	6	21	69
522	chr6	67858160	67858141	+	19.36	18.55	>	6	21	69
523	chr1	91914028	91914009	+	19.36	22.06	>	6	21	69
524	chr15	76196896	76196877	+	19.33	35.8	>	6	21	69
525	chr11	43767011	43766992	+	19.27	27.44	>	6	21	69
526	chr17	8463677	8463658	+	19.23	31.38	>	6	21	69
527	chr2	60442102	60442083	-	19.22	10.555	>	6	21	69
528	chr10	8242562	8242543	+	19.2	18.4	>	6	21	69
529	chr15	8382407	8382388	+	19.16	11.64	>	6	21	69
530	chr19	11360302	11360283	+	19.14	15.06	>	6	21	69
531	chr12	79305335	79305316	+	19.11	29.94	>	6	21	69
532	chr13	38992697	38992678	+	19.03	12.445	>	6	21	69
533	chr8	91147955	91147936	-	19.0	26.05	>	6	21	69
534	chr13	64443476	64443457	+	19.0	35.6	>	6	21	69
535	chr8	117898214	117898195	+	18.92	34.16	>	6	21	69
536	chr11	42423473	42423454	-	18.77	18.48	>	6	21	69
537	chr9	114957195	114957176	-	18.77	27.38	>	6	21	69
538	chr5	149647926	149647907	+	18.72	23.06	>	6	21	69
539	chr5	128440068	128440049	-	18.69	40.7	>	6	21	69
540	chr6	90606762	90606743	-	18.67	32.6	>	6	21	69
541	chr10	58560031	58560012	+	18.67	23.25	>	6	21	69
542	chr18	25538443	25538424	+	18.66	23.94	>	6	21	69
543	chr11	22987510	22987491	+	18.56	23.83	>	6	21	69
544	chr13	57269837	57269818	-	18.55	36.6	>	6	21	69
545	chr13	53096854	53096835	-	18.55	32.88	>	6	21	69
546	chr7	124783020	124783001	-	18.55	23.44	>	6	21	69
547	chr7	40687242	40687223	-	18.52	26.28	>	6	21	69
548	chr4	109438113	109438094	+	18.45	31.61	>	6	21	69
549	chr13	46663777	46663758	-	18.45	5.215	>	6	21	69
550	chr2	21927862	21927843	-	18.45	17.72	>	6	21	69
551	chr11	72564476	72564457	-	18.39	17.95	>	6	21	69
552	chr14	57362951	57362932	-	18.3	10.125	>	6	21	69
553	chr13	54063511	54063492	-	18.3	12.516	>	6	21	69
554	chr8	127191530	127191511	+	18.27	39.03	>	6	21	69
555	chr4	24249781	24249762	+	18.25	8.38	>	6	21	69
556	chr1	175603551	175603532	-	18.2	12.0	>	6	21	69
557	chr7	131897479	131897460	+	18.19	16.34	>	6	21	69
558	chr2	125259455	125259436	-	18.17	32.72	>	6	21	69
559	chr8	11943262	11943243	-	18.0	20.05	>	6	21	69
560	chr13	74861814	74861795	+	17.98	11.664	>	6	21	69
561	chr3	37302880	37302861	-	17.98	17.84	>	6	21	69
562	chr2	165391753	165391734	+	17.95	20.97	>	6	21	69
563	chr1	167669968	167669949	-	17.94	39.3	>	6	21	69
564	chr14	24311319	24311300	+	17.89	24.48	>	6	21	69
565	chr6	125622660	125622641	+	17.86	24.67	>	6	21	69
566	chr16	91694897	91694878	+	17.83	21.03	>	6	21	69
567	chr7	100886752	100886733	-	17.8	33.3	>	6	21	69
568	chr2	165779092	165779073	+	17.7	43.9	>	6	21	69
569	chr4	118988734	118988715	-	17.7	12.37	>	6	21	69
570	chr9	111939788	111939769	+	17.64	16.92	>	6	21	69
571	chr9	40806571	40806552	+	17.64	39.78	>	6	21	69
572	chr19	21571392	21571373	+	17.64	11.9	>	6	21	69
573	chr10	49785057	49785038	-	17.56	2.498	>	6	21	69
574	chr3	84922220	84922201	+	17.47	28.94	>	6	21	69
575	chr12	7991018	7990999	+	17.47	17.66	>	6	21	69
576	chr8	106687694	106687675	+	17.45	42.0	>	6	21	69
577	chr19	15998346	15998327	+	17.33	27.56	>	6	21	69
578	chr10	30838389	30838370	+	17.3	7.543	>	6	21	69
579	chr2	6469364	6469345	-	17.28	15.65	>	6	21	69
580	chr9	59678540	59678521	-	17.28	29.06	>	6	21	69
581	chr18	60143536	60143517	-	17.25	6.348	>	6	21	69
582	chr2	76114972	76114953	-	17.25	26.88	>	6	21	69
583	chr1	192722361	192722342	-	17.23	36.0	>	6	21	69
584	chr13	6737153	6737134	+	17.23	24.25	>	6	21	69
585	chr10	116199232	116199213	+	17.23	24.89	>	6	21	69
586	chr18	6627309	6627290	+	17.06	30.4	>	6	21	69
587	chr7	117375969	117375950	-	17.03	13.42	>	6	21	69
588	chr11	7200225	7200206	+	17.03	39.34	>	6	21	69
589	chr3	152474817	152474798	+	16.98	9.51	>	6	21	69
590	chr12	4107565	4107546	+	16.97	22.11	>	6	21	69
591	chr18	78212287	78212268	-	16.83	18.31	>	6	21	69
592	chr2	17842170	17842151	-	16.81	6.844	>	6	21	69
593	chr5	112429191	112429172	-	16.78	14.19	>	6	21	69
594	chr9	54169687	54169668	+	16.73	16.64	>	6	21	69
595	chr9	78597063	78597044	+	16.73	17.98	>	6	21	69
596	chr2	125556029	125556010	+	16.69	19.19	>	6	21	69
597	chr4	86545837	86545818	-	16.69	26.34	>	6	21	69
598	chr11	34229190	34229171	+	16.55	19.56	>	6	21	69
599	chr13	60479163	60479144	+	16.52	1.697	>	6	21	69
600	chr11	57788119	57788100	+	16.36	29.88	>	6	21	69
601	chr5	117504639	117504620	+	16.36	53.34	>	6	21	69
602	chr1	128368923	128368904	+	16.28	14.01	>	6	21	69
603	chr14	51098507	51098488	-	16.28	41.22	>	6	21	69
604	chr10	14404268	14404249	+	16.23	20.66	>	6	21	69
605	chr18	65752297	65752278	-	16.1	16.11	>	6	21	69
606	chr3	59077498	59077479	+	16.1	40.72	>	6	21	69
607	chr1	119919473	119919454	+	16.06	20.62	>	6	21	69
608	chr1	86598699	86598680	+	16.03	48.72	>	6	21	69
609	chr1	80178208	80178189	-	16.0	17.12	>	6	21	69
610	chr15	64132164	64132145	+	15.96	15.336	>	6	21	69
611	chr2	4652218	4652199	-	15.91	22.83	>	6	21	69
612	chr9	40805489	40805470	-	15.86	35.53	>	6	21	69
613	chr13	30549079	30549060	-	15.805	25.34	>	6	21	69
614	chr3	82350530	82350511	-	15.805	7.78	>	6	21	69
615	chr7	81155234	81155215	-	15.805	19.0	>	6	21	69
616	chr4	107701325	107701306	-	15.8	18.55	>	6	21	69
617	chr11	76655250	76655231	+	15.8	25.19	>	6	21	69
618	chr7	122945377	122945358	+	15.72	20.64	>	6	21	69
619	chr16	32697312	32697293	+	15.695	24.02	>	6	21	69
620	chr13	114460825	114460806	-	15.65	8.25	>	6	21	69
621	chr19	59389409	59389390	+	15.65	31.4	>	6	21	69
622	chr7	45451495	45451476	+	15.64	35.4	>	6	21	69
623	chr15	85599066	85599047	+	15.625	30.86	>	6	21	69
624	chr10	9012998	9012979	+	15.6	21.77	>	6	21	69
625	chr13	24318872	24318853	-	15.58	11.58	>	6	21	69
626	chr3	123506917	123506898	-	15.53	17.17	>	6	21	69
627	chr13	101719731	101719712	-	15.48	25.34	>	6	21	69
628	chr12	12412898	12412879	-	15.43	30.47	>	6	21	69
629	chr10	127342496	127342477	-	15.4	29.73	>	6	21	69
630	chr7	28972871	28972852	+	15.39	21.2	>	6	21	69
631	chr5	130862481	130862462	+	15.33	29.22	>	6	21	69
632	chr13	53779354	53779335	+	15.31	23.8	>	6	21	69
633	chr11	51582940	51582921	-	15.305	26.1	>	6	21	69
634	chr3	34150257	34150238	+	15.3	17.19	>	6	21	69
635	chr9	30423156	30423137	-	15.29	30.31	>	6	21	69
636	chr1	55886585	55886566	+	15.29	16.73	>	6	21	69
637	chr8	121104251	121104232	+	15.28	31.56	>	6	21	69
638	chr2	31683894	31683875	+	15.27	30.73	>	6	21	69
639	chr9	121458682	121458663	+	15.27	42.72	>	6	21	69
640	chr13	111421545	111421526	+	15.22	27.25	>	6	21	69
641	chr18	56572965	56572946	+	15.22	32.7	>	6	21	69
642	chr18	42593315	42593296	+	15.2	8.75	>	6	21	69
643	chr8	118287683	118287664	+	15.2	7.145	>	6	21	69
644	chr14	47742843	47742824	+	15.18	9.65	>	6	21	69
645	chr1	184791312	184791293	-	15.164	27.39	>	6	21	69
646	chr6	106800166	106800147	-	15.1	18.75	>	6	21	69
647	chr11	12025880	12025861	+	15.06	18.02	>	6	21	69
648	chr5	129594341	129594322	-	15.03	29.4	>	6	21	69
649	chr13	16005724	16005705	+	15.016	13.71	>	6	21	69
650	chr14	65597230	65597211	+	15.016	14.01	>	6	21	69
651	chr5	99900280	99900261	-	14.95	10.75	>	6	21	69
652	chr8	11421350	11421331	-	14.945	26.12	>	6	21	69
653	chr19	4755748	4755729	+	14.93	24.55	>	6	21	69
654	chr10	110733540	110733521	-	14.914	16.5	>	6	21	69
655	chr5	67752088	67752069	+	14.89	18.31	>	6	21	69
656	chr9	77381774	77381755	-	14.85	26.45	>	6	21	69
657	chr18	81951830	81951811	-	14.76	34.06	>	6	21	69
658	chr1	86059644	86059625	+	14.734	30.22	>	6	21	69
659	chr1	52630636	52630617	-	14.734	9.89	>	6	21	69
660	chr2	174308107	174308088	+	14.69	14.67	>	6	21	69
661	chr11	99364649	99364630	-	14.6	16.03	>	6	21	69
662	chr13	109558424	109558405	+	14.49	16.98	>	6	21	69
663	chr12	58201405	58201386	-	14.48	6.883	>	6	21	69
664	chr7	137471937	137471918	+	14.445	28.83	>	6	21	69
665	chr17	26916803	26916784	+	14.414	25.05	>	6	21	69
666	chr5	87871626	87871607	-	14.414	20.39	>	6	21	69
667	chr2	125252443	125252424	+	14.414	25.9	>	6	21	69
668	chr1	9549185	9549166	+	14.414	19.5	>	6	21	69
669	chr11	11788608	11788589	-	14.38	31.97	>	6	21	69
670	chr7	43928727	43928708	+	14.36	11.45	>	6	21	69
671	chr10	60760656	60760637	-	14.31	36.9	>	6	21	69
672	chr6	17362958	17362939	+	14.31	3.076	>	6	21	69
673	chr1	136521528	136521509	-	14.305	21.69	>	6	21	69
674	chr2	153147934	153147915	+	14.28	18.94	>	6	21	69
675	chr8	61522313	61522294	+	14.266	28.28	>	6	21	69
676	chr18	56759303	56759284	+	14.266	12.61	>	6	21	69
677	chr14	115451146	115451127	-	14.234	4.215	>	6	21	69
678	chr1	176218428	176218409	+	14.195	14.99	>	6	21	69
679	chr15	97665520	97665501	-	14.18	30.02	>	6	21	69
680	chr13	20299620	20299601	+	14.18	33.25	>	6	21	69
681	chr9	59969601	59969582	-	14.14	17.69	>	6	21	69
682	chr16	57611975	57611956	+	14.055	18.66	>	6	21	69
683	chr12	15816144	15816125	+	13.984	8.52	>	6	21	69
684	chr15	82271381	82271362	-	13.95	28.55	>	6	21	69
685	chr7	74363644	74363625	-	13.95	40.8	>	6	21	69
686	chr3	73066293	73066274	+	13.95	16.86	>	6	21	69
687	chr1	118772515	118772496	-	13.945	30.34	>	6	21	69
688	chr4	110020493	110020474	-	13.94	26.28	>	6	21	69
689	chr3	34639420	34639401	-	13.94	14.87	>	6	21	69
690	chr2	131530224	131530205	-	13.92	25.86	>	6	21	69
691	chr4	20024128	20024109	+	13.91	12.516	>	6	21	69
692	chr8	74980870	74980851	-	13.81	30.2	>	6	21	69
693	chr18	75757719	75757700	+	13.734	18.78	>	6	21	69
694	chr7	89908147	89908128	-	13.72	13.79	>	6	21	69
695	chr4	150257406	150257387	+	13.72	23.58	>	6	21	69
696	chr2	55022781	55022762	-	13.664	7.77	>	6	21	69
697	chr18	64506771	64506752	-	13.63	18.4	>	6	21	69
698	chr14	123353156	123353137	-	13.61	11.6	>	6	21	69
699	chr4	139872794	139872775	+	13.59	35.75	>	6	21	69
700	chr13	51839869	51839850	+	13.586	21.19	>	6	21	69
701	chr5	146162789	146162770	+	13.516	23.42	>	6	21	69
702	chr9	83785201	83785182	+	13.49	14.66	>	6	21	69
703	chr3	59079480	59079461	+	13.44	28.77	>	6	21	69
704	chr10	11345312	11345293	-	13.375	5.086	>	6	21	69
705	chr11	46252188	46252169	-	13.34	28.12	>	6	21	69
706	chr4	85404971	85404952	+	13.32	14.11	>	6	21	69
707	chr4	130738774	130738755	+	13.31	16.47	>	6	21	69
708	chr5	86432914	86432895	+	13.305	16.02	>	6	21	69
709	chr3	22306829	22306810	+	13.266	18.6	>	6	21	69
710	chr2	91930225	91930206	-	13.25	19.55	>	6	21	69
711	chr6	108417714	108417695	+	13.234	10.66	>	6	21	69
712	chr12	17011790	17011771	-	13.16	20.73	>	6	21	69
713	chr5	87551137	87551118	-	13.15	21.52	>	6	21	69
714	chr4	106227683	106227664	-	13.14	14.38	>	6	21	69
715	chr4	139877472	139877453	+	13.1	27.4	>	6	21	69
716	chr1	88742593	88742574	-	13.086	17.75	>	6	21	69
717	chr3	52254088	52254069	+	13.02	34.16	>	6	21	69
718	chr9	73159469	73159450	+	12.99	27.5	>	6	21	69
719	chr7	29297253	29297234	-	12.984	28.8	>	6	21	69
720	chr13	116312336	116312317	-	12.93	10.21	>	6	21	69
721	chr2	157117146	157117127	-	12.91	21.92	>	6	21	69
722	chr9	60243712	60243693	+	12.89	13.59	>	6	21	69
723	chr1	179845066	179845047	-	12.88	17.89	>	6	21	69
724	chr11	103332754	103332735	+	12.875	24.97	>	6	21	69
725	chr1	53032774	53032755	-	12.87	13.05	>	6	21	69
726	chr8	45345197	45345178	+	12.81	16.72	>	6	21	69
727	chr12	113216133	113216114	+	12.74	53.7	>	6	21	69
728	chr15	36152194	36152175	-	12.72	16.9	>	6	21	69
729	chr1	72876274	72876255	+	12.69	17.11	>	6	21	69
730	chr9	14774009	14773990	+	12.664	9.0	>	6	21	69
731	chr12	74317197	74317178	-	12.664	11.76	>	6	21	69
732	chr7	107819649	107819630	-	12.64	16.3	>	6	21	69
733	chr13	55327907	55327888	+	12.64	17.61	>	6	21	69
734	chr3	54796015	54795996	+	12.63	22.77	>	6	21	69
735	chr6	60963937	60963918	+	12.61	7.094	>	6	21	69
736	chr8	21981891	21981872	-	12.61	17.33	>	6	21	69
737	chr10	38269349	38269330	-	12.52	19.28	>	6	21	69
738	chr6	51170619	51170600	-	12.5	20.02	>	6	21	69
739	chr2	148110356	148110337	-	12.43	16.03	>	6	21	69
740	chr1	88301823	88301804	-	12.42	19.61	>	6	21	69
741	chr6	115037959	115037940	-	12.33	15.375	>	6	21	69
742	chr16	11980974	11980955	+	12.33	3.668	>	6	21	69
743	chr15	44832771	44832752	-	12.31	24.2	>	6	21	69
744	chr19	26193888	26193869	-	12.29	7.65	>	6	21	69
745	chr17	8988263	8988244	-	12.29	10.71	>	6	21	69
746	chr14	66358860	66358841	+	12.28	18.22	>	6	21	69
747	chr12	40832432	40832413	-	12.26	13.56	>	6	21	69
748	chr2	53206958	53206939	-	12.18	12.55	>	6	21	69
749	chr16	42914617	42914598	+	12.16	7.133	>	6	21	69
750	chr11	111523686	111523667	-	12.14	23.53	>	6	21	69
751	chr6	121556678	121556659	+	12.11	18.8	>	6	21	69
752	chr7	43926199	43926180	-	12.1	21.69	>	6	21	69
753	chr3	3311028	3311009	+	12.09	10.74	>	6	21	69
754	chr12	17018680	17018661	+	12.04	21.19	>	6	21	69
755	chr18	33794794	33794775	+	11.97	24.89	>	6	21	69
756	chr15	73791915	73791896	+	11.96	24.61	>	6	21	69
757	chr12	82489256	82489237	+	11.945	11.805	>	6	21	69
758	chr19	37559803	37559784	+	11.91	21.4	>	6	21	69
759	chr12	36195155	36195136	-	11.91	7.07	>	6	21	69
760	chr3	30515246	30515227	-	11.875	11.664	>	6	21	69
761	chr19	27426681	27426662	-	11.81	11.945	>	6	21	69
762	chr2	75590427	75590408	-	11.75	21.66	>	6	21	69
763	chr2	17849498	17849479	+	11.75	6.633	>	6	21	69
764	chr9	83371155	83371136	-	11.75	6.18	>	6	21	69
765	chr9	30936846	30936827	-	11.734	17.67	>	6	21	69
766	chr15	94690037	94690018	+	11.73	23.03	>	6	21	69
767	chr2	147379133	147379114	+	11.69	9.875	>	6	21	69
768	chr4	121232314	121232295	-	11.664	7.945	>	6	21	69
769	chr18	56333219	56333200	-	11.64	4.934	>	6	21	69
770	chr16	25952209	25952190	-	11.64	6.688	>	6	21	69
771	chr13	94976326	94976307	+	11.63	16.62	>	6	21	69
772	chr2	30942898	30942879	-	11.57	22.28	>	6	21	69
773	chr6	104479441	104479422	+	11.55	10.57	>	6	21	69
774	chr5	113080039	113080020	-	11.52	26.94	>	6	21	69
775	chr16	30550607	30550588	-	11.52	17.62	>	6	21	69
776	chr1	160194976	160194957	+	11.51	18.28	>	6	21	69
777	chr11	56116782	56116763	-	11.48	30.47	>	6	21	69
778	chr6	112484521	112484502	-	11.48	12.14	>	6	21	69
779	chr14	21853546	21853527	-	11.445	30.66	>	6	21	69
780	chr9	58534993	58534974	+	11.414	20.97	>	6	21	69
781	chr17	73302318	73302299	+	11.414	39.62	>	6	21	69
782	chr1	85842459	85842440	-	11.41	14.02	>	6	21	69
783	chr17	16926410	16926391	-	11.35	2.584	>	6	21	69
784	chr12	29894861	29894842	+	11.31	16.72	>	6	21	69
785	chr2	127832989	127832970	+	11.22	7.293	>	6	21	69
786	chr16	20724653	20724634	+	11.18	15.11	>	6	21	69
787	chr1	180811112	180811093	-	11.164	28.33	>	6	21	69
788	chr13	109210611	109210592	-	11.16	17.5	>	6	21	69
789	chr18	5990207	5990188	-	11.14	3.14	>	6	21	69
790	chr18	12102268	12102249	-	11.125	23.38	>	6	21	69
791	chr19	59380193	59380174	+	11.08	23.9	>	6	21	69
792	chr2	101665476	101665457	+	11.055	26.06	>	6	21	69
793	chr12	108541242	108541223	-	11.02	27.9	>	6	21	69
794	chr2	32583648	32583629	+	11.016	30.19	>	6	21	69
795	chr1	181881807	181881788	-	10.98	11.91	>	6	21	69
796	chr5	117506576	117506557	+	10.94	40.06	>	6	21	69
797	chr1	38789153	38789134	+	10.89	22.95	>	6	21	69
798	chr10	102445139	102445120	-	10.875	19.4	>	6	21	69
799	chr12	81788941	81788922	+	10.87	12.51	>	6	21	69
800	chr9	78233462	78233443	-	10.86	15.93	>	6	21	69
801	chr10	96618527	96618508	+	10.86	3.014	>	6	21	69
802	chr8	84639419	84639400	-	10.85	34.7	>	6	21	69
803	chr17	8468905	8468886	+	10.85	20.27	>	6	21	69
804	chr2	67535551	67535532	+	10.83	7.83	>	6	21	69
805	chr18	52947340	52947321	+	10.82	10.15	>	6	21	69
806	chr13	72625410	72625391	-	10.78	6.715	>	6	21	69
807	chr11	31942449	31942430	+	10.69	22.72	>	6	21	69
808	chr1	6190743	6190724	-	10.63	7.344	>	6	21	69
809	chr7	74367549	74367530	+	10.6	15.16	>	6	21	69
810	chr4	22482970	22482951	+	10.58	4.45	>	6	21	69
811	chr13	20298018	20297999	+	10.56	24.86	>	6	21	69
812	chr16	75325511	75325492	-	10.484	5.44	>	6	21	69
813	chr6	54586377	54586358	+	10.44	8.14	>	6	21	69
814	chr14	59604211	59604192	-	10.375	15.664	>	6	21	69
815	chr2	107946040	107946021	-	10.31	11.08	>	6	21	69
816	chr1	62701219	62701200	-	10.3	12.74	>	6	21	69
817	chr7	75914120	75914101	+	10.266	24.1	>	6	21	69
818	chr5	98167679	98167660	+	10.26	12.875	>	6	21	69
819	chr9	99671799	99671780	+	10.23	22.52	>	6	21	69
820	chr1	179847901	179847882	+	10.16	11.88	>	6	21	69
821	chr15	80080817	80080798	-	10.15	32.28	>	6	21	69
822	chr6	137747756	137747737	-	10.09	27.12	>	6	21	69
823	chr6	77249625	77249606	-	10.09	6.945	>	6	21	69
824	chr5	149049190	149049171	-	10.08	15.81	>	6	21	69
825	chr18	32814407	32814388	-	10.07	2.566	>	6	21	69
826	chr11	46258405	46258386	-	10.06	20.3	>	6	21	69
827	chr11	81974830	81974811	-	10.01	5.44	>	6	21	69
828	chr19	48414047	48414028	+	9.99	12.77	>	6	21	69
829	chr11	34836484	34836465	+	9.86	20.75	>	6	21	69
830	chr17	24437345	24437326	-	9.81	19.33	>	6	21	69
831	chr6	59208753	59208734	-	9.734	12.92	>	6	21	69
832	chr13	37325694	37325675	-	9.734	20.84	>	6	21	69
833	chr11	43412967	43412948	-	9.72	22.2	>	6	21	69
834	chr13	49651342	49651323	-	9.71	2.496	>	6	21	69
835	chr7	143151380	143151361	+	9.69	18.05	>	6	21	69
836	chr16	4285478	4285459	-	9.67	7.94	>	6	21	69
837	chr11	29715017	29714998	-	9.664	9.12	>	6	21	69
838	chr3	134654263	134654244	+	9.62	3.898	>	6	21	69
839	chr8	28978824	28978805	-	9.57	7.504	>	6	21	69
840	chr13	54062269	54062250	-	9.55	10.02	>	6	21	69
841	chr9	32585514	32585495	+	9.516	12.72	>	6	21	69
842	chr7	73648212	73648193	-	9.484	13.375	>	6	21	69
843	chr19	27425889	27425870	-	9.44	11.26	>	6	21	69
844	chr13	100854377	100854358	-	9.42	17.78	>	6	21	69
845	chr5	140749784	140749765	-	9.414	22.17	>	6	21	69
846	chr4	127027444	127027425	+	9.4	22.48	>	6	21	69
847	chr11	109221866	109221847	-	9.3	9.67	>	6	21	69
848	chr16	16596794	16596775	+	9.28	5.977	>	6	21	69
849	chr2	128605294	128605275	-	9.25	9.07	>	6	21	69
850	chr2	61492265	61492246	+	9.25	6.99	>	6	21	69
851	chr10	74217479	74217460	+	9.22	7.7	>	6	21	69
852	chr9	68016722	68016703	+	9.2	8.305	>	6	21	69
853	chr6	144248136	144248117	+	9.19	7.742	>	6	21	69
854	chr13	51191948	51191929	+	9.17	5.492	>	6	21	69
855	chr2	103424848	103424829	-	9.164	12.29	>	6	21	69
856	chr7	64751734	64751715	-	9.13	16.66	>	6	21	69
857	chr7	27160004	27159985	+	9.125	14.17	>	6	21	69
858	chr13	95986545	95986526	+	9.08	13.76	>	6	21	69
859	chr5	135118653	135118634	+	9.08	29.22	>	6	21	69
860	chr10	49786914	49786895	-	9.07	0.785	>	6	21	69
861	chr1	51639072	51639053	+	9.02	3.22	>	6	21	69
862	chr14	105307894	105307875	+	8.95	2.453	>	6	21	69
863	chr19	40231990	40231971	-	8.95	19.89	>	6	21	69
864	chr10	69656526	69656507	+	8.95	12.99	>	6	21	69
865	chr7	142714879	142714860	-	8.945	27.2	>	6	21	69
866	chr6	129256260	129256241	-	8.93	14.53	>	6	21	69
867	chr5	138199783	138199764	+	8.9	8.414	>	6	21	69
868	chr8	36193738	36193719	+	8.89	10.43	>	6	21	69
869	chr11	49597354	49597335	+	8.87	6.92	>	6	21	69
870	chr1	139405977	139405958	-	8.86	4.043	>	6	21	69
871	chr3	124289118	124289099	-	8.84	12.69	>	6	21	69
872	chr9	13196005	13195986	-	8.83	30.6	>	6	21	69
873	chr14	115819240	115819221	+	8.83	10.71	>	6	21	69
874	chr5	146914595	146914576	+	8.82	39.7	>	6	21	69
875	chr4	119223866	119223847	-	8.766	16.34	>	6	21	69
876	chr15	85879204	85879185	-	8.76	17.27	>	6	21	69
877	chr4	124682485	124682466	+	8.7	17.45	>	6	21	69
878	chr17	34956526	34956507	+	8.695	22.17	>	6	21	69
879	chr12	39494054	39494035	-	8.65	2.455	>	6	21	69
880	chr9	34485824	34485805	-	8.625	10.6	>	6	21	69
881	chr2	180786948	180786929	+	8.57	17.27	>	6	21	69
882	chr4	62230989	62230970	+	8.57	12.25	>	6	21	69
883	chr2	16357480	16357461	+	8.55	2.205	>	6	21	69
884	chr17	9759516	9759497	+	8.54	11.53	>	6	21	69
885	chr10	13018670	13018651	+	8.54	19.64	>	6	21	69
886	chr4	32570820	32570801	-	8.52	6.645	>	6	21	69
887	chr9	86451919	86451900	-	8.49	16.77	>	6	21	69
888	chr7	139590495	139590476	+	8.49	20.39	>	6	21	69
889	chr16	31944169	31944150	+	8.445	14.11	>	6	21	69
890	chr3	104701211	104701192	-	8.44	24.84	>	6	21	69
891	chr2	160955546	160955527	-	8.414	14.05	>	6	21	69
892	chr18	32811889	32811870	+	8.4	4.918	>	6	21	69
893	chr14	115042240	115042221	-	8.4	14.734	>	6	21	69
894	chr2	28464119	28464100	-	8.33	19.16	>	6	21	69
895	chr2	76369931	76369912	+	8.28	9.1	>	6	21	69
896	chr3	107605512	107605493	+	8.28	12.57	>	6	21	69
897	chr14	121220891	121220872	-	8.23	10.8	>	6	21	69
898	chr1	103796539	103796520	+	8.22	10.74	>	6	21	69
899	chr16	23151589	23151570	+	8.21	3.11	>	6	21	69
900	chr5	33371346	33371327	-	8.19	15.74	>	6	21	69
901	chr13	103121088	103121069	-	8.18	6.016	>	6	21	69
902	chr10	60760529	60760510	+	8.14	24.72	>	6	21	69
903	chr1	169921787	169921768	+	8.12	12.62	>	6	21	69
904	chr13	42826816	42826797	-	8.11	17.0	>	6	21	69
905	chr6	72601930	72601911	+	8.11	24.06	>	6	21	69
906	chr7	81345319	81345300	-	7.99	7.87	>	6	21	69
907	chr11	33934471	33934452	+	7.98	18.27	>	6	21	69
908	chr18	77044808	77044789	-	7.97	11.42	>	6	21	69
909	chr7	67217278	67217259	+	7.926	7.28	>	6	21	69
910	chr2	164074027	164074008	+	7.906	10.22	>	6	21	69
911	chr3	45373410	45373391	+	7.855	1.438	>	6	21	69
912	chr1	152768355	152768336	-	7.84	9.35	>	6	21	69
913	chr11	102267665	102267646	-	7.81	17.44	>	6	21	69
914	chr11	43411664	43411645	-	7.81	21.72	>	6	21	69
915	chr2	129880054	129880035	+	7.805	6.484	>	6	21	69
916	chr11	81972241	81972222	+	7.797	9.07	>	6	21	69
917	chr9	65581143	65581124	-	7.793	11.17	>	6	21	69
918	chr4	106228720	106228701	+	7.727	13.9	>	6	21	69
919	chr6	119467876	119467857	+	7.703	18.1	>	6	21	69
920	chr10	122794511	122794492	+	7.695	15.734	>	6	21	69
921	chr14	34813484	34813465	-	7.69	11.805	>	6	21	69
922	chr15	19280629	19280610	+	7.68	3.066	>	6	21	69
923	chr13	38235597	38235578	-	7.676	11.836	>	6	21	69
924	chr13	21710105	21710086	+	7.67	14.95	>	6	21	69
925	chr11	104231353	104231334	-	7.67	18.38	>	6	21	69
926	chr6	86401304	86401285	-	7.64	23.28	>	6	21	69
927	chr4	24245320	24245301	-	7.633	3.027	>	6	21	69
928	chr9	29655082	29655063	+	7.613	20.11	>	6	21	69
929	chr9	58535957	58535938	-	7.605	16.9	>	6	21	69
930	chr5	112427478	112427459	-	7.598	9.93	>	6	21	69
931	chr4	140539353	140539334	-	7.58	22.9	>	6	21	69
932	chr14	105302910	105302891	+	7.57	4.605	>	6	21	69
933	chr7	19713404	19713385	-	7.543	26.19	>	6	21	69
934	chr1	127487367	127487348	-	7.52	14.33	>	6	21	69
935	chr19	56806125	56806106	-	7.504	5.934	>	6	21	69
936	chr19	47175662	47175643	-	7.46	21.67	>	6	21	69
937	chr2	150795624	150795605	-	7.44	6.633	>	6	21	69
938	chr2	137114826	137114807	+	7.438	4.08	>	6	21	69
939	chr10	119244230	119244211	+	7.434	4.305	>	6	21	69
940	chr5	117094622	117094603	+	7.42	22.22	>	6	21	69
941	chr11	67100384	67100365	-	7.42	22.83	>	6	21	69
942	chr5	30686988	30686969	+	7.41	18.64	>	6	21	69
943	chr8	105291139	105291120	-	7.41	11.78	>	6	21	69
944	chr7	143470174	143470155	-	7.39	17.94	>	6	21	69
945	chr15	8099290	8099271	-	7.35	8.336	>	6	21	69
946	chr7	119015949	119015930	+	7.34	17.75	>	6	21	69
947	chr17	56306039	56306020	-	7.305	16.48	>	6	21	69
948	chr1	134636895	134636876	+	7.3	5.97	>	6	21	69
949	chr17	65541217	65541198	+	7.258	9.125	>	6	21	69
950	chr14	49218880	49218861	+	7.25	8.47	>	6	21	69
951	chr1	25527154	25527135	+	7.2	7.453	>	6	21	69
952	chr1	146515575	146515556	+	7.18	3.11	>	6	21	69
953	chr9	44109578	44109559	+	7.176	33.9	>	6	21	69
954	chr11	108889358	108889339	+	7.15	8.016	>	6	21	69
955	chr7	138398615	138398596	+	7.117	4.707	>	6	21	69
956	chr5	32204842	32204823	+	7.11	6.15	>	6	21	69
957	chr8	14859581	14859562	+	7.1	5.27	>	6	21	69
958	chr11	95676507	95676488	-	7.09	14.555	>	6	21	69
959	chr6	85141186	85141167	+	7.08	33.56	>	6	21	69
960	chr14	20340404	20340385	-	7.04	15.81	>	6	21	69
961	chr1	193130339	193130320	-	7.023	5.71	>	6	21	69
962	chr9	98032882	98032863	+	6.992	4.73	>	6	21	69
963	chr7	143793289	143793270	+	6.98	21.42	>	6	21	69
964	chr12	32292312	32292293	-	6.895	8.26	>	6	21	69
965	chr17	45724453	45724434	-	6.89	12.125	>	6	21	69
966	chr14	102512314	102512295	+	6.89	1.602	>	6	21	69
967	chr8	11943038	11943019	+	6.88	5.47	>	6	21	69
968	chr7	83553561	83553542	+	6.867	8.27	>	6	21	69
969	chr9	64960779	64960760	-	6.85	16.31	>	6	21	69
970	chr9	30426996	30426977	+	6.832	15.31	>	6	21	69
971	chr11	119249183	119249164	+	6.785	23.48	>	6	21	69
972	chr8	90795542	90795523	+	6.77	10.67	>	6	21	69
973	chr2	113498926	113498907	-	6.766	9.86	>	6	21	69
974	chr13	62926662	62926643	+	6.75	4.73	>	6	21	69
975	chr1	127485025	127485006	+	6.715	16.44	>	6	21	69
976	chr17	78592615	78592596	+	6.715	8.945	>	6	21	69
977	chr2	118246134	118246115	-	6.668	13.72	>	6	21	69
978	chr2	92474875	92474856	-	6.652	13.95	>	6	21	69
979	chr7	17061423	17061404	+	6.645	15.1	>	6	21	69
980	chr10	122090678	122090659	+	6.63	8.38	>	6	21	69
981	chr13	64448147	64448128	+	6.594	17.92	>	6	21	69
982	chr2	34642611	34642592	-	6.562	14.51	>	6	21	69
983	chr5	117509743	117509724	+	6.54	26.92	>	6	21	69
984	chr7	131371109	131371090	+	6.516	4.71	>	6	21	69
985	chr6	94054143	94054124	-	6.5	13.34	>	6	21	69
986	chr14	20697228	20697209	+	6.465	17.88	>	6	21	69
987	chr10	122798121	122798102	+	6.46	15.23	>	6	21	69
988	chr13	14196604	14196585	+	6.45	1.613	>	6	21	69
989	chr3	118991976	118991957	+	6.438	8.26	>	6	21	69
990	chr9	107231295	107231276	-	6.434	7.414	>	6	21	69
991	chr15	24557016	24556997	-	6.418	3.371	>	6	21	69
992	chr2	178407758	178407739	+	6.414	11.43	>	6	21	69
993	chr9	90683476	90683457	-	6.38	1.322	>	6	21	69
994	chr6	22968335	22968316	-	6.34	6.418	>	6	21	69
995	chr12	67217811	67217792	+	6.336	1.95	>	6	21	69
996	chr10	82910438	82910419	+	6.277	10.99	>	6	21	69
997	chr7	49125716	49125697	+	6.258	16.88	>	6	21	69
998	chr11	119491305	119491286	-	6.215	10.81	>	6	21	69
999	chr11	32341308	32341289	-	6.21	14.555	>	6	21	69
1000	chr19	8713406	8713387	+	6.19	10.44	>	6	21	69
1001	chr4	48048044	48048025	+	6.152	6.21	>	6	21	69
1002	chr11	52764825	52764806	+	6.15	7.75	>	6	21	69
1003	chr13	20564636	20564617	-	6.145	4.82	>	6	21	69
1004	chr10	39105011	39104992	-	6.14	7.152	>	6	21	69
1005	chr11	98909856	98909837	-	6.117	18.95	>	6	21	69
1006	chr1	151025102	151025083	+	6.117	4.496	>	6	21	69
1007	chr5	98167777	98167758	-	6.113	9.555	>	6	21	69
1008	chr8	88118562	88118543	+	6.062	3.66	>	6	21	69
1009	chr16	92511934	92511915	+	6.035	16.34	>	6	21	69
1010	chr15	25792295	25792276	-	6.008	6.87	>	6	21	69
1011	chr13	92751194	92751175	+	5.938	12.68	>	6	21	69
1012	chr5	101688793	101688774	-	5.934	12.51	>	6	21	69
1013	chr7	112023252	112023233	+	5.93	8.26	>	6	21	69
1014	chr14	21854038	21854019	-	5.914	27.36	>	6	21	69
1015	chr8	32003733	32003714	-	5.9	2.012	>	6	21	69
1016	chr13	53095394	53095375	-	5.867	6.086	>	6	21	69
1017	chr1	182554179	182554160	+	5.836	10.15	>	6	21	69
1018	chr6	18381568	18381549	+	5.832	1.955	>	6	21	69
1019	chr9	77389590	77389571	+	5.832	5.68	>	6	21	69
1020	chr16	5254481	5254462	-	5.812	12.77	>	6	21	69
1021	chr2	93199625	93199606	+	5.797	14.08	>	6	21	69
1022	chr9	81631651	81631632	-	5.793	3.863	>	6	21	69
1023	chr2	152887412	152887393	-	5.78	4.652	>	6	21	69
1024	chr4	153481137	153481118	-	5.766	3.3	>	6	21	69
1025	chr8	72239706	72239687	-	5.754	5.32	>	6	21	69
1026	chr18	65750236	65750217	-	5.703	2.543	>	6	21	69
1027	chr6	61311882	61311863	-	5.68	7.43	>	6	21	69
1028	chr18	46143625	46143606	+	5.676	6.477	>	6	21	69
1029	chr6	120836118	120836099	+	5.64	7.797	>	6	21	69
1030	chr6	100563990	100563971	-	5.625	4.164	>	6	21	69
1031	chr3	13475098	13475079	-	5.61	1.948	>	6	21	69
1032	chr2	132262968	132262949	+	5.6	7.164	>	6	21	69
1033	chr11	103334169	103334150	+	5.594	12.02	>	6	21	69
1034	chr6	54255029	54255010	+	5.586	4.35	>	6	21	69
1035	chr13	101711018	101710999	+	5.543	9.15	>	6	21	69
1036	chr5	39644761	39644742	-	5.54	3.531	>	6	21	69
1037	chr8	90795201	90795182	-	5.516	4.996	>	6	21	69
1038	chr18	23162646	23162627	+	5.51	1.562	>	6	21	69
1039	chr16	78165563	78165544	+	5.477	7.39	>	6	21	69
1040	chr2	96584106	96584087	-	5.44	3.29	>	6	21	69
1041	chr12	72070473	72070454	+	5.426	11.336	>	6	21	69
1042	chr12	24708691	24708672	+	5.414	9.914	>	6	21	69
1043	chr8	92367135	92367116	-	5.406	6.984	>	6	21	69
1044	chr17	83866777	83866758	+	5.4	23.0	>	6	21	69
1045	chr13	55322636	55322617	-	5.4	7.0	>	6	21	69
1046	chr6	88893771	88893752	-	5.395	16.78	>	6	21	69
1047	chr19	8718731	8718712	-	5.383	8.6	>	6	21	69
1048	chr12	59220179	59220160	-	5.38	2.5	>	6	21	69
1049	chr14	60784526	60784507	+	5.367	16.06	>	6	21	69
1050	chr3	153658591	153658572	+	5.33	6.258	>	6	21	69
1051	chr9	77386949	77386930	-	5.312	12.24	>	6	21	69
1052	chr10	83219903	83219884	+	5.312	6.188	>	6	21	69
1053	chr6	15176967	15176948	-	5.31	2.947	>	6	21	69
1054	chr2	152604207	152604188	-	5.27	19.44	>	6	21	69
1055	chr2	39003369	39003350	-	5.26	1.671	>	6	21	69
1056	chr16	31425707	31425688	-	5.254	13.484	>	6	21	69
1057	chr5	137503018	137502999	-	5.227	3.691	>	6	21	69
1058	chr18	13973086	13973067	-	5.207	0.71	>	6	21	69
1059	chr17	68849016	68848997	-	5.2	1.891	>	6	21	69
1060	chr2	128408931	128408912	-	5.19	8.72	>	6	21	69
1061	chr14	97559790	97559771	-	5.16	2.041	>	6	21	69
1062	chr8	67903864	67903845	-	5.13	6.113	>	6	21	69
1063	chr14	56888181	56888162	-	5.125	3.316	>	6	21	69
1064	chr4	132198465	132198446	+	5.125	11.19	>	6	21	69
1065	chr2	39005861	39005842	-	5.12	3.883	>	6	21	69
1066	chr7	137471679	137471660	-	5.1	19.97	>	6	21	69
1067	chr6	64949075	64949056	+	5.09	5.168	>	6	21	69
1068	chr18	16821148	16821129	+	5.043	1.935	>	6	21	69
1069	chr2	93813566	93813547	+	5.04	13.086	>	6	21	69
1070	chr6	126481478	126481459	-	5.023	10.89	>	6	21	69
1071	chr1	181881093	181881074	-	4.984	10.19	>	6	21	69
1072	chr6	108065822	108065803	-	4.977	6.67	>	6	21	69
1073	chr4	88550373	88550354	+	4.938	4.04	>	6	21	69
1074	chr5	137502167	137502148	+	4.867	8.81	>	6	21	69
1075	chr8	77618148	77618129	-	4.86	4.188	>	6	21	69
1076	chr7	120098024	120098005	+	4.855	7.22	>	6	21	69
1077	chr2	75152706	75152687	-	4.824	10.55	>	6	21	69
1078	chr11	87950193	87950174	+	4.78	11.09	>	6	21	69
1079	chr11	94598936	94598917	-	4.746	10.49	>	6	21	69
1080	chr1	10229119	10229100	+	4.746	0.972	>	6	21	69
1081	chr7	143476888	143476869	+	4.746	8.89	>	6	21	69
1082	chr9	102607693	102607674	-	4.715	3.604	>	6	21	69
1083	chr8	32009749	32009730	+	4.71	6.785	>	6	21	69
1084	chr3	99262117	99262098	-	4.707	1.889	>	6	21	69
1085	chr18	75607987	75607968	+	4.664	23.11	>	6	21	69
1086	chr7	75380211	75380192	-	4.64	2.41	>	6	21	69
1087	chr3	135863108	135863089	+	4.64	3.164	>	6	21	69
1088	chr4	87369015	87368996	-	4.625	9.125	>	6	21	69
1089	chr8	84639535	84639516	+	4.605	13.88	>	6	21	69
1090	chr15	74524301	74524282	+	4.586	13.7	>	6	21	69
1091	chr17	57007316	57007297	-	4.582	9.42	>	6	21	69
1092	chr11	30893985	30893966	+	4.547	0.9004	>	6	21	69
1093	chr19	57360190	57360171	-	4.543	2.654	>	6	21	69
1094	chr8	110102657	110102638	-	4.53	9.24	>	6	21	69
1095	chr7	135389259	135389240	-	4.53	9.336	>	6	21	69
1096	chr4	152527530	152527511	+	4.516	13.99	>	6	21	69
1097	chr13	103710441	103710422	+	4.5	4.57	>	6	21	69
1098	chr10	120896053	120896034	+	4.5	2.322	>	6	21	69
1099	chr18	5155632	5155613	-	4.484	6.39	>	6	21	69
1100	chr12	80141693	80141674	-	4.45	17.05	>	6	21	69
1101	chr5	118763566	118763547	-	4.418	12.81	>	6	21	69
1102	chr12	14150175	14150156	+	4.406	3.688	>	6	21	69
1103	chr10	128990300	128990281	-	4.4	8.03	>	6	21	69
1104	chr10	30834038	30834019	-	4.37	4.473	>	6	21	69
1105	chr6	50618483	50618464	+	4.367	12.766	>	6	21	69
1106	chr15	9748972	9748953	-	4.36	3.496	>	6	21	69
1107	chr16	92308164	92308145	-	4.355	11.22	>	6	21	69
1108	chr2	9881964	9881945	-	4.355	2.918	>	6	21	69
1109	chr8	123106089	123106070	+	4.336	8.18	>	6	21	69
1110	chr5	98346264	98346245	+	4.324	2.342	>	6	21	69
1111	chr10	40249841	40249822	-	4.316	12.23	>	6	21	69
1112	chr3	141457685	141457666	+	4.312	4.707	>	6	21	69
1113	chr9	40192620	40192601	-	4.3	2.145	>	6	21	69
1114	chr9	72448248	72448229	+	4.29	7.78	>	6	21	69
1115	chr13	24316809	24316790	-	4.273	3.682	>	6	21	69
1116	chr1	50927249	50927230	+	4.258	4.5	>	6	21	69
1117	chr11	102690417	102690398	-	4.223	12.195	>	6	21	69
1118	chr4	116627141	116627122	+	4.207	6.52	>	6	21	69
1119	chr15	76198817	76198798	+	4.164	10.72	>	6	21	69
1120	chr15	12113620	12113601	-	4.156	3.312	>	6	21	69
1121	chr1	115675059	115675040	+	4.152	5.223	>	6	21	69
1122	chr2	34644807	34644788	-	4.15	8.266	>	6	21	69
1123	chr2	166084974	166084955	-	4.133	18.12	>	6	21	69
1124	chr11	21571906	21571887	-	4.13	2.105	>	6	21	69
1125	chr15	9449709	9449690	-	4.062	0.543	>	6	21	69
1126	chr5	92664520	92664501	-	4.055	3.326	>	6	21	69
1127	chr12	77001216	77001197	+	4.043	1.105	>	6	21	69
1128	chr6	93757507	93757488	-	4.01	5.273	>	6	21	69
1129	chr19	56302794	56302775	+	4.01	3.797	>	6	21	69
1130	chr13	71954038	71954019	-	4.008	1.19	>	6	21	69
1131	chr4	17852015	17851996	-	4.0	0.8535	>	6	21	69
1132	chr18	39136126	39136107	+	3.992	1.932	>	6	21	69
1133	chr1	153489234	153489215	-	3.99	7.715	>	6	21	69
1134	chr9	66136172	66136153	-	3.988	5.383	>	6	21	69
1135	chr11	109621431	109621412	-	3.979	11.484	>	6	21	69
1136	chr13	91723318	91723299	+	3.959	5.49	>	6	21	69
1137	chr13	3642291	3642272	-	3.959	4.75	>	6	21	69
1138	chr13	47304770	47304751	+	3.957	6.746	>	6	21	69
1139	chr2	121144456	121144437	+	3.953	4.504	>	6	21	69
1140	chr13	93772223	93772204	-	3.928	3.56	>	6	21	69
1141	chr10	70967079	70967060	+	3.916	4.88	>	6	21	69
1142	chr13	59417085	59417066	-	3.91	5.0	>	6	21	69
1143	chr7	102484972	102484953	-	3.883	7.0	>	6	21	69
1144	chr5	38235667	38235648	-	3.879	10.78	>	6	21	69
1145	chr14	56885401	56885382	+	3.87	2.412	>	6	21	69
1146	chr11	75170669	75170650	-	3.861	7.984	>	6	21	69
1147	chr11	77980417	77980398	+	3.846	9.5	>	6	21	69
1148	chr9	94738712	94738693	+	3.828	14.92	>	6	21	69
1149	chr6	140466500	140466481	-	3.816	3.785	>	6	21	69
1150	chr19	57361025	57361006	-	3.814	6.484	>	6	21	69
1151	chr12	58972459	58972440	+	3.777	2.135	>	6	21	69
1152	chr2	61490636	61490617	+	3.775	5.23	>	6	21	69
1153	chr4	44310651	44310632	+	3.762	4.973	>	6	21	69
1154	chr11	52766147	52766128	+	3.734	1.83	>	6	21	69
1155	chr13	72627587	72627568	-	3.717	4.066	>	6	21	69
1156	chr9	23012459	23012440	-	3.71	1.704	>	6	21	69
1157	chr16	31427924	31427905	-	3.705	3.383	>	6	21	69
1158	chr12	29895773	29895754	+	3.691	1.481	>	6	21	69
1159	chr9	73154557	73154538	+	3.666	9.1	>	6	21	69
1160	chr1	127484437	127484418	-	3.66	8.8	>	6	21	69
1161	chr9	107566236	107566217	+	3.656	7.098	>	6	21	69
1162	chr2	68118338	68118319	+	3.652	4.36	>	6	21	69
1163	chr11	11140836	11140817	-	3.629	13.69	>	6	21	69
1164	chr12	74014936	74014917	-	3.627	5.97	>	6	21	69
1165	chr7	138396301	138396282	-	3.621	0.934	>	6	21	69
1166	chr14	103534605	103534586	+	3.617	5.312	>	6	21	69
1167	chr10	115164112	115164093	-	3.613	3.031	>	6	21	69
1168	chr7	119019764	119019745	+	3.598	7.113	>	6	21	69
1169	chr13	96389525	96389506	-	3.588	1.339	>	6	21	69
1170	chr14	74723724	74723705	-	3.586	5.766	>	6	21	69
1171	chr14	55114114	55114095	-	3.57	7.387	>	6	21	69
1172	chr9	62784468	62784449	+	3.562	12.84	>	6	21	69
1173	chr10	127678167	127678148	-	3.541	2.129	>	6	21	69
1174	chr17	55948218	55948199	-	3.535	4.3	>	6	21	69
1175	chr11	78183263	78183244	-	3.525	12.305	>	6	21	69
1176	chr6	59207403	59207384	-	3.508	1.477	>	6	21	69
1177	chr6	135416919	135416900	+	3.498	4.027	>	6	21	69
1178	chr5	122104403	122104384	+	3.492	11.98	>	6	21	69
1179	chr13	37971068	37971049	-	3.482	3.088	>	6	21	69
1180	chr5	114612410	114612391	+	3.48	13.6	>	6	21	69
1181	chr10	114442226	114442207	+	3.46	2.104	>	6	21	69
1182	chr2	145655527	145655508	-	3.44	2.05	>	6	21	69
1183	chr7	109507351	109507332	-	3.418	1.832	>	6	21	69
1184	chr16	10009965	10009946	+	3.402	4.965	>	6	21	69
1185	chr14	67969032	67969013	-	3.385	5.523	>	6	21	69
1186	chr5	140744055	140744036	-	3.348	10.35	>	6	21	69
1187	chr1	56984334	56984315	+	3.338	2.584	>	6	21	69
1188	chr2	137110782	137110763	+	3.328	1.323	>	6	21	69
1189	chr16	22267525	22267506	+	3.322	1.262	>	6	21	69
1190	chr16	4884595	4884576	-	3.3	2.822	>	6	21	69
1191	chr5	19458406	19458387	-	3.291	6.625	>	6	21	69
1192	chr1	84697217	84697198	-	3.29	7.492	>	6	21	69
1193	chr14	122903088	122903069	-	3.29	2.205	>	6	21	69
1194	chr7	64056729	64056710	-	3.273	1.214	>	6	21	69
1195	chr9	71624061	71624042	-	3.273	15.39	>	6	21	69
1196	chr9	96885958	96885939	-	3.271	10.016	>	6	21	69
1197	chr18	46964733	46964714	-	3.266	8.555	>	6	21	69
1198	chr3	122638475	122638456	+	3.26	4.82	>	6	21	69
1199	chr9	94733848	94733829	+	3.256	3.768	>	6	21	69
1200	chr1	167938404	167938385	-	3.25	6.79	>	6	21	69
1201	chr1	180811841	180811822	+	3.244	6.383	>	6	21	69
1202	chr10	42760472	42760453	+	3.229	1.784	>	6	21	69
1203	chr18	20598347	20598328	+	3.213	4.758	>	6	21	69
1204	chr17	71909305	71909286	+	3.203	3.572	>	6	21	69
1205	chr1	34459898	34459879	+	3.193	3.389	>	6	21	69
1206	chr4	117202234	117202215	-	3.191	9.61	>	6	21	69
1207	chr15	101313974	101313955	-	3.178	2.96	>	6	21	69
1208	chr16	13438138	13438119	+	3.176	1.241	>	6	21	69
1209	chr7	114878499	114878480	+	3.174	1.604	>	6	21	69
1210	chr11	109866735	109866716	+	3.166	2.812	>	6	21	69
1211	chr3	123509329	123509310	+	3.162	5.67	>	6	21	69
1212	chr3	114085881	114085862	-	3.146	0.5283	>	6	21	69
1213	chr4	120149384	120149365	-	3.145	8.09	>	6	21	69
1214	chr16	4549594	4549575	-	3.137	11.12	>	6	21	69
1215	chr15	78872224	78872205	+	3.133	9.35	>	6	21	69
1216	chr12	57231261	57231242	-	3.127	3.32	>	6	21	69
1217	chr9	71624949	71624930	-	3.125	15.0	>	6	21	69
1218	chr4	18963859	18963840	-	3.12	4.01	>	6	21	69
1219	chr8	40913366	40913347	-	3.115	1.625	>	6	21	69
1220	chr5	21645240	21645221	-	3.11	1.259	>	6	21	69
1221	chr10	68357244	68357225	+	3.094	1.353	>	6	21	69
1222	chr2	93812077	93812058	-	3.06	11.82	>	6	21	69
1223	chr12	75669431	75669412	-	3.05	4.1	>	6	21	69
1224	chr1	12844023	12844004	+	3.033	4.33	>	6	21	69
1225	chr12	86697142	86697123	+	3.025	6.996	>	6	21	69
1226	chr9	98033678	98033659	+	3.021	1.525	>	6	21	69
1227	chr19	37946902	37946883	+	3.02	4.082	>	6	21	69
1228	chr9	75271676	75271657	+	3.01	4.42	>	6	21	69
1229	chr11	55162881	55162862	+	2.996	3.625	>	6	21	69
1230	chr17	25274339	25274320	-	2.984	4.45	>	6	21	69
1231	chr6	108065317	108065298	+	2.984	5.535	>	6	21	69
1232	chr7	5071749	5071730	-	2.928	2.754	>	6	21	69
1233	chr3	152477906	152477887	-	2.922	3.295	>	6	21	69
1234	chr5	28090770	28090751	-	2.922	2.412	>	6	21	69
1235	chr14	78282622	78282603	+	2.91	2.186	>	6	21	69
1236	chr14	88480122	88480103	-	2.906	3.236	>	6	21	69
1237	chr7	107569047	107569028	+	2.902	1.588	>	6	21	69
1238	chr3	83777088	83777069	-	2.879	3.992	>	6	21	69
1239	chr8	48550865	48550846	+	2.871	0.592	>	6	21	69
1240	chr7	132575955	132575936	-	2.855	4.473	>	6	21	69
1241	chr14	79769127	79769108	-	2.852	4.36	>	6	21	69
1242	chr17	69974245	69974226	-	2.799	1.284	>	6	21	69
1243	chr12	66284211	66284192	-	2.793	5.484	>	6	21	69
1244	chr6	83796902	83796883	-	2.785	3.35	>	6	21	69
1245	chr9	44108077	44108058	+	2.785	11.375	>	6	21	69
1246	chr11	116023924	116023905	+	2.777	6.906	>	6	21	69
1247	chr3	86779824	86779805	-	2.775	8.64	>	6	21	69
1248	chr19	46056202	46056183	+	2.77	5.27	>	6	21	69
1249	chr10	108210181	108210162	-	2.762	0.674	>	6	21	69
1250	chr8	27001386	27001367	+	0.4329	0.4077	>	6	21	69
1251	chr17	28338029	28338010	-	0.252	0.265	>	6	21	69
1252	chr11	76445826	76445807	-	0.2268	0.1863	>	6	21	69
1253	chr5	144244146	144244127	-	0.311	0.3691	>	6	21	69
1254	chr14	79768803	79768784	-	0.3076	0.2808	>	6	21	69
1255	chr9	26778623	26778604	-	1.299	0.6914	>	6	21	69
1256	chr7	25392052	25392033	+	0.2487	0.242	>	6	21	69
1257	chr3	101484879	101484860	-	0.3438	0.528	>	6	21	69
1258	chr2	69113988	69113969	+	0.2472	0.1981	>	6	21	69
1259	chr13	29852447	29852428	-	0.1781	0.1941	>	6	21	69
1260	chr2	60213231	60213212	-	0.1073	0.1628	>	6	21	69
1261	chr2	171418157	171418138	-	0.1407	0.2131	>	6	21	69
1262	chr7	64392050	64392031	-	0.514	0.2006	>	6	21	69
1263	chr15	36157434	36157415	-	0.7227	0.836	>	6	21	69
1264	chr4	49662357	49662338	-	0.4692	0.2915	>	6	21	69
1265	chr4	48422356	48422337	+	1.027	0.5225	>	6	21	69
1266	chr18	82720514	82720495	+	0.1605	0.1409	>	6	21	69
1267	chr1	172022686	172022667	+	0.1733	0.1764	>	6	21	69
1268	chr7	139595890	139595871	+	0.1575	0.2125	>	6	21	69
1269	chr12	73007842	73007823	-	0.345	0.2974	>	6	21	69
1270	chr17	27192928	27192909	-	0.1056	0.4468	>	6	21	69
1271	chr1	53698960	53698941	+	0.557	0.255	>	6	21	69
1272	chr18	12734380	12734361	+	0.207	0.1383	>	6	21	69
1273	chr6	126767488	126767469	-	0.2039	0.2483	>	6	21	69
1274	chr2	92856249	92856230	-	2.734	0.857	>	6	21	69
1275	chr11	74572851	74572832	+	0.2646	0.2705	>	6	21	69
1276	chr9	59675637	59675618	-	0.4082	0.744	>	6	21	69
1277	chr15	55025647	55025628	+	0.1847	0.1536	>	6	21	69
1278	chr4	120579150	120579131	-	0.33	0.264	>	6	21	69
1279	chr15	74525720	74525701	+	0.2172	0.2104	>	6	21	69
1280	chr1	88748095	88748076	+	0.1973	0.1881	>	6	21	69
1281	chr15	32239655	32239636	-	0.2822	0.1587	>	6	21	69
1282	chr7	36571183	36571164	+	0.1103	0.1942	>	6	21	69
1283	chr11	113855351	113855332	-	0.1613	0.1947	>	6	21	69
1284	chr6	90609163	90609144	+	2.127	1.159	>	6	21	69
1285	chr3	146181407	146181388	-	0.2034	0.3416	>	6	21	69
1286	chr10	69857222	69857203	-	0.3232	0.3599	>	6	21	69
1287	chr2	158361425	158361406	-	0.5625	0.2502	>	6	21	69
1288	chr5	136268179	136268160	-	0.1886	0.2153	>	6	21	69
1289	chr16	11983350	11983331	-	1.634	1.076	>	6	21	69
1290	chr2	84437773	84437754	+	0.2305	0.14	>	6	21	69
1291	chr18	24002018	24001999	-	0.133	0.1333	>	6	21	69
1292	chr1	130151533	130151514	-	0.4075	0.3347	>	6	21	69
1293	chr9	59675855	59675836	+	0.3367	0.2161	>	6	21	69
1294	chr11	116840251	116840232	-	0.3374	0.637	>	6	21	69
1295	chr2	155819963	155819944	+	0.07886	0.146	>	6	21	69
1296	chr14	105301632	105301613	+	0.206	0.2114	>	6	21	69
1297	chr12	9044592	9044573	+	0.1821	0.2019	>	6	21	69
1298	chr18	13971224	13971205	-	0.5337	0.3596	>	6	21	69
1299	chr5	136267600	136267581	-	0.2751	0.189	>	6	21	69
1300	chr5	33371430	33371411	+	0.3992	0.1644	>	6	21	69
1301	chr14	51090397	51090378	-	0.4153	0.243	>	6	21	69
1302	chr1	77935072	77935053	+	0.1814	0.1729	>	6	21	69
1303	chr11	119246049	119246030	-	0.204	0.3367	>	6	21	69
1304	chr17	50274949	50274930	-	0.441	0.1749	>	6	21	69
1305	chr8	108956442	108956423	+	0.5635	0.3044	>	6	21	69
1306	chr11	66885340	66885321	+	0.1636	0.169	>	6	21	69
1307	chr7	30099945	30099926	-	0.1979	0.1757	>	6	21	69
1308	chr15	99973159	99973140	-	0.1998	0.3345	>	6	21	69
1309	chr5	16308949	16308930	+	0.1567	0.1411	>	6	21	69
1310	chr6	119466578	119466559	-	0.9824	0.9795	>	6	21	69
1311	chr2	136886679	136886660	+	0.7764	0.2095	>	6	21	69
1312	chr14	79763594	79763575	-	0.2852	0.151	>	6	21	69
1313	chr2	170416012	170415993	+	0.1837	0.1256	>	6	21	69
1314	chr4	41015236	41015217	-	0.1882	0.1434	>	6	21	69
1315	chr11	70975109	70975090	+	0.713	0.3914	>	6	21	69
1316	chr5	122773202	122773183	+	0.11584	0.1375	>	6	21	69
1317	chr4	128588031	128588012	-	0.2659	0.1909	>	6	21	69
1318	chr8	122576186	122576167	-	0.11285	0.1545	>	6	21	69
1319	chr7	76383989	76383970	+	0.1553	0.154	>	6	21	69
1320	chr9	41467019	41467000	-	0.2223	0.1565	>	6	21	69
1321	chr1	32712246	32712227	-	0.05322	0.1516	>	6	21	69
1322	chr16	23974866	23974847	-	0.5283	0.3425	>	6	21	69
1323	chr15	84066194	84066175	-	0.6196	1.17	>	6	21	69
1324	chr11	40148920	40148901	-	1.272	0.642	>	6	21	69
1325	chr7	27166488	27166469	-	0.306	0.491	>	6	21	69
1326	chr11	30240273	30240254	+	0.4001	0.2556	>	6	21	69
1327	chr2	69115969	69115950	-	0.1754	0.1587	>	6	21	69
1328	chr9	113420569	113420550	-	0.2261	0.2178	>	6	21	69
1329	chr12	99882528	99882509	-	0.2617	0.1387	>	6	21	69
1330	chr5	77347648	77347629	-	0.3625	0.4211	>	6	21	69
1331	chr10	49780455	49780436	+	0.2179	0.1394	>	6	21	69
1332	chr5	75855263	75855244	-	0.6416	0.4326	>	6	21	69
1333	chr2	124087358	124087339	-	0.6436	0.2075	>	6	21	69
1334	chr14	49219056	49219037	+	0.678	0.694	>	6	21	69
1335	chr5	147938091	147938072	+	0.368	0.1842	>	6	21	69
1336	chr11	32340288	32340269	+	0.1792	0.1648	>	6	21	69
1337	chr16	50181579	50181560	+	0.2006	0.1838	>	6	21	69
1338	chr16	20496121	20496102	-	0.6714	0.1777	>	6	21	69
1339	chr8	76775680	76775661	+	0.135	0.1975	>	6	21	69
1340	chr14	65597676	65597657	+	0.6543	0.452	>	6	21	69
1341	chr7	64754771	64754752	+	0.1351	0.2295	>	6	21	69
1342	chr2	166083979	166083960	-	0.2964	0.2065	>	6	21	69
1343	chr16	44140440	44140421	+	0.4607	0.3381	>	6	21	69
1344	chr12	90524338	90524319	-	0.3223	0.2983	>	6	21	69
1345	chr5	89391716	89391697	+	0.1626	0.1418	>	6	21	69
1346	chr9	59675438	59675419	-	0.2104	0.1542	>	6	21	69
1347	chr19	16339103	16339084	-	0.1967	0.1177	>	6	21	69
1348	chr13	30545067	30545048	+	0.3672	0.2915	>	6	21	69
1349	chr1	92462681	92462662	+	0.3916	0.1832	>	6	21	69
1350	chr4	84066283	84066264	-	0.1898	0.1552	>	6	21	69
1351	chr9	83373922	83373903	-	0.2197	0.1434	>	6	21	69
1352	chr4	88773969	88773950	-	0.9507	8.01	>	6	21	69
1353	chr9	123132258	123132239	-	0.1687	0.1416	>	6	21	69
1354	chr17	34958843	34958824	-	0.2079	0.5464	>	6	21	69
1355	chr12	50946225	50946206	+	0.2341	0.157	>	6	21	69
1356	chr13	73647252	73647233	+	0.267	0.1704	>	6	21	69
1357	chr11	83279300	83279281	-	0.4434	0.2251	>	6	21	69
1358	chr17	8986048	8986029	-	0.3325	0.212	>	6	21	69
1359	chr4	14935721	14935702	-	0.7095	0.296	>	6	21	69
1360	chr4	75076699	75076680	+	0.09125	0.2014	>	6	21	69
1361	chr5	114610713	114610694	+	0.0985	0.1626	>	6	21	69
1362	chr9	83378273	83378254	-	0.471	0.2808	>	6	21	69
1363	chr9	107773182	107773163	-	0.1786	0.1414	>	6	21	69
1364	chr9	41218030	41218011	+	0.1323	0.1355	>	6	21	69
1365	chr9	105644718	105644699	+	0.4255	0.1808	>	6	21	69
1366	chr8	84264441	84264422	-	1.261	1.4795	>	6	21	69
1367	chr4	135959453	135959434	+	0.112	0.2223	>	6	21	69
1368	chr1	24684268	24684249	+	0.4001	0.1942	>	6	21	69
1369	chr3	87748577	87748558	-	0.7593	0.4382	>	6	21	69
1370	chr9	54690950	54690931	+	0.11566	0.136	>	6	21	69
1371	chr15	82277690	82277671	-	0.9043	0.4492	>	6	21	69
1372	chr5	115498528	115498509	-	0.2693	0.2164	>	6	21	69
1373	chr9	56621276	56621257	+	0.10846	0.253	>	6	21	69
1374	chr18	81956733	81956714	-	0.2815	0.2637	>	6	21	69
1375	chr10	22791401	22791382	-	0.1346	0.2358	>	6	21	69
1376	chr15	82271301	82271282	+	0.836	0.1838	>	6	21	69
1377	chr12	69946159	69946140	+	0.555	0.455	>	6	21	69
1378	chr14	101442800	101442781	+	0.2983	0.1344	>	6	21	69
1379	chr2	164777017	164776998	-	0.5176	0.361	>	6	21	69
1380	chr10	24631573	24631554	-	1.178	1.224	>	6	21	69
1381	chr1	136528510	136528491	-	1.761	0.7373	>	6	21	69
1382	chr10	19222118	19222099	-	1.411	0.8228	>	6	21	69
1383	chr14	56885508	56885489	-	2.348	4.004	>	6	21	69
1384	chr8	85060493	85060474	-	0.9688	0.437	>	6	21	69
1385	chr11	96075822	96075803	-	0.9316	0.4944	>	6	21	69
1386	chr11	77476535	77476516	+	0.1632	0.2383	>	6	21	69
1387	chr1	81294004	81293985	-	0.905	0.562	>	6	21	69
1388	chr12	15520954	15520935	+	0.7183	0.4033	>	6	21	69
1389	chr7	66397054	66397035	+	0.1594	0.2107	>	6	21	69
1390	chr12	74014582	74014563	-	0.2377	0.1973	>	6	21	69
1391	chr5	144242554	144242535	-	0.241	0.1987	>	6	21	69
1392	chr15	66894943	66894924	+	0.2703	0.2021	>	6	21	69
1393	chr6	126484995	126484976	-	0.4333	1.278	>	6	21	69
1394	chr4	48427148	48427129	+	0.678	0.3833	>	6	21	69
1395	chr15	71459211	71459192	+	0.252	0.1731	>	6	21	69
1396	chr3	19896435	19896416	-	0.2361	0.1467	>	6	21	69
1397	chr8	68268707	68268688	-	0.1398	0.1492	>	6	21	69
1398	chr1	182555580	182555561	-	0.1982	0.1915	>	6	21	69
1399	chr9	44413186	44413167	-	0.534	0.393	>	6	21	69
1400	chr14	70151716	70151697	+	0.3604	0.2382	>	6	21	69
1401	chr4	62478250	62478231	+	0.438	0.1328	>	6	21	69
1402	chr3	127561629	127561610	-	0.2183	0.12354	>	6	21	69
1403	chr3	69139614	69139595	-	0.397	0.2261	>	6	21	69
1404	chr17	17919616	17919597	+	0.1678	0.167	>	6	21	69
1405	chr4	139314214	139314195	-	0.2279	0.269	>	6	21	69
1406	chr18	61952763	61952744	-	0.2372	0.1731	>	6	21	69
1407	chr9	7599188	7599169	+	0.33	0.191	>	6	21	69
1408	chr10	120898341	120898322	-	0.3386	0.1467	>	6	21	69
1409	chr11	57469613	57469594	-	0.1846	0.2297	>	6	21	69
1410	chr18	58480198	58480179	-	0.2095	0.1665	>	6	21	69
1411	chr17	12380527	12380508	-	0.658	0.591	>	6	21	69
1412	chr2	107940173	107940154	+	0.11664	0.1351	>	6	21	69
1413	chr2	32580534	32580515	-	0.2605	0.4055	>	6	21	69
1414	chr15	98813480	98813461	+	0.3496	0.5376	>	6	21	69
1415	chr6	54253893	54253874	+	0.1663	0.1743	>	6	21	69
1416	chr1	135800865	135800846	+	0.1766	0.1665	>	6	21	69
1417	chr15	58426369	58426350	+	0.1996	0.1519	>	6	21	69
1418	chr4	87367775	87367756	+	0.3853	0.1472	>	6	21	69
1419	chr2	96583103	96583084	-	0.809	0.3242	>	6	21	69
1420	chr4	63366959	63366940	-	0.1979	0.1753	>	6	21	69
1421	chr4	59761293	59761274	-	0.3435	0.2113	>	6	21	69
1422	chr10	7832162	7832143	+	0.2646	0.1672	>	6	21	69
1423	chr7	89904213	89904194	-	0.2908	0.156	>	6	21	69
1424	chr1	30697342	30697323	+	0.1025	0.1263	>	6	21	69
1425	chr1	58987602	58987583	+	0.2202	0.1498	>	6	21	69
1426	chr15	7452190	7452171	+	0.1405	0.12085	>	6	21	69
1427	chr4	139877044	139877025	+	0.3875	0.2688	>	6	21	69
1428	chr3	83291887	83291868	-	0.0825	0.137	>	6	21	69
1429	chr15	68912907	68912888	-	0.5024	0.2024	>	6	21	69
1430	chr14	64593744	64593725	-	1.073	0.5703	>	6	21	69
1431	chr1	56980349	56980330	-	0.2778	0.2322	>	6	21	69
1432	chr14	75833620	75833601	-	0.6006	0.4543	>	6	21	69
1433	chr16	62904648	62904629	-	0.217	0.1924	>	6	21	69
1434	chr5	35991229	35991210	-	1.033	1.082	>	6	21	69
1435	chr5	44287418	44287399	-	0.248	0.155	>	6	21	69
1436	chr15	76199915	76199896	-	0.07776	0.3071	>	6	21	69
1437	chr4	131240262	131240243	-	0.241	0.206	>	6	21	69
1438	chr5	102147917	102147898	-	0.228	0.2458	>	6	21	69
1439	chr3	93086926	93086907	+	0.0978	0.1787	>	6	21	69
1440	chr6	126163382	126163363	+	2.373	1.376	>	6	21	69
1441	chr3	45375769	45375750	+	1.051	0.2544	>	6	21	69
1442	chr16	90306219	90306200	-	0.3647	0.3506	>	6	21	69
1443	chr17	3249270	3249251	-	0.1843	0.136	>	6	21	69
1444	chr4	143024421	143024402	-	0.087	0.1317	>	6	21	69
1445	chr19	47513892	47513873	-	0.2471	0.1393	>	6	21	69
1446	chr6	66534595	66534576	-	1.387	0.675	>	6	21	69
1447	chr6	134963172	134963153	-	0.6475	0.5996	>	6	21	69
1448	chr14	56369245	56369226	+	0.2401	0.1912	>	6	21	69
1449	chr18	53460219	53460200	+	0.1775	0.162	>	6	21	69
1450	chr7	89476922	89476903	-	0.2163	0.1522	>	6	21	69
1451	chr6	34273116	34273097	+	0.0673	0.1545	>	6	21	69
1452	chr7	142295608	142295589	-	1.062	6.32	>	6	21	69
1453	chr3	22302208	22302189	+	0.992	0.3848	>	6	21	69
1454	chr6	31045994	31045975	-	0.7534	0.959	>	6	21	69
1455	chr9	57143378	57143359	-	0.1816	0.2302	>	6	21	69
1456	chr6	101268340	101268321	+	0.2712	0.1924	>	6	21	69
1457	chr9	58897456	58897437	-	0.7163	0.4846	>	6	21	69
1458	chr17	79601068	79601049	+	0.2245	0.12476	>	6	21	69
1459	chr16	5254607	5254588	-	0.2883	0.22	>	6	21	69
1460	chr4	83595536	83595517	+	1.783	1.041	>	6	21	69
1461	chr9	51159881	51159862	-	0.6875	0.266	>	6	21	69
1462	chr14	66354429	66354410	+	0.1142	0.1388	>	6	21	69
1463	chr5	117090283	117090264	+	0.5806	0.4014	>	6	21	69
1464	chr2	168061425	168061406	-	0.1733	0.2051	>	6	21	69
1465	chr5	9169228	9169209	+	0.3306	0.1686	>	6	21	69
1466	chr6	28418701	28418682	-	0.4202	0.266	>	6	21	69
1467	chr12	105038443	105038424	-	0.1501	0.2063	>	6	21	69
1468	chr1	182558143	182558124	-	0.2264	0.1511	>	6	21	69
1469	chr8	47713300	47713281	-	1.078	1.646	>	6	21	69
1470	chr18	47357393	47357374	+	0.2007	0.1278	>	6	21	69
1471	chr1	118771083	118771064	-	0.1254	0.2006	>	6	21	69
1472	chr16	6493044	6493025	-	0.1927	0.1516	>	6	21	69
1473	chr9	42951005	42950986	-	0.3914	0.2078	>	6	21	69
1474	chr13	53430986	53430967	-	0.6504	0.3672	>	6	21	69
1475	chr13	67609268	67609249	+	2.162	0.826	>	6	21	69
1476	chr1	53035072	53035053	+	0.1465	0.1494	>	6	21	69
1477	chr7	99471824	99471805	-	0.3745	0.4907	>	6	21	69
1478	chr11	36543574	36543555	-	0.1156	0.1614	>	6	21	69
1479	chr5	124334258	124334239	-	0.3428	0.273	>	6	21	69
1480	chr10	76771414	76771395	-	0.1296	0.2047	>	6	21	69
1481	chr10	4386719	4386700	+	0.32	0.4492	>	6	21	69
1482	chr5	116554091	116554072	+	0.0876	0.1714	>	6	21	69
1483	chr10	41734858	41734839	+	0.1406	0.2605	>	6	21	69
1484	chr10	50906875	50906856	-	0.2361	0.1674	>	6	21	69
1485	chr11	31651668	31651649	+	0.07605	0.1534	>	6	21	69
1486	chr6	116193190	116193171	+	0.3687	0.372	>	6	21	69
1487	chr1	188976509	188976490	+	0.343	0.1833	>	6	21	69
1488	chr12	101976095	101976076	+	0.681	0.4116	>	6	21	69
1489	chr15	75925915	75925896	+	0.6084	0.9233	>	6	21	69
1490	chr1	4777287	4777268	-	0.9443	1.425	>	6	21	69
1491	chr18	86560230	86560211	+	0.7866	1.138	>	6	21	69
1492	chr7	43574878	43574859	+	1.292	1.347	>	6	21	69
1493	chr7	98200601	98200582	-	0.2927	0.1711	>	6	21	69
1494	chr4	143319849	143319830	+	0.2299	0.1525	>	6	21	69
1495	chr2	128601696	128601677	-	0.1208	0.207	>	6	21	69
1496	chr17	57004491	57004472	-	0.1467	0.2932	>	6	21	69
1497	chr2	35196541	35196522	-	1.081	0.3997	>	6	21	69
1498	chr5	29779371	29779352	+	0.1531	0.1671	>	6	21	69
1499	chr10	93038429	93038410	-	0.163	0.1875	>	6	21	69
0	chr4	87368268	87368249	+	90.56	65.75	>	6	22	68
1	chr11	109860827	109860808	-	89.2	47.97	>	6	22	68
2	chr3	22309188	22309169	+	81.5	60.4	>	6	22	68
3	chr10	5161770	5161751	-	79.2	55.88	>	6	22	68
4	chr16	71247702	71247683	+	68.56	43.2	>	6	22	68
5	chr16	72980067	72980048	-	68.3	56.7	>	6	22	68
6	chr6	60556001	60555982	+	67.7	40.38	>	6	22	68
7	chr5	7996919	7996900	-	66.06	59.4	>	6	22	68
8	chr14	12140114	12140095	-	65.1	51.62	>	6	22	68
9	chr13	81439574	81439555	+	64.94	46.94	>	6	22	68
10	chr9	103996726	103996707	-	64.9	51.25	>	6	22	68
11	chr15	56066340	56066321	+	63.97	42.94	>	6	22	68
12	chr10	106609250	106609231	+	63.97	42.62	>	6	22	68
13	chr1	144380222	144380203	-	63.4	48.44	>	6	22	68
14	chr10	8240468	8240449	-	62.34	45.88	>	6	22	68
15	chr12	77000269	77000250	+	62.22	54.97	>	6	22	68
16	chr1	44745882	44745863	+	62.12	40.25	>	6	22	68
17	chr4	81178889	81178870	+	62.03	50.0	>	6	22	68
18	chr9	10909768	10909749	+	61.12	47.94	>	6	22	68
19	chr6	64650119	64650100	-	60.56	60.88	>	6	22	68
20	chr15	32766485	32766466	-	60.56	46.62	>	6	22	68
21	chr4	9135983	9135964	+	60.03	34.12	>	6	22	68
22	chr7	118305013	118304994	+	59.5	47.62	>	6	22	68
23	chr10	39520570	39520551	-	58.34	40.5	>	6	22	68
24	chr1	78724658	78724639	+	58.25	47.28	>	6	22	68
25	chr2	160598038	160598019	+	57.94	55.8	>	6	22	68
26	chr18	33790258	33790239	-	57.72	56.3	>	6	22	68
27	chr12	40837750	40837731	+	57.5	46.25	>	6	22	68
28	chr8	41443763	41443744	+	57.34	56.06	>	6	22	68
29	chr14	68494314	68494295	-	56.94	24.97	>	6	22	68
30	chr1	11657910	11657891	+	56.8	43.62	>	6	22	68
31	chr11	77100337	77100318	+	55.88	49.25	>	6	22	68
32	chr16	41244935	41244916	-	55.72	48.0	>	6	22	68
33	chr14	87452291	87452272	-	55.72	63.0	>	6	22	68
34	chr18	16217050	16217031	+	54.9	26.8	>	6	22	68
35	chr11	53255133	53255114	-	54.8	39.5	>	6	22	68
36	chr9	7216447	7216428	+	54.56	27.64	>	6	22	68
37	chr8	35850598	35850579	-	54.5	50.94	>	6	22	68
38	chr8	102781131	102781112	-	54.44	41.34	>	6	22	68
39	chr5	49962010	49961991	-	54.16	50.88	>	6	22	68
40	chr7	90410162	90410143	-	54.06	39.75	>	6	22	68
41	chr4	15328717	15328698	+	54.03	40.72	>	6	22	68
42	chr11	31949616	31949597	-	54.0	41.44	>	6	22	68
43	chr1	120586671	120586652	+	53.8	57.06	>	6	22	68
44	chr13	19698921	19698902	+	53.16	40.8	>	6	22	68
45	chr12	57825950	57825931	+	53.03	34.38	>	6	22	68
46	chr16	72215933	72215914	-	52.7	45.56	>	6	22	68
47	chr9	15685402	15685383	+	52.62	45.03	>	6	22	68
48	chr10	10321327	10321308	-	52.47	23.97	>	6	22	68
49	chr9	49494135	49494116	+	52.4	51.5	>	6	22	68
50	chr3	50906169	50906150	-	52.12	57.06	>	6	22	68
51	chr11	57467973	57467954	-	52.03	54.47	>	6	22	68
52	chr11	113165316	113165297	-	51.88	57.94	>	6	22	68
53	chr9	51152608	51152589	-	51.8	48.22	>	6	22	68
54	chr16	58299658	58299639	+	51.56	30.08	>	6	22	68
55	chr16	22564783	22564764	+	51.44	49.16	>	6	22	68
56	chr8	36523135	36523116	-	51.4	44.44	>	6	22	68
57	chr14	34810941	34810922	+	51.3	52.97	>	6	22	68
58	chr6	101261740	101261721	-	51.0	49.47	>	6	22	68
59	chr7	132213694	132213675	-	50.8	38.62	>	6	22	68
60	chr2	48886271	48886252	-	50.28	44.53	>	6	22	68
61	chr12	54060974	54060955	-	50.12	27.78	>	6	22	68
62	chr1	5905019	5905000	-	50.06	44.22	>	6	22	68
63	chr9	26776375	26776356	-	50.0	53.88	>	6	22	68
64	chr1	103799519	103799500	+	49.53	56.44	>	6	22	68
65	chr9	88222188	88222169	-	49.5	40.1	>	6	22	68
66	chr18	58481884	58481865	-	49.28	39.28	>	6	22	68
67	chr13	100112788	100112769	+	49.16	37.22	>	6	22	68
68	chr3	14679394	14679375	+	49.06	29.97	>	6	22	68
69	chr16	37109459	37109440	+	48.75	19.0	>	6	22	68
70	chr3	153655318	153655299	-	48.72	48.28	>	6	22	68
71	chr16	89765698	89765679	-	48.38	54.0	>	6	22	68
72	chr13	89543228	89543209	-	48.3	56.84	>	6	22	68
73	chr11	40149509	40149490	-	48.28	36.34	>	6	22	68
74	chr3	113080940	113080921	-	48.2	53.4	>	6	22	68
75	chr10	70963797	70963778	-	47.53	51.97	>	6	22	68
76	chr6	66533480	66533461	-	47.34	41.22	>	6	22	68
77	chr18	57976815	57976796	+	47.28	41.3	>	6	22	68
78	chr12	92303388	92303369	+	47.12	48.12	>	6	22	68
79	chr6	43686140	43686121	+	47.1	34.0	>	6	22	68
80	chr15	11038687	11038668	+	47.06	40.16	>	6	22	68
81	chr6	13281064	13281045	-	47.06	44.4	>	6	22	68
82	chr4	25180081	25180062	-	46.94	22.34	>	6	22	68
83	chr2	110229883	110229864	+	46.8	37.2	>	6	22	68
84	chr2	118638293	118638274	+	46.34	48.4	>	6	22	68
85	chr14	67674858	67674839	-	46.2	40.62	>	6	22	68
86	chr1	179477262	179477243	-	45.97	54.9	>	6	22	68
87	chr12	78056191	78056172	+	45.84	48.03	>	6	22	68
88	chr15	44836402	44836383	+	45.7	45.75	>	6	22	68
89	chr9	80293262	80293243	+	45.3	48.66	>	6	22	68
90	chr1	21411405	21411386	+	45.28	35.97	>	6	22	68
91	chr8	80483379	80483360	-	45.28	32.34	>	6	22	68
92	chr16	55477026	55477007	-	44.9	60.88	>	6	22	68
93	chr9	122729759	122729740	-	44.72	40.56	>	6	22	68
94	chr2	17415581	17415562	-	44.56	38.03	>	6	22	68
95	chr4	13778049	13778030	-	44.5	20.47	>	6	22	68
96	chr16	64748455	64748436	-	44.47	52.25	>	6	22	68
97	chr6	57570627	57570608	-	44.28	34.06	>	6	22	68
98	chr16	13117421	13117402	+	44.28	48.25	>	6	22	68
99	chr1	54381475	54381456	-	44.12	34.1	>	6	22	68
100	chr15	40166896	40166877	+	44.03	40.53	>	6	22	68
101	chr17	83271696	83271677	+	44.0	39.2	>	6	22	68
102	chr9	63136063	63136044	+	43.94	32.22	>	6	22	68
103	chr3	68056550	68056531	+	43.88	35.0	>	6	22	68
104	chr3	25220822	25220803	-	43.8	23.62	>	6	22	68
105	chr7	118102455	118102436	-	43.53	59.94	>	6	22	68
106	chr9	51335485	51335466	+	43.47	26.75	>	6	22	68
107	chr16	96671807	96671788	-	43.4	27.66	>	6	22	68
108	chr2	113494904	113494885	+	43.34	43.28	>	6	22	68
109	chr1	55404561	55404542	+	43.25	39.06	>	6	22	68
110	chr3	80079969	80079950	+	43.0	35.7	>	6	22	68
111	chr11	25862989	25862970	-	42.66	37.9	>	6	22	68
112	chr13	109213188	109213169	-	42.6	60.5	>	6	22	68
113	chr8	58566283	58566264	+	42.56	33.8	>	6	22	68
114	chr16	72218227	72218208	+	42.38	47.1	>	6	22	68
115	chr14	102510640	102510621	-	42.34	35.9	>	6	22	68
116	chr7	143154010	143153991	+	42.16	43.66	>	6	22	68
117	chr6	143219585	143219566	+	42.1	41.62	>	6	22	68
118	chr17	86906334	86906315	-	41.97	47.25	>	6	22	68
119	chr8	62080400	62080381	+	41.97	30.6	>	6	22	68
120	chr3	57843985	57843966	+	41.94	43.75	>	6	22	68
121	chr18	3495634	3495615	+	41.62	36.03	>	6	22	68
122	chr7	125393847	125393828	-	41.56	47.0	>	6	22	68
123	chr7	86211564	86211545	-	41.56	46.4	>	6	22	68
124	chr9	60245127	60245108	+	41.38	43.16	>	6	22	68
125	chr6	131353859	131353840	-	41.3	15.89	>	6	22	68
126	chr15	98173991	98173972	-	41.25	24.88	>	6	22	68
127	chr17	88641249	88641230	-	41.12	34.25	>	6	22	68
128	chr9	87027908	87027889	+	41.1	38.34	>	6	22	68
129	chr4	70621553	70621534	-	40.97	48.38	>	6	22	68
130	chr12	41487236	41487217	-	40.88	35.94	>	6	22	68
131	chr4	127368548	127368529	+	40.8	49.72	>	6	22	68
132	chr8	50293750	50293731	-	40.75	48.2	>	6	22	68
133	chr16	27468981	27468962	+	40.75	34.62	>	6	22	68
134	chr7	121641354	121641335	-	40.7	30.69	>	6	22	68
135	chr3	29726795	29726776	-	40.7	30.42	>	6	22	68
136	chr14	29110872	29110853	-	40.66	51.22	>	6	22	68
137	chr13	116712427	116712408	-	40.62	33.1	>	6	22	68
138	chr18	19939562	19939543	-	40.47	45.7	>	6	22	68
139	chr15	80704533	80704514	-	40.28	46.53	>	6	22	68
140	chr18	50137074	50137055	+	40.28	37.62	>	6	22	68
141	chr13	15763212	15763193	-	40.25	29.53	>	6	22	68
142	chr19	50185486	50185467	+	40.22	44.2	>	6	22	68
143	chr12	74013965	74013946	-	40.22	40.8	>	6	22	68
144	chr1	138835543	138835524	+	40.06	20.81	>	6	22	68
145	chr15	55550924	55550905	-	40.06	37.12	>	6	22	68
146	chr1	61771439	61771420	-	40.06	23.55	>	6	22	68
147	chr12	34664961	34664942	+	40.0	19.7	>	6	22	68
148	chr14	78288101	78288082	-	39.8	38.8	>	6	22	68
149	chr2	4499416	4499397	+	39.78	33.88	>	6	22	68
150	chr13	30260132	30260113	-	39.75	32.75	>	6	22	68
151	chr9	68015271	68015252	+	39.2	39.0	>	6	22	68
152	chr1	126993502	126993483	-	39.06	47.2	>	6	22	68
153	chr16	25349824	25349805	-	39.0	41.2	>	6	22	68
154	chr1	14729249	14729230	-	38.94	39.3	>	6	22	68
155	chr15	59389427	59389408	+	38.7	46.34	>	6	22	68
156	chr6	100882590	100882571	+	38.66	49.44	>	6	22	68
157	chr3	9711121	9711102	+	38.62	35.47	>	6	22	68
158	chr6	21214019	21214000	-	38.47	24.2	>	6	22	68
159	chr17	42603617	42603598	-	38.47	42.5	>	6	22	68
160	chr4	80517548	80517529	-	38.47	41.4	>	6	22	68
161	chr9	85328584	85328565	-	38.28	30.06	>	6	22	68
162	chr17	44262001	44261982	+	38.22	44.16	>	6	22	68
163	chr10	102449665	102449646	+	38.2	48.84	>	6	22	68
164	chr17	14520745	14520726	-	38.12	30.45	>	6	22	68
165	chr13	51830925	51830906	+	38.0	56.0	>	6	22	68
166	chr12	83502436	83502417	-	37.97	34.4	>	6	22	68
167	chr5	75853265	75853246	-	37.94	27.88	>	6	22	68
168	chr13	110382742	110382723	+	37.88	61.84	>	6	22	68
169	chr5	62481159	62481140	-	37.8	35.4	>	6	22	68
170	chr7	49121503	49121484	-	37.7	29.61	>	6	22	68
171	chr15	11966575	11966556	-	37.66	34.72	>	6	22	68
172	chr3	31146135	31146116	+	37.53	44.5	>	6	22	68
173	chr2	37815879	37815860	+	37.47	39.2	>	6	22	68
174	chr5	33033442	33033423	-	37.44	48.28	>	6	22	68
175	chr9	7595466	7595447	-	37.4	28.72	>	6	22	68
176	chr5	21641153	21641134	-	37.3	33.66	>	6	22	68
177	chr14	48367302	48367283	-	37.12	39.88	>	6	22	68
178	chr17	14524624	14524605	+	37.1	38.88	>	6	22	68
179	chr4	84064835	84064816	+	37.06	23.38	>	6	22	68
180	chr4	63368786	63368767	+	37.06	51.6	>	6	22	68
181	chr5	102149680	102149661	+	37.03	38.97	>	6	22	68
182	chr12	32897684	32897665	-	36.88	40.9	>	6	22	68
183	chr16	91936532	91936513	+	36.72	43.06	>	6	22	68
184	chr6	37046379	37046360	-	36.72	47.7	>	6	22	68
185	chr18	59081896	59081877	+	36.7	37.34	>	6	22	68
186	chr6	103697552	103697533	-	36.3	43.6	>	6	22	68
187	chr18	19937930	19937911	+	36.3	37.56	>	6	22	68
188	chr6	93757594	93757575	+	36.28	18.31	>	6	22	68
189	chr17	9756371	9756352	+	36.28	21.2	>	6	22	68
190	chr2	96585854	96585835	+	36.25	26.84	>	6	22	68
191	chr11	82915176	82915157	+	36.2	36.34	>	6	22	68
192	chr6	6005837	6005818	+	36.03	35.2	>	6	22	68
193	chr1	98392238	98392219	-	36.03	38.97	>	6	22	68
194	chr7	48749384	48749365	+	35.94	38.3	>	6	22	68
195	chr11	105911812	105911793	-	35.9	37.8	>	6	22	68
196	chr10	45045486	45045467	-	35.8	35.22	>	6	22	68
197	chr2	4492748	4492729	-	35.75	19.97	>	6	22	68
198	chr6	18087397	18087378	+	35.75	40.84	>	6	22	68
199	chr5	90203341	90203322	+	35.7	41.12	>	6	22	68
200	chr7	136489148	136489129	+	35.62	28.06	>	6	22	68
201	chr9	109862620	109862601	-	35.6	34.12	>	6	22	68
202	chr15	59876355	59876336	+	35.3	32.16	>	6	22	68
203	chr14	76473612	76473593	-	35.25	45.66	>	6	22	68
204	chr3	128349320	128349301	+	35.03	41.75	>	6	22	68
205	chr3	45375963	45375944	+	35.03	23.92	>	6	22	68
206	chr3	133314669	133314650	+	34.97	39.0	>	6	22	68
207	chr1	96801850	96801831	-	34.84	30.55	>	6	22	68
208	chr7	115216958	115216939	+	34.62	30.45	>	6	22	68
209	chr9	59282577	59282558	-	34.62	26.88	>	6	22	68
210	chr2	148112135	148112116	-	34.5	31.5	>	6	22	68
211	chr18	52457916	52457897	-	34.47	28.2	>	6	22	68
212	chr6	56691454	56691435	-	34.34	42.2	>	6	22	68
213	chr13	20292580	20292561	-	34.3	38.5	>	6	22	68
214	chr13	57260119	57260100	-	34.25	52.66	>	6	22	68
215	chr13	113877615	113877596	+	34.25	36.75	>	6	22	68
216	chr13	116715029	116715010	-	34.1	31.72	>	6	22	68
217	chr4	83596692	83596673	-	34.1	52.75	>	6	22	68
218	chr8	64941619	64941600	-	34.06	33.75	>	6	22	68
219	chr3	51701488	51701469	+	34.03	22.56	>	6	22	68
220	chr14	120061322	120061303	-	33.84	29.2	>	6	22	68
221	chr7	75910166	75910147	+	33.8	57.6	>	6	22	68
222	chr4	98702698	98702679	-	33.78	31.62	>	6	22	68
223	chr3	146185137	146185118	+	33.62	52.6	>	6	22	68
224	chr4	151157152	151157133	+	33.53	59.38	>	6	22	68
225	chr5	43391861	43391842	-	33.5	21.5	>	6	22	68
226	chr11	93856511	93856492	-	33.47	26.19	>	6	22	68
227	chr14	59605843	59605824	+	33.47	40.3	>	6	22	68
228	chr14	84438580	84438561	+	33.44	23.31	>	6	22	68
229	chr12	50943824	50943805	-	33.28	38.56	>	6	22	68
230	chr7	83550335	83550316	-	33.2	30.12	>	6	22	68
231	chr6	117167008	117166989	+	33.03	30.3	>	6	22	68
232	chr4	12538791	12538772	+	33.0	21.84	>	6	22	68
233	chr18	47353079	47353060	+	32.84	24.58	>	6	22	68
234	chr5	12541496	12541477	-	32.72	22.56	>	6	22	68
235	chr2	60721127	60721108	+	32.72	22.53	>	6	22	68
236	chr11	78838251	78838232	+	32.72	51.5	>	6	22	68
237	chr8	73356225	73356206	+	32.62	23.39	>	6	22	68
238	chr12	10598567	10598548	+	32.5	41.56	>	6	22	68
239	chr19	20345158	20345139	-	32.25	47.94	>	6	22	68
240	chr17	58909486	58909467	-	32.16	39.4	>	6	22	68
241	chr10	69655037	69655018	-	32.12	36.56	>	6	22	68
242	chr4	3967733	3967714	-	32.12	41.75	>	6	22	68
243	chr16	21192795	21192776	-	32.06	38.78	>	6	22	68
244	chr11	12291593	12291574	-	32.0	15.54	>	6	22	68
245	chr11	117385082	117385063	+	31.83	36.6	>	6	22	68
246	chr12	32292095	32292076	+	31.73	20.83	>	6	22	68
247	chr4	64833096	64833077	+	31.69	34.34	>	6	22	68
248	chr13	47301245	47301226	+	31.67	43.9	>	6	22	68
249	chr1	89631957	89631938	-	31.56	45.38	>	6	22	68
250	chr9	69296601	69296582	-	31.53	38.66	>	6	22	68
251	chr3	53735364	53735345	+	31.28	24.5	>	6	22	68
252	chr10	45373471	45373452	-	31.2	37.7	>	6	22	68
253	chr8	91797725	91797706	+	31.19	30.23	>	6	22	68
254	chr4	88035662	88035643	+	31.06	19.66	>	6	22	68
255	chr2	75151187	75151168	-	31.05	37.9	>	6	22	68
256	chr14	66791971	66791952	-	31.02	32.1	>	6	22	68
257	chr2	93199062	93199043	-	30.9	51.25	>	6	22	68
258	chr2	73551006	73550987	+	30.86	53.72	>	6	22	68
259	chr12	89451144	89451125	-	30.81	40.1	>	6	22	68
260	chr16	66086729	66086710	-	30.81	33.7	>	6	22	68
261	chr14	114791647	114791628	-	30.72	37.2	>	6	22	68
262	chr4	43420547	43420528	-	30.61	34.5	>	6	22	68
263	chr1	87447687	87447668	+	30.56	32.53	>	6	22	68
264	chr15	55306471	55306452	+	30.56	24.06	>	6	22	68
265	chr15	97667578	97667559	+	30.52	37.12	>	6	22	68
266	chr2	16359548	16359529	+	30.47	16.92	>	6	22	68
267	chr14	8356099	8356080	+	30.42	51.06	>	6	22	68
268	chr3	19894816	19894797	-	30.38	33.66	>	6	22	68
269	chr12	43813750	43813731	-	30.34	24.06	>	6	22	68
270	chr2	27770378	27770359	+	30.12	46.8	>	6	22	68
271	chr16	48675836	48675817	-	30.12	28.97	>	6	22	68
272	chr10	13016733	13016714	+	30.1	53.44	>	6	22	68
273	chr2	76367359	76367340	+	30.05	30.6	>	6	22	68
274	chr2	115515230	115515211	+	30.05	12.29	>	6	22	68
275	chr19	16785108	16785089	-	30.03	27.4	>	6	22	68
276	chr3	78948444	78948425	+	30.03	29.16	>	6	22	68
277	chr1	37250876	37250857	-	29.94	25.45	>	6	22	68
278	chr18	74431409	74431390	+	29.94	28.48	>	6	22	68
279	chr1	38787652	38787633	-	29.89	46.22	>	6	22	68
280	chr3	14874584	14874565	+	29.88	22.88	>	6	22	68
281	chr9	69505778	69505759	+	29.88	30.58	>	6	22	68
282	chr10	84450913	84450894	-	29.77	31.7	>	6	22	68
283	chr2	172216047	172216028	-	29.77	65.06	>	6	22	68
284	chr10	97712895	97712876	+	29.72	22.83	>	6	22	68
285	chr1	4770074	4770055	+	29.72	39.66	>	6	22	68
286	chr12	50301580	50301561	-	29.69	16.55	>	6	22	68
287	chr15	85266923	85266904	+	29.69	42.06	>	6	22	68
288	chr4	85403030	85403011	+	29.62	27.23	>	6	22	68
289	chr6	97526370	97526351	-	29.53	31.17	>	6	22	68
290	chr8	112046096	112046077	+	29.5	62.6	>	6	22	68
291	chr12	96311368	96311349	-	29.48	23.8	>	6	22	68
292	chr1	93507239	93507220	-	29.45	32.5	>	6	22	68
293	chr13	21714927	21714908	+	29.4	37.72	>	6	22	68
294	chr6	49008180	49008161	+	29.38	27.1	>	6	22	68
295	chr17	17749545	17749526	-	29.36	32.88	>	6	22	68
296	chr6	145360253	145360234	+	29.34	33.62	>	6	22	68
297	chr7	17066630	17066611	-	29.27	41.75	>	6	22	68
298	chr12	81788850	81788831	-	29.25	32.47	>	6	22	68
299	chr7	129649172	129649153	+	29.19	42.88	>	6	22	68
300	chr14	104039053	104039034	+	29.17	41.16	>	6	22	68
301	chr13	41634744	41634725	-	29.08	40.84	>	6	22	68
302	chr7	138835232	138835213	-	29.02	47.88	>	6	22	68
303	chr15	97195797	97195778	+	28.92	38.5	>	6	22	68
304	chr1	119087737	119087718	+	28.89	50.28	>	6	22	68
305	chr4	85819373	85819354	-	28.86	29.28	>	6	22	68
306	chr11	30657307	30657288	-	28.86	6.477	>	6	22	68
307	chr5	49369245	49369226	+	28.66	27.94	>	6	22	68
308	chr6	106805067	106805048	+	28.61	20.38	>	6	22	68
309	chr6	31660958	31660939	+	28.53	52.9	>	6	22	68
310	chr12	8306749	8306730	-	28.48	47.94	>	6	22	68
311	chr13	42822785	42822766	-	28.47	44.4	>	6	22	68
312	chr15	34968778	34968759	+	28.4	27.94	>	6	22	68
313	chr7	68369859	68369840	+	28.38	58.97	>	6	22	68
314	chr15	80266443	80266424	+	28.33	34.62	>	6	22	68
315	chr6	102171110	102171091	+	28.19	24.06	>	6	22	68
316	chr16	72605273	72605254	-	28.11	17.7	>	6	22	68
317	chr18	65490506	65490487	+	28.06	33.94	>	6	22	68
318	chr3	55373775	55373756	+	28.0	19.75	>	6	22	68
319	chr1	53927814	53927795	-	27.97	28.48	>	6	22	68
320	chr2	160368066	160368047	-	27.95	21.97	>	6	22	68
321	chr10	42295232	42295213	-	27.94	37.8	>	6	22	68
322	chr7	116040411	116040392	-	27.9	26.19	>	6	22	68
323	chr10	116197535	116197516	-	27.81	28.58	>	6	22	68
324	chr5	20773533	20773514	-	27.81	20.77	>	6	22	68
325	chr12	80725012	80724993	-	27.73	38.97	>	6	22	68
326	chr15	66899881	66899862	-	27.6	21.5	>	6	22	68
327	chr18	16822208	16822189	-	27.56	13.28	>	6	22	68
328	chr18	14503254	14503235	-	27.55	19.48	>	6	22	68
329	chr5	98344786	98344767	+	27.44	28.3	>	6	22	68
330	chr10	77517236	77517217	+	27.39	30.44	>	6	22	68
331	chr1	44741472	44741453	-	27.38	6.344	>	6	22	68
332	chr6	127945983	127945964	-	27.28	24.97	>	6	22	68
333	chr16	42914955	42914936	-	27.27	20.78	>	6	22	68
334	chr18	39137558	39137539	+	27.11	15.805	>	6	22	68
335	chr13	42575907	42575888	+	27.11	22.34	>	6	22	68
336	chr2	13278209	13278190	+	27.06	48.53	>	6	22	68
337	chr18	43836585	43836566	-	27.06	22.66	>	6	22	68
338	chr4	114647896	114647877	+	27.05	26.58	>	6	22	68
339	chr16	44149214	44149195	-	27.03	37.28	>	6	22	68
340	chr13	109776299	109776280	+	27.02	27.47	>	6	22	68
341	chr19	30217515	30217496	+	27.0	44.25	>	6	22	68
342	chr6	61316075	61316056	+	26.94	38.16	>	6	22	68
343	chr17	78598832	78598813	+	26.92	37.16	>	6	22	68
344	chr2	117231457	117231438	-	26.88	23.62	>	6	22	68
345	chr4	115101816	115101797	+	26.84	34.88	>	6	22	68
346	chr10	57448131	57448112	-	26.8	44.97	>	6	22	68
347	chr13	113046665	113046646	+	26.77	22.72	>	6	22	68
348	chr4	110022447	110022428	-	26.58	43.47	>	6	22	68
349	chr7	101653829	101653810	+	26.5	47.97	>	6	22	68
350	chr5	67756338	67756319	+	26.5	26.55	>	6	22	68
351	chr3	62192717	62192698	-	26.5	17.1	>	6	22	68
352	chr10	17728146	17728127	-	26.45	14.96	>	6	22	68
353	chr5	37752557	37752538	-	26.33	30.73	>	6	22	68
354	chr1	60961316	60961297	-	26.3	26.22	>	6	22	68
355	chr17	68176981	68176962	+	26.27	18.84	>	6	22	68
356	chr7	37357871	37357852	-	26.2	67.6	>	6	22	68
357	chr4	32572316	32572297	-	26.16	44.75	>	6	22	68
358	chr4	96696741	96696722	+	26.12	32.22	>	6	22	68
359	chr4	109729491	109729472	-	26.06	50.3	>	6	22	68
360	chr10	111977780	111977761	+	25.78	32.1	>	6	22	68
361	chr5	45424489	45424470	-	25.73	30.9	>	6	22	68
362	chr2	61494577	61494558	-	25.72	22.25	>	6	22	68
363	chr6	13287046	13287027	+	25.69	21.62	>	6	22	68
364	chr9	116060829	116060810	+	25.66	36.5	>	6	22	68
365	chr8	17537753	17537734	-	25.64	36.44	>	6	22	68
366	chr9	77781636	77781617	-	25.62	27.94	>	6	22	68
367	chr15	5106460	5106441	-	25.56	29.45	>	6	22	68
368	chr17	93141334	93141315	-	25.53	33.03	>	6	22	68
369	chr6	97759520	97759501	+	25.52	17.88	>	6	22	68
370	chr8	119384750	119384731	-	25.47	45.94	>	6	22	68
371	chr6	88113322	88113303	+	25.38	41.75	>	6	22	68
372	chr15	101984527	101984508	-	25.38	56.7	>	6	22	68
373	chr8	54493335	54493316	-	25.34	39.7	>	6	22	68
374	chr9	24119622	24119603	+	25.33	14.83	>	6	22	68
375	chr3	50077169	50077150	-	25.31	24.22	>	6	22	68
376	chr4	47419767	47419748	+	25.23	44.03	>	6	22	68
377	chr2	76115910	76115891	+	25.22	28.97	>	6	22	68
378	chr15	67174759	67174740	+	25.2	12.74	>	6	22	68
379	chr8	125574509	125574490	+	25.17	12.85	>	6	22	68
380	chr1	161737065	161737046	-	25.11	39.75	>	6	22	68
381	chr3	85571455	85571436	-	25.1	9.7	>	6	22	68
382	chr18	19577078	19577059	-	25.02	27.28	>	6	22	68
383	chr19	36083087	36083068	-	25.0	29.4	>	6	22	68
384	chr8	115709616	115709597	-	24.98	9.14	>	6	22	68
385	chr10	126330794	126330775	-	24.84	24.02	>	6	22	68
386	chr15	25993551	25993532	+	24.81	33.28	>	6	22	68
387	chr5	131430355	131430336	-	24.78	45.44	>	6	22	68
388	chr1	9545352	9545333	-	24.78	38.06	>	6	22	68
389	chr19	28768445	28768426	-	24.75	36.44	>	6	22	68
390	chr10	24630876	24630857	+	24.72	22.94	>	6	22	68
391	chr17	54351102	54351083	+	24.53	15.79	>	6	22	68
392	chr16	20496806	20496787	+	24.47	28.86	>	6	22	68
393	chr12	109394024	109394005	-	24.44	15.02	>	6	22	68
394	chr13	21803288	21803269	-	24.42	40.1	>	6	22	68
395	chr3	103392995	103392976	+	24.38	33.9	>	6	22	68
396	chr15	25428758	25428739	+	24.31	24.08	>	6	22	68
397	chr3	135206860	135206841	-	24.3	9.21	>	6	22	68
398	chr8	65139261	65139242	+	24.3	33.56	>	6	22	68
399	chr9	29650850	29650831	-	24.23	35.72	>	6	22	68
400	chr3	127971093	127971074	+	24.2	46.1	>	6	22	68
401	chr2	104035038	104035019	+	24.16	33.7	>	6	22	68
402	chr9	81635302	81635283	+	24.11	12.08	>	6	22	68
403	chr6	95484597	95484578	+	24.03	13.41	>	6	22	68
404	chr14	72293991	72293972	-	23.83	34.2	>	6	22	68
405	chr18	65490035	65490016	-	23.72	29.94	>	6	22	68
406	chr12	38123788	38123769	-	23.66	16.0	>	6	22	68
407	chr18	70184838	70184819	-	23.66	11.39	>	6	22	68
408	chr3	152095252	152095233	-	23.53	23.67	>	6	22	68
409	chr8	32002994	32002975	-	23.5	23.94	>	6	22	68
410	chr11	22206830	22206811	-	23.48	11.1	>	6	22	68
411	chr5	76541051	76541032	-	23.44	19.22	>	6	22	68
412	chr10	52106337	52106318	+	23.38	22.61	>	6	22	68
413	chr1	84697462	84697443	-	23.38	25.22	>	6	22	68
414	chr1	67181385	67181366	+	23.34	35.0	>	6	22	68
415	chr6	101267027	101267008	+	23.31	12.77	>	6	22	68
416	chr6	129255175	129255156	-	23.25	41.8	>	6	22	68
417	chr4	115710017	115709998	-	23.19	25.83	>	6	22	68
418	chr2	118241614	118241595	-	23.19	37.16	>	6	22	68
419	chr8	71371784	71371765	+	23.11	28.11	>	6	22	68
420	chr7	73422670	73422651	-	23.11	37.7	>	6	22	68
421	chr5	33039602	33039583	+	23.05	27.48	>	6	22	68
422	chr2	153143004	153142985	-	23.02	20.31	>	6	22	68
423	chr14	98181824	98181805	-	23.0	7.93	>	6	22	68
424	chr2	136887058	136887039	-	22.97	12.49	>	6	22	68
425	chr1	135136701	135136682	-	22.88	42.44	>	6	22	68
426	chr5	4948481	4948462	-	22.86	27.0	>	6	22	68
427	chr10	71422814	71422795	+	22.81	51.25	>	6	22	68
428	chr8	64597251	64597232	-	22.66	30.06	>	6	22	68
429	chr1	162336834	162336815	-	22.45	14.914	>	6	22	68
430	chr9	94738996	94738977	+	22.42	42.94	>	6	22	68
431	chr17	53403136	53403117	+	22.4	18.28	>	6	22	68
432	chr2	155811920	155811901	-	22.36	51.28	>	6	22	68
433	chr12	52010769	52010750	+	22.33	16.6	>	6	22	68
434	chr3	44912870	44912851	-	22.31	11.58	>	6	22	68
435	chr5	98348848	98348829	+	22.25	34.97	>	6	22	68
436	chr15	80706301	80706282	+	22.25	25.52	>	6	22	68
437	chr1	167932285	167932266	-	22.22	36.66	>	6	22	68
438	chr14	121455709	121455690	-	22.2	25.7	>	6	22	68
439	chr4	98243714	98243695	-	22.16	26.34	>	6	22	68
440	chr4	143027468	143027449	+	22.14	29.11	>	6	22	68
441	chr2	153668926	153668907	+	22.14	25.36	>	6	22	68
442	chr9	41461929	41461910	-	22.14	12.42	>	6	22	68
443	chr4	109431143	109431124	-	22.1	22.34	>	6	22	68
444	chr5	44831505	44831486	-	22.08	22.05	>	6	22	68
445	chr8	119676601	119676582	-	22.03	33.06	>	6	22	68
446	chr17	40824060	40824041	-	22.02	34.28	>	6	22	68
447	chr15	37102366	37102347	-	22.0	13.84	>	6	22	68
448	chr1	119083862	119083843	-	21.92	45.47	>	6	22	68
449	chr5	41044703	41044684	-	21.78	28.61	>	6	22	68
450	chr19	24622032	24622013	+	21.77	22.19	>	6	22	68
451	chr3	58159626	58159607	-	21.75	32.1	>	6	22	68
452	chr1	38130140	38130121	-	21.75	23.66	>	6	22	68
453	chr2	129472129	129472110	-	21.73	30.17	>	6	22	68
454	chr9	15682043	15682024	-	21.73	11.22	>	6	22	68
455	chr9	69502720	69502701	-	21.7	34.7	>	6	22	68
456	chr14	21120676	21120657	+	21.69	43.16	>	6	22	68
457	chr7	110645588	110645569	-	21.69	43.56	>	6	22	68
458	chr16	78950579	78950560	-	21.64	3.295	>	6	22	68
459	chr7	131899517	131899498	+	21.56	16.44	>	6	22	68
460	chr8	106403484	106403465	-	21.53	20.23	>	6	22	68
461	chr17	73303429	73303410	+	21.48	50.6	>	6	22	68
462	chr1	83727325	83727306	+	21.48	26.81	>	6	22	68
463	chr13	29857603	29857584	+	21.42	9.836	>	6	22	68
464	chr14	104033786	104033767	+	21.34	21.16	>	6	22	68
465	chr7	119011391	119011372	+	21.31	35.56	>	6	22	68
466	chr1	69165377	69165358	+	21.31	25.0	>	6	22	68
467	chr1	192727176	192727157	+	21.28	21.9	>	6	22	68
468	chr9	50438293	50438274	-	21.2	27.17	>	6	22	68
469	chr15	46990407	46990388	-	21.14	10.516	>	6	22	68
470	chr13	73646874	73646855	+	21.14	37.5	>	6	22	68
471	chr16	67089956	67089937	+	21.12	15.94	>	6	22	68
472	chr2	83332995	83332976	-	21.02	18.14	>	6	22	68
473	chr8	10415030	10415011	+	21.0	37.3	>	6	22	68
474	chr1	35716149	35716130	-	20.89	18.69	>	6	22	68
475	chr7	43920039	43920020	-	20.83	34.3	>	6	22	68
476	chr8	15138726	15138707	+	20.81	41.03	>	6	22	68
477	chr13	6515705	6515686	+	20.8	28.08	>	6	22	68
478	chr2	64948996	64948977	-	20.72	23.2	>	6	22	68
479	chr19	20345737	20345718	+	20.7	55.44	>	6	22	68
480	chr5	33994851	33994832	+	20.64	14.97	>	6	22	68
481	chr14	76479953	76479934	+	20.62	37.16	>	6	22	68
482	chr3	144737048	144737029	+	20.58	28.33	>	6	22	68
483	chr2	13597223	13597204	-	20.5	12.72	>	6	22	68
484	chr9	118908437	118908418	-	20.5	27.45	>	6	22	68
485	chr4	153484615	153484596	-	20.39	17.89	>	6	22	68
486	chr19	12433211	12433192	+	20.36	28.34	>	6	22	68
487	chr15	31611224	31611205	+	20.34	11.17	>	6	22	68
488	chr3	107206198	107206179	+	20.34	39.22	>	6	22	68
489	chr17	86909946	86909927	+	20.31	22.38	>	6	22	68
490	chr7	89473669	89473650	-	20.22	24.19	>	6	22	68
491	chr6	35252603	35252584	+	20.22	32.56	>	6	22	68
492	chr6	126168001	126167982	-	20.17	8.76	>	6	22	68
493	chr16	42169942	42169923	+	20.12	43.34	>	6	22	68
494	chr6	90607354	90607335	+	20.11	24.86	>	6	22	68
495	chr6	31664664	31664645	+	20.11	41.5	>	6	22	68
496	chr13	100002039	100002020	+	20.02	21.73	>	6	22	68
497	chr6	97523337	97523318	-	19.97	25.72	>	6	22	68
498	chr4	123529452	123529433	-	19.95	17.69	>	6	22	68
499	chr18	53744741	53744722	-	19.94	29.1	>	6	22	68
500	chr9	13849232	13849213	+	19.9	15.484	>	6	22	68
501	chr15	14052128	14052109	-	19.89	12.375	>	6	22	68
502	chr3	68053761	68053742	-	19.88	27.33	>	6	22	68
503	chr14	50799990	50799971	+	19.83	30.28	>	6	22	68
504	chr8	50292348	50292329	+	19.83	31.36	>	6	22	68
505	chr19	52993242	52993223	-	19.81	45.25	>	6	22	68
506	chr8	24546435	24546416	-	19.8	56.1	>	6	22	68
507	chr2	166085186	166085167	+	19.78	40.2	>	6	22	68
508	chr15	80260893	80260874	-	19.75	33.7	>	6	22	68
509	chr18	75606699	75606680	+	19.72	50.94	>	6	22	68
510	chr2	135957961	135957942	-	19.69	27.1	>	6	22	68
511	chr11	75179118	75179099	+	19.67	22.83	>	6	22	68
512	chr6	77628987	77628968	+	19.66	40.56	>	6	22	68
513	chr4	82614384	82614365	-	19.62	15.836	>	6	22	68
514	chr17	27190013	27189994	+	19.5	26.89	>	6	22	68
515	chr14	121451301	121451282	-	19.45	26.11	>	6	22	68
516	chr9	69987821	69987802	-	19.44	12.234	>	6	22	68
517	chr6	40479902	40479883	+	19.42	24.72	>	6	22	68
518	chr4	82619779	82619760	-	19.42	11.22	>	6	22	68
519	chr2	160593235	160593216	-	19.4	45.8	>	6	22	68
520	chr4	48691990	48691971	+	19.4	34.88	>	6	22	68
521	chr1	11140123	11140104	-	19.39	7.324	>	6	22	68
522	chr6	67858160	67858141	+	19.36	18.55	>	6	22	68
523	chr1	91914028	91914009	+	19.36	22.06	>	6	22	68
524	chr15	76196896	76196877	+	19.33	35.8	>	6	22	68
525	chr11	43767011	43766992	+	19.27	27.44	>	6	22	68
526	chr17	8463677	8463658	+	19.23	31.38	>	6	22	68
527	chr2	60442102	60442083	-	19.22	10.555	>	6	22	68
528	chr10	8242562	8242543	+	19.2	18.4	>	6	22	68
529	chr15	8382407	8382388	+	19.16	11.64	>	6	22	68
530	chr19	11360302	11360283	+	19.14	15.06	>	6	22	68
531	chr12	79305335	79305316	+	19.11	29.94	>	6	22	68
532	chr13	38992697	38992678	+	19.03	12.445	>	6	22	68
533	chr8	91147955	91147936	-	19.0	26.05	>	6	22	68
534	chr13	64443476	64443457	+	19.0	35.6	>	6	22	68
535	chr8	117898214	117898195	+	18.92	34.16	>	6	22	68
536	chr11	42423473	42423454	-	18.77	18.48	>	6	22	68
537	chr9	114957195	114957176	-	18.77	27.38	>	6	22	68
538	chr5	149647926	149647907	+	18.72	23.06	>	6	22	68
539	chr5	128440068	128440049	-	18.69	40.7	>	6	22	68
540	chr6	90606762	90606743	-	18.67	32.6	>	6	22	68
541	chr10	58560031	58560012	+	18.67	23.25	>	6	22	68
542	chr18	25538443	25538424	+	18.66	23.94	>	6	22	68
543	chr11	22987510	22987491	+	18.56	23.83	>	6	22	68
544	chr13	57269837	57269818	-	18.55	36.6	>	6	22	68
545	chr13	53096854	53096835	-	18.55	32.88	>	6	22	68
546	chr7	124783020	124783001	-	18.55	23.44	>	6	22	68
547	chr7	40687242	40687223	-	18.52	26.28	>	6	22	68
548	chr4	109438113	109438094	+	18.45	31.61	>	6	22	68
549	chr13	46663777	46663758	-	18.45	5.215	>	6	22	68
550	chr2	21927862	21927843	-	18.45	17.72	>	6	22	68
551	chr11	72564476	72564457	-	18.39	17.95	>	6	22	68
552	chr14	57362951	57362932	-	18.3	10.125	>	6	22	68
553	chr13	54063511	54063492	-	18.3	12.516	>	6	22	68
554	chr8	127191530	127191511	+	18.27	39.03	>	6	22	68
555	chr4	24249781	24249762	+	18.25	8.38	>	6	22	68
556	chr1	175603551	175603532	-	18.2	12.0	>	6	22	68
557	chr7	131897479	131897460	+	18.19	16.34	>	6	22	68
558	chr2	125259455	125259436	-	18.17	32.72	>	6	22	68
559	chr8	11943262	11943243	-	18.0	20.05	>	6	22	68
560	chr13	74861814	74861795	+	17.98	11.664	>	6	22	68
561	chr3	37302880	37302861	-	17.98	17.84	>	6	22	68
562	chr2	165391753	165391734	+	17.95	20.97	>	6	22	68
563	chr1	167669968	167669949	-	17.94	39.3	>	6	22	68
564	chr14	24311319	24311300	+	17.89	24.48	>	6	22	68
565	chr6	125622660	125622641	+	17.86	24.67	>	6	22	68
566	chr16	91694897	91694878	+	17.83	21.03	>	6	22	68
567	chr7	100886752	100886733	-	17.8	33.3	>	6	22	68
568	chr2	165779092	165779073	+	17.7	43.9	>	6	22	68
569	chr4	118988734	118988715	-	17.7	12.37	>	6	22	68
570	chr9	111939788	111939769	+	17.64	16.92	>	6	22	68
571	chr9	40806571	40806552	+	17.64	39.78	>	6	22	68
572	chr19	21571392	21571373	+	17.64	11.9	>	6	22	68
573	chr10	49785057	49785038	-	17.56	2.498	>	6	22	68
574	chr3	84922220	84922201	+	17.47	28.94	>	6	22	68
575	chr12	7991018	7990999	+	17.47	17.66	>	6	22	68
576	chr8	106687694	106687675	+	17.45	42.0	>	6	22	68
577	chr19	15998346	15998327	+	17.33	27.56	>	6	22	68
578	chr10	30838389	30838370	+	17.3	7.543	>	6	22	68
579	chr2	6469364	6469345	-	17.28	15.65	>	6	22	68
580	chr9	59678540	59678521	-	17.28	29.06	>	6	22	68
581	chr18	60143536	60143517	-	17.25	6.348	>	6	22	68
582	chr2	76114972	76114953	-	17.25	26.88	>	6	22	68
583	chr1	192722361	192722342	-	17.23	36.0	>	6	22	68
584	chr13	6737153	6737134	+	17.23	24.25	>	6	22	68
585	chr10	116199232	116199213	+	17.23	24.89	>	6	22	68
586	chr18	6627309	6627290	+	17.06	30.4	>	6	22	68
587	chr7	117375969	117375950	-	17.03	13.42	>	6	22	68
588	chr11	7200225	7200206	+	17.03	39.34	>	6	22	68
589	chr3	152474817	152474798	+	16.98	9.51	>	6	22	68
590	chr12	4107565	4107546	+	16.97	22.11	>	6	22	68
591	chr18	78212287	78212268	-	16.83	18.31	>	6	22	68
592	chr2	17842170	17842151	-	16.81	6.844	>	6	22	68
593	chr5	112429191	112429172	-	16.78	14.19	>	6	22	68
594	chr9	54169687	54169668	+	16.73	16.64	>	6	22	68
595	chr9	78597063	78597044	+	16.73	17.98	>	6	22	68
596	chr2	125556029	125556010	+	16.69	19.19	>	6	22	68
597	chr4	86545837	86545818	-	16.69	26.34	>	6	22	68
598	chr11	34229190	34229171	+	16.55	19.56	>	6	22	68
599	chr13	60479163	60479144	+	16.52	1.697	>	6	22	68
600	chr11	57788119	57788100	+	16.36	29.88	>	6	22	68
601	chr5	117504639	117504620	+	16.36	53.34	>	6	22	68
602	chr1	128368923	128368904	+	16.28	14.01	>	6	22	68
603	chr14	51098507	51098488	-	16.28	41.22	>	6	22	68
604	chr10	14404268	14404249	+	16.23	20.66	>	6	22	68
605	chr18	65752297	65752278	-	16.1	16.11	>	6	22	68
606	chr3	59077498	59077479	+	16.1	40.72	>	6	22	68
607	chr1	119919473	119919454	+	16.06	20.62	>	6	22	68
608	chr1	86598699	86598680	+	16.03	48.72	>	6	22	68
609	chr1	80178208	80178189	-	16.0	17.12	>	6	22	68
610	chr15	64132164	64132145	+	15.96	15.336	>	6	22	68
611	chr2	4652218	4652199	-	15.91	22.83	>	6	22	68
612	chr9	40805489	40805470	-	15.86	35.53	>	6	22	68
613	chr13	30549079	30549060	-	15.805	25.34	>	6	22	68
614	chr3	82350530	82350511	-	15.805	7.78	>	6	22	68
615	chr7	81155234	81155215	-	15.805	19.0	>	6	22	68
616	chr4	107701325	107701306	-	15.8	18.55	>	6	22	68
617	chr11	76655250	76655231	+	15.8	25.19	>	6	22	68
618	chr7	122945377	122945358	+	15.72	20.64	>	6	22	68
619	chr16	32697312	32697293	+	15.695	24.02	>	6	22	68
620	chr13	114460825	114460806	-	15.65	8.25	>	6	22	68
621	chr19	59389409	59389390	+	15.65	31.4	>	6	22	68
622	chr7	45451495	45451476	+	15.64	35.4	>	6	22	68
623	chr15	85599066	85599047	+	15.625	30.86	>	6	22	68
624	chr10	9012998	9012979	+	15.6	21.77	>	6	22	68
625	chr13	24318872	24318853	-	15.58	11.58	>	6	22	68
626	chr3	123506917	123506898	-	15.53	17.17	>	6	22	68
627	chr13	101719731	101719712	-	15.48	25.34	>	6	22	68
628	chr12	12412898	12412879	-	15.43	30.47	>	6	22	68
629	chr10	127342496	127342477	-	15.4	29.73	>	6	22	68
630	chr7	28972871	28972852	+	15.39	21.2	>	6	22	68
631	chr5	130862481	130862462	+	15.33	29.22	>	6	22	68
632	chr13	53779354	53779335	+	15.31	23.8	>	6	22	68
633	chr11	51582940	51582921	-	15.305	26.1	>	6	22	68
634	chr3	34150257	34150238	+	15.3	17.19	>	6	22	68
635	chr9	30423156	30423137	-	15.29	30.31	>	6	22	68
636	chr1	55886585	55886566	+	15.29	16.73	>	6	22	68
637	chr8	121104251	121104232	+	15.28	31.56	>	6	22	68
638	chr2	31683894	31683875	+	15.27	30.73	>	6	22	68
639	chr9	121458682	121458663	+	15.27	42.72	>	6	22	68
640	chr13	111421545	111421526	+	15.22	27.25	>	6	22	68
641	chr18	56572965	56572946	+	15.22	32.7	>	6	22	68
642	chr18	42593315	42593296	+	15.2	8.75	>	6	22	68
643	chr8	118287683	118287664	+	15.2	7.145	>	6	22	68
644	chr14	47742843	47742824	+	15.18	9.65	>	6	22	68
645	chr1	184791312	184791293	-	15.164	27.39	>	6	22	68
646	chr6	106800166	106800147	-	15.1	18.75	>	6	22	68
647	chr11	12025880	12025861	+	15.06	18.02	>	6	22	68
648	chr5	129594341	129594322	-	15.03	29.4	>	6	22	68
649	chr13	16005724	16005705	+	15.016	13.71	>	6	22	68
650	chr14	65597230	65597211	+	15.016	14.01	>	6	22	68
651	chr5	99900280	99900261	-	14.95	10.75	>	6	22	68
652	chr8	11421350	11421331	-	14.945	26.12	>	6	22	68
653	chr19	4755748	4755729	+	14.93	24.55	>	6	22	68
654	chr10	110733540	110733521	-	14.914	16.5	>	6	22	68
655	chr5	67752088	67752069	+	14.89	18.31	>	6	22	68
656	chr9	77381774	77381755	-	14.85	26.45	>	6	22	68
657	chr18	81951830	81951811	-	14.76	34.06	>	6	22	68
658	chr1	86059644	86059625	+	14.734	30.22	>	6	22	68
659	chr1	52630636	52630617	-	14.734	9.89	>	6	22	68
660	chr2	174308107	174308088	+	14.69	14.67	>	6	22	68
661	chr11	99364649	99364630	-	14.6	16.03	>	6	22	68
662	chr13	109558424	109558405	+	14.49	16.98	>	6	22	68
663	chr12	58201405	58201386	-	14.48	6.883	>	6	22	68
664	chr7	137471937	137471918	+	14.445	28.83	>	6	22	68
665	chr17	26916803	26916784	+	14.414	25.05	>	6	22	68
666	chr5	87871626	87871607	-	14.414	20.39	>	6	22	68
667	chr2	125252443	125252424	+	14.414	25.9	>	6	22	68
668	chr1	9549185	9549166	+	14.414	19.5	>	6	22	68
669	chr11	11788608	11788589	-	14.38	31.97	>	6	22	68
670	chr7	43928727	43928708	+	14.36	11.45	>	6	22	68
671	chr10	60760656	60760637	-	14.31	36.9	>	6	22	68
672	chr6	17362958	17362939	+	14.31	3.076	>	6	22	68
673	chr1	136521528	136521509	-	14.305	21.69	>	6	22	68
674	chr2	153147934	153147915	+	14.28	18.94	>	6	22	68
675	chr8	61522313	61522294	+	14.266	28.28	>	6	22	68
676	chr18	56759303	56759284	+	14.266	12.61	>	6	22	68
677	chr14	115451146	115451127	-	14.234	4.215	>	6	22	68
678	chr1	176218428	176218409	+	14.195	14.99	>	6	22	68
679	chr15	97665520	97665501	-	14.18	30.02	>	6	22	68
680	chr13	20299620	20299601	+	14.18	33.25	>	6	22	68
681	chr9	59969601	59969582	-	14.14	17.69	>	6	22	68
682	chr16	57611975	57611956	+	14.055	18.66	>	6	22	68
683	chr12	15816144	15816125	+	13.984	8.52	>	6	22	68
684	chr15	82271381	82271362	-	13.95	28.55	>	6	22	68
685	chr7	74363644	74363625	-	13.95	40.8	>	6	22	68
686	chr3	73066293	73066274	+	13.95	16.86	>	6	22	68
687	chr1	118772515	118772496	-	13.945	30.34	>	6	22	68
688	chr4	110020493	110020474	-	13.94	26.28	>	6	22	68
689	chr3	34639420	34639401	-	13.94	14.87	>	6	22	68
690	chr2	131530224	131530205	-	13.92	25.86	>	6	22	68
691	chr4	20024128	20024109	+	13.91	12.516	>	6	22	68
692	chr8	74980870	74980851	-	13.81	30.2	>	6	22	68
693	chr18	75757719	75757700	+	13.734	18.78	>	6	22	68
694	chr7	89908147	89908128	-	13.72	13.79	>	6	22	68
695	chr4	150257406	150257387	+	13.72	23.58	>	6	22	68
696	chr2	55022781	55022762	-	13.664	7.77	>	6	22	68
697	chr18	64506771	64506752	-	13.63	18.4	>	6	22	68
698	chr14	123353156	123353137	-	13.61	11.6	>	6	22	68
699	chr4	139872794	139872775	+	13.59	35.75	>	6	22	68
700	chr13	51839869	51839850	+	13.586	21.19	>	6	22	68
701	chr5	146162789	146162770	+	13.516	23.42	>	6	22	68
702	chr9	83785201	83785182	+	13.49	14.66	>	6	22	68
703	chr3	59079480	59079461	+	13.44	28.77	>	6	22	68
704	chr10	11345312	11345293	-	13.375	5.086	>	6	22	68
705	chr11	46252188	46252169	-	13.34	28.12	>	6	22	68
706	chr4	85404971	85404952	+	13.32	14.11	>	6	22	68
707	chr4	130738774	130738755	+	13.31	16.47	>	6	22	68
708	chr5	86432914	86432895	+	13.305	16.02	>	6	22	68
709	chr3	22306829	22306810	+	13.266	18.6	>	6	22	68
710	chr2	91930225	91930206	-	13.25	19.55	>	6	22	68
711	chr6	108417714	108417695	+	13.234	10.66	>	6	22	68
712	chr12	17011790	17011771	-	13.16	20.73	>	6	22	68
713	chr5	87551137	87551118	-	13.15	21.52	>	6	22	68
714	chr4	106227683	106227664	-	13.14	14.38	>	6	22	68
715	chr4	139877472	139877453	+	13.1	27.4	>	6	22	68
716	chr1	88742593	88742574	-	13.086	17.75	>	6	22	68
717	chr3	52254088	52254069	+	13.02	34.16	>	6	22	68
718	chr9	73159469	73159450	+	12.99	27.5	>	6	22	68
719	chr7	29297253	29297234	-	12.984	28.8	>	6	22	68
720	chr13	116312336	116312317	-	12.93	10.21	>	6	22	68
721	chr2	157117146	157117127	-	12.91	21.92	>	6	22	68
722	chr9	60243712	60243693	+	12.89	13.59	>	6	22	68
723	chr1	179845066	179845047	-	12.88	17.89	>	6	22	68
724	chr11	103332754	103332735	+	12.875	24.97	>	6	22	68
725	chr1	53032774	53032755	-	12.87	13.05	>	6	22	68
726	chr8	45345197	45345178	+	12.81	16.72	>	6	22	68
727	chr12	113216133	113216114	+	12.74	53.7	>	6	22	68
728	chr15	36152194	36152175	-	12.72	16.9	>	6	22	68
729	chr1	72876274	72876255	+	12.69	17.11	>	6	22	68
730	chr9	14774009	14773990	+	12.664	9.0	>	6	22	68
731	chr12	74317197	74317178	-	12.664	11.76	>	6	22	68
732	chr7	107819649	107819630	-	12.64	16.3	>	6	22	68
733	chr13	55327907	55327888	+	12.64	17.61	>	6	22	68
734	chr3	54796015	54795996	+	12.63	22.77	>	6	22	68
735	chr6	60963937	60963918	+	12.61	7.094	>	6	22	68
736	chr8	21981891	21981872	-	12.61	17.33	>	6	22	68
737	chr10	38269349	38269330	-	12.52	19.28	>	6	22	68
738	chr6	51170619	51170600	-	12.5	20.02	>	6	22	68
739	chr2	148110356	148110337	-	12.43	16.03	>	6	22	68
740	chr1	88301823	88301804	-	12.42	19.61	>	6	22	68
741	chr6	115037959	115037940	-	12.33	15.375	>	6	22	68
742	chr16	11980974	11980955	+	12.33	3.668	>	6	22	68
743	chr15	44832771	44832752	-	12.31	24.2	>	6	22	68
744	chr19	26193888	26193869	-	12.29	7.65	>	6	22	68
745	chr17	8988263	8988244	-	12.29	10.71	>	6	22	68
746	chr14	66358860	66358841	+	12.28	18.22	>	6	22	68
747	chr12	40832432	40832413	-	12.26	13.56	>	6	22	68
748	chr2	53206958	53206939	-	12.18	12.55	>	6	22	68
749	chr16	42914617	42914598	+	12.16	7.133	>	6	22	68
750	chr11	111523686	111523667	-	12.14	23.53	>	6	22	68
751	chr6	121556678	121556659	+	12.11	18.8	>	6	22	68
752	chr7	43926199	43926180	-	12.1	21.69	>	6	22	68
753	chr3	3311028	3311009	+	12.09	10.74	>	6	22	68
754	chr12	17018680	17018661	+	12.04	21.19	>	6	22	68
755	chr18	33794794	33794775	+	11.97	24.89	>	6	22	68
756	chr15	73791915	73791896	+	11.96	24.61	>	6	22	68
757	chr12	82489256	82489237	+	11.945	11.805	>	6	22	68
758	chr19	37559803	37559784	+	11.91	21.4	>	6	22	68
759	chr12	36195155	36195136	-	11.91	7.07	>	6	22	68
760	chr3	30515246	30515227	-	11.875	11.664	>	6	22	68
761	chr19	27426681	27426662	-	11.81	11.945	>	6	22	68
762	chr2	75590427	75590408	-	11.75	21.66	>	6	22	68
763	chr2	17849498	17849479	+	11.75	6.633	>	6	22	68
764	chr9	83371155	83371136	-	11.75	6.18	>	6	22	68
765	chr9	30936846	30936827	-	11.734	17.67	>	6	22	68
766	chr15	94690037	94690018	+	11.73	23.03	>	6	22	68
767	chr2	147379133	147379114	+	11.69	9.875	>	6	22	68
768	chr4	121232314	121232295	-	11.664	7.945	>	6	22	68
769	chr18	56333219	56333200	-	11.64	4.934	>	6	22	68
770	chr16	25952209	25952190	-	11.64	6.688	>	6	22	68
771	chr13	94976326	94976307	+	11.63	16.62	>	6	22	68
772	chr2	30942898	30942879	-	11.57	22.28	>	6	22	68
773	chr6	104479441	104479422	+	11.55	10.57	>	6	22	68
774	chr5	113080039	113080020	-	11.52	26.94	>	6	22	68
775	chr16	30550607	30550588	-	11.52	17.62	>	6	22	68
776	chr1	160194976	160194957	+	11.51	18.28	>	6	22	68
777	chr11	56116782	56116763	-	11.48	30.47	>	6	22	68
778	chr6	112484521	112484502	-	11.48	12.14	>	6	22	68
779	chr14	21853546	21853527	-	11.445	30.66	>	6	22	68
780	chr9	58534993	58534974	+	11.414	20.97	>	6	22	68
781	chr17	73302318	73302299	+	11.414	39.62	>	6	22	68
782	chr1	85842459	85842440	-	11.41	14.02	>	6	22	68
783	chr17	16926410	16926391	-	11.35	2.584	>	6	22	68
784	chr12	29894861	29894842	+	11.31	16.72	>	6	22	68
785	chr2	127832989	127832970	+	11.22	7.293	>	6	22	68
786	chr16	20724653	20724634	+	11.18	15.11	>	6	22	68
787	chr1	180811112	180811093	-	11.164	28.33	>	6	22	68
788	chr13	109210611	109210592	-	11.16	17.5	>	6	22	68
789	chr18	5990207	5990188	-	11.14	3.14	>	6	22	68
790	chr18	12102268	12102249	-	11.125	23.38	>	6	22	68
791	chr19	59380193	59380174	+	11.08	23.9	>	6	22	68
792	chr2	101665476	101665457	+	11.055	26.06	>	6	22	68
793	chr12	108541242	108541223	-	11.02	27.9	>	6	22	68
794	chr2	32583648	32583629	+	11.016	30.19	>	6	22	68
795	chr1	181881807	181881788	-	10.98	11.91	>	6	22	68
796	chr5	117506576	117506557	+	10.94	40.06	>	6	22	68
797	chr1	38789153	38789134	+	10.89	22.95	>	6	22	68
798	chr10	102445139	102445120	-	10.875	19.4	>	6	22	68
799	chr12	81788941	81788922	+	10.87	12.51	>	6	22	68
800	chr9	78233462	78233443	-	10.86	15.93	>	6	22	68
801	chr10	96618527	96618508	+	10.86	3.014	>	6	22	68
802	chr8	84639419	84639400	-	10.85	34.7	>	6	22	68
803	chr17	8468905	8468886	+	10.85	20.27	>	6	22	68
804	chr2	67535551	67535532	+	10.83	7.83	>	6	22	68
805	chr18	52947340	52947321	+	10.82	10.15	>	6	22	68
806	chr13	72625410	72625391	-	10.78	6.715	>	6	22	68
807	chr11	31942449	31942430	+	10.69	22.72	>	6	22	68
808	chr1	6190743	6190724	-	10.63	7.344	>	6	22	68
809	chr7	74367549	74367530	+	10.6	15.16	>	6	22	68
810	chr4	22482970	22482951	+	10.58	4.45	>	6	22	68
811	chr13	20298018	20297999	+	10.56	24.86	>	6	22	68
812	chr16	75325511	75325492	-	10.484	5.44	>	6	22	68
813	chr6	54586377	54586358	+	10.44	8.14	>	6	22	68
814	chr14	59604211	59604192	-	10.375	15.664	>	6	22	68
815	chr2	107946040	107946021	-	10.31	11.08	>	6	22	68
816	chr1	62701219	62701200	-	10.3	12.74	>	6	22	68
817	chr7	75914120	75914101	+	10.266	24.1	>	6	22	68
818	chr5	98167679	98167660	+	10.26	12.875	>	6	22	68
819	chr9	99671799	99671780	+	10.23	22.52	>	6	22	68
820	chr1	179847901	179847882	+	10.16	11.88	>	6	22	68
821	chr15	80080817	80080798	-	10.15	32.28	>	6	22	68
822	chr6	137747756	137747737	-	10.09	27.12	>	6	22	68
823	chr6	77249625	77249606	-	10.09	6.945	>	6	22	68
824	chr5	149049190	149049171	-	10.08	15.81	>	6	22	68
825	chr18	32814407	32814388	-	10.07	2.566	>	6	22	68
826	chr11	46258405	46258386	-	10.06	20.3	>	6	22	68
827	chr11	81974830	81974811	-	10.01	5.44	>	6	22	68
828	chr19	48414047	48414028	+	9.99	12.77	>	6	22	68
829	chr11	34836484	34836465	+	9.86	20.75	>	6	22	68
830	chr17	24437345	24437326	-	9.81	19.33	>	6	22	68
831	chr6	59208753	59208734	-	9.734	12.92	>	6	22	68
832	chr13	37325694	37325675	-	9.734	20.84	>	6	22	68
833	chr11	43412967	43412948	-	9.72	22.2	>	6	22	68
834	chr13	49651342	49651323	-	9.71	2.496	>	6	22	68
835	chr7	143151380	143151361	+	9.69	18.05	>	6	22	68
836	chr16	4285478	4285459	-	9.67	7.94	>	6	22	68
837	chr11	29715017	29714998	-	9.664	9.12	>	6	22	68
838	chr3	134654263	134654244	+	9.62	3.898	>	6	22	68
839	chr8	28978824	28978805	-	9.57	7.504	>	6	22	68
840	chr13	54062269	54062250	-	9.55	10.02	>	6	22	68
841	chr9	32585514	32585495	+	9.516	12.72	>	6	22	68
842	chr7	73648212	73648193	-	9.484	13.375	>	6	22	68
843	chr19	27425889	27425870	-	9.44	11.26	>	6	22	68
844	chr13	100854377	100854358	-	9.42	17.78	>	6	22	68
845	chr5	140749784	140749765	-	9.414	22.17	>	6	22	68
846	chr4	127027444	127027425	+	9.4	22.48	>	6	22	68
847	chr11	109221866	109221847	-	9.3	9.67	>	6	22	68
848	chr16	16596794	16596775	+	9.28	5.977	>	6	22	68
849	chr2	128605294	128605275	-	9.25	9.07	>	6	22	68
850	chr2	61492265	61492246	+	9.25	6.99	>	6	22	68
851	chr10	74217479	74217460	+	9.22	7.7	>	6	22	68
852	chr9	68016722	68016703	+	9.2	8.305	>	6	22	68
853	chr6	144248136	144248117	+	9.19	7.742	>	6	22	68
854	chr13	51191948	51191929	+	9.17	5.492	>	6	22	68
855	chr2	103424848	103424829	-	9.164	12.29	>	6	22	68
856	chr7	64751734	64751715	-	9.13	16.66	>	6	22	68
857	chr7	27160004	27159985	+	9.125	14.17	>	6	22	68
858	chr13	95986545	95986526	+	9.08	13.76	>	6	22	68
859	chr5	135118653	135118634	+	9.08	29.22	>	6	22	68
860	chr10	49786914	49786895	-	9.07	0.785	>	6	22	68
861	chr1	51639072	51639053	+	9.02	3.22	>	6	22	68
862	chr14	105307894	105307875	+	8.95	2.453	>	6	22	68
863	chr19	40231990	40231971	-	8.95	19.89	>	6	22	68
864	chr10	69656526	69656507	+	8.95	12.99	>	6	22	68
865	chr7	142714879	142714860	-	8.945	27.2	>	6	22	68
866	chr6	129256260	129256241	-	8.93	14.53	>	6	22	68
867	chr5	138199783	138199764	+	8.9	8.414	>	6	22	68
868	chr8	36193738	36193719	+	8.89	10.43	>	6	22	68
869	chr11	49597354	49597335	+	8.87	6.92	>	6	22	68
870	chr1	139405977	139405958	-	8.86	4.043	>	6	22	68
871	chr3	124289118	124289099	-	8.84	12.69	>	6	22	68
872	chr9	13196005	13195986	-	8.83	30.6	>	6	22	68
873	chr14	115819240	115819221	+	8.83	10.71	>	6	22	68
874	chr5	146914595	146914576	+	8.82	39.7	>	6	22	68
875	chr4	119223866	119223847	-	8.766	16.34	>	6	22	68
876	chr15	85879204	85879185	-	8.76	17.27	>	6	22	68
877	chr4	124682485	124682466	+	8.7	17.45	>	6	22	68
878	chr17	34956526	34956507	+	8.695	22.17	>	6	22	68
879	chr12	39494054	39494035	-	8.65	2.455	>	6	22	68
880	chr9	34485824	34485805	-	8.625	10.6	>	6	22	68
881	chr2	180786948	180786929	+	8.57	17.27	>	6	22	68
882	chr4	62230989	62230970	+	8.57	12.25	>	6	22	68
883	chr2	16357480	16357461	+	8.55	2.205	>	6	22	68
884	chr17	9759516	9759497	+	8.54	11.53	>	6	22	68
885	chr10	13018670	13018651	+	8.54	19.64	>	6	22	68
886	chr4	32570820	32570801	-	8.52	6.645	>	6	22	68
887	chr9	86451919	86451900	-	8.49	16.77	>	6	22	68
888	chr7	139590495	139590476	+	8.49	20.39	>	6	22	68
889	chr16	31944169	31944150	+	8.445	14.11	>	6	22	68
890	chr3	104701211	104701192	-	8.44	24.84	>	6	22	68
891	chr2	160955546	160955527	-	8.414	14.05	>	6	22	68
892	chr18	32811889	32811870	+	8.4	4.918	>	6	22	68
893	chr14	115042240	115042221	-	8.4	14.734	>	6	22	68
894	chr2	28464119	28464100	-	8.33	19.16	>	6	22	68
895	chr2	76369931	76369912	+	8.28	9.1	>	6	22	68
896	chr3	107605512	107605493	+	8.28	12.57	>	6	22	68
897	chr14	121220891	121220872	-	8.23	10.8	>	6	22	68
898	chr1	103796539	103796520	+	8.22	10.74	>	6	22	68
899	chr16	23151589	23151570	+	8.21	3.11	>	6	22	68
900	chr5	33371346	33371327	-	8.19	15.74	>	6	22	68
901	chr13	103121088	103121069	-	8.18	6.016	>	6	22	68
902	chr10	60760529	60760510	+	8.14	24.72	>	6	22	68
903	chr1	169921787	169921768	+	8.12	12.62	>	6	22	68
904	chr13	42826816	42826797	-	8.11	17.0	>	6	22	68
905	chr6	72601930	72601911	+	8.11	24.06	>	6	22	68
906	chr7	81345319	81345300	-	7.99	7.87	>	6	22	68
907	chr11	33934471	33934452	+	7.98	18.27	>	6	22	68
908	chr18	77044808	77044789	-	7.97	11.42	>	6	22	68
909	chr7	67217278	67217259	+	7.926	7.28	>	6	22	68
910	chr2	164074027	164074008	+	7.906	10.22	>	6	22	68
911	chr3	45373410	45373391	+	7.855	1.438	>	6	22	68
912	chr1	152768355	152768336	-	7.84	9.35	>	6	22	68
913	chr11	102267665	102267646	-	7.81	17.44	>	6	22	68
914	chr11	43411664	43411645	-	7.81	21.72	>	6	22	68
915	chr2	129880054	129880035	+	7.805	6.484	>	6	22	68
916	chr11	81972241	81972222	+	7.797	9.07	>	6	22	68
917	chr9	65581143	65581124	-	7.793	11.17	>	6	22	68
918	chr4	106228720	106228701	+	7.727	13.9	>	6	22	68
919	chr6	119467876	119467857	+	7.703	18.1	>	6	22	68
920	chr10	122794511	122794492	+	7.695	15.734	>	6	22	68
921	chr14	34813484	34813465	-	7.69	11.805	>	6	22	68
922	chr15	19280629	19280610	+	7.68	3.066	>	6	22	68
923	chr13	38235597	38235578	-	7.676	11.836	>	6	22	68
924	chr13	21710105	21710086	+	7.67	14.95	>	6	22	68
925	chr11	104231353	104231334	-	7.67	18.38	>	6	22	68
926	chr6	86401304	86401285	-	7.64	23.28	>	6	22	68
927	chr4	24245320	24245301	-	7.633	3.027	>	6	22	68
928	chr9	29655082	29655063	+	7.613	20.11	>	6	22	68
929	chr9	58535957	58535938	-	7.605	16.9	>	6	22	68
930	chr5	112427478	112427459	-	7.598	9.93	>	6	22	68
931	chr4	140539353	140539334	-	7.58	22.9	>	6	22	68
932	chr14	105302910	105302891	+	7.57	4.605	>	6	22	68
933	chr7	19713404	19713385	-	7.543	26.19	>	6	22	68
934	chr1	127487367	127487348	-	7.52	14.33	>	6	22	68
935	chr19	56806125	56806106	-	7.504	5.934	>	6	22	68
936	chr19	47175662	47175643	-	7.46	21.67	>	6	22	68
937	chr2	150795624	150795605	-	7.44	6.633	>	6	22	68
938	chr2	137114826	137114807	+	7.438	4.08	>	6	22	68
939	chr10	119244230	119244211	+	7.434	4.305	>	6	22	68
940	chr5	117094622	117094603	+	7.42	22.22	>	6	22	68
941	chr11	67100384	67100365	-	7.42	22.83	>	6	22	68
942	chr5	30686988	30686969	+	7.41	18.64	>	6	22	68
943	chr8	105291139	105291120	-	7.41	11.78	>	6	22	68
944	chr7	143470174	143470155	-	7.39	17.94	>	6	22	68
945	chr15	8099290	8099271	-	7.35	8.336	>	6	22	68
946	chr7	119015949	119015930	+	7.34	17.75	>	6	22	68
947	chr17	56306039	56306020	-	7.305	16.48	>	6	22	68
948	chr1	134636895	134636876	+	7.3	5.97	>	6	22	68
949	chr17	65541217	65541198	+	7.258	9.125	>	6	22	68
950	chr14	49218880	49218861	+	7.25	8.47	>	6	22	68
951	chr1	25527154	25527135	+	7.2	7.453	>	6	22	68
952	chr1	146515575	146515556	+	7.18	3.11	>	6	22	68
953	chr9	44109578	44109559	+	7.176	33.9	>	6	22	68
954	chr11	108889358	108889339	+	7.15	8.016	>	6	22	68
955	chr7	138398615	138398596	+	7.117	4.707	>	6	22	68
956	chr5	32204842	32204823	+	7.11	6.15	>	6	22	68
957	chr8	14859581	14859562	+	7.1	5.27	>	6	22	68
958	chr11	95676507	95676488	-	7.09	14.555	>	6	22	68
959	chr6	85141186	85141167	+	7.08	33.56	>	6	22	68
960	chr14	20340404	20340385	-	7.04	15.81	>	6	22	68
961	chr1	193130339	193130320	-	7.023	5.71	>	6	22	68
962	chr9	98032882	98032863	+	6.992	4.73	>	6	22	68
963	chr7	143793289	143793270	+	6.98	21.42	>	6	22	68
964	chr12	32292312	32292293	-	6.895	8.26	>	6	22	68
965	chr17	45724453	45724434	-	6.89	12.125	>	6	22	68
966	chr14	102512314	102512295	+	6.89	1.602	>	6	22	68
967	chr8	11943038	11943019	+	6.88	5.47	>	6	22	68
968	chr7	83553561	83553542	+	6.867	8.27	>	6	22	68
969	chr9	64960779	64960760	-	6.85	16.31	>	6	22	68
970	chr9	30426996	30426977	+	6.832	15.31	>	6	22	68
971	chr11	119249183	119249164	+	6.785	23.48	>	6	22	68
972	chr8	90795542	90795523	+	6.77	10.67	>	6	22	68
973	chr2	113498926	113498907	-	6.766	9.86	>	6	22	68
974	chr13	62926662	62926643	+	6.75	4.73	>	6	22	68
975	chr1	127485025	127485006	+	6.715	16.44	>	6	22	68
976	chr17	78592615	78592596	+	6.715	8.945	>	6	22	68
977	chr2	118246134	118246115	-	6.668	13.72	>	6	22	68
978	chr2	92474875	92474856	-	6.652	13.95	>	6	22	68
979	chr7	17061423	17061404	+	6.645	15.1	>	6	22	68
980	chr10	122090678	122090659	+	6.63	8.38	>	6	22	68
981	chr13	64448147	64448128	+	6.594	17.92	>	6	22	68
982	chr2	34642611	34642592	-	6.562	14.51	>	6	22	68
983	chr5	117509743	117509724	+	6.54	26.92	>	6	22	68
984	chr7	131371109	131371090	+	6.516	4.71	>	6	22	68
985	chr6	94054143	94054124	-	6.5	13.34	>	6	22	68
986	chr14	20697228	20697209	+	6.465	17.88	>	6	22	68
987	chr10	122798121	122798102	+	6.46	15.23	>	6	22	68
988	chr13	14196604	14196585	+	6.45	1.613	>	6	22	68
989	chr3	118991976	118991957	+	6.438	8.26	>	6	22	68
990	chr9	107231295	107231276	-	6.434	7.414	>	6	22	68
991	chr15	24557016	24556997	-	6.418	3.371	>	6	22	68
992	chr2	178407758	178407739	+	6.414	11.43	>	6	22	68
993	chr9	90683476	90683457	-	6.38	1.322	>	6	22	68
994	chr6	22968335	22968316	-	6.34	6.418	>	6	22	68
995	chr12	67217811	67217792	+	6.336	1.95	>	6	22	68
996	chr10	82910438	82910419	+	6.277	10.99	>	6	22	68
997	chr7	49125716	49125697	+	6.258	16.88	>	6	22	68
998	chr11	119491305	119491286	-	6.215	10.81	>	6	22	68
999	chr11	32341308	32341289	-	6.21	14.555	>	6	22	68
1000	chr19	8713406	8713387	+	6.19	10.44	>	6	22	68
1001	chr4	48048044	48048025	+	6.152	6.21	>	6	22	68
1002	chr11	52764825	52764806	+	6.15	7.75	>	6	22	68
1003	chr13	20564636	20564617	-	6.145	4.82	>	6	22	68
1004	chr10	39105011	39104992	-	6.14	7.152	>	6	22	68
1005	chr11	98909856	98909837	-	6.117	18.95	>	6	22	68
1006	chr1	151025102	151025083	+	6.117	4.496	>	6	22	68
1007	chr5	98167777	98167758	-	6.113	9.555	>	6	22	68
1008	chr8	88118562	88118543	+	6.062	3.66	>	6	22	68
1009	chr16	92511934	92511915	+	6.035	16.34	>	6	22	68
1010	chr15	25792295	25792276	-	6.008	6.87	>	6	22	68
1011	chr13	92751194	92751175	+	5.938	12.68	>	6	22	68
1012	chr5	101688793	101688774	-	5.934	12.51	>	6	22	68
1013	chr7	112023252	112023233	+	5.93	8.26	>	6	22	68
1014	chr14	21854038	21854019	-	5.914	27.36	>	6	22	68
1015	chr8	32003733	32003714	-	5.9	2.012	>	6	22	68
1016	chr13	53095394	53095375	-	5.867	6.086	>	6	22	68
1017	chr1	182554179	182554160	+	5.836	10.15	>	6	22	68
1018	chr6	18381568	18381549	+	5.832	1.955	>	6	22	68
1019	chr9	77389590	77389571	+	5.832	5.68	>	6	22	68
1020	chr16	5254481	5254462	-	5.812	12.77	>	6	22	68
1021	chr2	93199625	93199606	+	5.797	14.08	>	6	22	68
1022	chr9	81631651	81631632	-	5.793	3.863	>	6	22	68
1023	chr2	152887412	152887393	-	5.78	4.652	>	6	22	68
1024	chr4	153481137	153481118	-	5.766	3.3	>	6	22	68
1025	chr8	72239706	72239687	-	5.754	5.32	>	6	22	68
1026	chr18	65750236	65750217	-	5.703	2.543	>	6	22	68
1027	chr6	61311882	61311863	-	5.68	7.43	>	6	22	68
1028	chr18	46143625	46143606	+	5.676	6.477	>	6	22	68
1029	chr6	120836118	120836099	+	5.64	7.797	>	6	22	68
1030	chr6	100563990	100563971	-	5.625	4.164	>	6	22	68
1031	chr3	13475098	13475079	-	5.61	1.948	>	6	22	68
1032	chr2	132262968	132262949	+	5.6	7.164	>	6	22	68
1033	chr11	103334169	103334150	+	5.594	12.02	>	6	22	68
1034	chr6	54255029	54255010	+	5.586	4.35	>	6	22	68
1035	chr13	101711018	101710999	+	5.543	9.15	>	6	22	68
1036	chr5	39644761	39644742	-	5.54	3.531	>	6	22	68
1037	chr8	90795201	90795182	-	5.516	4.996	>	6	22	68
1038	chr18	23162646	23162627	+	5.51	1.562	>	6	22	68
1039	chr16	78165563	78165544	+	5.477	7.39	>	6	22	68
1040	chr2	96584106	96584087	-	5.44	3.29	>	6	22	68
1041	chr12	72070473	72070454	+	5.426	11.336	>	6	22	68
1042	chr12	24708691	24708672	+	5.414	9.914	>	6	22	68
1043	chr8	92367135	92367116	-	5.406	6.984	>	6	22	68
1044	chr17	83866777	83866758	+	5.4	23.0	>	6	22	68
1045	chr13	55322636	55322617	-	5.4	7.0	>	6	22	68
1046	chr6	88893771	88893752	-	5.395	16.78	>	6	22	68
1047	chr19	8718731	8718712	-	5.383	8.6	>	6	22	68
1048	chr12	59220179	59220160	-	5.38	2.5	>	6	22	68
1049	chr14	60784526	60784507	+	5.367	16.06	>	6	22	68
1050	chr3	153658591	153658572	+	5.33	6.258	>	6	22	68
1051	chr9	77386949	77386930	-	5.312	12.24	>	6	22	68
1052	chr10	83219903	83219884	+	5.312	6.188	>	6	22	68
1053	chr6	15176967	15176948	-	5.31	2.947	>	6	22	68
1054	chr2	152604207	152604188	-	5.27	19.44	>	6	22	68
1055	chr2	39003369	39003350	-	5.26	1.671	>	6	22	68
1056	chr16	31425707	31425688	-	5.254	13.484	>	6	22	68
1057	chr5	137503018	137502999	-	5.227	3.691	>	6	22	68
1058	chr18	13973086	13973067	-	5.207	0.71	>	6	22	68
1059	chr17	68849016	68848997	-	5.2	1.891	>	6	22	68
1060	chr2	128408931	128408912	-	5.19	8.72	>	6	22	68
1061	chr14	97559790	97559771	-	5.16	2.041	>	6	22	68
1062	chr8	67903864	67903845	-	5.13	6.113	>	6	22	68
1063	chr14	56888181	56888162	-	5.125	3.316	>	6	22	68
1064	chr4	132198465	132198446	+	5.125	11.19	>	6	22	68
1065	chr2	39005861	39005842	-	5.12	3.883	>	6	22	68
1066	chr7	137471679	137471660	-	5.1	19.97	>	6	22	68
1067	chr6	64949075	64949056	+	5.09	5.168	>	6	22	68
1068	chr18	16821148	16821129	+	5.043	1.935	>	6	22	68
1069	chr2	93813566	93813547	+	5.04	13.086	>	6	22	68
1070	chr6	126481478	126481459	-	5.023	10.89	>	6	22	68
1071	chr1	181881093	181881074	-	4.984	10.19	>	6	22	68
1072	chr6	108065822	108065803	-	4.977	6.67	>	6	22	68
1073	chr4	88550373	88550354	+	4.938	4.04	>	6	22	68
1074	chr5	137502167	137502148	+	4.867	8.81	>	6	22	68
1075	chr8	77618148	77618129	-	4.86	4.188	>	6	22	68
1076	chr7	120098024	120098005	+	4.855	7.22	>	6	22	68
1077	chr2	75152706	75152687	-	4.824	10.55	>	6	22	68
1078	chr11	87950193	87950174	+	4.78	11.09	>	6	22	68
1079	chr11	94598936	94598917	-	4.746	10.49	>	6	22	68
1080	chr1	10229119	10229100	+	4.746	0.972	>	6	22	68
1081	chr7	143476888	143476869	+	4.746	8.89	>	6	22	68
1082	chr9	102607693	102607674	-	4.715	3.604	>	6	22	68
1083	chr8	32009749	32009730	+	4.71	6.785	>	6	22	68
1084	chr3	99262117	99262098	-	4.707	1.889	>	6	22	68
1085	chr18	75607987	75607968	+	4.664	23.11	>	6	22	68
1086	chr7	75380211	75380192	-	4.64	2.41	>	6	22	68
1087	chr3	135863108	135863089	+	4.64	3.164	>	6	22	68
1088	chr4	87369015	87368996	-	4.625	9.125	>	6	22	68
1089	chr8	84639535	84639516	+	4.605	13.88	>	6	22	68
1090	chr15	74524301	74524282	+	4.586	13.7	>	6	22	68
1091	chr17	57007316	57007297	-	4.582	9.42	>	6	22	68
1092	chr11	30893985	30893966	+	4.547	0.9004	>	6	22	68
1093	chr19	57360190	57360171	-	4.543	2.654	>	6	22	68
1094	chr8	110102657	110102638	-	4.53	9.24	>	6	22	68
1095	chr7	135389259	135389240	-	4.53	9.336	>	6	22	68
1096	chr4	152527530	152527511	+	4.516	13.99	>	6	22	68
1097	chr13	103710441	103710422	+	4.5	4.57	>	6	22	68
1098	chr10	120896053	120896034	+	4.5	2.322	>	6	22	68
1099	chr18	5155632	5155613	-	4.484	6.39	>	6	22	68
1100	chr12	80141693	80141674	-	4.45	17.05	>	6	22	68
1101	chr5	118763566	118763547	-	4.418	12.81	>	6	22	68
1102	chr12	14150175	14150156	+	4.406	3.688	>	6	22	68
1103	chr10	128990300	128990281	-	4.4	8.03	>	6	22	68
1104	chr10	30834038	30834019	-	4.37	4.473	>	6	22	68
1105	chr6	50618483	50618464	+	4.367	12.766	>	6	22	68
1106	chr15	9748972	9748953	-	4.36	3.496	>	6	22	68
1107	chr16	92308164	92308145	-	4.355	11.22	>	6	22	68
1108	chr2	9881964	9881945	-	4.355	2.918	>	6	22	68
1109	chr8	123106089	123106070	+	4.336	8.18	>	6	22	68
1110	chr5	98346264	98346245	+	4.324	2.342	>	6	22	68
1111	chr10	40249841	40249822	-	4.316	12.23	>	6	22	68
1112	chr3	141457685	141457666	+	4.312	4.707	>	6	22	68
1113	chr9	40192620	40192601	-	4.3	2.145	>	6	22	68
1114	chr9	72448248	72448229	+	4.29	7.78	>	6	22	68
1115	chr13	24316809	24316790	-	4.273	3.682	>	6	22	68
1116	chr1	50927249	50927230	+	4.258	4.5	>	6	22	68
1117	chr11	102690417	102690398	-	4.223	12.195	>	6	22	68
1118	chr4	116627141	116627122	+	4.207	6.52	>	6	22	68
1119	chr15	76198817	76198798	+	4.164	10.72	>	6	22	68
1120	chr15	12113620	12113601	-	4.156	3.312	>	6	22	68
1121	chr1	115675059	115675040	+	4.152	5.223	>	6	22	68
1122	chr2	34644807	34644788	-	4.15	8.266	>	6	22	68
1123	chr2	166084974	166084955	-	4.133	18.12	>	6	22	68
1124	chr11	21571906	21571887	-	4.13	2.105	>	6	22	68
1125	chr15	9449709	9449690	-	4.062	0.543	>	6	22	68
1126	chr5	92664520	92664501	-	4.055	3.326	>	6	22	68
1127	chr12	77001216	77001197	+	4.043	1.105	>	6	22	68
1128	chr6	93757507	93757488	-	4.01	5.273	>	6	22	68
1129	chr19	56302794	56302775	+	4.01	3.797	>	6	22	68
1130	chr13	71954038	71954019	-	4.008	1.19	>	6	22	68
1131	chr4	17852015	17851996	-	4.0	0.8535	>	6	22	68
1132	chr18	39136126	39136107	+	3.992	1.932	>	6	22	68
1133	chr1	153489234	153489215	-	3.99	7.715	>	6	22	68
1134	chr9	66136172	66136153	-	3.988	5.383	>	6	22	68
1135	chr11	109621431	109621412	-	3.979	11.484	>	6	22	68
1136	chr13	91723318	91723299	+	3.959	5.49	>	6	22	68
1137	chr13	3642291	3642272	-	3.959	4.75	>	6	22	68
1138	chr13	47304770	47304751	+	3.957	6.746	>	6	22	68
1139	chr2	121144456	121144437	+	3.953	4.504	>	6	22	68
1140	chr13	93772223	93772204	-	3.928	3.56	>	6	22	68
1141	chr10	70967079	70967060	+	3.916	4.88	>	6	22	68
1142	chr13	59417085	59417066	-	3.91	5.0	>	6	22	68
1143	chr7	102484972	102484953	-	3.883	7.0	>	6	22	68
1144	chr5	38235667	38235648	-	3.879	10.78	>	6	22	68
1145	chr14	56885401	56885382	+	3.87	2.412	>	6	22	68
1146	chr11	75170669	75170650	-	3.861	7.984	>	6	22	68
1147	chr11	77980417	77980398	+	3.846	9.5	>	6	22	68
1148	chr9	94738712	94738693	+	3.828	14.92	>	6	22	68
1149	chr6	140466500	140466481	-	3.816	3.785	>	6	22	68
1150	chr19	57361025	57361006	-	3.814	6.484	>	6	22	68
1151	chr12	58972459	58972440	+	3.777	2.135	>	6	22	68
1152	chr2	61490636	61490617	+	3.775	5.23	>	6	22	68
1153	chr4	44310651	44310632	+	3.762	4.973	>	6	22	68
1154	chr11	52766147	52766128	+	3.734	1.83	>	6	22	68
1155	chr13	72627587	72627568	-	3.717	4.066	>	6	22	68
1156	chr9	23012459	23012440	-	3.71	1.704	>	6	22	68
1157	chr16	31427924	31427905	-	3.705	3.383	>	6	22	68
1158	chr12	29895773	29895754	+	3.691	1.481	>	6	22	68
1159	chr9	73154557	73154538	+	3.666	9.1	>	6	22	68
1160	chr1	127484437	127484418	-	3.66	8.8	>	6	22	68
1161	chr9	107566236	107566217	+	3.656	7.098	>	6	22	68
1162	chr2	68118338	68118319	+	3.652	4.36	>	6	22	68
1163	chr11	11140836	11140817	-	3.629	13.69	>	6	22	68
1164	chr12	74014936	74014917	-	3.627	5.97	>	6	22	68
1165	chr7	138396301	138396282	-	3.621	0.934	>	6	22	68
1166	chr14	103534605	103534586	+	3.617	5.312	>	6	22	68
1167	chr10	115164112	115164093	-	3.613	3.031	>	6	22	68
1168	chr7	119019764	119019745	+	3.598	7.113	>	6	22	68
1169	chr13	96389525	96389506	-	3.588	1.339	>	6	22	68
1170	chr14	74723724	74723705	-	3.586	5.766	>	6	22	68
1171	chr14	55114114	55114095	-	3.57	7.387	>	6	22	68
1172	chr9	62784468	62784449	+	3.562	12.84	>	6	22	68
1173	chr10	127678167	127678148	-	3.541	2.129	>	6	22	68
1174	chr17	55948218	55948199	-	3.535	4.3	>	6	22	68
1175	chr11	78183263	78183244	-	3.525	12.305	>	6	22	68
1176	chr6	59207403	59207384	-	3.508	1.477	>	6	22	68
1177	chr6	135416919	135416900	+	3.498	4.027	>	6	22	68
1178	chr5	122104403	122104384	+	3.492	11.98	>	6	22	68
1179	chr13	37971068	37971049	-	3.482	3.088	>	6	22	68
1180	chr5	114612410	114612391	+	3.48	13.6	>	6	22	68
1181	chr10	114442226	114442207	+	3.46	2.104	>	6	22	68
1182	chr2	145655527	145655508	-	3.44	2.05	>	6	22	68
1183	chr7	109507351	109507332	-	3.418	1.832	>	6	22	68
1184	chr16	10009965	10009946	+	3.402	4.965	>	6	22	68
1185	chr14	67969032	67969013	-	3.385	5.523	>	6	22	68
1186	chr5	140744055	140744036	-	3.348	10.35	>	6	22	68
1187	chr1	56984334	56984315	+	3.338	2.584	>	6	22	68
1188	chr2	137110782	137110763	+	3.328	1.323	>	6	22	68
1189	chr16	22267525	22267506	+	3.322	1.262	>	6	22	68
1190	chr16	4884595	4884576	-	3.3	2.822	>	6	22	68
1191	chr5	19458406	19458387	-	3.291	6.625	>	6	22	68
1192	chr1	84697217	84697198	-	3.29	7.492	>	6	22	68
1193	chr14	122903088	122903069	-	3.29	2.205	>	6	22	68
1194	chr7	64056729	64056710	-	3.273	1.214	>	6	22	68
1195	chr9	71624061	71624042	-	3.273	15.39	>	6	22	68
1196	chr9	96885958	96885939	-	3.271	10.016	>	6	22	68
1197	chr18	46964733	46964714	-	3.266	8.555	>	6	22	68
1198	chr3	122638475	122638456	+	3.26	4.82	>	6	22	68
1199	chr9	94733848	94733829	+	3.256	3.768	>	6	22	68
1200	chr1	167938404	167938385	-	3.25	6.79	>	6	22	68
1201	chr1	180811841	180811822	+	3.244	6.383	>	6	22	68
1202	chr10	42760472	42760453	+	3.229	1.784	>	6	22	68
1203	chr18	20598347	20598328	+	3.213	4.758	>	6	22	68
1204	chr17	71909305	71909286	+	3.203	3.572	>	6	22	68
1205	chr1	34459898	34459879	+	3.193	3.389	>	6	22	68
1206	chr4	117202234	117202215	-	3.191	9.61	>	6	22	68
1207	chr15	101313974	101313955	-	3.178	2.96	>	6	22	68
1208	chr16	13438138	13438119	+	3.176	1.241	>	6	22	68
1209	chr7	114878499	114878480	+	3.174	1.604	>	6	22	68
1210	chr11	109866735	109866716	+	3.166	2.812	>	6	22	68
1211	chr3	123509329	123509310	+	3.162	5.67	>	6	22	68
1212	chr3	114085881	114085862	-	3.146	0.5283	>	6	22	68
1213	chr4	120149384	120149365	-	3.145	8.09	>	6	22	68
1214	chr16	4549594	4549575	-	3.137	11.12	>	6	22	68
1215	chr15	78872224	78872205	+	3.133	9.35	>	6	22	68
1216	chr12	57231261	57231242	-	3.127	3.32	>	6	22	68
1217	chr9	71624949	71624930	-	3.125	15.0	>	6	22	68
1218	chr4	18963859	18963840	-	3.12	4.01	>	6	22	68
1219	chr8	40913366	40913347	-	3.115	1.625	>	6	22	68
1220	chr5	21645240	21645221	-	3.11	1.259	>	6	22	68
1221	chr10	68357244	68357225	+	3.094	1.353	>	6	22	68
1222	chr2	93812077	93812058	-	3.06	11.82	>	6	22	68
1223	chr12	75669431	75669412	-	3.05	4.1	>	6	22	68
1224	chr1	12844023	12844004	+	3.033	4.33	>	6	22	68
1225	chr12	86697142	86697123	+	3.025	6.996	>	6	22	68
1226	chr9	98033678	98033659	+	3.021	1.525	>	6	22	68
1227	chr19	37946902	37946883	+	3.02	4.082	>	6	22	68
1228	chr9	75271676	75271657	+	3.01	4.42	>	6	22	68
1229	chr11	55162881	55162862	+	2.996	3.625	>	6	22	68
1230	chr17	25274339	25274320	-	2.984	4.45	>	6	22	68
1231	chr6	108065317	108065298	+	2.984	5.535	>	6	22	68
1232	chr7	5071749	5071730	-	2.928	2.754	>	6	22	68
1233	chr3	152477906	152477887	-	2.922	3.295	>	6	22	68
1234	chr5	28090770	28090751	-	2.922	2.412	>	6	22	68
1235	chr14	78282622	78282603	+	2.91	2.186	>	6	22	68
1236	chr14	88480122	88480103	-	2.906	3.236	>	6	22	68
1237	chr7	107569047	107569028	+	2.902	1.588	>	6	22	68
1238	chr3	83777088	83777069	-	2.879	3.992	>	6	22	68
1239	chr8	48550865	48550846	+	2.871	0.592	>	6	22	68
1240	chr7	132575955	132575936	-	2.855	4.473	>	6	22	68
1241	chr14	79769127	79769108	-	2.852	4.36	>	6	22	68
1242	chr17	69974245	69974226	-	2.799	1.284	>	6	22	68
1243	chr12	66284211	66284192	-	2.793	5.484	>	6	22	68
1244	chr6	83796902	83796883	-	2.785	3.35	>	6	22	68
1245	chr9	44108077	44108058	+	2.785	11.375	>	6	22	68
1246	chr11	116023924	116023905	+	2.777	6.906	>	6	22	68
1247	chr3	86779824	86779805	-	2.775	8.64	>	6	22	68
1248	chr19	46056202	46056183	+	2.77	5.27	>	6	22	68
1249	chr10	108210181	108210162	-	2.762	0.674	>	6	22	68
1250	chr8	27001386	27001367	+	0.4329	0.4077	>	6	22	68
1251	chr17	28338029	28338010	-	0.252	0.265	>	6	22	68
1252	chr11	76445826	76445807	-	0.2268	0.1863	>	6	22	68
1253	chr5	144244146	144244127	-	0.311	0.3691	>	6	22	68
1254	chr14	79768803	79768784	-	0.3076	0.2808	>	6	22	68
1255	chr9	26778623	26778604	-	1.299	0.6914	>	6	22	68
1256	chr7	25392052	25392033	+	0.2487	0.242	>	6	22	68
1257	chr3	101484879	101484860	-	0.3438	0.528	>	6	22	68
1258	chr2	69113988	69113969	+	0.2472	0.1981	>	6	22	68
1259	chr13	29852447	29852428	-	0.1781	0.1941	>	6	22	68
1260	chr2	60213231	60213212	-	0.1073	0.1628	>	6	22	68
1261	chr2	171418157	171418138	-	0.1407	0.2131	>	6	22	68
1262	chr7	64392050	64392031	-	0.514	0.2006	>	6	22	68
1263	chr15	36157434	36157415	-	0.7227	0.836	>	6	22	68
1264	chr4	49662357	49662338	-	0.4692	0.2915	>	6	22	68
1265	chr4	48422356	48422337	+	1.027	0.5225	>	6	22	68
1266	chr18	82720514	82720495	+	0.1605	0.1409	>	6	22	68
1267	chr1	172022686	172022667	+	0.1733	0.1764	>	6	22	68
1268	chr7	139595890	139595871	+	0.1575	0.2125	>	6	22	68
1269	chr12	73007842	73007823	-	0.345	0.2974	>	6	22	68
1270	chr17	27192928	27192909	-	0.1056	0.4468	>	6	22	68
1271	chr1	53698960	53698941	+	0.557	0.255	>	6	22	68
1272	chr18	12734380	12734361	+	0.207	0.1383	>	6	22	68
1273	chr6	126767488	126767469	-	0.2039	0.2483	>	6	22	68
1274	chr2	92856249	92856230	-	2.734	0.857	>	6	22	68
1275	chr11	74572851	74572832	+	0.2646	0.2705	>	6	22	68
1276	chr9	59675637	59675618	-	0.4082	0.744	>	6	22	68
1277	chr15	55025647	55025628	+	0.1847	0.1536	>	6	22	68
1278	chr4	120579150	120579131	-	0.33	0.264	>	6	22	68
1279	chr15	74525720	74525701	+	0.2172	0.2104	>	6	22	68
1280	chr1	88748095	88748076	+	0.1973	0.1881	>	6	22	68
1281	chr15	32239655	32239636	-	0.2822	0.1587	>	6	22	68
1282	chr7	36571183	36571164	+	0.1103	0.1942	>	6	22	68
1283	chr11	113855351	113855332	-	0.1613	0.1947	>	6	22	68
1284	chr6	90609163	90609144	+	2.127	1.159	>	6	22	68
1285	chr3	146181407	146181388	-	0.2034	0.3416	>	6	22	68
1286	chr10	69857222	69857203	-	0.3232	0.3599	>	6	22	68
1287	chr2	158361425	158361406	-	0.5625	0.2502	>	6	22	68
1288	chr5	136268179	136268160	-	0.1886	0.2153	>	6	22	68
1289	chr16	11983350	11983331	-	1.634	1.076	>	6	22	68
1290	chr2	84437773	84437754	+	0.2305	0.14	>	6	22	68
1291	chr18	24002018	24001999	-	0.133	0.1333	>	6	22	68
1292	chr1	130151533	130151514	-	0.4075	0.3347	>	6	22	68
1293	chr9	59675855	59675836	+	0.3367	0.2161	>	6	22	68
1294	chr11	116840251	116840232	-	0.3374	0.637	>	6	22	68
1295	chr2	155819963	155819944	+	0.07886	0.146	>	6	22	68
1296	chr14	105301632	105301613	+	0.206	0.2114	>	6	22	68
1297	chr12	9044592	9044573	+	0.1821	0.2019	>	6	22	68
1298	chr18	13971224	13971205	-	0.5337	0.3596	>	6	22	68
1299	chr5	136267600	136267581	-	0.2751	0.189	>	6	22	68
1300	chr5	33371430	33371411	+	0.3992	0.1644	>	6	22	68
1301	chr14	51090397	51090378	-	0.4153	0.243	>	6	22	68
1302	chr1	77935072	77935053	+	0.1814	0.1729	>	6	22	68
1303	chr11	119246049	119246030	-	0.204	0.3367	>	6	22	68
1304	chr17	50274949	50274930	-	0.441	0.1749	>	6	22	68
1305	chr8	108956442	108956423	+	0.5635	0.3044	>	6	22	68
1306	chr11	66885340	66885321	+	0.1636	0.169	>	6	22	68
1307	chr7	30099945	30099926	-	0.1979	0.1757	>	6	22	68
1308	chr15	99973159	99973140	-	0.1998	0.3345	>	6	22	68
1309	chr5	16308949	16308930	+	0.1567	0.1411	>	6	22	68
1310	chr6	119466578	119466559	-	0.9824	0.9795	>	6	22	68
1311	chr2	136886679	136886660	+	0.7764	0.2095	>	6	22	68
1312	chr14	79763594	79763575	-	0.2852	0.151	>	6	22	68
1313	chr2	170416012	170415993	+	0.1837	0.1256	>	6	22	68
1314	chr4	41015236	41015217	-	0.1882	0.1434	>	6	22	68
1315	chr11	70975109	70975090	+	0.713	0.3914	>	6	22	68
1316	chr5	122773202	122773183	+	0.11584	0.1375	>	6	22	68
1317	chr4	128588031	128588012	-	0.2659	0.1909	>	6	22	68
1318	chr8	122576186	122576167	-	0.11285	0.1545	>	6	22	68
1319	chr7	76383989	76383970	+	0.1553	0.154	>	6	22	68
1320	chr9	41467019	41467000	-	0.2223	0.1565	>	6	22	68
1321	chr1	32712246	32712227	-	0.05322	0.1516	>	6	22	68
1322	chr16	23974866	23974847	-	0.5283	0.3425	>	6	22	68
1323	chr15	84066194	84066175	-	0.6196	1.17	>	6	22	68
1324	chr11	40148920	40148901	-	1.272	0.642	>	6	22	68
1325	chr7	27166488	27166469	-	0.306	0.491	>	6	22	68
1326	chr11	30240273	30240254	+	0.4001	0.2556	>	6	22	68
1327	chr2	69115969	69115950	-	0.1754	0.1587	>	6	22	68
1328	chr9	113420569	113420550	-	0.2261	0.2178	>	6	22	68
1329	chr12	99882528	99882509	-	0.2617	0.1387	>	6	22	68
1330	chr5	77347648	77347629	-	0.3625	0.4211	>	6	22	68
1331	chr10	49780455	49780436	+	0.2179	0.1394	>	6	22	68
1332	chr5	75855263	75855244	-	0.6416	0.4326	>	6	22	68
1333	chr2	124087358	124087339	-	0.6436	0.2075	>	6	22	68
1334	chr14	49219056	49219037	+	0.678	0.694	>	6	22	68
1335	chr5	147938091	147938072	+	0.368	0.1842	>	6	22	68
1336	chr11	32340288	32340269	+	0.1792	0.1648	>	6	22	68
1337	chr16	50181579	50181560	+	0.2006	0.1838	>	6	22	68
1338	chr16	20496121	20496102	-	0.6714	0.1777	>	6	22	68
1339	chr8	76775680	76775661	+	0.135	0.1975	>	6	22	68
1340	chr14	65597676	65597657	+	0.6543	0.452	>	6	22	68
1341	chr7	64754771	64754752	+	0.1351	0.2295	>	6	22	68
1342	chr2	166083979	166083960	-	0.2964	0.2065	>	6	22	68
1343	chr16	44140440	44140421	+	0.4607	0.3381	>	6	22	68
1344	chr12	90524338	90524319	-	0.3223	0.2983	>	6	22	68
1345	chr5	89391716	89391697	+	0.1626	0.1418	>	6	22	68
1346	chr9	59675438	59675419	-	0.2104	0.1542	>	6	22	68
1347	chr19	16339103	16339084	-	0.1967	0.1177	>	6	22	68
1348	chr13	30545067	30545048	+	0.3672	0.2915	>	6	22	68
1349	chr1	92462681	92462662	+	0.3916	0.1832	>	6	22	68
1350	chr4	84066283	84066264	-	0.1898	0.1552	>	6	22	68
1351	chr9	83373922	83373903	-	0.2197	0.1434	>	6	22	68
1352	chr4	88773969	88773950	-	0.9507	8.01	>	6	22	68
1353	chr9	123132258	123132239	-	0.1687	0.1416	>	6	22	68
1354	chr17	34958843	34958824	-	0.2079	0.5464	>	6	22	68
1355	chr12	50946225	50946206	+	0.2341	0.157	>	6	22	68
1356	chr13	73647252	73647233	+	0.267	0.1704	>	6	22	68
1357	chr11	83279300	83279281	-	0.4434	0.2251	>	6	22	68
1358	chr17	8986048	8986029	-	0.3325	0.212	>	6	22	68
1359	chr4	14935721	14935702	-	0.7095	0.296	>	6	22	68
1360	chr4	75076699	75076680	+	0.09125	0.2014	>	6	22	68
1361	chr5	114610713	114610694	+	0.0985	0.1626	>	6	22	68
1362	chr9	83378273	83378254	-	0.471	0.2808	>	6	22	68
1363	chr9	107773182	107773163	-	0.1786	0.1414	>	6	22	68
1364	chr9	41218030	41218011	+	0.1323	0.1355	>	6	22	68
1365	chr9	105644718	105644699	+	0.4255	0.1808	>	6	22	68
1366	chr8	84264441	84264422	-	1.261	1.4795	>	6	22	68
1367	chr4	135959453	135959434	+	0.112	0.2223	>	6	22	68
1368	chr1	24684268	24684249	+	0.4001	0.1942	>	6	22	68
1369	chr3	87748577	87748558	-	0.7593	0.4382	>	6	22	68
1370	chr9	54690950	54690931	+	0.11566	0.136	>	6	22	68
1371	chr15	82277690	82277671	-	0.9043	0.4492	>	6	22	68
1372	chr5	115498528	115498509	-	0.2693	0.2164	>	6	22	68
1373	chr9	56621276	56621257	+	0.10846	0.253	>	6	22	68
1374	chr18	81956733	81956714	-	0.2815	0.2637	>	6	22	68
1375	chr10	22791401	22791382	-	0.1346	0.2358	>	6	22	68
1376	chr15	82271301	82271282	+	0.836	0.1838	>	6	22	68
1377	chr12	69946159	69946140	+	0.555	0.455	>	6	22	68
1378	chr14	101442800	101442781	+	0.2983	0.1344	>	6	22	68
1379	chr2	164777017	164776998	-	0.5176	0.361	>	6	22	68
1380	chr10	24631573	24631554	-	1.178	1.224	>	6	22	68
1381	chr1	136528510	136528491	-	1.761	0.7373	>	6	22	68
1382	chr10	19222118	19222099	-	1.411	0.8228	>	6	22	68
1383	chr14	56885508	56885489	-	2.348	4.004	>	6	22	68
1384	chr8	85060493	85060474	-	0.9688	0.437	>	6	22	68
1385	chr11	96075822	96075803	-	0.9316	0.4944	>	6	22	68
1386	chr11	77476535	77476516	+	0.1632	0.2383	>	6	22	68
1387	chr1	81294004	81293985	-	0.905	0.562	>	6	22	68
1388	chr12	15520954	15520935	+	0.7183	0.4033	>	6	22	68
1389	chr7	66397054	66397035	+	0.1594	0.2107	>	6	22	68
1390	chr12	74014582	74014563	-	0.2377	0.1973	>	6	22	68
1391	chr5	144242554	144242535	-	0.241	0.1987	>	6	22	68
1392	chr15	66894943	66894924	+	0.2703	0.2021	>	6	22	68
1393	chr6	126484995	126484976	-	0.4333	1.278	>	6	22	68
1394	chr4	48427148	48427129	+	0.678	0.3833	>	6	22	68
1395	chr15	71459211	71459192	+	0.252	0.1731	>	6	22	68
1396	chr3	19896435	19896416	-	0.2361	0.1467	>	6	22	68
1397	chr8	68268707	68268688	-	0.1398	0.1492	>	6	22	68
1398	chr1	182555580	182555561	-	0.1982	0.1915	>	6	22	68
1399	chr9	44413186	44413167	-	0.534	0.393	>	6	22	68
1400	chr14	70151716	70151697	+	0.3604	0.2382	>	6	22	68
1401	chr4	62478250	62478231	+	0.438	0.1328	>	6	22	68
1402	chr3	127561629	127561610	-	0.2183	0.12354	>	6	22	68
1403	chr3	69139614	69139595	-	0.397	0.2261	>	6	22	68
1404	chr17	17919616	17919597	+	0.1678	0.167	>	6	22	68
1405	chr4	139314214	139314195	-	0.2279	0.269	>	6	22	68
1406	chr18	61952763	61952744	-	0.2372	0.1731	>	6	22	68
1407	chr9	7599188	7599169	+	0.33	0.191	>	6	22	68
1408	chr10	120898341	120898322	-	0.3386	0.1467	>	6	22	68
1409	chr11	57469613	57469594	-	0.1846	0.2297	>	6	22	68
1410	chr18	58480198	58480179	-	0.2095	0.1665	>	6	22	68
1411	chr17	12380527	12380508	-	0.658	0.591	>	6	22	68
1412	chr2	107940173	107940154	+	0.11664	0.1351	>	6	22	68
1413	chr2	32580534	32580515	-	0.2605	0.4055	>	6	22	68
1414	chr15	98813480	98813461	+	0.3496	0.5376	>	6	22	68
1415	chr6	54253893	54253874	+	0.1663	0.1743	>	6	22	68
1416	chr1	135800865	135800846	+	0.1766	0.1665	>	6	22	68
1417	chr15	58426369	58426350	+	0.1996	0.1519	>	6	22	68
1418	chr4	87367775	87367756	+	0.3853	0.1472	>	6	22	68
1419	chr2	96583103	96583084	-	0.809	0.3242	>	6	22	68
1420	chr4	63366959	63366940	-	0.1979	0.1753	>	6	22	68
1421	chr4	59761293	59761274	-	0.3435	0.2113	>	6	22	68
1422	chr10	7832162	7832143	+	0.2646	0.1672	>	6	22	68
1423	chr7	89904213	89904194	-	0.2908	0.156	>	6	22	68
1424	chr1	30697342	30697323	+	0.1025	0.1263	>	6	22	68
1425	chr1	58987602	58987583	+	0.2202	0.1498	>	6	22	68
1426	chr15	7452190	7452171	+	0.1405	0.12085	>	6	22	68
1427	chr4	139877044	139877025	+	0.3875	0.2688	>	6	22	68
1428	chr3	83291887	83291868	-	0.0825	0.137	>	6	22	68
1429	chr15	68912907	68912888	-	0.5024	0.2024	>	6	22	68
1430	chr14	64593744	64593725	-	1.073	0.5703	>	6	22	68
1431	chr1	56980349	56980330	-	0.2778	0.2322	>	6	22	68
1432	chr14	75833620	75833601	-	0.6006	0.4543	>	6	22	68
1433	chr16	62904648	62904629	-	0.217	0.1924	>	6	22	68
1434	chr5	35991229	35991210	-	1.033	1.082	>	6	22	68
1435	chr5	44287418	44287399	-	0.248	0.155	>	6	22	68
1436	chr15	76199915	76199896	-	0.07776	0.3071	>	6	22	68
1437	chr4	131240262	131240243	-	0.241	0.206	>	6	22	68
1438	chr5	102147917	102147898	-	0.228	0.2458	>	6	22	68
1439	chr3	93086926	93086907	+	0.0978	0.1787	>	6	22	68
1440	chr6	126163382	126163363	+	2.373	1.376	>	6	22	68
1441	chr3	45375769	45375750	+	1.051	0.2544	>	6	22	68
1442	chr16	90306219	90306200	-	0.3647	0.3506	>	6	22	68
1443	chr17	3249270	3249251	-	0.1843	0.136	>	6	22	68
1444	chr4	143024421	143024402	-	0.087	0.1317	>	6	22	68
1445	chr19	47513892	47513873	-	0.2471	0.1393	>	6	22	68
1446	chr6	66534595	66534576	-	1.387	0.675	>	6	22	68
1447	chr6	134963172	134963153	-	0.6475	0.5996	>	6	22	68
1448	chr14	56369245	56369226	+	0.2401	0.1912	>	6	22	68
1449	chr18	53460219	53460200	+	0.1775	0.162	>	6	22	68
1450	chr7	89476922	89476903	-	0.2163	0.1522	>	6	22	68
1451	chr6	34273116	34273097	+	0.0673	0.1545	>	6	22	68
1452	chr7	142295608	142295589	-	1.062	6.32	>	6	22	68
1453	chr3	22302208	22302189	+	0.992	0.3848	>	6	22	68
1454	chr6	31045994	31045975	-	0.7534	0.959	>	6	22	68
1455	chr9	57143378	57143359	-	0.1816	0.2302	>	6	22	68
1456	chr6	101268340	101268321	+	0.2712	0.1924	>	6	22	68
1457	chr9	58897456	58897437	-	0.7163	0.4846	>	6	22	68
1458	chr17	79601068	79601049	+	0.2245	0.12476	>	6	22	68
1459	chr16	5254607	5254588	-	0.2883	0.22	>	6	22	68
1460	chr4	83595536	83595517	+	1.783	1.041	>	6	22	68
1461	chr9	51159881	51159862	-	0.6875	0.266	>	6	22	68
1462	chr14	66354429	66354410	+	0.1142	0.1388	>	6	22	68
1463	chr5	117090283	117090264	+	0.5806	0.4014	>	6	22	68
1464	chr2	168061425	168061406	-	0.1733	0.2051	>	6	22	68
1465	chr5	9169228	9169209	+	0.3306	0.1686	>	6	22	68
1466	chr6	28418701	28418682	-	0.4202	0.266	>	6	22	68
1467	chr12	105038443	105038424	-	0.1501	0.2063	>	6	22	68
1468	chr1	182558143	182558124	-	0.2264	0.1511	>	6	22	68
1469	chr8	47713300	47713281	-	1.078	1.646	>	6	22	68
1470	chr18	47357393	47357374	+	0.2007	0.1278	>	6	22	68
1471	chr1	118771083	118771064	-	0.1254	0.2006	>	6	22	68
1472	chr16	6493044	6493025	-	0.1927	0.1516	>	6	22	68
1473	chr9	42951005	42950986	-	0.3914	0.2078	>	6	22	68
1474	chr13	53430986	53430967	-	0.6504	0.3672	>	6	22	68
1475	chr13	67609268	67609249	+	2.162	0.826	>	6	22	68
1476	chr1	53035072	53035053	+	0.1465	0.1494	>	6	22	68
1477	chr7	99471824	99471805	-	0.3745	0.4907	>	6	22	68
1478	chr11	36543574	36543555	-	0.1156	0.1614	>	6	22	68
1479	chr5	124334258	124334239	-	0.3428	0.273	>	6	22	68
1480	chr10	76771414	76771395	-	0.1296	0.2047	>	6	22	68
1481	chr10	4386719	4386700	+	0.32	0.4492	>	6	22	68
1482	chr5	116554091	116554072	+	0.0876	0.1714	>	6	22	68
1483	chr10	41734858	41734839	+	0.1406	0.2605	>	6	22	68
1484	chr10	50906875	50906856	-	0.2361	0.1674	>	6	22	68
1485	chr11	31651668	31651649	+	0.07605	0.1534	>	6	22	68
1486	chr6	116193190	116193171	+	0.3687	0.372	>	6	22	68
1487	chr1	188976509	188976490	+	0.343	0.1833	>	6	22	68
1488	chr12	101976095	101976076	+	0.681	0.4116	>	6	22	68
1489	chr15	75925915	75925896	+	0.6084	0.9233	>	6	22	68
1490	chr1	4777287	4777268	-	0.9443	1.425	>	6	22	68
1491	chr18	86560230	86560211	+	0.7866	1.138	>	6	22	68
1492	chr7	43574878	43574859	+	1.292	1.347	>	6	22	68
1493	chr7	98200601	98200582	-	0.2927	0.1711	>	6	22	68
1494	chr4	143319849	143319830	+	0.2299	0.1525	>	6	22	68
1495	chr2	128601696	128601677	-	0.1208	0.207	>	6	22	68
1496	chr17	57004491	57004472	-	0.1467	0.2932	>	6	22	68
1497	chr2	35196541	35196522	-	1.081	0.3997	>	6	22	68
1498	chr5	29779371	29779352	+	0.1531	0.1671	>	6	22	68
1499	chr10	93038429	93038410	-	0.163	0.1875	>	6	22	68
0	chr4	87368268	87368249	+	90.56	65.75	>	6	23	67
1	chr11	109860827	109860808	-	89.2	47.97	>	6	23	67
2	chr3	22309188	22309169	+	81.5	60.4	>	6	23	67
3	chr10	5161770	5161751	-	79.2	55.88	>	6	23	67
4	chr16	71247702	71247683	+	68.56	43.2	>	6	23	67
5	chr16	72980067	72980048	-	68.3	56.7	>	6	23	67
6	chr6	60556001	60555982	+	67.7	40.38	>	6	23	67
7	chr5	7996919	7996900	-	66.06	59.4	>	6	23	67
8	chr14	12140114	12140095	-	65.1	51.62	>	6	23	67
9	chr13	81439574	81439555	+	64.94	46.94	>	6	23	67
10	chr9	103996726	103996707	-	64.9	51.25	>	6	23	67
11	chr15	56066340	56066321	+	63.97	42.94	>	6	23	67
12	chr10	106609250	106609231	+	63.97	42.62	>	6	23	67
13	chr1	144380222	144380203	-	63.4	48.44	>	6	23	67
14	chr10	8240468	8240449	-	62.34	45.88	>	6	23	67
15	chr12	77000269	77000250	+	62.22	54.97	>	6	23	67
16	chr1	44745882	44745863	+	62.12	40.25	>	6	23	67
17	chr4	81178889	81178870	+	62.03	50.0	>	6	23	67
18	chr9	10909768	10909749	+	61.12	47.94	>	6	23	67
19	chr6	64650119	64650100	-	60.56	60.88	>	6	23	67
20	chr15	32766485	32766466	-	60.56	46.62	>	6	23	67
21	chr4	9135983	9135964	+	60.03	34.12	>	6	23	67
22	chr7	118305013	118304994	+	59.5	47.62	>	6	23	67
23	chr10	39520570	39520551	-	58.34	40.5	>	6	23	67
24	chr1	78724658	78724639	+	58.25	47.28	>	6	23	67
25	chr2	160598038	160598019	+	57.94	55.8	>	6	23	67
26	chr18	33790258	33790239	-	57.72	56.3	>	6	23	67
27	chr12	40837750	40837731	+	57.5	46.25	>	6	23	67
28	chr8	41443763	41443744	+	57.34	56.06	>	6	23	67
29	chr14	68494314	68494295	-	56.94	24.97	>	6	23	67
30	chr1	11657910	11657891	+	56.8	43.62	>	6	23	67
31	chr11	77100337	77100318	+	55.88	49.25	>	6	23	67
32	chr16	41244935	41244916	-	55.72	48.0	>	6	23	67
33	chr14	87452291	87452272	-	55.72	63.0	>	6	23	67
34	chr18	16217050	16217031	+	54.9	26.8	>	6	23	67
35	chr11	53255133	53255114	-	54.8	39.5	>	6	23	67
36	chr9	7216447	7216428	+	54.56	27.64	>	6	23	67
37	chr8	35850598	35850579	-	54.5	50.94	>	6	23	67
38	chr8	102781131	102781112	-	54.44	41.34	>	6	23	67
39	chr5	49962010	49961991	-	54.16	50.88	>	6	23	67
40	chr7	90410162	90410143	-	54.06	39.75	>	6	23	67
41	chr4	15328717	15328698	+	54.03	40.72	>	6	23	67
42	chr11	31949616	31949597	-	54.0	41.44	>	6	23	67
43	chr1	120586671	120586652	+	53.8	57.06	>	6	23	67
44	chr13	19698921	19698902	+	53.16	40.8	>	6	23	67
45	chr12	57825950	57825931	+	53.03	34.38	>	6	23	67
46	chr16	72215933	72215914	-	52.7	45.56	>	6	23	67
47	chr9	15685402	15685383	+	52.62	45.03	>	6	23	67
48	chr10	10321327	10321308	-	52.47	23.97	>	6	23	67
49	chr9	49494135	49494116	+	52.4	51.5	>	6	23	67
50	chr3	50906169	50906150	-	52.12	57.06	>	6	23	67
51	chr11	57467973	57467954	-	52.03	54.47	>	6	23	67
52	chr11	113165316	113165297	-	51.88	57.94	>	6	23	67
53	chr9	51152608	51152589	-	51.8	48.22	>	6	23	67
54	chr16	58299658	58299639	+	51.56	30.08	>	6	23	67
55	chr16	22564783	22564764	+	51.44	49.16	>	6	23	67
56	chr8	36523135	36523116	-	51.4	44.44	>	6	23	67
57	chr14	34810941	34810922	+	51.3	52.97	>	6	23	67
58	chr6	101261740	101261721	-	51.0	49.47	>	6	23	67
59	chr7	132213694	132213675	-	50.8	38.62	>	6	23	67
60	chr2	48886271	48886252	-	50.28	44.53	>	6	23	67
61	chr12	54060974	54060955	-	50.12	27.78	>	6	23	67
62	chr1	5905019	5905000	-	50.06	44.22	>	6	23	67
63	chr9	26776375	26776356	-	50.0	53.88	>	6	23	67
64	chr1	103799519	103799500	+	49.53	56.44	>	6	23	67
65	chr9	88222188	88222169	-	49.5	40.1	>	6	23	67
66	chr18	58481884	58481865	-	49.28	39.28	>	6	23	67
67	chr13	100112788	100112769	+	49.16	37.22	>	6	23	67
68	chr3	14679394	14679375	+	49.06	29.97	>	6	23	67
69	chr16	37109459	37109440	+	48.75	19.0	>	6	23	67
70	chr3	153655318	153655299	-	48.72	48.28	>	6	23	67
71	chr16	89765698	89765679	-	48.38	54.0	>	6	23	67
72	chr13	89543228	89543209	-	48.3	56.84	>	6	23	67
73	chr11	40149509	40149490	-	48.28	36.34	>	6	23	67
74	chr3	113080940	113080921	-	48.2	53.4	>	6	23	67
75	chr10	70963797	70963778	-	47.53	51.97	>	6	23	67
76	chr6	66533480	66533461	-	47.34	41.22	>	6	23	67
77	chr18	57976815	57976796	+	47.28	41.3	>	6	23	67
78	chr12	92303388	92303369	+	47.12	48.12	>	6	23	67
79	chr6	43686140	43686121	+	47.1	34.0	>	6	23	67
80	chr15	11038687	11038668	+	47.06	40.16	>	6	23	67
81	chr6	13281064	13281045	-	47.06	44.4	>	6	23	67
82	chr4	25180081	25180062	-	46.94	22.34	>	6	23	67
83	chr2	110229883	110229864	+	46.8	37.2	>	6	23	67
84	chr2	118638293	118638274	+	46.34	48.4	>	6	23	67
85	chr14	67674858	67674839	-	46.2	40.62	>	6	23	67
86	chr1	179477262	179477243	-	45.97	54.9	>	6	23	67
87	chr12	78056191	78056172	+	45.84	48.03	>	6	23	67
88	chr15	44836402	44836383	+	45.7	45.75	>	6	23	67
89	chr9	80293262	80293243	+	45.3	48.66	>	6	23	67
90	chr1	21411405	21411386	+	45.28	35.97	>	6	23	67
91	chr8	80483379	80483360	-	45.28	32.34	>	6	23	67
92	chr16	55477026	55477007	-	44.9	60.88	>	6	23	67
93	chr9	122729759	122729740	-	44.72	40.56	>	6	23	67
94	chr2	17415581	17415562	-	44.56	38.03	>	6	23	67
95	chr4	13778049	13778030	-	44.5	20.47	>	6	23	67
96	chr16	64748455	64748436	-	44.47	52.25	>	6	23	67
97	chr6	57570627	57570608	-	44.28	34.06	>	6	23	67
98	chr16	13117421	13117402	+	44.28	48.25	>	6	23	67
99	chr1	54381475	54381456	-	44.12	34.1	>	6	23	67
100	chr15	40166896	40166877	+	44.03	40.53	>	6	23	67
101	chr17	83271696	83271677	+	44.0	39.2	>	6	23	67
102	chr9	63136063	63136044	+	43.94	32.22	>	6	23	67
103	chr3	68056550	68056531	+	43.88	35.0	>	6	23	67
104	chr3	25220822	25220803	-	43.8	23.62	>	6	23	67
105	chr7	118102455	118102436	-	43.53	59.94	>	6	23	67
106	chr9	51335485	51335466	+	43.47	26.75	>	6	23	67
107	chr16	96671807	96671788	-	43.4	27.66	>	6	23	67
108	chr2	113494904	113494885	+	43.34	43.28	>	6	23	67
109	chr1	55404561	55404542	+	43.25	39.06	>	6	23	67
110	chr3	80079969	80079950	+	43.0	35.7	>	6	23	67
111	chr11	25862989	25862970	-	42.66	37.9	>	6	23	67
112	chr13	109213188	109213169	-	42.6	60.5	>	6	23	67
113	chr8	58566283	58566264	+	42.56	33.8	>	6	23	67
114	chr16	72218227	72218208	+	42.38	47.1	>	6	23	67
115	chr14	102510640	102510621	-	42.34	35.9	>	6	23	67
116	chr7	143154010	143153991	+	42.16	43.66	>	6	23	67
117	chr6	143219585	143219566	+	42.1	41.62	>	6	23	67
118	chr17	86906334	86906315	-	41.97	47.25	>	6	23	67
119	chr8	62080400	62080381	+	41.97	30.6	>	6	23	67
120	chr3	57843985	57843966	+	41.94	43.75	>	6	23	67
121	chr18	3495634	3495615	+	41.62	36.03	>	6	23	67
122	chr7	125393847	125393828	-	41.56	47.0	>	6	23	67
123	chr7	86211564	86211545	-	41.56	46.4	>	6	23	67
124	chr9	60245127	60245108	+	41.38	43.16	>	6	23	67
125	chr6	131353859	131353840	-	41.3	15.89	>	6	23	67
126	chr15	98173991	98173972	-	41.25	24.88	>	6	23	67
127	chr17	88641249	88641230	-	41.12	34.25	>	6	23	67
128	chr9	87027908	87027889	+	41.1	38.34	>	6	23	67
129	chr4	70621553	70621534	-	40.97	48.38	>	6	23	67
130	chr12	41487236	41487217	-	40.88	35.94	>	6	23	67
131	chr4	127368548	127368529	+	40.8	49.72	>	6	23	67
132	chr8	50293750	50293731	-	40.75	48.2	>	6	23	67
133	chr16	27468981	27468962	+	40.75	34.62	>	6	23	67
134	chr7	121641354	121641335	-	40.7	30.69	>	6	23	67
135	chr3	29726795	29726776	-	40.7	30.42	>	6	23	67
136	chr14	29110872	29110853	-	40.66	51.22	>	6	23	67
137	chr13	116712427	116712408	-	40.62	33.1	>	6	23	67
138	chr18	19939562	19939543	-	40.47	45.7	>	6	23	67
139	chr15	80704533	80704514	-	40.28	46.53	>	6	23	67
140	chr18	50137074	50137055	+	40.28	37.62	>	6	23	67
141	chr13	15763212	15763193	-	40.25	29.53	>	6	23	67
142	chr19	50185486	50185467	+	40.22	44.2	>	6	23	67
143	chr12	74013965	74013946	-	40.22	40.8	>	6	23	67
144	chr1	138835543	138835524	+	40.06	20.81	>	6	23	67
145	chr15	55550924	55550905	-	40.06	37.12	>	6	23	67
146	chr1	61771439	61771420	-	40.06	23.55	>	6	23	67
147	chr12	34664961	34664942	+	40.0	19.7	>	6	23	67
148	chr14	78288101	78288082	-	39.8	38.8	>	6	23	67
149	chr2	4499416	4499397	+	39.78	33.88	>	6	23	67
150	chr13	30260132	30260113	-	39.75	32.75	>	6	23	67
151	chr9	68015271	68015252	+	39.2	39.0	>	6	23	67
152	chr1	126993502	126993483	-	39.06	47.2	>	6	23	67
153	chr16	25349824	25349805	-	39.0	41.2	>	6	23	67
154	chr1	14729249	14729230	-	38.94	39.3	>	6	23	67
155	chr15	59389427	59389408	+	38.7	46.34	>	6	23	67
156	chr6	100882590	100882571	+	38.66	49.44	>	6	23	67
157	chr3	9711121	9711102	+	38.62	35.47	>	6	23	67
158	chr6	21214019	21214000	-	38.47	24.2	>	6	23	67
159	chr17	42603617	42603598	-	38.47	42.5	>	6	23	67
160	chr4	80517548	80517529	-	38.47	41.4	>	6	23	67
161	chr9	85328584	85328565	-	38.28	30.06	>	6	23	67
162	chr17	44262001	44261982	+	38.22	44.16	>	6	23	67
163	chr10	102449665	102449646	+	38.2	48.84	>	6	23	67
164	chr17	14520745	14520726	-	38.12	30.45	>	6	23	67
165	chr13	51830925	51830906	+	38.0	56.0	>	6	23	67
166	chr12	83502436	83502417	-	37.97	34.4	>	6	23	67
167	chr5	75853265	75853246	-	37.94	27.88	>	6	23	67
168	chr13	110382742	110382723	+	37.88	61.84	>	6	23	67
169	chr5	62481159	62481140	-	37.8	35.4	>	6	23	67
170	chr7	49121503	49121484	-	37.7	29.61	>	6	23	67
171	chr15	11966575	11966556	-	37.66	34.72	>	6	23	67
172	chr3	31146135	31146116	+	37.53	44.5	>	6	23	67
173	chr2	37815879	37815860	+	37.47	39.2	>	6	23	67
174	chr5	33033442	33033423	-	37.44	48.28	>	6	23	67
175	chr9	7595466	7595447	-	37.4	28.72	>	6	23	67
176	chr5	21641153	21641134	-	37.3	33.66	>	6	23	67
177	chr14	48367302	48367283	-	37.12	39.88	>	6	23	67
178	chr17	14524624	14524605	+	37.1	38.88	>	6	23	67
179	chr4	84064835	84064816	+	37.06	23.38	>	6	23	67
180	chr4	63368786	63368767	+	37.06	51.6	>	6	23	67
181	chr5	102149680	102149661	+	37.03	38.97	>	6	23	67
182	chr12	32897684	32897665	-	36.88	40.9	>	6	23	67
183	chr16	91936532	91936513	+	36.72	43.06	>	6	23	67
184	chr6	37046379	37046360	-	36.72	47.7	>	6	23	67
185	chr18	59081896	59081877	+	36.7	37.34	>	6	23	67
186	chr6	103697552	103697533	-	36.3	43.6	>	6	23	67
187	chr18	19937930	19937911	+	36.3	37.56	>	6	23	67
188	chr6	93757594	93757575	+	36.28	18.31	>	6	23	67
189	chr17	9756371	9756352	+	36.28	21.2	>	6	23	67
190	chr2	96585854	96585835	+	36.25	26.84	>	6	23	67
191	chr11	82915176	82915157	+	36.2	36.34	>	6	23	67
192	chr6	6005837	6005818	+	36.03	35.2	>	6	23	67
193	chr1	98392238	98392219	-	36.03	38.97	>	6	23	67
194	chr7	48749384	48749365	+	35.94	38.3	>	6	23	67
195	chr11	105911812	105911793	-	35.9	37.8	>	6	23	67
196	chr10	45045486	45045467	-	35.8	35.22	>	6	23	67
197	chr2	4492748	4492729	-	35.75	19.97	>	6	23	67
198	chr6	18087397	18087378	+	35.75	40.84	>	6	23	67
199	chr5	90203341	90203322	+	35.7	41.12	>	6	23	67
200	chr7	136489148	136489129	+	35.62	28.06	>	6	23	67
201	chr9	109862620	109862601	-	35.6	34.12	>	6	23	67
202	chr15	59876355	59876336	+	35.3	32.16	>	6	23	67
203	chr14	76473612	76473593	-	35.25	45.66	>	6	23	67
204	chr3	128349320	128349301	+	35.03	41.75	>	6	23	67
205	chr3	45375963	45375944	+	35.03	23.92	>	6	23	67
206	chr3	133314669	133314650	+	34.97	39.0	>	6	23	67
207	chr1	96801850	96801831	-	34.84	30.55	>	6	23	67
208	chr7	115216958	115216939	+	34.62	30.45	>	6	23	67
209	chr9	59282577	59282558	-	34.62	26.88	>	6	23	67
210	chr2	148112135	148112116	-	34.5	31.5	>	6	23	67
211	chr18	52457916	52457897	-	34.47	28.2	>	6	23	67
212	chr6	56691454	56691435	-	34.34	42.2	>	6	23	67
213	chr13	20292580	20292561	-	34.3	38.5	>	6	23	67
214	chr13	57260119	57260100	-	34.25	52.66	>	6	23	67
215	chr13	113877615	113877596	+	34.25	36.75	>	6	23	67
216	chr13	116715029	116715010	-	34.1	31.72	>	6	23	67
217	chr4	83596692	83596673	-	34.1	52.75	>	6	23	67
218	chr8	64941619	64941600	-	34.06	33.75	>	6	23	67
219	chr3	51701488	51701469	+	34.03	22.56	>	6	23	67
220	chr14	120061322	120061303	-	33.84	29.2	>	6	23	67
221	chr7	75910166	75910147	+	33.8	57.6	>	6	23	67
222	chr4	98702698	98702679	-	33.78	31.62	>	6	23	67
223	chr3	146185137	146185118	+	33.62	52.6	>	6	23	67
224	chr4	151157152	151157133	+	33.53	59.38	>	6	23	67
225	chr5	43391861	43391842	-	33.5	21.5	>	6	23	67
226	chr11	93856511	93856492	-	33.47	26.19	>	6	23	67
227	chr14	59605843	59605824	+	33.47	40.3	>	6	23	67
228	chr14	84438580	84438561	+	33.44	23.31	>	6	23	67
229	chr12	50943824	50943805	-	33.28	38.56	>	6	23	67
230	chr7	83550335	83550316	-	33.2	30.12	>	6	23	67
231	chr6	117167008	117166989	+	33.03	30.3	>	6	23	67
232	chr4	12538791	12538772	+	33.0	21.84	>	6	23	67
233	chr18	47353079	47353060	+	32.84	24.58	>	6	23	67
234	chr5	12541496	12541477	-	32.72	22.56	>	6	23	67
235	chr2	60721127	60721108	+	32.72	22.53	>	6	23	67
236	chr11	78838251	78838232	+	32.72	51.5	>	6	23	67
237	chr8	73356225	73356206	+	32.62	23.39	>	6	23	67
238	chr12	10598567	10598548	+	32.5	41.56	>	6	23	67
239	chr19	20345158	20345139	-	32.25	47.94	>	6	23	67
240	chr17	58909486	58909467	-	32.16	39.4	>	6	23	67
241	chr10	69655037	69655018	-	32.12	36.56	>	6	23	67
242	chr4	3967733	3967714	-	32.12	41.75	>	6	23	67
243	chr16	21192795	21192776	-	32.06	38.78	>	6	23	67
244	chr11	12291593	12291574	-	32.0	15.54	>	6	23	67
245	chr11	117385082	117385063	+	31.83	36.6	>	6	23	67
246	chr12	32292095	32292076	+	31.73	20.83	>	6	23	67
247	chr4	64833096	64833077	+	31.69	34.34	>	6	23	67
248	chr13	47301245	47301226	+	31.67	43.9	>	6	23	67
249	chr1	89631957	89631938	-	31.56	45.38	>	6	23	67
250	chr9	69296601	69296582	-	31.53	38.66	>	6	23	67
251	chr3	53735364	53735345	+	31.28	24.5	>	6	23	67
252	chr10	45373471	45373452	-	31.2	37.7	>	6	23	67
253	chr8	91797725	91797706	+	31.19	30.23	>	6	23	67
254	chr4	88035662	88035643	+	31.06	19.66	>	6	23	67
255	chr2	75151187	75151168	-	31.05	37.9	>	6	23	67
256	chr14	66791971	66791952	-	31.02	32.1	>	6	23	67
257	chr2	93199062	93199043	-	30.9	51.25	>	6	23	67
258	chr2	73551006	73550987	+	30.86	53.72	>	6	23	67
259	chr12	89451144	89451125	-	30.81	40.1	>	6	23	67
260	chr16	66086729	66086710	-	30.81	33.7	>	6	23	67
261	chr14	114791647	114791628	-	30.72	37.2	>	6	23	67
262	chr4	43420547	43420528	-	30.61	34.5	>	6	23	67
263	chr1	87447687	87447668	+	30.56	32.53	>	6	23	67
264	chr15	55306471	55306452	+	30.56	24.06	>	6	23	67
265	chr15	97667578	97667559	+	30.52	37.12	>	6	23	67
266	chr2	16359548	16359529	+	30.47	16.92	>	6	23	67
267	chr14	8356099	8356080	+	30.42	51.06	>	6	23	67
268	chr3	19894816	19894797	-	30.38	33.66	>	6	23	67
269	chr12	43813750	43813731	-	30.34	24.06	>	6	23	67
270	chr2	27770378	27770359	+	30.12	46.8	>	6	23	67
271	chr16	48675836	48675817	-	30.12	28.97	>	6	23	67
272	chr10	13016733	13016714	+	30.1	53.44	>	6	23	67
273	chr2	76367359	76367340	+	30.05	30.6	>	6	23	67
274	chr2	115515230	115515211	+	30.05	12.29	>	6	23	67
275	chr19	16785108	16785089	-	30.03	27.4	>	6	23	67
276	chr3	78948444	78948425	+	30.03	29.16	>	6	23	67
277	chr1	37250876	37250857	-	29.94	25.45	>	6	23	67
278	chr18	74431409	74431390	+	29.94	28.48	>	6	23	67
279	chr1	38787652	38787633	-	29.89	46.22	>	6	23	67
280	chr3	14874584	14874565	+	29.88	22.88	>	6	23	67
281	chr9	69505778	69505759	+	29.88	30.58	>	6	23	67
282	chr10	84450913	84450894	-	29.77	31.7	>	6	23	67
283	chr2	172216047	172216028	-	29.77	65.06	>	6	23	67
284	chr10	97712895	97712876	+	29.72	22.83	>	6	23	67
285	chr1	4770074	4770055	+	29.72	39.66	>	6	23	67
286	chr12	50301580	50301561	-	29.69	16.55	>	6	23	67
287	chr15	85266923	85266904	+	29.69	42.06	>	6	23	67
288	chr4	85403030	85403011	+	29.62	27.23	>	6	23	67
289	chr6	97526370	97526351	-	29.53	31.17	>	6	23	67
290	chr8	112046096	112046077	+	29.5	62.6	>	6	23	67
291	chr12	96311368	96311349	-	29.48	23.8	>	6	23	67
292	chr1	93507239	93507220	-	29.45	32.5	>	6	23	67
293	chr13	21714927	21714908	+	29.4	37.72	>	6	23	67
294	chr6	49008180	49008161	+	29.38	27.1	>	6	23	67
295	chr17	17749545	17749526	-	29.36	32.88	>	6	23	67
296	chr6	145360253	145360234	+	29.34	33.62	>	6	23	67
297	chr7	17066630	17066611	-	29.27	41.75	>	6	23	67
298	chr12	81788850	81788831	-	29.25	32.47	>	6	23	67
299	chr7	129649172	129649153	+	29.19	42.88	>	6	23	67
300	chr14	104039053	104039034	+	29.17	41.16	>	6	23	67
301	chr13	41634744	41634725	-	29.08	40.84	>	6	23	67
302	chr7	138835232	138835213	-	29.02	47.88	>	6	23	67
303	chr15	97195797	97195778	+	28.92	38.5	>	6	23	67
304	chr1	119087737	119087718	+	28.89	50.28	>	6	23	67
305	chr4	85819373	85819354	-	28.86	29.28	>	6	23	67
306	chr11	30657307	30657288	-	28.86	6.477	>	6	23	67
307	chr5	49369245	49369226	+	28.66	27.94	>	6	23	67
308	chr6	106805067	106805048	+	28.61	20.38	>	6	23	67
309	chr6	31660958	31660939	+	28.53	52.9	>	6	23	67
310	chr12	8306749	8306730	-	28.48	47.94	>	6	23	67
311	chr13	42822785	42822766	-	28.47	44.4	>	6	23	67
312	chr15	34968778	34968759	+	28.4	27.94	>	6	23	67
313	chr7	68369859	68369840	+	28.38	58.97	>	6	23	67
314	chr15	80266443	80266424	+	28.33	34.62	>	6	23	67
315	chr6	102171110	102171091	+	28.19	24.06	>	6	23	67
316	chr16	72605273	72605254	-	28.11	17.7	>	6	23	67
317	chr18	65490506	65490487	+	28.06	33.94	>	6	23	67
318	chr3	55373775	55373756	+	28.0	19.75	>	6	23	67
319	chr1	53927814	53927795	-	27.97	28.48	>	6	23	67
320	chr2	160368066	160368047	-	27.95	21.97	>	6	23	67
321	chr10	42295232	42295213	-	27.94	37.8	>	6	23	67
322	chr7	116040411	116040392	-	27.9	26.19	>	6	23	67
323	chr10	116197535	116197516	-	27.81	28.58	>	6	23	67
324	chr5	20773533	20773514	-	27.81	20.77	>	6	23	67
325	chr12	80725012	80724993	-	27.73	38.97	>	6	23	67
326	chr15	66899881	66899862	-	27.6	21.5	>	6	23	67
327	chr18	16822208	16822189	-	27.56	13.28	>	6	23	67
328	chr18	14503254	14503235	-	27.55	19.48	>	6	23	67
329	chr5	98344786	98344767	+	27.44	28.3	>	6	23	67
330	chr10	77517236	77517217	+	27.39	30.44	>	6	23	67
331	chr1	44741472	44741453	-	27.38	6.344	>	6	23	67
332	chr6	127945983	127945964	-	27.28	24.97	>	6	23	67
333	chr16	42914955	42914936	-	27.27	20.78	>	6	23	67
334	chr18	39137558	39137539	+	27.11	15.805	>	6	23	67
335	chr13	42575907	42575888	+	27.11	22.34	>	6	23	67
336	chr2	13278209	13278190	+	27.06	48.53	>	6	23	67
337	chr18	43836585	43836566	-	27.06	22.66	>	6	23	67
338	chr4	114647896	114647877	+	27.05	26.58	>	6	23	67
339	chr16	44149214	44149195	-	27.03	37.28	>	6	23	67
340	chr13	109776299	109776280	+	27.02	27.47	>	6	23	67
341	chr19	30217515	30217496	+	27.0	44.25	>	6	23	67
342	chr6	61316075	61316056	+	26.94	38.16	>	6	23	67
343	chr17	78598832	78598813	+	26.92	37.16	>	6	23	67
344	chr2	117231457	117231438	-	26.88	23.62	>	6	23	67
345	chr4	115101816	115101797	+	26.84	34.88	>	6	23	67
346	chr10	57448131	57448112	-	26.8	44.97	>	6	23	67
347	chr13	113046665	113046646	+	26.77	22.72	>	6	23	67
348	chr4	110022447	110022428	-	26.58	43.47	>	6	23	67
349	chr7	101653829	101653810	+	26.5	47.97	>	6	23	67
350	chr5	67756338	67756319	+	26.5	26.55	>	6	23	67
351	chr3	62192717	62192698	-	26.5	17.1	>	6	23	67
352	chr10	17728146	17728127	-	26.45	14.96	>	6	23	67
353	chr5	37752557	37752538	-	26.33	30.73	>	6	23	67
354	chr1	60961316	60961297	-	26.3	26.22	>	6	23	67
355	chr17	68176981	68176962	+	26.27	18.84	>	6	23	67
356	chr7	37357871	37357852	-	26.2	67.6	>	6	23	67
357	chr4	32572316	32572297	-	26.16	44.75	>	6	23	67
358	chr4	96696741	96696722	+	26.12	32.22	>	6	23	67
359	chr4	109729491	109729472	-	26.06	50.3	>	6	23	67
360	chr10	111977780	111977761	+	25.78	32.1	>	6	23	67
361	chr5	45424489	45424470	-	25.73	30.9	>	6	23	67
362	chr2	61494577	61494558	-	25.72	22.25	>	6	23	67
363	chr6	13287046	13287027	+	25.69	21.62	>	6	23	67
364	chr9	116060829	116060810	+	25.66	36.5	>	6	23	67
365	chr8	17537753	17537734	-	25.64	36.44	>	6	23	67
366	chr9	77781636	77781617	-	25.62	27.94	>	6	23	67
367	chr15	5106460	5106441	-	25.56	29.45	>	6	23	67
368	chr17	93141334	93141315	-	25.53	33.03	>	6	23	67
369	chr6	97759520	97759501	+	25.52	17.88	>	6	23	67
370	chr8	119384750	119384731	-	25.47	45.94	>	6	23	67
371	chr6	88113322	88113303	+	25.38	41.75	>	6	23	67
372	chr15	101984527	101984508	-	25.38	56.7	>	6	23	67
373	chr8	54493335	54493316	-	25.34	39.7	>	6	23	67
374	chr9	24119622	24119603	+	25.33	14.83	>	6	23	67
375	chr3	50077169	50077150	-	25.31	24.22	>	6	23	67
376	chr4	47419767	47419748	+	25.23	44.03	>	6	23	67
377	chr2	76115910	76115891	+	25.22	28.97	>	6	23	67
378	chr15	67174759	67174740	+	25.2	12.74	>	6	23	67
379	chr8	125574509	125574490	+	25.17	12.85	>	6	23	67
380	chr1	161737065	161737046	-	25.11	39.75	>	6	23	67
381	chr3	85571455	85571436	-	25.1	9.7	>	6	23	67
382	chr18	19577078	19577059	-	25.02	27.28	>	6	23	67
383	chr19	36083087	36083068	-	25.0	29.4	>	6	23	67
384	chr8	115709616	115709597	-	24.98	9.14	>	6	23	67
385	chr10	126330794	126330775	-	24.84	24.02	>	6	23	67
386	chr15	25993551	25993532	+	24.81	33.28	>	6	23	67
387	chr5	131430355	131430336	-	24.78	45.44	>	6	23	67
388	chr1	9545352	9545333	-	24.78	38.06	>	6	23	67
389	chr19	28768445	28768426	-	24.75	36.44	>	6	23	67
390	chr10	24630876	24630857	+	24.72	22.94	>	6	23	67
391	chr17	54351102	54351083	+	24.53	15.79	>	6	23	67
392	chr16	20496806	20496787	+	24.47	28.86	>	6	23	67
393	chr12	109394024	109394005	-	24.44	15.02	>	6	23	67
394	chr13	21803288	21803269	-	24.42	40.1	>	6	23	67
395	chr3	103392995	103392976	+	24.38	33.9	>	6	23	67
396	chr15	25428758	25428739	+	24.31	24.08	>	6	23	67
397	chr3	135206860	135206841	-	24.3	9.21	>	6	23	67
398	chr8	65139261	65139242	+	24.3	33.56	>	6	23	67
399	chr9	29650850	29650831	-	24.23	35.72	>	6	23	67
400	chr3	127971093	127971074	+	24.2	46.1	>	6	23	67
401	chr2	104035038	104035019	+	24.16	33.7	>	6	23	67
402	chr9	81635302	81635283	+	24.11	12.08	>	6	23	67
403	chr6	95484597	95484578	+	24.03	13.41	>	6	23	67
404	chr14	72293991	72293972	-	23.83	34.2	>	6	23	67
405	chr18	65490035	65490016	-	23.72	29.94	>	6	23	67
406	chr12	38123788	38123769	-	23.66	16.0	>	6	23	67
407	chr18	70184838	70184819	-	23.66	11.39	>	6	23	67
408	chr3	152095252	152095233	-	23.53	23.67	>	6	23	67
409	chr8	32002994	32002975	-	23.5	23.94	>	6	23	67
410	chr11	22206830	22206811	-	23.48	11.1	>	6	23	67
411	chr5	76541051	76541032	-	23.44	19.22	>	6	23	67
412	chr10	52106337	52106318	+	23.38	22.61	>	6	23	67
413	chr1	84697462	84697443	-	23.38	25.22	>	6	23	67
414	chr1	67181385	67181366	+	23.34	35.0	>	6	23	67
415	chr6	101267027	101267008	+	23.31	12.77	>	6	23	67
416	chr6	129255175	129255156	-	23.25	41.8	>	6	23	67
417	chr4	115710017	115709998	-	23.19	25.83	>	6	23	67
418	chr2	118241614	118241595	-	23.19	37.16	>	6	23	67
419	chr8	71371784	71371765	+	23.11	28.11	>	6	23	67
420	chr7	73422670	73422651	-	23.11	37.7	>	6	23	67
421	chr5	33039602	33039583	+	23.05	27.48	>	6	23	67
422	chr2	153143004	153142985	-	23.02	20.31	>	6	23	67
423	chr14	98181824	98181805	-	23.0	7.93	>	6	23	67
424	chr2	136887058	136887039	-	22.97	12.49	>	6	23	67
425	chr1	135136701	135136682	-	22.88	42.44	>	6	23	67
426	chr5	4948481	4948462	-	22.86	27.0	>	6	23	67
427	chr10	71422814	71422795	+	22.81	51.25	>	6	23	67
428	chr8	64597251	64597232	-	22.66	30.06	>	6	23	67
429	chr1	162336834	162336815	-	22.45	14.914	>	6	23	67
430	chr9	94738996	94738977	+	22.42	42.94	>	6	23	67
431	chr17	53403136	53403117	+	22.4	18.28	>	6	23	67
432	chr2	155811920	155811901	-	22.36	51.28	>	6	23	67
433	chr12	52010769	52010750	+	22.33	16.6	>	6	23	67
434	chr3	44912870	44912851	-	22.31	11.58	>	6	23	67
435	chr5	98348848	98348829	+	22.25	34.97	>	6	23	67
436	chr15	80706301	80706282	+	22.25	25.52	>	6	23	67
437	chr1	167932285	167932266	-	22.22	36.66	>	6	23	67
438	chr14	121455709	121455690	-	22.2	25.7	>	6	23	67
439	chr4	98243714	98243695	-	22.16	26.34	>	6	23	67
440	chr4	143027468	143027449	+	22.14	29.11	>	6	23	67
441	chr2	153668926	153668907	+	22.14	25.36	>	6	23	67
442	chr9	41461929	41461910	-	22.14	12.42	>	6	23	67
443	chr4	109431143	109431124	-	22.1	22.34	>	6	23	67
444	chr5	44831505	44831486	-	22.08	22.05	>	6	23	67
445	chr8	119676601	119676582	-	22.03	33.06	>	6	23	67
446	chr17	40824060	40824041	-	22.02	34.28	>	6	23	67
447	chr15	37102366	37102347	-	22.0	13.84	>	6	23	67
448	chr1	119083862	119083843	-	21.92	45.47	>	6	23	67
449	chr5	41044703	41044684	-	21.78	28.61	>	6	23	67
450	chr19	24622032	24622013	+	21.77	22.19	>	6	23	67
451	chr3	58159626	58159607	-	21.75	32.1	>	6	23	67
452	chr1	38130140	38130121	-	21.75	23.66	>	6	23	67
453	chr2	129472129	129472110	-	21.73	30.17	>	6	23	67
454	chr9	15682043	15682024	-	21.73	11.22	>	6	23	67
455	chr9	69502720	69502701	-	21.7	34.7	>	6	23	67
456	chr14	21120676	21120657	+	21.69	43.16	>	6	23	67
457	chr7	110645588	110645569	-	21.69	43.56	>	6	23	67
458	chr16	78950579	78950560	-	21.64	3.295	>	6	23	67
459	chr7	131899517	131899498	+	21.56	16.44	>	6	23	67
460	chr8	106403484	106403465	-	21.53	20.23	>	6	23	67
461	chr17	73303429	73303410	+	21.48	50.6	>	6	23	67
462	chr1	83727325	83727306	+	21.48	26.81	>	6	23	67
463	chr13	29857603	29857584	+	21.42	9.836	>	6	23	67
464	chr14	104033786	104033767	+	21.34	21.16	>	6	23	67
465	chr7	119011391	119011372	+	21.31	35.56	>	6	23	67
466	chr1	69165377	69165358	+	21.31	25.0	>	6	23	67
467	chr1	192727176	192727157	+	21.28	21.9	>	6	23	67
468	chr9	50438293	50438274	-	21.2	27.17	>	6	23	67
469	chr15	46990407	46990388	-	21.14	10.516	>	6	23	67
470	chr13	73646874	73646855	+	21.14	37.5	>	6	23	67
471	chr16	67089956	67089937	+	21.12	15.94	>	6	23	67
472	chr2	83332995	83332976	-	21.02	18.14	>	6	23	67
473	chr8	10415030	10415011	+	21.0	37.3	>	6	23	67
474	chr1	35716149	35716130	-	20.89	18.69	>	6	23	67
475	chr7	43920039	43920020	-	20.83	34.3	>	6	23	67
476	chr8	15138726	15138707	+	20.81	41.03	>	6	23	67
477	chr13	6515705	6515686	+	20.8	28.08	>	6	23	67
478	chr2	64948996	64948977	-	20.72	23.2	>	6	23	67
479	chr19	20345737	20345718	+	20.7	55.44	>	6	23	67
480	chr5	33994851	33994832	+	20.64	14.97	>	6	23	67
481	chr14	76479953	76479934	+	20.62	37.16	>	6	23	67
482	chr3	144737048	144737029	+	20.58	28.33	>	6	23	67
483	chr2	13597223	13597204	-	20.5	12.72	>	6	23	67
484	chr9	118908437	118908418	-	20.5	27.45	>	6	23	67
485	chr4	153484615	153484596	-	20.39	17.89	>	6	23	67
486	chr19	12433211	12433192	+	20.36	28.34	>	6	23	67
487	chr15	31611224	31611205	+	20.34	11.17	>	6	23	67
488	chr3	107206198	107206179	+	20.34	39.22	>	6	23	67
489	chr17	86909946	86909927	+	20.31	22.38	>	6	23	67
490	chr7	89473669	89473650	-	20.22	24.19	>	6	23	67
491	chr6	35252603	35252584	+	20.22	32.56	>	6	23	67
492	chr6	126168001	126167982	-	20.17	8.76	>	6	23	67
493	chr16	42169942	42169923	+	20.12	43.34	>	6	23	67
494	chr6	90607354	90607335	+	20.11	24.86	>	6	23	67
495	chr6	31664664	31664645	+	20.11	41.5	>	6	23	67
496	chr13	100002039	100002020	+	20.02	21.73	>	6	23	67
497	chr6	97523337	97523318	-	19.97	25.72	>	6	23	67
498	chr4	123529452	123529433	-	19.95	17.69	>	6	23	67
499	chr18	53744741	53744722	-	19.94	29.1	>	6	23	67
500	chr9	13849232	13849213	+	19.9	15.484	>	6	23	67
501	chr15	14052128	14052109	-	19.89	12.375	>	6	23	67
502	chr3	68053761	68053742	-	19.88	27.33	>	6	23	67
503	chr14	50799990	50799971	+	19.83	30.28	>	6	23	67
504	chr8	50292348	50292329	+	19.83	31.36	>	6	23	67
505	chr19	52993242	52993223	-	19.81	45.25	>	6	23	67
506	chr8	24546435	24546416	-	19.8	56.1	>	6	23	67
507	chr2	166085186	166085167	+	19.78	40.2	>	6	23	67
508	chr15	80260893	80260874	-	19.75	33.7	>	6	23	67
509	chr18	75606699	75606680	+	19.72	50.94	>	6	23	67
510	chr2	135957961	135957942	-	19.69	27.1	>	6	23	67
511	chr11	75179118	75179099	+	19.67	22.83	>	6	23	67
512	chr6	77628987	77628968	+	19.66	40.56	>	6	23	67
513	chr4	82614384	82614365	-	19.62	15.836	>	6	23	67
514	chr17	27190013	27189994	+	19.5	26.89	>	6	23	67
515	chr14	121451301	121451282	-	19.45	26.11	>	6	23	67
516	chr9	69987821	69987802	-	19.44	12.234	>	6	23	67
517	chr6	40479902	40479883	+	19.42	24.72	>	6	23	67
518	chr4	82619779	82619760	-	19.42	11.22	>	6	23	67
519	chr2	160593235	160593216	-	19.4	45.8	>	6	23	67
520	chr4	48691990	48691971	+	19.4	34.88	>	6	23	67
521	chr1	11140123	11140104	-	19.39	7.324	>	6	23	67
522	chr6	67858160	67858141	+	19.36	18.55	>	6	23	67
523	chr1	91914028	91914009	+	19.36	22.06	>	6	23	67
524	chr15	76196896	76196877	+	19.33	35.8	>	6	23	67
525	chr11	43767011	43766992	+	19.27	27.44	>	6	23	67
526	chr17	8463677	8463658	+	19.23	31.38	>	6	23	67
527	chr2	60442102	60442083	-	19.22	10.555	>	6	23	67
528	chr10	8242562	8242543	+	19.2	18.4	>	6	23	67
529	chr15	8382407	8382388	+	19.16	11.64	>	6	23	67
530	chr19	11360302	11360283	+	19.14	15.06	>	6	23	67
531	chr12	79305335	79305316	+	19.11	29.94	>	6	23	67
532	chr13	38992697	38992678	+	19.03	12.445	>	6	23	67
533	chr8	91147955	91147936	-	19.0	26.05	>	6	23	67
534	chr13	64443476	64443457	+	19.0	35.6	>	6	23	67
535	chr8	117898214	117898195	+	18.92	34.16	>	6	23	67
536	chr11	42423473	42423454	-	18.77	18.48	>	6	23	67
537	chr9	114957195	114957176	-	18.77	27.38	>	6	23	67
538	chr5	149647926	149647907	+	18.72	23.06	>	6	23	67
539	chr5	128440068	128440049	-	18.69	40.7	>	6	23	67
540	chr6	90606762	90606743	-	18.67	32.6	>	6	23	67
541	chr10	58560031	58560012	+	18.67	23.25	>	6	23	67
542	chr18	25538443	25538424	+	18.66	23.94	>	6	23	67
543	chr11	22987510	22987491	+	18.56	23.83	>	6	23	67
544	chr13	57269837	57269818	-	18.55	36.6	>	6	23	67
545	chr13	53096854	53096835	-	18.55	32.88	>	6	23	67
546	chr7	124783020	124783001	-	18.55	23.44	>	6	23	67
547	chr7	40687242	40687223	-	18.52	26.28	>	6	23	67
548	chr4	109438113	109438094	+	18.45	31.61	>	6	23	67
549	chr13	46663777	46663758	-	18.45	5.215	>	6	23	67
550	chr2	21927862	21927843	-	18.45	17.72	>	6	23	67
551	chr11	72564476	72564457	-	18.39	17.95	>	6	23	67
552	chr14	57362951	57362932	-	18.3	10.125	>	6	23	67
553	chr13	54063511	54063492	-	18.3	12.516	>	6	23	67
554	chr8	127191530	127191511	+	18.27	39.03	>	6	23	67
555	chr4	24249781	24249762	+	18.25	8.38	>	6	23	67
556	chr1	175603551	175603532	-	18.2	12.0	>	6	23	67
557	chr7	131897479	131897460	+	18.19	16.34	>	6	23	67
558	chr2	125259455	125259436	-	18.17	32.72	>	6	23	67
559	chr8	11943262	11943243	-	18.0	20.05	>	6	23	67
560	chr13	74861814	74861795	+	17.98	11.664	>	6	23	67
561	chr3	37302880	37302861	-	17.98	17.84	>	6	23	67
562	chr2	165391753	165391734	+	17.95	20.97	>	6	23	67
563	chr1	167669968	167669949	-	17.94	39.3	>	6	23	67
564	chr14	24311319	24311300	+	17.89	24.48	>	6	23	67
565	chr6	125622660	125622641	+	17.86	24.67	>	6	23	67
566	chr16	91694897	91694878	+	17.83	21.03	>	6	23	67
567	chr7	100886752	100886733	-	17.8	33.3	>	6	23	67
568	chr2	165779092	165779073	+	17.7	43.9	>	6	23	67
569	chr4	118988734	118988715	-	17.7	12.37	>	6	23	67
570	chr9	111939788	111939769	+	17.64	16.92	>	6	23	67
571	chr9	40806571	40806552	+	17.64	39.78	>	6	23	67
572	chr19	21571392	21571373	+	17.64	11.9	>	6	23	67
573	chr10	49785057	49785038	-	17.56	2.498	>	6	23	67
574	chr3	84922220	84922201	+	17.47	28.94	>	6	23	67
575	chr12	7991018	7990999	+	17.47	17.66	>	6	23	67
576	chr8	106687694	106687675	+	17.45	42.0	>	6	23	67
577	chr19	15998346	15998327	+	17.33	27.56	>	6	23	67
578	chr10	30838389	30838370	+	17.3	7.543	>	6	23	67
579	chr2	6469364	6469345	-	17.28	15.65	>	6	23	67
580	chr9	59678540	59678521	-	17.28	29.06	>	6	23	67
581	chr18	60143536	60143517	-	17.25	6.348	>	6	23	67
582	chr2	76114972	76114953	-	17.25	26.88	>	6	23	67
583	chr1	192722361	192722342	-	17.23	36.0	>	6	23	67
584	chr13	6737153	6737134	+	17.23	24.25	>	6	23	67
585	chr10	116199232	116199213	+	17.23	24.89	>	6	23	67
586	chr18	6627309	6627290	+	17.06	30.4	>	6	23	67
587	chr7	117375969	117375950	-	17.03	13.42	>	6	23	67
588	chr11	7200225	7200206	+	17.03	39.34	>	6	23	67
589	chr3	152474817	152474798	+	16.98	9.51	>	6	23	67
590	chr12	4107565	4107546	+	16.97	22.11	>	6	23	67
591	chr18	78212287	78212268	-	16.83	18.31	>	6	23	67
592	chr2	17842170	17842151	-	16.81	6.844	>	6	23	67
593	chr5	112429191	112429172	-	16.78	14.19	>	6	23	67
594	chr9	54169687	54169668	+	16.73	16.64	>	6	23	67
595	chr9	78597063	78597044	+	16.73	17.98	>	6	23	67
596	chr2	125556029	125556010	+	16.69	19.19	>	6	23	67
597	chr4	86545837	86545818	-	16.69	26.34	>	6	23	67
598	chr11	34229190	34229171	+	16.55	19.56	>	6	23	67
599	chr13	60479163	60479144	+	16.52	1.697	>	6	23	67
600	chr11	57788119	57788100	+	16.36	29.88	>	6	23	67
601	chr5	117504639	117504620	+	16.36	53.34	>	6	23	67
602	chr1	128368923	128368904	+	16.28	14.01	>	6	23	67
603	chr14	51098507	51098488	-	16.28	41.22	>	6	23	67
604	chr10	14404268	14404249	+	16.23	20.66	>	6	23	67
605	chr18	65752297	65752278	-	16.1	16.11	>	6	23	67
606	chr3	59077498	59077479	+	16.1	40.72	>	6	23	67
607	chr1	119919473	119919454	+	16.06	20.62	>	6	23	67
608	chr1	86598699	86598680	+	16.03	48.72	>	6	23	67
609	chr1	80178208	80178189	-	16.0	17.12	>	6	23	67
610	chr15	64132164	64132145	+	15.96	15.336	>	6	23	67
611	chr2	4652218	4652199	-	15.91	22.83	>	6	23	67
612	chr9	40805489	40805470	-	15.86	35.53	>	6	23	67
613	chr13	30549079	30549060	-	15.805	25.34	>	6	23	67
614	chr3	82350530	82350511	-	15.805	7.78	>	6	23	67
615	chr7	81155234	81155215	-	15.805	19.0	>	6	23	67
616	chr4	107701325	107701306	-	15.8	18.55	>	6	23	67
617	chr11	76655250	76655231	+	15.8	25.19	>	6	23	67
618	chr7	122945377	122945358	+	15.72	20.64	>	6	23	67
619	chr16	32697312	32697293	+	15.695	24.02	>	6	23	67
620	chr13	114460825	114460806	-	15.65	8.25	>	6	23	67
621	chr19	59389409	59389390	+	15.65	31.4	>	6	23	67
622	chr7	45451495	45451476	+	15.64	35.4	>	6	23	67
623	chr15	85599066	85599047	+	15.625	30.86	>	6	23	67
624	chr10	9012998	9012979	+	15.6	21.77	>	6	23	67
625	chr13	24318872	24318853	-	15.58	11.58	>	6	23	67
626	chr3	123506917	123506898	-	15.53	17.17	>	6	23	67
627	chr13	101719731	101719712	-	15.48	25.34	>	6	23	67
628	chr12	12412898	12412879	-	15.43	30.47	>	6	23	67
629	chr10	127342496	127342477	-	15.4	29.73	>	6	23	67
630	chr7	28972871	28972852	+	15.39	21.2	>	6	23	67
631	chr5	130862481	130862462	+	15.33	29.22	>	6	23	67
632	chr13	53779354	53779335	+	15.31	23.8	>	6	23	67
633	chr11	51582940	51582921	-	15.305	26.1	>	6	23	67
634	chr3	34150257	34150238	+	15.3	17.19	>	6	23	67
635	chr9	30423156	30423137	-	15.29	30.31	>	6	23	67
636	chr1	55886585	55886566	+	15.29	16.73	>	6	23	67
637	chr8	121104251	121104232	+	15.28	31.56	>	6	23	67
638	chr2	31683894	31683875	+	15.27	30.73	>	6	23	67
639	chr9	121458682	121458663	+	15.27	42.72	>	6	23	67
640	chr13	111421545	111421526	+	15.22	27.25	>	6	23	67
641	chr18	56572965	56572946	+	15.22	32.7	>	6	23	67
642	chr18	42593315	42593296	+	15.2	8.75	>	6	23	67
643	chr8	118287683	118287664	+	15.2	7.145	>	6	23	67
644	chr14	47742843	47742824	+	15.18	9.65	>	6	23	67
645	chr1	184791312	184791293	-	15.164	27.39	>	6	23	67
646	chr6	106800166	106800147	-	15.1	18.75	>	6	23	67
647	chr11	12025880	12025861	+	15.06	18.02	>	6	23	67
648	chr5	129594341	129594322	-	15.03	29.4	>	6	23	67
649	chr13	16005724	16005705	+	15.016	13.71	>	6	23	67
650	chr14	65597230	65597211	+	15.016	14.01	>	6	23	67
651	chr5	99900280	99900261	-	14.95	10.75	>	6	23	67
652	chr8	11421350	11421331	-	14.945	26.12	>	6	23	67
653	chr19	4755748	4755729	+	14.93	24.55	>	6	23	67
654	chr10	110733540	110733521	-	14.914	16.5	>	6	23	67
655	chr5	67752088	67752069	+	14.89	18.31	>	6	23	67
656	chr9	77381774	77381755	-	14.85	26.45	>	6	23	67
657	chr18	81951830	81951811	-	14.76	34.06	>	6	23	67
658	chr1	86059644	86059625	+	14.734	30.22	>	6	23	67
659	chr1	52630636	52630617	-	14.734	9.89	>	6	23	67
660	chr2	174308107	174308088	+	14.69	14.67	>	6	23	67
661	chr11	99364649	99364630	-	14.6	16.03	>	6	23	67
662	chr13	109558424	109558405	+	14.49	16.98	>	6	23	67
663	chr12	58201405	58201386	-	14.48	6.883	>	6	23	67
664	chr7	137471937	137471918	+	14.445	28.83	>	6	23	67
665	chr17	26916803	26916784	+	14.414	25.05	>	6	23	67
666	chr5	87871626	87871607	-	14.414	20.39	>	6	23	67
667	chr2	125252443	125252424	+	14.414	25.9	>	6	23	67
668	chr1	9549185	9549166	+	14.414	19.5	>	6	23	67
669	chr11	11788608	11788589	-	14.38	31.97	>	6	23	67
670	chr7	43928727	43928708	+	14.36	11.45	>	6	23	67
671	chr10	60760656	60760637	-	14.31	36.9	>	6	23	67
672	chr6	17362958	17362939	+	14.31	3.076	>	6	23	67
673	chr1	136521528	136521509	-	14.305	21.69	>	6	23	67
674	chr2	153147934	153147915	+	14.28	18.94	>	6	23	67
675	chr8	61522313	61522294	+	14.266	28.28	>	6	23	67
676	chr18	56759303	56759284	+	14.266	12.61	>	6	23	67
677	chr14	115451146	115451127	-	14.234	4.215	>	6	23	67
678	chr1	176218428	176218409	+	14.195	14.99	>	6	23	67
679	chr15	97665520	97665501	-	14.18	30.02	>	6	23	67
680	chr13	20299620	20299601	+	14.18	33.25	>	6	23	67
681	chr9	59969601	59969582	-	14.14	17.69	>	6	23	67
682	chr16	57611975	57611956	+	14.055	18.66	>	6	23	67
683	chr12	15816144	15816125	+	13.984	8.52	>	6	23	67
684	chr15	82271381	82271362	-	13.95	28.55	>	6	23	67
685	chr7	74363644	74363625	-	13.95	40.8	>	6	23	67
686	chr3	73066293	73066274	+	13.95	16.86	>	6	23	67
687	chr1	118772515	118772496	-	13.945	30.34	>	6	23	67
688	chr4	110020493	110020474	-	13.94	26.28	>	6	23	67
689	chr3	34639420	34639401	-	13.94	14.87	>	6	23	67
690	chr2	131530224	131530205	-	13.92	25.86	>	6	23	67
691	chr4	20024128	20024109	+	13.91	12.516	>	6	23	67
692	chr8	74980870	74980851	-	13.81	30.2	>	6	23	67
693	chr18	75757719	75757700	+	13.734	18.78	>	6	23	67
694	chr7	89908147	89908128	-	13.72	13.79	>	6	23	67
695	chr4	150257406	150257387	+	13.72	23.58	>	6	23	67
696	chr2	55022781	55022762	-	13.664	7.77	>	6	23	67
697	chr18	64506771	64506752	-	13.63	18.4	>	6	23	67
698	chr14	123353156	123353137	-	13.61	11.6	>	6	23	67
699	chr4	139872794	139872775	+	13.59	35.75	>	6	23	67
700	chr13	51839869	51839850	+	13.586	21.19	>	6	23	67
701	chr5	146162789	146162770	+	13.516	23.42	>	6	23	67
702	chr9	83785201	83785182	+	13.49	14.66	>	6	23	67
703	chr3	59079480	59079461	+	13.44	28.77	>	6	23	67
704	chr10	11345312	11345293	-	13.375	5.086	>	6	23	67
705	chr11	46252188	46252169	-	13.34	28.12	>	6	23	67
706	chr4	85404971	85404952	+	13.32	14.11	>	6	23	67
707	chr4	130738774	130738755	+	13.31	16.47	>	6	23	67
708	chr5	86432914	86432895	+	13.305	16.02	>	6	23	67
709	chr3	22306829	22306810	+	13.266	18.6	>	6	23	67
710	chr2	91930225	91930206	-	13.25	19.55	>	6	23	67
711	chr6	108417714	108417695	+	13.234	10.66	>	6	23	67
712	chr12	17011790	17011771	-	13.16	20.73	>	6	23	67
713	chr5	87551137	87551118	-	13.15	21.52	>	6	23	67
714	chr4	106227683	106227664	-	13.14	14.38	>	6	23	67
715	chr4	139877472	139877453	+	13.1	27.4	>	6	23	67
716	chr1	88742593	88742574	-	13.086	17.75	>	6	23	67
717	chr3	52254088	52254069	+	13.02	34.16	>	6	23	67
718	chr9	73159469	73159450	+	12.99	27.5	>	6	23	67
719	chr7	29297253	29297234	-	12.984	28.8	>	6	23	67
720	chr13	116312336	116312317	-	12.93	10.21	>	6	23	67
721	chr2	157117146	157117127	-	12.91	21.92	>	6	23	67
722	chr9	60243712	60243693	+	12.89	13.59	>	6	23	67
723	chr1	179845066	179845047	-	12.88	17.89	>	6	23	67
724	chr11	103332754	103332735	+	12.875	24.97	>	6	23	67
725	chr1	53032774	53032755	-	12.87	13.05	>	6	23	67
726	chr8	45345197	45345178	+	12.81	16.72	>	6	23	67
727	chr12	113216133	113216114	+	12.74	53.7	>	6	23	67
728	chr15	36152194	36152175	-	12.72	16.9	>	6	23	67
729	chr1	72876274	72876255	+	12.69	17.11	>	6	23	67
730	chr9	14774009	14773990	+	12.664	9.0	>	6	23	67
731	chr12	74317197	74317178	-	12.664	11.76	>	6	23	67
732	chr7	107819649	107819630	-	12.64	16.3	>	6	23	67
733	chr13	55327907	55327888	+	12.64	17.61	>	6	23	67
734	chr3	54796015	54795996	+	12.63	22.77	>	6	23	67
735	chr6	60963937	60963918	+	12.61	7.094	>	6	23	67
736	chr8	21981891	21981872	-	12.61	17.33	>	6	23	67
737	chr10	38269349	38269330	-	12.52	19.28	>	6	23	67
738	chr6	51170619	51170600	-	12.5	20.02	>	6	23	67
739	chr2	148110356	148110337	-	12.43	16.03	>	6	23	67
740	chr1	88301823	88301804	-	12.42	19.61	>	6	23	67
741	chr6	115037959	115037940	-	12.33	15.375	>	6	23	67
742	chr16	11980974	11980955	+	12.33	3.668	>	6	23	67
743	chr15	44832771	44832752	-	12.31	24.2	>	6	23	67
744	chr19	26193888	26193869	-	12.29	7.65	>	6	23	67
745	chr17	8988263	8988244	-	12.29	10.71	>	6	23	67
746	chr14	66358860	66358841	+	12.28	18.22	>	6	23	67
747	chr12	40832432	40832413	-	12.26	13.56	>	6	23	67
748	chr2	53206958	53206939	-	12.18	12.55	>	6	23	67
749	chr16	42914617	42914598	+	12.16	7.133	>	6	23	67
750	chr11	111523686	111523667	-	12.14	23.53	>	6	23	67
751	chr6	121556678	121556659	+	12.11	18.8	>	6	23	67
752	chr7	43926199	43926180	-	12.1	21.69	>	6	23	67
753	chr3	3311028	3311009	+	12.09	10.74	>	6	23	67
754	chr12	17018680	17018661	+	12.04	21.19	>	6	23	67
755	chr18	33794794	33794775	+	11.97	24.89	>	6	23	67
756	chr15	73791915	73791896	+	11.96	24.61	>	6	23	67
757	chr12	82489256	82489237	+	11.945	11.805	>	6	23	67
758	chr19	37559803	37559784	+	11.91	21.4	>	6	23	67
759	chr12	36195155	36195136	-	11.91	7.07	>	6	23	67
760	chr3	30515246	30515227	-	11.875	11.664	>	6	23	67
761	chr19	27426681	27426662	-	11.81	11.945	>	6	23	67
762	chr2	75590427	75590408	-	11.75	21.66	>	6	23	67
763	chr2	17849498	17849479	+	11.75	6.633	>	6	23	67
764	chr9	83371155	83371136	-	11.75	6.18	>	6	23	67
765	chr9	30936846	30936827	-	11.734	17.67	>	6	23	67
766	chr15	94690037	94690018	+	11.73	23.03	>	6	23	67
767	chr2	147379133	147379114	+	11.69	9.875	>	6	23	67
768	chr4	121232314	121232295	-	11.664	7.945	>	6	23	67
769	chr18	56333219	56333200	-	11.64	4.934	>	6	23	67
770	chr16	25952209	25952190	-	11.64	6.688	>	6	23	67
771	chr13	94976326	94976307	+	11.63	16.62	>	6	23	67
772	chr2	30942898	30942879	-	11.57	22.28	>	6	23	67
773	chr6	104479441	104479422	+	11.55	10.57	>	6	23	67
774	chr5	113080039	113080020	-	11.52	26.94	>	6	23	67
775	chr16	30550607	30550588	-	11.52	17.62	>	6	23	67
776	chr1	160194976	160194957	+	11.51	18.28	>	6	23	67
777	chr11	56116782	56116763	-	11.48	30.47	>	6	23	67
778	chr6	112484521	112484502	-	11.48	12.14	>	6	23	67
779	chr14	21853546	21853527	-	11.445	30.66	>	6	23	67
780	chr9	58534993	58534974	+	11.414	20.97	>	6	23	67
781	chr17	73302318	73302299	+	11.414	39.62	>	6	23	67
782	chr1	85842459	85842440	-	11.41	14.02	>	6	23	67
783	chr17	16926410	16926391	-	11.35	2.584	>	6	23	67
784	chr12	29894861	29894842	+	11.31	16.72	>	6	23	67
785	chr2	127832989	127832970	+	11.22	7.293	>	6	23	67
786	chr16	20724653	20724634	+	11.18	15.11	>	6	23	67
787	chr1	180811112	180811093	-	11.164	28.33	>	6	23	67
788	chr13	109210611	109210592	-	11.16	17.5	>	6	23	67
789	chr18	5990207	5990188	-	11.14	3.14	>	6	23	67
790	chr18	12102268	12102249	-	11.125	23.38	>	6	23	67
791	chr19	59380193	59380174	+	11.08	23.9	>	6	23	67
792	chr2	101665476	101665457	+	11.055	26.06	>	6	23	67
793	chr12	108541242	108541223	-	11.02	27.9	>	6	23	67
794	chr2	32583648	32583629	+	11.016	30.19	>	6	23	67
795	chr1	181881807	181881788	-	10.98	11.91	>	6	23	67
796	chr5	117506576	117506557	+	10.94	40.06	>	6	23	67
797	chr1	38789153	38789134	+	10.89	22.95	>	6	23	67
798	chr10	102445139	102445120	-	10.875	19.4	>	6	23	67
799	chr12	81788941	81788922	+	10.87	12.51	>	6	23	67
800	chr9	78233462	78233443	-	10.86	15.93	>	6	23	67
801	chr10	96618527	96618508	+	10.86	3.014	>	6	23	67
802	chr8	84639419	84639400	-	10.85	34.7	>	6	23	67
803	chr17	8468905	8468886	+	10.85	20.27	>	6	23	67
804	chr2	67535551	67535532	+	10.83	7.83	>	6	23	67
805	chr18	52947340	52947321	+	10.82	10.15	>	6	23	67
806	chr13	72625410	72625391	-	10.78	6.715	>	6	23	67
807	chr11	31942449	31942430	+	10.69	22.72	>	6	23	67
808	chr1	6190743	6190724	-	10.63	7.344	>	6	23	67
809	chr7	74367549	74367530	+	10.6	15.16	>	6	23	67
810	chr4	22482970	22482951	+	10.58	4.45	>	6	23	67
811	chr13	20298018	20297999	+	10.56	24.86	>	6	23	67
812	chr16	75325511	75325492	-	10.484	5.44	>	6	23	67
813	chr6	54586377	54586358	+	10.44	8.14	>	6	23	67
814	chr14	59604211	59604192	-	10.375	15.664	>	6	23	67
815	chr2	107946040	107946021	-	10.31	11.08	>	6	23	67
816	chr1	62701219	62701200	-	10.3	12.74	>	6	23	67
817	chr7	75914120	75914101	+	10.266	24.1	>	6	23	67
818	chr5	98167679	98167660	+	10.26	12.875	>	6	23	67
819	chr9	99671799	99671780	+	10.23	22.52	>	6	23	67
820	chr1	179847901	179847882	+	10.16	11.88	>	6	23	67
821	chr15	80080817	80080798	-	10.15	32.28	>	6	23	67
822	chr6	137747756	137747737	-	10.09	27.12	>	6	23	67
823	chr6	77249625	77249606	-	10.09	6.945	>	6	23	67
824	chr5	149049190	149049171	-	10.08	15.81	>	6	23	67
825	chr18	32814407	32814388	-	10.07	2.566	>	6	23	67
826	chr11	46258405	46258386	-	10.06	20.3	>	6	23	67
827	chr11	81974830	81974811	-	10.01	5.44	>	6	23	67
828	chr19	48414047	48414028	+	9.99	12.77	>	6	23	67
829	chr11	34836484	34836465	+	9.86	20.75	>	6	23	67
830	chr17	24437345	24437326	-	9.81	19.33	>	6	23	67
831	chr6	59208753	59208734	-	9.734	12.92	>	6	23	67
832	chr13	37325694	37325675	-	9.734	20.84	>	6	23	67
833	chr11	43412967	43412948	-	9.72	22.2	>	6	23	67
834	chr13	49651342	49651323	-	9.71	2.496	>	6	23	67
835	chr7	143151380	143151361	+	9.69	18.05	>	6	23	67
836	chr16	4285478	4285459	-	9.67	7.94	>	6	23	67
837	chr11	29715017	29714998	-	9.664	9.12	>	6	23	67
838	chr3	134654263	134654244	+	9.62	3.898	>	6	23	67
839	chr8	28978824	28978805	-	9.57	7.504	>	6	23	67
840	chr13	54062269	54062250	-	9.55	10.02	>	6	23	67
841	chr9	32585514	32585495	+	9.516	12.72	>	6	23	67
842	chr7	73648212	73648193	-	9.484	13.375	>	6	23	67
843	chr19	27425889	27425870	-	9.44	11.26	>	6	23	67
844	chr13	100854377	100854358	-	9.42	17.78	>	6	23	67
845	chr5	140749784	140749765	-	9.414	22.17	>	6	23	67
846	chr4	127027444	127027425	+	9.4	22.48	>	6	23	67
847	chr11	109221866	109221847	-	9.3	9.67	>	6	23	67
848	chr16	16596794	16596775	+	9.28	5.977	>	6	23	67
849	chr2	128605294	128605275	-	9.25	9.07	>	6	23	67
850	chr2	61492265	61492246	+	9.25	6.99	>	6	23	67
851	chr10	74217479	74217460	+	9.22	7.7	>	6	23	67
852	chr9	68016722	68016703	+	9.2	8.305	>	6	23	67
853	chr6	144248136	144248117	+	9.19	7.742	>	6	23	67
854	chr13	51191948	51191929	+	9.17	5.492	>	6	23	67
855	chr2	103424848	103424829	-	9.164	12.29	>	6	23	67
856	chr7	64751734	64751715	-	9.13	16.66	>	6	23	67
857	chr7	27160004	27159985	+	9.125	14.17	>	6	23	67
858	chr13	95986545	95986526	+	9.08	13.76	>	6	23	67
859	chr5	135118653	135118634	+	9.08	29.22	>	6	23	67
860	chr10	49786914	49786895	-	9.07	0.785	>	6	23	67
861	chr1	51639072	51639053	+	9.02	3.22	>	6	23	67
862	chr14	105307894	105307875	+	8.95	2.453	>	6	23	67
863	chr19	40231990	40231971	-	8.95	19.89	>	6	23	67
864	chr10	69656526	69656507	+	8.95	12.99	>	6	23	67
865	chr7	142714879	142714860	-	8.945	27.2	>	6	23	67
866	chr6	129256260	129256241	-	8.93	14.53	>	6	23	67
867	chr5	138199783	138199764	+	8.9	8.414	>	6	23	67
868	chr8	36193738	36193719	+	8.89	10.43	>	6	23	67
869	chr11	49597354	49597335	+	8.87	6.92	>	6	23	67
870	chr1	139405977	139405958	-	8.86	4.043	>	6	23	67
871	chr3	124289118	124289099	-	8.84	12.69	>	6	23	67
872	chr9	13196005	13195986	-	8.83	30.6	>	6	23	67
873	chr14	115819240	115819221	+	8.83	10.71	>	6	23	67
874	chr5	146914595	146914576	+	8.82	39.7	>	6	23	67
875	chr4	119223866	119223847	-	8.766	16.34	>	6	23	67
876	chr15	85879204	85879185	-	8.76	17.27	>	6	23	67
877	chr4	124682485	124682466	+	8.7	17.45	>	6	23	67
878	chr17	34956526	34956507	+	8.695	22.17	>	6	23	67
879	chr12	39494054	39494035	-	8.65	2.455	>	6	23	67
880	chr9	34485824	34485805	-	8.625	10.6	>	6	23	67
881	chr2	180786948	180786929	+	8.57	17.27	>	6	23	67
882	chr4	62230989	62230970	+	8.57	12.25	>	6	23	67
883	chr2	16357480	16357461	+	8.55	2.205	>	6	23	67
884	chr17	9759516	9759497	+	8.54	11.53	>	6	23	67
885	chr10	13018670	13018651	+	8.54	19.64	>	6	23	67
886	chr4	32570820	32570801	-	8.52	6.645	>	6	23	67
887	chr9	86451919	86451900	-	8.49	16.77	>	6	23	67
888	chr7	139590495	139590476	+	8.49	20.39	>	6	23	67
889	chr16	31944169	31944150	+	8.445	14.11	>	6	23	67
890	chr3	104701211	104701192	-	8.44	24.84	>	6	23	67
891	chr2	160955546	160955527	-	8.414	14.05	>	6	23	67
892	chr18	32811889	32811870	+	8.4	4.918	>	6	23	67
893	chr14	115042240	115042221	-	8.4	14.734	>	6	23	67
894	chr2	28464119	28464100	-	8.33	19.16	>	6	23	67
895	chr2	76369931	76369912	+	8.28	9.1	>	6	23	67
896	chr3	107605512	107605493	+	8.28	12.57	>	6	23	67
897	chr14	121220891	121220872	-	8.23	10.8	>	6	23	67
898	chr1	103796539	103796520	+	8.22	10.74	>	6	23	67
899	chr16	23151589	23151570	+	8.21	3.11	>	6	23	67
900	chr5	33371346	33371327	-	8.19	15.74	>	6	23	67
901	chr13	103121088	103121069	-	8.18	6.016	>	6	23	67
902	chr10	60760529	60760510	+	8.14	24.72	>	6	23	67
903	chr1	169921787	169921768	+	8.12	12.62	>	6	23	67
904	chr13	42826816	42826797	-	8.11	17.0	>	6	23	67
905	chr6	72601930	72601911	+	8.11	24.06	>	6	23	67
906	chr7	81345319	81345300	-	7.99	7.87	>	6	23	67
907	chr11	33934471	33934452	+	7.98	18.27	>	6	23	67
908	chr18	77044808	77044789	-	7.97	11.42	>	6	23	67
909	chr7	67217278	67217259	+	7.926	7.28	>	6	23	67
910	chr2	164074027	164074008	+	7.906	10.22	>	6	23	67
911	chr3	45373410	45373391	+	7.855	1.438	>	6	23	67
912	chr1	152768355	152768336	-	7.84	9.35	>	6	23	67
913	chr11	102267665	102267646	-	7.81	17.44	>	6	23	67
914	chr11	43411664	43411645	-	7.81	21.72	>	6	23	67
915	chr2	129880054	129880035	+	7.805	6.484	>	6	23	67
916	chr11	81972241	81972222	+	7.797	9.07	>	6	23	67
917	chr9	65581143	65581124	-	7.793	11.17	>	6	23	67
918	chr4	106228720	106228701	+	7.727	13.9	>	6	23	67
919	chr6	119467876	119467857	+	7.703	18.1	>	6	23	67
920	chr10	122794511	122794492	+	7.695	15.734	>	6	23	67
921	chr14	34813484	34813465	-	7.69	11.805	>	6	23	67
922	chr15	19280629	19280610	+	7.68	3.066	>	6	23	67
923	chr13	38235597	38235578	-	7.676	11.836	>	6	23	67
924	chr13	21710105	21710086	+	7.67	14.95	>	6	23	67
925	chr11	104231353	104231334	-	7.67	18.38	>	6	23	67
926	chr6	86401304	86401285	-	7.64	23.28	>	6	23	67
927	chr4	24245320	24245301	-	7.633	3.027	>	6	23	67
928	chr9	29655082	29655063	+	7.613	20.11	>	6	23	67
929	chr9	58535957	58535938	-	7.605	16.9	>	6	23	67
930	chr5	112427478	112427459	-	7.598	9.93	>	6	23	67
931	chr4	140539353	140539334	-	7.58	22.9	>	6	23	67
932	chr14	105302910	105302891	+	7.57	4.605	>	6	23	67
933	chr7	19713404	19713385	-	7.543	26.19	>	6	23	67
934	chr1	127487367	127487348	-	7.52	14.33	>	6	23	67
935	chr19	56806125	56806106	-	7.504	5.934	>	6	23	67
936	chr19	47175662	47175643	-	7.46	21.67	>	6	23	67
937	chr2	150795624	150795605	-	7.44	6.633	>	6	23	67
938	chr2	137114826	137114807	+	7.438	4.08	>	6	23	67
939	chr10	119244230	119244211	+	7.434	4.305	>	6	23	67
940	chr5	117094622	117094603	+	7.42	22.22	>	6	23	67
941	chr11	67100384	67100365	-	7.42	22.83	>	6	23	67
942	chr5	30686988	30686969	+	7.41	18.64	>	6	23	67
943	chr8	105291139	105291120	-	7.41	11.78	>	6	23	67
944	chr7	143470174	143470155	-	7.39	17.94	>	6	23	67
945	chr15	8099290	8099271	-	7.35	8.336	>	6	23	67
946	chr7	119015949	119015930	+	7.34	17.75	>	6	23	67
947	chr17	56306039	56306020	-	7.305	16.48	>	6	23	67
948	chr1	134636895	134636876	+	7.3	5.97	>	6	23	67
949	chr17	65541217	65541198	+	7.258	9.125	>	6	23	67
950	chr14	49218880	49218861	+	7.25	8.47	>	6	23	67
951	chr1	25527154	25527135	+	7.2	7.453	>	6	23	67
952	chr1	146515575	146515556	+	7.18	3.11	>	6	23	67
953	chr9	44109578	44109559	+	7.176	33.9	>	6	23	67
954	chr11	108889358	108889339	+	7.15	8.016	>	6	23	67
955	chr7	138398615	138398596	+	7.117	4.707	>	6	23	67
956	chr5	32204842	32204823	+	7.11	6.15	>	6	23	67
957	chr8	14859581	14859562	+	7.1	5.27	>	6	23	67
958	chr11	95676507	95676488	-	7.09	14.555	>	6	23	67
959	chr6	85141186	85141167	+	7.08	33.56	>	6	23	67
960	chr14	20340404	20340385	-	7.04	15.81	>	6	23	67
961	chr1	193130339	193130320	-	7.023	5.71	>	6	23	67
962	chr9	98032882	98032863	+	6.992	4.73	>	6	23	67
963	chr7	143793289	143793270	+	6.98	21.42	>	6	23	67
964	chr12	32292312	32292293	-	6.895	8.26	>	6	23	67
965	chr17	45724453	45724434	-	6.89	12.125	>	6	23	67
966	chr14	102512314	102512295	+	6.89	1.602	>	6	23	67
967	chr8	11943038	11943019	+	6.88	5.47	>	6	23	67
968	chr7	83553561	83553542	+	6.867	8.27	>	6	23	67
969	chr9	64960779	64960760	-	6.85	16.31	>	6	23	67
970	chr9	30426996	30426977	+	6.832	15.31	>	6	23	67
971	chr11	119249183	119249164	+	6.785	23.48	>	6	23	67
972	chr8	90795542	90795523	+	6.77	10.67	>	6	23	67
973	chr2	113498926	113498907	-	6.766	9.86	>	6	23	67
974	chr13	62926662	62926643	+	6.75	4.73	>	6	23	67
975	chr1	127485025	127485006	+	6.715	16.44	>	6	23	67
976	chr17	78592615	78592596	+	6.715	8.945	>	6	23	67
977	chr2	118246134	118246115	-	6.668	13.72	>	6	23	67
978	chr2	92474875	92474856	-	6.652	13.95	>	6	23	67
979	chr7	17061423	17061404	+	6.645	15.1	>	6	23	67
980	chr10	122090678	122090659	+	6.63	8.38	>	6	23	67
981	chr13	64448147	64448128	+	6.594	17.92	>	6	23	67
982	chr2	34642611	34642592	-	6.562	14.51	>	6	23	67
983	chr5	117509743	117509724	+	6.54	26.92	>	6	23	67
984	chr7	131371109	131371090	+	6.516	4.71	>	6	23	67
985	chr6	94054143	94054124	-	6.5	13.34	>	6	23	67
986	chr14	20697228	20697209	+	6.465	17.88	>	6	23	67
987	chr10	122798121	122798102	+	6.46	15.23	>	6	23	67
988	chr13	14196604	14196585	+	6.45	1.613	>	6	23	67
989	chr3	118991976	118991957	+	6.438	8.26	>	6	23	67
990	chr9	107231295	107231276	-	6.434	7.414	>	6	23	67
991	chr15	24557016	24556997	-	6.418	3.371	>	6	23	67
992	chr2	178407758	178407739	+	6.414	11.43	>	6	23	67
993	chr9	90683476	90683457	-	6.38	1.322	>	6	23	67
994	chr6	22968335	22968316	-	6.34	6.418	>	6	23	67
995	chr12	67217811	67217792	+	6.336	1.95	>	6	23	67
996	chr10	82910438	82910419	+	6.277	10.99	>	6	23	67
997	chr7	49125716	49125697	+	6.258	16.88	>	6	23	67
998	chr11	119491305	119491286	-	6.215	10.81	>	6	23	67
999	chr11	32341308	32341289	-	6.21	14.555	>	6	23	67
1000	chr19	8713406	8713387	+	6.19	10.44	>	6	23	67
1001	chr4	48048044	48048025	+	6.152	6.21	>	6	23	67
1002	chr11	52764825	52764806	+	6.15	7.75	>	6	23	67
1003	chr13	20564636	20564617	-	6.145	4.82	>	6	23	67
1004	chr10	39105011	39104992	-	6.14	7.152	>	6	23	67
1005	chr11	98909856	98909837	-	6.117	18.95	>	6	23	67
1006	chr1	151025102	151025083	+	6.117	4.496	>	6	23	67
1007	chr5	98167777	98167758	-	6.113	9.555	>	6	23	67
1008	chr8	88118562	88118543	+	6.062	3.66	>	6	23	67
1009	chr16	92511934	92511915	+	6.035	16.34	>	6	23	67
1010	chr15	25792295	25792276	-	6.008	6.87	>	6	23	67
1011	chr13	92751194	92751175	+	5.938	12.68	>	6	23	67
1012	chr5	101688793	101688774	-	5.934	12.51	>	6	23	67
1013	chr7	112023252	112023233	+	5.93	8.26	>	6	23	67
1014	chr14	21854038	21854019	-	5.914	27.36	>	6	23	67
1015	chr8	32003733	32003714	-	5.9	2.012	>	6	23	67
1016	chr13	53095394	53095375	-	5.867	6.086	>	6	23	67
1017	chr1	182554179	182554160	+	5.836	10.15	>	6	23	67
1018	chr6	18381568	18381549	+	5.832	1.955	>	6	23	67
1019	chr9	77389590	77389571	+	5.832	5.68	>	6	23	67
1020	chr16	5254481	5254462	-	5.812	12.77	>	6	23	67
1021	chr2	93199625	93199606	+	5.797	14.08	>	6	23	67
1022	chr9	81631651	81631632	-	5.793	3.863	>	6	23	67
1023	chr2	152887412	152887393	-	5.78	4.652	>	6	23	67
1024	chr4	153481137	153481118	-	5.766	3.3	>	6	23	67
1025	chr8	72239706	72239687	-	5.754	5.32	>	6	23	67
1026	chr18	65750236	65750217	-	5.703	2.543	>	6	23	67
1027	chr6	61311882	61311863	-	5.68	7.43	>	6	23	67
1028	chr18	46143625	46143606	+	5.676	6.477	>	6	23	67
1029	chr6	120836118	120836099	+	5.64	7.797	>	6	23	67
1030	chr6	100563990	100563971	-	5.625	4.164	>	6	23	67
1031	chr3	13475098	13475079	-	5.61	1.948	>	6	23	67
1032	chr2	132262968	132262949	+	5.6	7.164	>	6	23	67
1033	chr11	103334169	103334150	+	5.594	12.02	>	6	23	67
1034	chr6	54255029	54255010	+	5.586	4.35	>	6	23	67
1035	chr13	101711018	101710999	+	5.543	9.15	>	6	23	67
1036	chr5	39644761	39644742	-	5.54	3.531	>	6	23	67
1037	chr8	90795201	90795182	-	5.516	4.996	>	6	23	67
1038	chr18	23162646	23162627	+	5.51	1.562	>	6	23	67
1039	chr16	78165563	78165544	+	5.477	7.39	>	6	23	67
1040	chr2	96584106	96584087	-	5.44	3.29	>	6	23	67
1041	chr12	72070473	72070454	+	5.426	11.336	>	6	23	67
1042	chr12	24708691	24708672	+	5.414	9.914	>	6	23	67
1043	chr8	92367135	92367116	-	5.406	6.984	>	6	23	67
1044	chr17	83866777	83866758	+	5.4	23.0	>	6	23	67
1045	chr13	55322636	55322617	-	5.4	7.0	>	6	23	67
1046	chr6	88893771	88893752	-	5.395	16.78	>	6	23	67
1047	chr19	8718731	8718712	-	5.383	8.6	>	6	23	67
1048	chr12	59220179	59220160	-	5.38	2.5	>	6	23	67
1049	chr14	60784526	60784507	+	5.367	16.06	>	6	23	67
1050	chr3	153658591	153658572	+	5.33	6.258	>	6	23	67
1051	chr9	77386949	77386930	-	5.312	12.24	>	6	23	67
1052	chr10	83219903	83219884	+	5.312	6.188	>	6	23	67
1053	chr6	15176967	15176948	-	5.31	2.947	>	6	23	67
1054	chr2	152604207	152604188	-	5.27	19.44	>	6	23	67
1055	chr2	39003369	39003350	-	5.26	1.671	>	6	23	67
1056	chr16	31425707	31425688	-	5.254	13.484	>	6	23	67
1057	chr5	137503018	137502999	-	5.227	3.691	>	6	23	67
1058	chr18	13973086	13973067	-	5.207	0.71	>	6	23	67
1059	chr17	68849016	68848997	-	5.2	1.891	>	6	23	67
1060	chr2	128408931	128408912	-	5.19	8.72	>	6	23	67
1061	chr14	97559790	97559771	-	5.16	2.041	>	6	23	67
1062	chr8	67903864	67903845	-	5.13	6.113	>	6	23	67
1063	chr14	56888181	56888162	-	5.125	3.316	>	6	23	67
1064	chr4	132198465	132198446	+	5.125	11.19	>	6	23	67
1065	chr2	39005861	39005842	-	5.12	3.883	>	6	23	67
1066	chr7	137471679	137471660	-	5.1	19.97	>	6	23	67
1067	chr6	64949075	64949056	+	5.09	5.168	>	6	23	67
1068	chr18	16821148	16821129	+	5.043	1.935	>	6	23	67
1069	chr2	93813566	93813547	+	5.04	13.086	>	6	23	67
1070	chr6	126481478	126481459	-	5.023	10.89	>	6	23	67
1071	chr1	181881093	181881074	-	4.984	10.19	>	6	23	67
1072	chr6	108065822	108065803	-	4.977	6.67	>	6	23	67
1073	chr4	88550373	88550354	+	4.938	4.04	>	6	23	67
1074	chr5	137502167	137502148	+	4.867	8.81	>	6	23	67
1075	chr8	77618148	77618129	-	4.86	4.188	>	6	23	67
1076	chr7	120098024	120098005	+	4.855	7.22	>	6	23	67
1077	chr2	75152706	75152687	-	4.824	10.55	>	6	23	67
1078	chr11	87950193	87950174	+	4.78	11.09	>	6	23	67
1079	chr11	94598936	94598917	-	4.746	10.49	>	6	23	67
1080	chr1	10229119	10229100	+	4.746	0.972	>	6	23	67
1081	chr7	143476888	143476869	+	4.746	8.89	>	6	23	67
1082	chr9	102607693	102607674	-	4.715	3.604	>	6	23	67
1083	chr8	32009749	32009730	+	4.71	6.785	>	6	23	67
1084	chr3	99262117	99262098	-	4.707	1.889	>	6	23	67
1085	chr18	75607987	75607968	+	4.664	23.11	>	6	23	67
1086	chr7	75380211	75380192	-	4.64	2.41	>	6	23	67
1087	chr3	135863108	135863089	+	4.64	3.164	>	6	23	67
1088	chr4	87369015	87368996	-	4.625	9.125	>	6	23	67
1089	chr8	84639535	84639516	+	4.605	13.88	>	6	23	67
1090	chr15	74524301	74524282	+	4.586	13.7	>	6	23	67
1091	chr17	57007316	57007297	-	4.582	9.42	>	6	23	67
1092	chr11	30893985	30893966	+	4.547	0.9004	>	6	23	67
1093	chr19	57360190	57360171	-	4.543	2.654	>	6	23	67
1094	chr8	110102657	110102638	-	4.53	9.24	>	6	23	67
1095	chr7	135389259	135389240	-	4.53	9.336	>	6	23	67
1096	chr4	152527530	152527511	+	4.516	13.99	>	6	23	67
1097	chr13	103710441	103710422	+	4.5	4.57	>	6	23	67
1098	chr10	120896053	120896034	+	4.5	2.322	>	6	23	67
1099	chr18	5155632	5155613	-	4.484	6.39	>	6	23	67
1100	chr12	80141693	80141674	-	4.45	17.05	>	6	23	67
1101	chr5	118763566	118763547	-	4.418	12.81	>	6	23	67
1102	chr12	14150175	14150156	+	4.406	3.688	>	6	23	67
1103	chr10	128990300	128990281	-	4.4	8.03	>	6	23	67
1104	chr10	30834038	30834019	-	4.37	4.473	>	6	23	67
1105	chr6	50618483	50618464	+	4.367	12.766	>	6	23	67
1106	chr15	9748972	9748953	-	4.36	3.496	>	6	23	67
1107	chr16	92308164	92308145	-	4.355	11.22	>	6	23	67
1108	chr2	9881964	9881945	-	4.355	2.918	>	6	23	67
1109	chr8	123106089	123106070	+	4.336	8.18	>	6	23	67
1110	chr5	98346264	98346245	+	4.324	2.342	>	6	23	67
1111	chr10	40249841	40249822	-	4.316	12.23	>	6	23	67
1112	chr3	141457685	141457666	+	4.312	4.707	>	6	23	67
1113	chr9	40192620	40192601	-	4.3	2.145	>	6	23	67
1114	chr9	72448248	72448229	+	4.29	7.78	>	6	23	67
1115	chr13	24316809	24316790	-	4.273	3.682	>	6	23	67
1116	chr1	50927249	50927230	+	4.258	4.5	>	6	23	67
1117	chr11	102690417	102690398	-	4.223	12.195	>	6	23	67
1118	chr4	116627141	116627122	+	4.207	6.52	>	6	23	67
1119	chr15	76198817	76198798	+	4.164	10.72	>	6	23	67
1120	chr15	12113620	12113601	-	4.156	3.312	>	6	23	67
1121	chr1	115675059	115675040	+	4.152	5.223	>	6	23	67
1122	chr2	34644807	34644788	-	4.15	8.266	>	6	23	67
1123	chr2	166084974	166084955	-	4.133	18.12	>	6	23	67
1124	chr11	21571906	21571887	-	4.13	2.105	>	6	23	67
1125	chr15	9449709	9449690	-	4.062	0.543	>	6	23	67
1126	chr5	92664520	92664501	-	4.055	3.326	>	6	23	67
1127	chr12	77001216	77001197	+	4.043	1.105	>	6	23	67
1128	chr6	93757507	93757488	-	4.01	5.273	>	6	23	67
1129	chr19	56302794	56302775	+	4.01	3.797	>	6	23	67
1130	chr13	71954038	71954019	-	4.008	1.19	>	6	23	67
1131	chr4	17852015	17851996	-	4.0	0.8535	>	6	23	67
1132	chr18	39136126	39136107	+	3.992	1.932	>	6	23	67
1133	chr1	153489234	153489215	-	3.99	7.715	>	6	23	67
1134	chr9	66136172	66136153	-	3.988	5.383	>	6	23	67
1135	chr11	109621431	109621412	-	3.979	11.484	>	6	23	67
1136	chr13	91723318	91723299	+	3.959	5.49	>	6	23	67
1137	chr13	3642291	3642272	-	3.959	4.75	>	6	23	67
1138	chr13	47304770	47304751	+	3.957	6.746	>	6	23	67
1139	chr2	121144456	121144437	+	3.953	4.504	>	6	23	67
1140	chr13	93772223	93772204	-	3.928	3.56	>	6	23	67
1141	chr10	70967079	70967060	+	3.916	4.88	>	6	23	67
1142	chr13	59417085	59417066	-	3.91	5.0	>	6	23	67
1143	chr7	102484972	102484953	-	3.883	7.0	>	6	23	67
1144	chr5	38235667	38235648	-	3.879	10.78	>	6	23	67
1145	chr14	56885401	56885382	+	3.87	2.412	>	6	23	67
1146	chr11	75170669	75170650	-	3.861	7.984	>	6	23	67
1147	chr11	77980417	77980398	+	3.846	9.5	>	6	23	67
1148	chr9	94738712	94738693	+	3.828	14.92	>	6	23	67
1149	chr6	140466500	140466481	-	3.816	3.785	>	6	23	67
1150	chr19	57361025	57361006	-	3.814	6.484	>	6	23	67
1151	chr12	58972459	58972440	+	3.777	2.135	>	6	23	67
1152	chr2	61490636	61490617	+	3.775	5.23	>	6	23	67
1153	chr4	44310651	44310632	+	3.762	4.973	>	6	23	67
1154	chr11	52766147	52766128	+	3.734	1.83	>	6	23	67
1155	chr13	72627587	72627568	-	3.717	4.066	>	6	23	67
1156	chr9	23012459	23012440	-	3.71	1.704	>	6	23	67
1157	chr16	31427924	31427905	-	3.705	3.383	>	6	23	67
1158	chr12	29895773	29895754	+	3.691	1.481	>	6	23	67
1159	chr9	73154557	73154538	+	3.666	9.1	>	6	23	67
1160	chr1	127484437	127484418	-	3.66	8.8	>	6	23	67
1161	chr9	107566236	107566217	+	3.656	7.098	>	6	23	67
1162	chr2	68118338	68118319	+	3.652	4.36	>	6	23	67
1163	chr11	11140836	11140817	-	3.629	13.69	>	6	23	67
1164	chr12	74014936	74014917	-	3.627	5.97	>	6	23	67
1165	chr7	138396301	138396282	-	3.621	0.934	>	6	23	67
1166	chr14	103534605	103534586	+	3.617	5.312	>	6	23	67
1167	chr10	115164112	115164093	-	3.613	3.031	>	6	23	67
1168	chr7	119019764	119019745	+	3.598	7.113	>	6	23	67
1169	chr13	96389525	96389506	-	3.588	1.339	>	6	23	67
1170	chr14	74723724	74723705	-	3.586	5.766	>	6	23	67
1171	chr14	55114114	55114095	-	3.57	7.387	>	6	23	67
1172	chr9	62784468	62784449	+	3.562	12.84	>	6	23	67
1173	chr10	127678167	127678148	-	3.541	2.129	>	6	23	67
1174	chr17	55948218	55948199	-	3.535	4.3	>	6	23	67
1175	chr11	78183263	78183244	-	3.525	12.305	>	6	23	67
1176	chr6	59207403	59207384	-	3.508	1.477	>	6	23	67
1177	chr6	135416919	135416900	+	3.498	4.027	>	6	23	67
1178	chr5	122104403	122104384	+	3.492	11.98	>	6	23	67
1179	chr13	37971068	37971049	-	3.482	3.088	>	6	23	67
1180	chr5	114612410	114612391	+	3.48	13.6	>	6	23	67
1181	chr10	114442226	114442207	+	3.46	2.104	>	6	23	67
1182	chr2	145655527	145655508	-	3.44	2.05	>	6	23	67
1183	chr7	109507351	109507332	-	3.418	1.832	>	6	23	67
1184	chr16	10009965	10009946	+	3.402	4.965	>	6	23	67
1185	chr14	67969032	67969013	-	3.385	5.523	>	6	23	67
1186	chr5	140744055	140744036	-	3.348	10.35	>	6	23	67
1187	chr1	56984334	56984315	+	3.338	2.584	>	6	23	67
1188	chr2	137110782	137110763	+	3.328	1.323	>	6	23	67
1189	chr16	22267525	22267506	+	3.322	1.262	>	6	23	67
1190	chr16	4884595	4884576	-	3.3	2.822	>	6	23	67
1191	chr5	19458406	19458387	-	3.291	6.625	>	6	23	67
1192	chr1	84697217	84697198	-	3.29	7.492	>	6	23	67
1193	chr14	122903088	122903069	-	3.29	2.205	>	6	23	67
1194	chr7	64056729	64056710	-	3.273	1.214	>	6	23	67
1195	chr9	71624061	71624042	-	3.273	15.39	>	6	23	67
1196	chr9	96885958	96885939	-	3.271	10.016	>	6	23	67
1197	chr18	46964733	46964714	-	3.266	8.555	>	6	23	67
1198	chr3	122638475	122638456	+	3.26	4.82	>	6	23	67
1199	chr9	94733848	94733829	+	3.256	3.768	>	6	23	67
1200	chr1	167938404	167938385	-	3.25	6.79	>	6	23	67
1201	chr1	180811841	180811822	+	3.244	6.383	>	6	23	67
1202	chr10	42760472	42760453	+	3.229	1.784	>	6	23	67
1203	chr18	20598347	20598328	+	3.213	4.758	>	6	23	67
1204	chr17	71909305	71909286	+	3.203	3.572	>	6	23	67
1205	chr1	34459898	34459879	+	3.193	3.389	>	6	23	67
1206	chr4	117202234	117202215	-	3.191	9.61	>	6	23	67
1207	chr15	101313974	101313955	-	3.178	2.96	>	6	23	67
1208	chr16	13438138	13438119	+	3.176	1.241	>	6	23	67
1209	chr7	114878499	114878480	+	3.174	1.604	>	6	23	67
1210	chr11	109866735	109866716	+	3.166	2.812	>	6	23	67
1211	chr3	123509329	123509310	+	3.162	5.67	>	6	23	67
1212	chr3	114085881	114085862	-	3.146	0.5283	>	6	23	67
1213	chr4	120149384	120149365	-	3.145	8.09	>	6	23	67
1214	chr16	4549594	4549575	-	3.137	11.12	>	6	23	67
1215	chr15	78872224	78872205	+	3.133	9.35	>	6	23	67
1216	chr12	57231261	57231242	-	3.127	3.32	>	6	23	67
1217	chr9	71624949	71624930	-	3.125	15.0	>	6	23	67
1218	chr4	18963859	18963840	-	3.12	4.01	>	6	23	67
1219	chr8	40913366	40913347	-	3.115	1.625	>	6	23	67
1220	chr5	21645240	21645221	-	3.11	1.259	>	6	23	67
1221	chr10	68357244	68357225	+	3.094	1.353	>	6	23	67
1222	chr2	93812077	93812058	-	3.06	11.82	>	6	23	67
1223	chr12	75669431	75669412	-	3.05	4.1	>	6	23	67
1224	chr1	12844023	12844004	+	3.033	4.33	>	6	23	67
1225	chr12	86697142	86697123	+	3.025	6.996	>	6	23	67
1226	chr9	98033678	98033659	+	3.021	1.525	>	6	23	67
1227	chr19	37946902	37946883	+	3.02	4.082	>	6	23	67
1228	chr9	75271676	75271657	+	3.01	4.42	>	6	23	67
1229	chr11	55162881	55162862	+	2.996	3.625	>	6	23	67
1230	chr17	25274339	25274320	-	2.984	4.45	>	6	23	67
1231	chr6	108065317	108065298	+	2.984	5.535	>	6	23	67
1232	chr7	5071749	5071730	-	2.928	2.754	>	6	23	67
1233	chr3	152477906	152477887	-	2.922	3.295	>	6	23	67
1234	chr5	28090770	28090751	-	2.922	2.412	>	6	23	67
1235	chr14	78282622	78282603	+	2.91	2.186	>	6	23	67
1236	chr14	88480122	88480103	-	2.906	3.236	>	6	23	67
1237	chr7	107569047	107569028	+	2.902	1.588	>	6	23	67
1238	chr3	83777088	83777069	-	2.879	3.992	>	6	23	67
1239	chr8	48550865	48550846	+	2.871	0.592	>	6	23	67
1240	chr7	132575955	132575936	-	2.855	4.473	>	6	23	67
1241	chr14	79769127	79769108	-	2.852	4.36	>	6	23	67
1242	chr17	69974245	69974226	-	2.799	1.284	>	6	23	67
1243	chr12	66284211	66284192	-	2.793	5.484	>	6	23	67
1244	chr6	83796902	83796883	-	2.785	3.35	>	6	23	67
1245	chr9	44108077	44108058	+	2.785	11.375	>	6	23	67
1246	chr11	116023924	116023905	+	2.777	6.906	>	6	23	67
1247	chr3	86779824	86779805	-	2.775	8.64	>	6	23	67
1248	chr19	46056202	46056183	+	2.77	5.27	>	6	23	67
1249	chr10	108210181	108210162	-	2.762	0.674	>	6	23	67
1250	chr8	27001386	27001367	+	0.4329	0.4077	>	6	23	67
1251	chr17	28338029	28338010	-	0.252	0.265	>	6	23	67
1252	chr11	76445826	76445807	-	0.2268	0.1863	>	6	23	67
1253	chr5	144244146	144244127	-	0.311	0.3691	>	6	23	67
1254	chr14	79768803	79768784	-	0.3076	0.2808	>	6	23	67
1255	chr9	26778623	26778604	-	1.299	0.6914	>	6	23	67
1256	chr7	25392052	25392033	+	0.2487	0.242	>	6	23	67
1257	chr3	101484879	101484860	-	0.3438	0.528	>	6	23	67
1258	chr2	69113988	69113969	+	0.2472	0.1981	>	6	23	67
1259	chr13	29852447	29852428	-	0.1781	0.1941	>	6	23	67
1260	chr2	60213231	60213212	-	0.1073	0.1628	>	6	23	67
1261	chr2	171418157	171418138	-	0.1407	0.2131	>	6	23	67
1262	chr7	64392050	64392031	-	0.514	0.2006	>	6	23	67
1263	chr15	36157434	36157415	-	0.7227	0.836	>	6	23	67
1264	chr4	49662357	49662338	-	0.4692	0.2915	>	6	23	67
1265	chr4	48422356	48422337	+	1.027	0.5225	>	6	23	67
1266	chr18	82720514	82720495	+	0.1605	0.1409	>	6	23	67
1267	chr1	172022686	172022667	+	0.1733	0.1764	>	6	23	67
1268	chr7	139595890	139595871	+	0.1575	0.2125	>	6	23	67
1269	chr12	73007842	73007823	-	0.345	0.2974	>	6	23	67
1270	chr17	27192928	27192909	-	0.1056	0.4468	>	6	23	67
1271	chr1	53698960	53698941	+	0.557	0.255	>	6	23	67
1272	chr18	12734380	12734361	+	0.207	0.1383	>	6	23	67
1273	chr6	126767488	126767469	-	0.2039	0.2483	>	6	23	67
1274	chr2	92856249	92856230	-	2.734	0.857	>	6	23	67
1275	chr11	74572851	74572832	+	0.2646	0.2705	>	6	23	67
1276	chr9	59675637	59675618	-	0.4082	0.744	>	6	23	67
1277	chr15	55025647	55025628	+	0.1847	0.1536	>	6	23	67
1278	chr4	120579150	120579131	-	0.33	0.264	>	6	23	67
1279	chr15	74525720	74525701	+	0.2172	0.2104	>	6	23	67
1280	chr1	88748095	88748076	+	0.1973	0.1881	>	6	23	67
1281	chr15	32239655	32239636	-	0.2822	0.1587	>	6	23	67
1282	chr7	36571183	36571164	+	0.1103	0.1942	>	6	23	67
1283	chr11	113855351	113855332	-	0.1613	0.1947	>	6	23	67
1284	chr6	90609163	90609144	+	2.127	1.159	>	6	23	67
1285	chr3	146181407	146181388	-	0.2034	0.3416	>	6	23	67
1286	chr10	69857222	69857203	-	0.3232	0.3599	>	6	23	67
1287	chr2	158361425	158361406	-	0.5625	0.2502	>	6	23	67
1288	chr5	136268179	136268160	-	0.1886	0.2153	>	6	23	67
1289	chr16	11983350	11983331	-	1.634	1.076	>	6	23	67
1290	chr2	84437773	84437754	+	0.2305	0.14	>	6	23	67
1291	chr18	24002018	24001999	-	0.133	0.1333	>	6	23	67
1292	chr1	130151533	130151514	-	0.4075	0.3347	>	6	23	67
1293	chr9	59675855	59675836	+	0.3367	0.2161	>	6	23	67
1294	chr11	116840251	116840232	-	0.3374	0.637	>	6	23	67
1295	chr2	155819963	155819944	+	0.07886	0.146	>	6	23	67
1296	chr14	105301632	105301613	+	0.206	0.2114	>	6	23	67
1297	chr12	9044592	9044573	+	0.1821	0.2019	>	6	23	67
1298	chr18	13971224	13971205	-	0.5337	0.3596	>	6	23	67
1299	chr5	136267600	136267581	-	0.2751	0.189	>	6	23	67
1300	chr5	33371430	33371411	+	0.3992	0.1644	>	6	23	67
1301	chr14	51090397	51090378	-	0.4153	0.243	>	6	23	67
1302	chr1	77935072	77935053	+	0.1814	0.1729	>	6	23	67
1303	chr11	119246049	119246030	-	0.204	0.3367	>	6	23	67
1304	chr17	50274949	50274930	-	0.441	0.1749	>	6	23	67
1305	chr8	108956442	108956423	+	0.5635	0.3044	>	6	23	67
1306	chr11	66885340	66885321	+	0.1636	0.169	>	6	23	67
1307	chr7	30099945	30099926	-	0.1979	0.1757	>	6	23	67
1308	chr15	99973159	99973140	-	0.1998	0.3345	>	6	23	67
1309	chr5	16308949	16308930	+	0.1567	0.1411	>	6	23	67
1310	chr6	119466578	119466559	-	0.9824	0.9795	>	6	23	67
1311	chr2	136886679	136886660	+	0.7764	0.2095	>	6	23	67
1312	chr14	79763594	79763575	-	0.2852	0.151	>	6	23	67
1313	chr2	170416012	170415993	+	0.1837	0.1256	>	6	23	67
1314	chr4	41015236	41015217	-	0.1882	0.1434	>	6	23	67
1315	chr11	70975109	70975090	+	0.713	0.3914	>	6	23	67
1316	chr5	122773202	122773183	+	0.11584	0.1375	>	6	23	67
1317	chr4	128588031	128588012	-	0.2659	0.1909	>	6	23	67
1318	chr8	122576186	122576167	-	0.11285	0.1545	>	6	23	67
1319	chr7	76383989	76383970	+	0.1553	0.154	>	6	23	67
1320	chr9	41467019	41467000	-	0.2223	0.1565	>	6	23	67
1321	chr1	32712246	32712227	-	0.05322	0.1516	>	6	23	67
1322	chr16	23974866	23974847	-	0.5283	0.3425	>	6	23	67
1323	chr15	84066194	84066175	-	0.6196	1.17	>	6	23	67
1324	chr11	40148920	40148901	-	1.272	0.642	>	6	23	67
1325	chr7	27166488	27166469	-	0.306	0.491	>	6	23	67
1326	chr11	30240273	30240254	+	0.4001	0.2556	>	6	23	67
1327	chr2	69115969	69115950	-	0.1754	0.1587	>	6	23	67
1328	chr9	113420569	113420550	-	0.2261	0.2178	>	6	23	67
1329	chr12	99882528	99882509	-	0.2617	0.1387	>	6	23	67
1330	chr5	77347648	77347629	-	0.3625	0.4211	>	6	23	67
1331	chr10	49780455	49780436	+	0.2179	0.1394	>	6	23	67
1332	chr5	75855263	75855244	-	0.6416	0.4326	>	6	23	67
1333	chr2	124087358	124087339	-	0.6436	0.2075	>	6	23	67
1334	chr14	49219056	49219037	+	0.678	0.694	>	6	23	67
1335	chr5	147938091	147938072	+	0.368	0.1842	>	6	23	67
1336	chr11	32340288	32340269	+	0.1792	0.1648	>	6	23	67
1337	chr16	50181579	50181560	+	0.2006	0.1838	>	6	23	67
1338	chr16	20496121	20496102	-	0.6714	0.1777	>	6	23	67
1339	chr8	76775680	76775661	+	0.135	0.1975	>	6	23	67
1340	chr14	65597676	65597657	+	0.6543	0.452	>	6	23	67
1341	chr7	64754771	64754752	+	0.1351	0.2295	>	6	23	67
1342	chr2	166083979	166083960	-	0.2964	0.2065	>	6	23	67
1343	chr16	44140440	44140421	+	0.4607	0.3381	>	6	23	67
1344	chr12	90524338	90524319	-	0.3223	0.2983	>	6	23	67
1345	chr5	89391716	89391697	+	0.1626	0.1418	>	6	23	67
1346	chr9	59675438	59675419	-	0.2104	0.1542	>	6	23	67
1347	chr19	16339103	16339084	-	0.1967	0.1177	>	6	23	67
1348	chr13	30545067	30545048	+	0.3672	0.2915	>	6	23	67
1349	chr1	92462681	92462662	+	0.3916	0.1832	>	6	23	67
1350	chr4	84066283	84066264	-	0.1898	0.1552	>	6	23	67
1351	chr9	83373922	83373903	-	0.2197	0.1434	>	6	23	67
1352	chr4	88773969	88773950	-	0.9507	8.01	>	6	23	67
1353	chr9	123132258	123132239	-	0.1687	0.1416	>	6	23	67
1354	chr17	34958843	34958824	-	0.2079	0.5464	>	6	23	67
1355	chr12	50946225	50946206	+	0.2341	0.157	>	6	23	67
1356	chr13	73647252	73647233	+	0.267	0.1704	>	6	23	67
1357	chr11	83279300	83279281	-	0.4434	0.2251	>	6	23	67
1358	chr17	8986048	8986029	-	0.3325	0.212	>	6	23	67
1359	chr4	14935721	14935702	-	0.7095	0.296	>	6	23	67
1360	chr4	75076699	75076680	+	0.09125	0.2014	>	6	23	67
1361	chr5	114610713	114610694	+	0.0985	0.1626	>	6	23	67
1362	chr9	83378273	83378254	-	0.471	0.2808	>	6	23	67
1363	chr9	107773182	107773163	-	0.1786	0.1414	>	6	23	67
1364	chr9	41218030	41218011	+	0.1323	0.1355	>	6	23	67
1365	chr9	105644718	105644699	+	0.4255	0.1808	>	6	23	67
1366	chr8	84264441	84264422	-	1.261	1.4795	>	6	23	67
1367	chr4	135959453	135959434	+	0.112	0.2223	>	6	23	67
1368	chr1	24684268	24684249	+	0.4001	0.1942	>	6	23	67
1369	chr3	87748577	87748558	-	0.7593	0.4382	>	6	23	67
1370	chr9	54690950	54690931	+	0.11566	0.136	>	6	23	67
1371	chr15	82277690	82277671	-	0.9043	0.4492	>	6	23	67
1372	chr5	115498528	115498509	-	0.2693	0.2164	>	6	23	67
1373	chr9	56621276	56621257	+	0.10846	0.253	>	6	23	67
1374	chr18	81956733	81956714	-	0.2815	0.2637	>	6	23	67
1375	chr10	22791401	22791382	-	0.1346	0.2358	>	6	23	67
1376	chr15	82271301	82271282	+	0.836	0.1838	>	6	23	67
1377	chr12	69946159	69946140	+	0.555	0.455	>	6	23	67
1378	chr14	101442800	101442781	+	0.2983	0.1344	>	6	23	67
1379	chr2	164777017	164776998	-	0.5176	0.361	>	6	23	67
1380	chr10	24631573	24631554	-	1.178	1.224	>	6	23	67
1381	chr1	136528510	136528491	-	1.761	0.7373	>	6	23	67
1382	chr10	19222118	19222099	-	1.411	0.8228	>	6	23	67
1383	chr14	56885508	56885489	-	2.348	4.004	>	6	23	67
1384	chr8	85060493	85060474	-	0.9688	0.437	>	6	23	67
1385	chr11	96075822	96075803	-	0.9316	0.4944	>	6	23	67
1386	chr11	77476535	77476516	+	0.1632	0.2383	>	6	23	67
1387	chr1	81294004	81293985	-	0.905	0.562	>	6	23	67
1388	chr12	15520954	15520935	+	0.7183	0.4033	>	6	23	67
1389	chr7	66397054	66397035	+	0.1594	0.2107	>	6	23	67
1390	chr12	74014582	74014563	-	0.2377	0.1973	>	6	23	67
1391	chr5	144242554	144242535	-	0.241	0.1987	>	6	23	67
1392	chr15	66894943	66894924	+	0.2703	0.2021	>	6	23	67
1393	chr6	126484995	126484976	-	0.4333	1.278	>	6	23	67
1394	chr4	48427148	48427129	+	0.678	0.3833	>	6	23	67
1395	chr15	71459211	71459192	+	0.252	0.1731	>	6	23	67
1396	chr3	19896435	19896416	-	0.2361	0.1467	>	6	23	67
1397	chr8	68268707	68268688	-	0.1398	0.1492	>	6	23	67
1398	chr1	182555580	182555561	-	0.1982	0.1915	>	6	23	67
1399	chr9	44413186	44413167	-	0.534	0.393	>	6	23	67
1400	chr14	70151716	70151697	+	0.3604	0.2382	>	6	23	67
1401	chr4	62478250	62478231	+	0.438	0.1328	>	6	23	67
1402	chr3	127561629	127561610	-	0.2183	0.12354	>	6	23	67
1403	chr3	69139614	69139595	-	0.397	0.2261	>	6	23	67
1404	chr17	17919616	17919597	+	0.1678	0.167	>	6	23	67
1405	chr4	139314214	139314195	-	0.2279	0.269	>	6	23	67
1406	chr18	61952763	61952744	-	0.2372	0.1731	>	6	23	67
1407	chr9	7599188	7599169	+	0.33	0.191	>	6	23	67
1408	chr10	120898341	120898322	-	0.3386	0.1467	>	6	23	67
1409	chr11	57469613	57469594	-	0.1846	0.2297	>	6	23	67
1410	chr18	58480198	58480179	-	0.2095	0.1665	>	6	23	67
1411	chr17	12380527	12380508	-	0.658	0.591	>	6	23	67
1412	chr2	107940173	107940154	+	0.11664	0.1351	>	6	23	67
1413	chr2	32580534	32580515	-	0.2605	0.4055	>	6	23	67
1414	chr15	98813480	98813461	+	0.3496	0.5376	>	6	23	67
1415	chr6	54253893	54253874	+	0.1663	0.1743	>	6	23	67
1416	chr1	135800865	135800846	+	0.1766	0.1665	>	6	23	67
1417	chr15	58426369	58426350	+	0.1996	0.1519	>	6	23	67
1418	chr4	87367775	87367756	+	0.3853	0.1472	>	6	23	67
1419	chr2	96583103	96583084	-	0.809	0.3242	>	6	23	67
1420	chr4	63366959	63366940	-	0.1979	0.1753	>	6	23	67
1421	chr4	59761293	59761274	-	0.3435	0.2113	>	6	23	67
1422	chr10	7832162	7832143	+	0.2646	0.1672	>	6	23	67
1423	chr7	89904213	89904194	-	0.2908	0.156	>	6	23	67
1424	chr1	30697342	30697323	+	0.1025	0.1263	>	6	23	67
1425	chr1	58987602	58987583	+	0.2202	0.1498	>	6	23	67
1426	chr15	7452190	7452171	+	0.1405	0.12085	>	6	23	67
1427	chr4	139877044	139877025	+	0.3875	0.2688	>	6	23	67
1428	chr3	83291887	83291868	-	0.0825	0.137	>	6	23	67
1429	chr15	68912907	68912888	-	0.5024	0.2024	>	6	23	67
1430	chr14	64593744	64593725	-	1.073	0.5703	>	6	23	67
1431	chr1	56980349	56980330	-	0.2778	0.2322	>	6	23	67
1432	chr14	75833620	75833601	-	0.6006	0.4543	>	6	23	67
1433	chr16	62904648	62904629	-	0.217	0.1924	>	6	23	67
1434	chr5	35991229	35991210	-	1.033	1.082	>	6	23	67
1435	chr5	44287418	44287399	-	0.248	0.155	>	6	23	67
1436	chr15	76199915	76199896	-	0.07776	0.3071	>	6	23	67
1437	chr4	131240262	131240243	-	0.241	0.206	>	6	23	67
1438	chr5	102147917	102147898	-	0.228	0.2458	>	6	23	67
1439	chr3	93086926	93086907	+	0.0978	0.1787	>	6	23	67
1440	chr6	126163382	126163363	+	2.373	1.376	>	6	23	67
1441	chr3	45375769	45375750	+	1.051	0.2544	>	6	23	67
1442	chr16	90306219	90306200	-	0.3647	0.3506	>	6	23	67
1443	chr17	3249270	3249251	-	0.1843	0.136	>	6	23	67
1444	chr4	143024421	143024402	-	0.087	0.1317	>	6	23	67
1445	chr19	47513892	47513873	-	0.2471	0.1393	>	6	23	67
1446	chr6	66534595	66534576	-	1.387	0.675	>	6	23	67
1447	chr6	134963172	134963153	-	0.6475	0.5996	>	6	23	67
1448	chr14	56369245	56369226	+	0.2401	0.1912	>	6	23	67
1449	chr18	53460219	53460200	+	0.1775	0.162	>	6	23	67
1450	chr7	89476922	89476903	-	0.2163	0.1522	>	6	23	67
1451	chr6	34273116	34273097	+	0.0673	0.1545	>	6	23	67
1452	chr7	142295608	142295589	-	1.062	6.32	>	6	23	67
1453	chr3	22302208	22302189	+	0.992	0.3848	>	6	23	67
1454	chr6	31045994	31045975	-	0.7534	0.959	>	6	23	67
1455	chr9	57143378	57143359	-	0.1816	0.2302	>	6	23	67
1456	chr6	101268340	101268321	+	0.2712	0.1924	>	6	23	67
1457	chr9	58897456	58897437	-	0.7163	0.4846	>	6	23	67
1458	chr17	79601068	79601049	+	0.2245	0.12476	>	6	23	67
1459	chr16	5254607	5254588	-	0.2883	0.22	>	6	23	67
1460	chr4	83595536	83595517	+	1.783	1.041	>	6	23	67
1461	chr9	51159881	51159862	-	0.6875	0.266	>	6	23	67
1462	chr14	66354429	66354410	+	0.1142	0.1388	>	6	23	67
1463	chr5	117090283	117090264	+	0.5806	0.4014	>	6	23	67
1464	chr2	168061425	168061406	-	0.1733	0.2051	>	6	23	67
1465	chr5	9169228	9169209	+	0.3306	0.1686	>	6	23	67
1466	chr6	28418701	28418682	-	0.4202	0.266	>	6	23	67
1467	chr12	105038443	105038424	-	0.1501	0.2063	>	6	23	67
1468	chr1	182558143	182558124	-	0.2264	0.1511	>	6	23	67
1469	chr8	47713300	47713281	-	1.078	1.646	>	6	23	67
1470	chr18	47357393	47357374	+	0.2007	0.1278	>	6	23	67
1471	chr1	118771083	118771064	-	0.1254	0.2006	>	6	23	67
1472	chr16	6493044	6493025	-	0.1927	0.1516	>	6	23	67
1473	chr9	42951005	42950986	-	0.3914	0.2078	>	6	23	67
1474	chr13	53430986	53430967	-	0.6504	0.3672	>	6	23	67
1475	chr13	67609268	67609249	+	2.162	0.826	>	6	23	67
1476	chr1	53035072	53035053	+	0.1465	0.1494	>	6	23	67
1477	chr7	99471824	99471805	-	0.3745	0.4907	>	6	23	67
1478	chr11	36543574	36543555	-	0.1156	0.1614	>	6	23	67
1479	chr5	124334258	124334239	-	0.3428	0.273	>	6	23	67
1480	chr10	76771414	76771395	-	0.1296	0.2047	>	6	23	67
1481	chr10	4386719	4386700	+	0.32	0.4492	>	6	23	67
1482	chr5	116554091	116554072	+	0.0876	0.1714	>	6	23	67
1483	chr10	41734858	41734839	+	0.1406	0.2605	>	6	23	67
1484	chr10	50906875	50906856	-	0.2361	0.1674	>	6	23	67
1485	chr11	31651668	31651649	+	0.07605	0.1534	>	6	23	67
1486	chr6	116193190	116193171	+	0.3687	0.372	>	6	23	67
1487	chr1	188976509	188976490	+	0.343	0.1833	>	6	23	67
1488	chr12	101976095	101976076	+	0.681	0.4116	>	6	23	67
1489	chr15	75925915	75925896	+	0.6084	0.9233	>	6	23	67
1490	chr1	4777287	4777268	-	0.9443	1.425	>	6	23	67
1491	chr18	86560230	86560211	+	0.7866	1.138	>	6	23	67
1492	chr7	43574878	43574859	+	1.292	1.347	>	6	23	67
1493	chr7	98200601	98200582	-	0.2927	0.1711	>	6	23	67
1494	chr4	143319849	143319830	+	0.2299	0.1525	>	6	23	67
1495	chr2	128601696	128601677	-	0.1208	0.207	>	6	23	67
1496	chr17	57004491	57004472	-	0.1467	0.2932	>	6	23	67
1497	chr2	35196541	35196522	-	1.081	0.3997	>	6	23	67
1498	chr5	29779371	29779352	+	0.1531	0.1671	>	6	23	67
1499	chr10	93038429	93038410	-	0.163	0.1875	>	6	23	67
0	chr4	87368268	87368249	+	90.56	65.75	>	6	24	66
1	chr11	109860827	109860808	-	89.2	47.97	>	6	24	66
2	chr3	22309188	22309169	+	81.5	60.4	>	6	24	66
3	chr10	5161770	5161751	-	79.2	55.88	>	6	24	66
4	chr16	71247702	71247683	+	68.56	43.2	>	6	24	66
5	chr16	72980067	72980048	-	68.3	56.7	>	6	24	66
6	chr6	60556001	60555982	+	67.7	40.38	>	6	24	66
7	chr5	7996919	7996900	-	66.06	59.4	>	6	24	66
8	chr14	12140114	12140095	-	65.1	51.62	>	6	24	66
9	chr13	81439574	81439555	+	64.94	46.94	>	6	24	66
10	chr9	103996726	103996707	-	64.9	51.25	>	6	24	66
11	chr15	56066340	56066321	+	63.97	42.94	>	6	24	66
12	chr10	106609250	106609231	+	63.97	42.62	>	6	24	66
13	chr1	144380222	144380203	-	63.4	48.44	>	6	24	66
14	chr10	8240468	8240449	-	62.34	45.88	>	6	24	66
15	chr12	77000269	77000250	+	62.22	54.97	>	6	24	66
16	chr1	44745882	44745863	+	62.12	40.25	>	6	24	66
17	chr4	81178889	81178870	+	62.03	50.0	>	6	24	66
18	chr9	10909768	10909749	+	61.12	47.94	>	6	24	66
19	chr6	64650119	64650100	-	60.56	60.88	>	6	24	66
20	chr15	32766485	32766466	-	60.56	46.62	>	6	24	66
21	chr4	9135983	9135964	+	60.03	34.12	>	6	24	66
22	chr7	118305013	118304994	+	59.5	47.62	>	6	24	66
23	chr10	39520570	39520551	-	58.34	40.5	>	6	24	66
24	chr1	78724658	78724639	+	58.25	47.28	>	6	24	66
25	chr2	160598038	160598019	+	57.94	55.8	>	6	24	66
26	chr18	33790258	33790239	-	57.72	56.3	>	6	24	66
27	chr12	40837750	40837731	+	57.5	46.25	>	6	24	66
28	chr8	41443763	41443744	+	57.34	56.06	>	6	24	66
29	chr14	68494314	68494295	-	56.94	24.97	>	6	24	66
30	chr1	11657910	11657891	+	56.8	43.62	>	6	24	66
31	chr11	77100337	77100318	+	55.88	49.25	>	6	24	66
32	chr16	41244935	41244916	-	55.72	48.0	>	6	24	66
33	chr14	87452291	87452272	-	55.72	63.0	>	6	24	66
34	chr18	16217050	16217031	+	54.9	26.8	>	6	24	66
35	chr11	53255133	53255114	-	54.8	39.5	>	6	24	66
36	chr9	7216447	7216428	+	54.56	27.64	>	6	24	66
37	chr8	35850598	35850579	-	54.5	50.94	>	6	24	66
38	chr8	102781131	102781112	-	54.44	41.34	>	6	24	66
39	chr5	49962010	49961991	-	54.16	50.88	>	6	24	66
40	chr7	90410162	90410143	-	54.06	39.75	>	6	24	66
41	chr4	15328717	15328698	+	54.03	40.72	>	6	24	66
42	chr11	31949616	31949597	-	54.0	41.44	>	6	24	66
43	chr1	120586671	120586652	+	53.8	57.06	>	6	24	66
44	chr13	19698921	19698902	+	53.16	40.8	>	6	24	66
45	chr12	57825950	57825931	+	53.03	34.38	>	6	24	66
46	chr16	72215933	72215914	-	52.7	45.56	>	6	24	66
47	chr9	15685402	15685383	+	52.62	45.03	>	6	24	66
48	chr10	10321327	10321308	-	52.47	23.97	>	6	24	66
49	chr9	49494135	49494116	+	52.4	51.5	>	6	24	66
50	chr3	50906169	50906150	-	52.12	57.06	>	6	24	66
51	chr11	57467973	57467954	-	52.03	54.47	>	6	24	66
52	chr11	113165316	113165297	-	51.88	57.94	>	6	24	66
53	chr9	51152608	51152589	-	51.8	48.22	>	6	24	66
54	chr16	58299658	58299639	+	51.56	30.08	>	6	24	66
55	chr16	22564783	22564764	+	51.44	49.16	>	6	24	66
56	chr8	36523135	36523116	-	51.4	44.44	>	6	24	66
57	chr14	34810941	34810922	+	51.3	52.97	>	6	24	66
58	chr6	101261740	101261721	-	51.0	49.47	>	6	24	66
59	chr7	132213694	132213675	-	50.8	38.62	>	6	24	66
60	chr2	48886271	48886252	-	50.28	44.53	>	6	24	66
61	chr12	54060974	54060955	-	50.12	27.78	>	6	24	66
62	chr1	5905019	5905000	-	50.06	44.22	>	6	24	66
63	chr9	26776375	26776356	-	50.0	53.88	>	6	24	66
64	chr1	103799519	103799500	+	49.53	56.44	>	6	24	66
65	chr9	88222188	88222169	-	49.5	40.1	>	6	24	66
66	chr18	58481884	58481865	-	49.28	39.28	>	6	24	66
67	chr13	100112788	100112769	+	49.16	37.22	>	6	24	66
68	chr3	14679394	14679375	+	49.06	29.97	>	6	24	66
69	chr16	37109459	37109440	+	48.75	19.0	>	6	24	66
70	chr3	153655318	153655299	-	48.72	48.28	>	6	24	66
71	chr16	89765698	89765679	-	48.38	54.0	>	6	24	66
72	chr13	89543228	89543209	-	48.3	56.84	>	6	24	66
73	chr11	40149509	40149490	-	48.28	36.34	>	6	24	66
74	chr3	113080940	113080921	-	48.2	53.4	>	6	24	66
75	chr10	70963797	70963778	-	47.53	51.97	>	6	24	66
76	chr6	66533480	66533461	-	47.34	41.22	>	6	24	66
77	chr18	57976815	57976796	+	47.28	41.3	>	6	24	66
78	chr12	92303388	92303369	+	47.12	48.12	>	6	24	66
79	chr6	43686140	43686121	+	47.1	34.0	>	6	24	66
80	chr15	11038687	11038668	+	47.06	40.16	>	6	24	66
81	chr6	13281064	13281045	-	47.06	44.4	>	6	24	66
82	chr4	25180081	25180062	-	46.94	22.34	>	6	24	66
83	chr2	110229883	110229864	+	46.8	37.2	>	6	24	66
84	chr2	118638293	118638274	+	46.34	48.4	>	6	24	66
85	chr14	67674858	67674839	-	46.2	40.62	>	6	24	66
86	chr1	179477262	179477243	-	45.97	54.9	>	6	24	66
87	chr12	78056191	78056172	+	45.84	48.03	>	6	24	66
88	chr15	44836402	44836383	+	45.7	45.75	>	6	24	66
89	chr9	80293262	80293243	+	45.3	48.66	>	6	24	66
90	chr1	21411405	21411386	+	45.28	35.97	>	6	24	66
91	chr8	80483379	80483360	-	45.28	32.34	>	6	24	66
92	chr16	55477026	55477007	-	44.9	60.88	>	6	24	66
93	chr9	122729759	122729740	-	44.72	40.56	>	6	24	66
94	chr2	17415581	17415562	-	44.56	38.03	>	6	24	66
95	chr4	13778049	13778030	-	44.5	20.47	>	6	24	66
96	chr16	64748455	64748436	-	44.47	52.25	>	6	24	66
97	chr6	57570627	57570608	-	44.28	34.06	>	6	24	66
98	chr16	13117421	13117402	+	44.28	48.25	>	6	24	66
99	chr1	54381475	54381456	-	44.12	34.1	>	6	24	66
100	chr15	40166896	40166877	+	44.03	40.53	>	6	24	66
101	chr17	83271696	83271677	+	44.0	39.2	>	6	24	66
102	chr9	63136063	63136044	+	43.94	32.22	>	6	24	66
103	chr3	68056550	68056531	+	43.88	35.0	>	6	24	66
104	chr3	25220822	25220803	-	43.8	23.62	>	6	24	66
105	chr7	118102455	118102436	-	43.53	59.94	>	6	24	66
106	chr9	51335485	51335466	+	43.47	26.75	>	6	24	66
107	chr16	96671807	96671788	-	43.4	27.66	>	6	24	66
108	chr2	113494904	113494885	+	43.34	43.28	>	6	24	66
109	chr1	55404561	55404542	+	43.25	39.06	>	6	24	66
110	chr3	80079969	80079950	+	43.0	35.7	>	6	24	66
111	chr11	25862989	25862970	-	42.66	37.9	>	6	24	66
112	chr13	109213188	109213169	-	42.6	60.5	>	6	24	66
113	chr8	58566283	58566264	+	42.56	33.8	>	6	24	66
114	chr16	72218227	72218208	+	42.38	47.1	>	6	24	66
115	chr14	102510640	102510621	-	42.34	35.9	>	6	24	66
116	chr7	143154010	143153991	+	42.16	43.66	>	6	24	66
117	chr6	143219585	143219566	+	42.1	41.62	>	6	24	66
118	chr17	86906334	86906315	-	41.97	47.25	>	6	24	66
119	chr8	62080400	62080381	+	41.97	30.6	>	6	24	66
120	chr3	57843985	57843966	+	41.94	43.75	>	6	24	66
121	chr18	3495634	3495615	+	41.62	36.03	>	6	24	66
122	chr7	125393847	125393828	-	41.56	47.0	>	6	24	66
123	chr7	86211564	86211545	-	41.56	46.4	>	6	24	66
124	chr9	60245127	60245108	+	41.38	43.16	>	6	24	66
125	chr6	131353859	131353840	-	41.3	15.89	>	6	24	66
126	chr15	98173991	98173972	-	41.25	24.88	>	6	24	66
127	chr17	88641249	88641230	-	41.12	34.25	>	6	24	66
128	chr9	87027908	87027889	+	41.1	38.34	>	6	24	66
129	chr4	70621553	70621534	-	40.97	48.38	>	6	24	66
130	chr12	41487236	41487217	-	40.88	35.94	>	6	24	66
131	chr4	127368548	127368529	+	40.8	49.72	>	6	24	66
132	chr8	50293750	50293731	-	40.75	48.2	>	6	24	66
133	chr16	27468981	27468962	+	40.75	34.62	>	6	24	66
134	chr7	121641354	121641335	-	40.7	30.69	>	6	24	66
135	chr3	29726795	29726776	-	40.7	30.42	>	6	24	66
136	chr14	29110872	29110853	-	40.66	51.22	>	6	24	66
137	chr13	116712427	116712408	-	40.62	33.1	>	6	24	66
138	chr18	19939562	19939543	-	40.47	45.7	>	6	24	66
139	chr15	80704533	80704514	-	40.28	46.53	>	6	24	66
140	chr18	50137074	50137055	+	40.28	37.62	>	6	24	66
141	chr13	15763212	15763193	-	40.25	29.53	>	6	24	66
142	chr19	50185486	50185467	+	40.22	44.2	>	6	24	66
143	chr12	74013965	74013946	-	40.22	40.8	>	6	24	66
144	chr1	138835543	138835524	+	40.06	20.81	>	6	24	66
145	chr15	55550924	55550905	-	40.06	37.12	>	6	24	66
146	chr1	61771439	61771420	-	40.06	23.55	>	6	24	66
147	chr12	34664961	34664942	+	40.0	19.7	>	6	24	66
148	chr14	78288101	78288082	-	39.8	38.8	>	6	24	66
149	chr2	4499416	4499397	+	39.78	33.88	>	6	24	66
150	chr13	30260132	30260113	-	39.75	32.75	>	6	24	66
151	chr9	68015271	68015252	+	39.2	39.0	>	6	24	66
152	chr1	126993502	126993483	-	39.06	47.2	>	6	24	66
153	chr16	25349824	25349805	-	39.0	41.2	>	6	24	66
154	chr1	14729249	14729230	-	38.94	39.3	>	6	24	66
155	chr15	59389427	59389408	+	38.7	46.34	>	6	24	66
156	chr6	100882590	100882571	+	38.66	49.44	>	6	24	66
157	chr3	9711121	9711102	+	38.62	35.47	>	6	24	66
158	chr6	21214019	21214000	-	38.47	24.2	>	6	24	66
159	chr17	42603617	42603598	-	38.47	42.5	>	6	24	66
160	chr4	80517548	80517529	-	38.47	41.4	>	6	24	66
161	chr9	85328584	85328565	-	38.28	30.06	>	6	24	66
162	chr17	44262001	44261982	+	38.22	44.16	>	6	24	66
163	chr10	102449665	102449646	+	38.2	48.84	>	6	24	66
164	chr17	14520745	14520726	-	38.12	30.45	>	6	24	66
165	chr13	51830925	51830906	+	38.0	56.0	>	6	24	66
166	chr12	83502436	83502417	-	37.97	34.4	>	6	24	66
167	chr5	75853265	75853246	-	37.94	27.88	>	6	24	66
168	chr13	110382742	110382723	+	37.88	61.84	>	6	24	66
169	chr5	62481159	62481140	-	37.8	35.4	>	6	24	66
170	chr7	49121503	49121484	-	37.7	29.61	>	6	24	66
171	chr15	11966575	11966556	-	37.66	34.72	>	6	24	66
172	chr3	31146135	31146116	+	37.53	44.5	>	6	24	66
173	chr2	37815879	37815860	+	37.47	39.2	>	6	24	66
174	chr5	33033442	33033423	-	37.44	48.28	>	6	24	66
175	chr9	7595466	7595447	-	37.4	28.72	>	6	24	66
176	chr5	21641153	21641134	-	37.3	33.66	>	6	24	66
177	chr14	48367302	48367283	-	37.12	39.88	>	6	24	66
178	chr17	14524624	14524605	+	37.1	38.88	>	6	24	66
179	chr4	84064835	84064816	+	37.06	23.38	>	6	24	66
180	chr4	63368786	63368767	+	37.06	51.6	>	6	24	66
181	chr5	102149680	102149661	+	37.03	38.97	>	6	24	66
182	chr12	32897684	32897665	-	36.88	40.9	>	6	24	66
183	chr16	91936532	91936513	+	36.72	43.06	>	6	24	66
184	chr6	37046379	37046360	-	36.72	47.7	>	6	24	66
185	chr18	59081896	59081877	+	36.7	37.34	>	6	24	66
186	chr6	103697552	103697533	-	36.3	43.6	>	6	24	66
187	chr18	19937930	19937911	+	36.3	37.56	>	6	24	66
188	chr6	93757594	93757575	+	36.28	18.31	>	6	24	66
189	chr17	9756371	9756352	+	36.28	21.2	>	6	24	66
190	chr2	96585854	96585835	+	36.25	26.84	>	6	24	66
191	chr11	82915176	82915157	+	36.2	36.34	>	6	24	66
192	chr6	6005837	6005818	+	36.03	35.2	>	6	24	66
193	chr1	98392238	98392219	-	36.03	38.97	>	6	24	66
194	chr7	48749384	48749365	+	35.94	38.3	>	6	24	66
195	chr11	105911812	105911793	-	35.9	37.8	>	6	24	66
196	chr10	45045486	45045467	-	35.8	35.22	>	6	24	66
197	chr2	4492748	4492729	-	35.75	19.97	>	6	24	66
198	chr6	18087397	18087378	+	35.75	40.84	>	6	24	66
199	chr5	90203341	90203322	+	35.7	41.12	>	6	24	66
200	chr7	136489148	136489129	+	35.62	28.06	>	6	24	66
201	chr9	109862620	109862601	-	35.6	34.12	>	6	24	66
202	chr15	59876355	59876336	+	35.3	32.16	>	6	24	66
203	chr14	76473612	76473593	-	35.25	45.66	>	6	24	66
204	chr3	128349320	128349301	+	35.03	41.75	>	6	24	66
205	chr3	45375963	45375944	+	35.03	23.92	>	6	24	66
206	chr3	133314669	133314650	+	34.97	39.0	>	6	24	66
207	chr1	96801850	96801831	-	34.84	30.55	>	6	24	66
208	chr7	115216958	115216939	+	34.62	30.45	>	6	24	66
209	chr9	59282577	59282558	-	34.62	26.88	>	6	24	66
210	chr2	148112135	148112116	-	34.5	31.5	>	6	24	66
211	chr18	52457916	52457897	-	34.47	28.2	>	6	24	66
212	chr6	56691454	56691435	-	34.34	42.2	>	6	24	66
213	chr13	20292580	20292561	-	34.3	38.5	>	6	24	66
214	chr13	57260119	57260100	-	34.25	52.66	>	6	24	66
215	chr13	113877615	113877596	+	34.25	36.75	>	6	24	66
216	chr13	116715029	116715010	-	34.1	31.72	>	6	24	66
217	chr4	83596692	83596673	-	34.1	52.75	>	6	24	66
218	chr8	64941619	64941600	-	34.06	33.75	>	6	24	66
219	chr3	51701488	51701469	+	34.03	22.56	>	6	24	66
220	chr14	120061322	120061303	-	33.84	29.2	>	6	24	66
221	chr7	75910166	75910147	+	33.8	57.6	>	6	24	66
222	chr4	98702698	98702679	-	33.78	31.62	>	6	24	66
223	chr3	146185137	146185118	+	33.62	52.6	>	6	24	66
224	chr4	151157152	151157133	+	33.53	59.38	>	6	24	66
225	chr5	43391861	43391842	-	33.5	21.5	>	6	24	66
226	chr11	93856511	93856492	-	33.47	26.19	>	6	24	66
227	chr14	59605843	59605824	+	33.47	40.3	>	6	24	66
228	chr14	84438580	84438561	+	33.44	23.31	>	6	24	66
229	chr12	50943824	50943805	-	33.28	38.56	>	6	24	66
230	chr7	83550335	83550316	-	33.2	30.12	>	6	24	66
231	chr6	117167008	117166989	+	33.03	30.3	>	6	24	66
232	chr4	12538791	12538772	+	33.0	21.84	>	6	24	66
233	chr18	47353079	47353060	+	32.84	24.58	>	6	24	66
234	chr5	12541496	12541477	-	32.72	22.56	>	6	24	66
235	chr2	60721127	60721108	+	32.72	22.53	>	6	24	66
236	chr11	78838251	78838232	+	32.72	51.5	>	6	24	66
237	chr8	73356225	73356206	+	32.62	23.39	>	6	24	66
238	chr12	10598567	10598548	+	32.5	41.56	>	6	24	66
239	chr19	20345158	20345139	-	32.25	47.94	>	6	24	66
240	chr17	58909486	58909467	-	32.16	39.4	>	6	24	66
241	chr10	69655037	69655018	-	32.12	36.56	>	6	24	66
242	chr4	3967733	3967714	-	32.12	41.75	>	6	24	66
243	chr16	21192795	21192776	-	32.06	38.78	>	6	24	66
244	chr11	12291593	12291574	-	32.0	15.54	>	6	24	66
245	chr11	117385082	117385063	+	31.83	36.6	>	6	24	66
246	chr12	32292095	32292076	+	31.73	20.83	>	6	24	66
247	chr4	64833096	64833077	+	31.69	34.34	>	6	24	66
248	chr13	47301245	47301226	+	31.67	43.9	>	6	24	66
249	chr1	89631957	89631938	-	31.56	45.38	>	6	24	66
250	chr9	69296601	69296582	-	31.53	38.66	>	6	24	66
251	chr3	53735364	53735345	+	31.28	24.5	>	6	24	66
252	chr10	45373471	45373452	-	31.2	37.7	>	6	24	66
253	chr8	91797725	91797706	+	31.19	30.23	>	6	24	66
254	chr4	88035662	88035643	+	31.06	19.66	>	6	24	66
255	chr2	75151187	75151168	-	31.05	37.9	>	6	24	66
256	chr14	66791971	66791952	-	31.02	32.1	>	6	24	66
257	chr2	93199062	93199043	-	30.9	51.25	>	6	24	66
258	chr2	73551006	73550987	+	30.86	53.72	>	6	24	66
259	chr12	89451144	89451125	-	30.81	40.1	>	6	24	66
260	chr16	66086729	66086710	-	30.81	33.7	>	6	24	66
261	chr14	114791647	114791628	-	30.72	37.2	>	6	24	66
262	chr4	43420547	43420528	-	30.61	34.5	>	6	24	66
263	chr1	87447687	87447668	+	30.56	32.53	>	6	24	66
264	chr15	55306471	55306452	+	30.56	24.06	>	6	24	66
265	chr15	97667578	97667559	+	30.52	37.12	>	6	24	66
266	chr2	16359548	16359529	+	30.47	16.92	>	6	24	66
267	chr14	8356099	8356080	+	30.42	51.06	>	6	24	66
268	chr3	19894816	19894797	-	30.38	33.66	>	6	24	66
269	chr12	43813750	43813731	-	30.34	24.06	>	6	24	66
270	chr2	27770378	27770359	+	30.12	46.8	>	6	24	66
271	chr16	48675836	48675817	-	30.12	28.97	>	6	24	66
272	chr10	13016733	13016714	+	30.1	53.44	>	6	24	66
273	chr2	76367359	76367340	+	30.05	30.6	>	6	24	66
274	chr2	115515230	115515211	+	30.05	12.29	>	6	24	66
275	chr19	16785108	16785089	-	30.03	27.4	>	6	24	66
276	chr3	78948444	78948425	+	30.03	29.16	>	6	24	66
277	chr1	37250876	37250857	-	29.94	25.45	>	6	24	66
278	chr18	74431409	74431390	+	29.94	28.48	>	6	24	66
279	chr1	38787652	38787633	-	29.89	46.22	>	6	24	66
280	chr3	14874584	14874565	+	29.88	22.88	>	6	24	66
281	chr9	69505778	69505759	+	29.88	30.58	>	6	24	66
282	chr10	84450913	84450894	-	29.77	31.7	>	6	24	66
283	chr2	172216047	172216028	-	29.77	65.06	>	6	24	66
284	chr10	97712895	97712876	+	29.72	22.83	>	6	24	66
285	chr1	4770074	4770055	+	29.72	39.66	>	6	24	66
286	chr12	50301580	50301561	-	29.69	16.55	>	6	24	66
287	chr15	85266923	85266904	+	29.69	42.06	>	6	24	66
288	chr4	85403030	85403011	+	29.62	27.23	>	6	24	66
289	chr6	97526370	97526351	-	29.53	31.17	>	6	24	66
290	chr8	112046096	112046077	+	29.5	62.6	>	6	24	66
291	chr12	96311368	96311349	-	29.48	23.8	>	6	24	66
292	chr1	93507239	93507220	-	29.45	32.5	>	6	24	66
293	chr13	21714927	21714908	+	29.4	37.72	>	6	24	66
294	chr6	49008180	49008161	+	29.38	27.1	>	6	24	66
295	chr17	17749545	17749526	-	29.36	32.88	>	6	24	66
296	chr6	145360253	145360234	+	29.34	33.62	>	6	24	66
297	chr7	17066630	17066611	-	29.27	41.75	>	6	24	66
298	chr12	81788850	81788831	-	29.25	32.47	>	6	24	66
299	chr7	129649172	129649153	+	29.19	42.88	>	6	24	66
300	chr14	104039053	104039034	+	29.17	41.16	>	6	24	66
301	chr13	41634744	41634725	-	29.08	40.84	>	6	24	66
302	chr7	138835232	138835213	-	29.02	47.88	>	6	24	66
303	chr15	97195797	97195778	+	28.92	38.5	>	6	24	66
304	chr1	119087737	119087718	+	28.89	50.28	>	6	24	66
305	chr4	85819373	85819354	-	28.86	29.28	>	6	24	66
306	chr11	30657307	30657288	-	28.86	6.477	>	6	24	66
307	chr5	49369245	49369226	+	28.66	27.94	>	6	24	66
308	chr6	106805067	106805048	+	28.61	20.38	>	6	24	66
309	chr6	31660958	31660939	+	28.53	52.9	>	6	24	66
310	chr12	8306749	8306730	-	28.48	47.94	>	6	24	66
311	chr13	42822785	42822766	-	28.47	44.4	>	6	24	66
312	chr15	34968778	34968759	+	28.4	27.94	>	6	24	66
313	chr7	68369859	68369840	+	28.38	58.97	>	6	24	66
314	chr15	80266443	80266424	+	28.33	34.62	>	6	24	66
315	chr6	102171110	102171091	+	28.19	24.06	>	6	24	66
316	chr16	72605273	72605254	-	28.11	17.7	>	6	24	66
317	chr18	65490506	65490487	+	28.06	33.94	>	6	24	66
318	chr3	55373775	55373756	+	28.0	19.75	>	6	24	66
319	chr1	53927814	53927795	-	27.97	28.48	>	6	24	66
320	chr2	160368066	160368047	-	27.95	21.97	>	6	24	66
321	chr10	42295232	42295213	-	27.94	37.8	>	6	24	66
322	chr7	116040411	116040392	-	27.9	26.19	>	6	24	66
323	chr10	116197535	116197516	-	27.81	28.58	>	6	24	66
324	chr5	20773533	20773514	-	27.81	20.77	>	6	24	66
325	chr12	80725012	80724993	-	27.73	38.97	>	6	24	66
326	chr15	66899881	66899862	-	27.6	21.5	>	6	24	66
327	chr18	16822208	16822189	-	27.56	13.28	>	6	24	66
328	chr18	14503254	14503235	-	27.55	19.48	>	6	24	66
329	chr5	98344786	98344767	+	27.44	28.3	>	6	24	66
330	chr10	77517236	77517217	+	27.39	30.44	>	6	24	66
331	chr1	44741472	44741453	-	27.38	6.344	>	6	24	66
332	chr6	127945983	127945964	-	27.28	24.97	>	6	24	66
333	chr16	42914955	42914936	-	27.27	20.78	>	6	24	66
334	chr18	39137558	39137539	+	27.11	15.805	>	6	24	66
335	chr13	42575907	42575888	+	27.11	22.34	>	6	24	66
336	chr2	13278209	13278190	+	27.06	48.53	>	6	24	66
337	chr18	43836585	43836566	-	27.06	22.66	>	6	24	66
338	chr4	114647896	114647877	+	27.05	26.58	>	6	24	66
339	chr16	44149214	44149195	-	27.03	37.28	>	6	24	66
340	chr13	109776299	109776280	+	27.02	27.47	>	6	24	66
341	chr19	30217515	30217496	+	27.0	44.25	>	6	24	66
342	chr6	61316075	61316056	+	26.94	38.16	>	6	24	66
343	chr17	78598832	78598813	+	26.92	37.16	>	6	24	66
344	chr2	117231457	117231438	-	26.88	23.62	>	6	24	66
345	chr4	115101816	115101797	+	26.84	34.88	>	6	24	66
346	chr10	57448131	57448112	-	26.8	44.97	>	6	24	66
347	chr13	113046665	113046646	+	26.77	22.72	>	6	24	66
348	chr4	110022447	110022428	-	26.58	43.47	>	6	24	66
349	chr7	101653829	101653810	+	26.5	47.97	>	6	24	66
350	chr5	67756338	67756319	+	26.5	26.55	>	6	24	66
351	chr3	62192717	62192698	-	26.5	17.1	>	6	24	66
352	chr10	17728146	17728127	-	26.45	14.96	>	6	24	66
353	chr5	37752557	37752538	-	26.33	30.73	>	6	24	66
354	chr1	60961316	60961297	-	26.3	26.22	>	6	24	66
355	chr17	68176981	68176962	+	26.27	18.84	>	6	24	66
356	chr7	37357871	37357852	-	26.2	67.6	>	6	24	66
357	chr4	32572316	32572297	-	26.16	44.75	>	6	24	66
358	chr4	96696741	96696722	+	26.12	32.22	>	6	24	66
359	chr4	109729491	109729472	-	26.06	50.3	>	6	24	66
360	chr10	111977780	111977761	+	25.78	32.1	>	6	24	66
361	chr5	45424489	45424470	-	25.73	30.9	>	6	24	66
362	chr2	61494577	61494558	-	25.72	22.25	>	6	24	66
363	chr6	13287046	13287027	+	25.69	21.62	>	6	24	66
364	chr9	116060829	116060810	+	25.66	36.5	>	6	24	66
365	chr8	17537753	17537734	-	25.64	36.44	>	6	24	66
366	chr9	77781636	77781617	-	25.62	27.94	>	6	24	66
367	chr15	5106460	5106441	-	25.56	29.45	>	6	24	66
368	chr17	93141334	93141315	-	25.53	33.03	>	6	24	66
369	chr6	97759520	97759501	+	25.52	17.88	>	6	24	66
370	chr8	119384750	119384731	-	25.47	45.94	>	6	24	66
371	chr6	88113322	88113303	+	25.38	41.75	>	6	24	66
372	chr15	101984527	101984508	-	25.38	56.7	>	6	24	66
373	chr8	54493335	54493316	-	25.34	39.7	>	6	24	66
374	chr9	24119622	24119603	+	25.33	14.83	>	6	24	66
375	chr3	50077169	50077150	-	25.31	24.22	>	6	24	66
376	chr4	47419767	47419748	+	25.23	44.03	>	6	24	66
377	chr2	76115910	76115891	+	25.22	28.97	>	6	24	66
378	chr15	67174759	67174740	+	25.2	12.74	>	6	24	66
379	chr8	125574509	125574490	+	25.17	12.85	>	6	24	66
380	chr1	161737065	161737046	-	25.11	39.75	>	6	24	66
381	chr3	85571455	85571436	-	25.1	9.7	>	6	24	66
382	chr18	19577078	19577059	-	25.02	27.28	>	6	24	66
383	chr19	36083087	36083068	-	25.0	29.4	>	6	24	66
384	chr8	115709616	115709597	-	24.98	9.14	>	6	24	66
385	chr10	126330794	126330775	-	24.84	24.02	>	6	24	66
386	chr15	25993551	25993532	+	24.81	33.28	>	6	24	66
387	chr5	131430355	131430336	-	24.78	45.44	>	6	24	66
388	chr1	9545352	9545333	-	24.78	38.06	>	6	24	66
389	chr19	28768445	28768426	-	24.75	36.44	>	6	24	66
390	chr10	24630876	24630857	+	24.72	22.94	>	6	24	66
391	chr17	54351102	54351083	+	24.53	15.79	>	6	24	66
392	chr16	20496806	20496787	+	24.47	28.86	>	6	24	66
393	chr12	109394024	109394005	-	24.44	15.02	>	6	24	66
394	chr13	21803288	21803269	-	24.42	40.1	>	6	24	66
395	chr3	103392995	103392976	+	24.38	33.9	>	6	24	66
396	chr15	25428758	25428739	+	24.31	24.08	>	6	24	66
397	chr3	135206860	135206841	-	24.3	9.21	>	6	24	66
398	chr8	65139261	65139242	+	24.3	33.56	>	6	24	66
399	chr9	29650850	29650831	-	24.23	35.72	>	6	24	66
400	chr3	127971093	127971074	+	24.2	46.1	>	6	24	66
401	chr2	104035038	104035019	+	24.16	33.7	>	6	24	66
402	chr9	81635302	81635283	+	24.11	12.08	>	6	24	66
403	chr6	95484597	95484578	+	24.03	13.41	>	6	24	66
404	chr14	72293991	72293972	-	23.83	34.2	>	6	24	66
405	chr18	65490035	65490016	-	23.72	29.94	>	6	24	66
406	chr12	38123788	38123769	-	23.66	16.0	>	6	24	66
407	chr18	70184838	70184819	-	23.66	11.39	>	6	24	66
408	chr3	152095252	152095233	-	23.53	23.67	>	6	24	66
409	chr8	32002994	32002975	-	23.5	23.94	>	6	24	66
410	chr11	22206830	22206811	-	23.48	11.1	>	6	24	66
411	chr5	76541051	76541032	-	23.44	19.22	>	6	24	66
412	chr10	52106337	52106318	+	23.38	22.61	>	6	24	66
413	chr1	84697462	84697443	-	23.38	25.22	>	6	24	66
414	chr1	67181385	67181366	+	23.34	35.0	>	6	24	66
415	chr6	101267027	101267008	+	23.31	12.77	>	6	24	66
416	chr6	129255175	129255156	-	23.25	41.8	>	6	24	66
417	chr4	115710017	115709998	-	23.19	25.83	>	6	24	66
418	chr2	118241614	118241595	-	23.19	37.16	>	6	24	66
419	chr8	71371784	71371765	+	23.11	28.11	>	6	24	66
420	chr7	73422670	73422651	-	23.11	37.7	>	6	24	66
421	chr5	33039602	33039583	+	23.05	27.48	>	6	24	66
422	chr2	153143004	153142985	-	23.02	20.31	>	6	24	66
423	chr14	98181824	98181805	-	23.0	7.93	>	6	24	66
424	chr2	136887058	136887039	-	22.97	12.49	>	6	24	66
425	chr1	135136701	135136682	-	22.88	42.44	>	6	24	66
426	chr5	4948481	4948462	-	22.86	27.0	>	6	24	66
427	chr10	71422814	71422795	+	22.81	51.25	>	6	24	66
428	chr8	64597251	64597232	-	22.66	30.06	>	6	24	66
429	chr1	162336834	162336815	-	22.45	14.914	>	6	24	66
430	chr9	94738996	94738977	+	22.42	42.94	>	6	24	66
431	chr17	53403136	53403117	+	22.4	18.28	>	6	24	66
432	chr2	155811920	155811901	-	22.36	51.28	>	6	24	66
433	chr12	52010769	52010750	+	22.33	16.6	>	6	24	66
434	chr3	44912870	44912851	-	22.31	11.58	>	6	24	66
435	chr5	98348848	98348829	+	22.25	34.97	>	6	24	66
436	chr15	80706301	80706282	+	22.25	25.52	>	6	24	66
437	chr1	167932285	167932266	-	22.22	36.66	>	6	24	66
438	chr14	121455709	121455690	-	22.2	25.7	>	6	24	66
439	chr4	98243714	98243695	-	22.16	26.34	>	6	24	66
440	chr4	143027468	143027449	+	22.14	29.11	>	6	24	66
441	chr2	153668926	153668907	+	22.14	25.36	>	6	24	66
442	chr9	41461929	41461910	-	22.14	12.42	>	6	24	66
443	chr4	109431143	109431124	-	22.1	22.34	>	6	24	66
444	chr5	44831505	44831486	-	22.08	22.05	>	6	24	66
445	chr8	119676601	119676582	-	22.03	33.06	>	6	24	66
446	chr17	40824060	40824041	-	22.02	34.28	>	6	24	66
447	chr15	37102366	37102347	-	22.0	13.84	>	6	24	66
448	chr1	119083862	119083843	-	21.92	45.47	>	6	24	66
449	chr5	41044703	41044684	-	21.78	28.61	>	6	24	66
450	chr19	24622032	24622013	+	21.77	22.19	>	6	24	66
451	chr3	58159626	58159607	-	21.75	32.1	>	6	24	66
452	chr1	38130140	38130121	-	21.75	23.66	>	6	24	66
453	chr2	129472129	129472110	-	21.73	30.17	>	6	24	66
454	chr9	15682043	15682024	-	21.73	11.22	>	6	24	66
455	chr9	69502720	69502701	-	21.7	34.7	>	6	24	66
456	chr14	21120676	21120657	+	21.69	43.16	>	6	24	66
457	chr7	110645588	110645569	-	21.69	43.56	>	6	24	66
458	chr16	78950579	78950560	-	21.64	3.295	>	6	24	66
459	chr7	131899517	131899498	+	21.56	16.44	>	6	24	66
460	chr8	106403484	106403465	-	21.53	20.23	>	6	24	66
461	chr17	73303429	73303410	+	21.48	50.6	>	6	24	66
462	chr1	83727325	83727306	+	21.48	26.81	>	6	24	66
463	chr13	29857603	29857584	+	21.42	9.836	>	6	24	66
464	chr14	104033786	104033767	+	21.34	21.16	>	6	24	66
465	chr7	119011391	119011372	+	21.31	35.56	>	6	24	66
466	chr1	69165377	69165358	+	21.31	25.0	>	6	24	66
467	chr1	192727176	192727157	+	21.28	21.9	>	6	24	66
468	chr9	50438293	50438274	-	21.2	27.17	>	6	24	66
469	chr15	46990407	46990388	-	21.14	10.516	>	6	24	66
470	chr13	73646874	73646855	+	21.14	37.5	>	6	24	66
471	chr16	67089956	67089937	+	21.12	15.94	>	6	24	66
472	chr2	83332995	83332976	-	21.02	18.14	>	6	24	66
473	chr8	10415030	10415011	+	21.0	37.3	>	6	24	66
474	chr1	35716149	35716130	-	20.89	18.69	>	6	24	66
475	chr7	43920039	43920020	-	20.83	34.3	>	6	24	66
476	chr8	15138726	15138707	+	20.81	41.03	>	6	24	66
477	chr13	6515705	6515686	+	20.8	28.08	>	6	24	66
478	chr2	64948996	64948977	-	20.72	23.2	>	6	24	66
479	chr19	20345737	20345718	+	20.7	55.44	>	6	24	66
480	chr5	33994851	33994832	+	20.64	14.97	>	6	24	66
481	chr14	76479953	76479934	+	20.62	37.16	>	6	24	66
482	chr3	144737048	144737029	+	20.58	28.33	>	6	24	66
483	chr2	13597223	13597204	-	20.5	12.72	>	6	24	66
484	chr9	118908437	118908418	-	20.5	27.45	>	6	24	66
485	chr4	153484615	153484596	-	20.39	17.89	>	6	24	66
486	chr19	12433211	12433192	+	20.36	28.34	>	6	24	66
487	chr15	31611224	31611205	+	20.34	11.17	>	6	24	66
488	chr3	107206198	107206179	+	20.34	39.22	>	6	24	66
489	chr17	86909946	86909927	+	20.31	22.38	>	6	24	66
490	chr7	89473669	89473650	-	20.22	24.19	>	6	24	66
491	chr6	35252603	35252584	+	20.22	32.56	>	6	24	66
492	chr6	126168001	126167982	-	20.17	8.76	>	6	24	66
493	chr16	42169942	42169923	+	20.12	43.34	>	6	24	66
494	chr6	90607354	90607335	+	20.11	24.86	>	6	24	66
495	chr6	31664664	31664645	+	20.11	41.5	>	6	24	66
496	chr13	100002039	100002020	+	20.02	21.73	>	6	24	66
497	chr6	97523337	97523318	-	19.97	25.72	>	6	24	66
498	chr4	123529452	123529433	-	19.95	17.69	>	6	24	66
499	chr18	53744741	53744722	-	19.94	29.1	>	6	24	66
500	chr9	13849232	13849213	+	19.9	15.484	>	6	24	66
501	chr15	14052128	14052109	-	19.89	12.375	>	6	24	66
502	chr3	68053761	68053742	-	19.88	27.33	>	6	24	66
503	chr14	50799990	50799971	+	19.83	30.28	>	6	24	66
504	chr8	50292348	50292329	+	19.83	31.36	>	6	24	66
505	chr19	52993242	52993223	-	19.81	45.25	>	6	24	66
506	chr8	24546435	24546416	-	19.8	56.1	>	6	24	66
507	chr2	166085186	166085167	+	19.78	40.2	>	6	24	66
508	chr15	80260893	80260874	-	19.75	33.7	>	6	24	66
509	chr18	75606699	75606680	+	19.72	50.94	>	6	24	66
510	chr2	135957961	135957942	-	19.69	27.1	>	6	24	66
511	chr11	75179118	75179099	+	19.67	22.83	>	6	24	66
512	chr6	77628987	77628968	+	19.66	40.56	>	6	24	66
513	chr4	82614384	82614365	-	19.62	15.836	>	6	24	66
514	chr17	27190013	27189994	+	19.5	26.89	>	6	24	66
515	chr14	121451301	121451282	-	19.45	26.11	>	6	24	66
516	chr9	69987821	69987802	-	19.44	12.234	>	6	24	66
517	chr6	40479902	40479883	+	19.42	24.72	>	6	24	66
518	chr4	82619779	82619760	-	19.42	11.22	>	6	24	66
519	chr2	160593235	160593216	-	19.4	45.8	>	6	24	66
520	chr4	48691990	48691971	+	19.4	34.88	>	6	24	66
521	chr1	11140123	11140104	-	19.39	7.324	>	6	24	66
522	chr6	67858160	67858141	+	19.36	18.55	>	6	24	66
523	chr1	91914028	91914009	+	19.36	22.06	>	6	24	66
524	chr15	76196896	76196877	+	19.33	35.8	>	6	24	66
525	chr11	43767011	43766992	+	19.27	27.44	>	6	24	66
526	chr17	8463677	8463658	+	19.23	31.38	>	6	24	66
527	chr2	60442102	60442083	-	19.22	10.555	>	6	24	66
528	chr10	8242562	8242543	+	19.2	18.4	>	6	24	66
529	chr15	8382407	8382388	+	19.16	11.64	>	6	24	66
530	chr19	11360302	11360283	+	19.14	15.06	>	6	24	66
531	chr12	79305335	79305316	+	19.11	29.94	>	6	24	66
532	chr13	38992697	38992678	+	19.03	12.445	>	6	24	66
533	chr8	91147955	91147936	-	19.0	26.05	>	6	24	66
534	chr13	64443476	64443457	+	19.0	35.6	>	6	24	66
535	chr8	117898214	117898195	+	18.92	34.16	>	6	24	66
536	chr11	42423473	42423454	-	18.77	18.48	>	6	24	66
537	chr9	114957195	114957176	-	18.77	27.38	>	6	24	66
538	chr5	149647926	149647907	+	18.72	23.06	>	6	24	66
539	chr5	128440068	128440049	-	18.69	40.7	>	6	24	66
540	chr6	90606762	90606743	-	18.67	32.6	>	6	24	66
541	chr10	58560031	58560012	+	18.67	23.25	>	6	24	66
542	chr18	25538443	25538424	+	18.66	23.94	>	6	24	66
543	chr11	22987510	22987491	+	18.56	23.83	>	6	24	66
544	chr13	57269837	57269818	-	18.55	36.6	>	6	24	66
545	chr13	53096854	53096835	-	18.55	32.88	>	6	24	66
546	chr7	124783020	124783001	-	18.55	23.44	>	6	24	66
547	chr7	40687242	40687223	-	18.52	26.28	>	6	24	66
548	chr4	109438113	109438094	+	18.45	31.61	>	6	24	66
549	chr13	46663777	46663758	-	18.45	5.215	>	6	24	66
550	chr2	21927862	21927843	-	18.45	17.72	>	6	24	66
551	chr11	72564476	72564457	-	18.39	17.95	>	6	24	66
552	chr14	57362951	57362932	-	18.3	10.125	>	6	24	66
553	chr13	54063511	54063492	-	18.3	12.516	>	6	24	66
554	chr8	127191530	127191511	+	18.27	39.03	>	6	24	66
555	chr4	24249781	24249762	+	18.25	8.38	>	6	24	66
556	chr1	175603551	175603532	-	18.2	12.0	>	6	24	66
557	chr7	131897479	131897460	+	18.19	16.34	>	6	24	66
558	chr2	125259455	125259436	-	18.17	32.72	>	6	24	66
559	chr8	11943262	11943243	-	18.0	20.05	>	6	24	66
560	chr13	74861814	74861795	+	17.98	11.664	>	6	24	66
561	chr3	37302880	37302861	-	17.98	17.84	>	6	24	66
562	chr2	165391753	165391734	+	17.95	20.97	>	6	24	66
563	chr1	167669968	167669949	-	17.94	39.3	>	6	24	66
564	chr14	24311319	24311300	+	17.89	24.48	>	6	24	66
565	chr6	125622660	125622641	+	17.86	24.67	>	6	24	66
566	chr16	91694897	91694878	+	17.83	21.03	>	6	24	66
567	chr7	100886752	100886733	-	17.8	33.3	>	6	24	66
568	chr2	165779092	165779073	+	17.7	43.9	>	6	24	66
569	chr4	118988734	118988715	-	17.7	12.37	>	6	24	66
570	chr9	111939788	111939769	+	17.64	16.92	>	6	24	66
571	chr9	40806571	40806552	+	17.64	39.78	>	6	24	66
572	chr19	21571392	21571373	+	17.64	11.9	>	6	24	66
573	chr10	49785057	49785038	-	17.56	2.498	>	6	24	66
574	chr3	84922220	84922201	+	17.47	28.94	>	6	24	66
575	chr12	7991018	7990999	+	17.47	17.66	>	6	24	66
576	chr8	106687694	106687675	+	17.45	42.0	>	6	24	66
577	chr19	15998346	15998327	+	17.33	27.56	>	6	24	66
578	chr10	30838389	30838370	+	17.3	7.543	>	6	24	66
579	chr2	6469364	6469345	-	17.28	15.65	>	6	24	66
580	chr9	59678540	59678521	-	17.28	29.06	>	6	24	66
581	chr18	60143536	60143517	-	17.25	6.348	>	6	24	66
582	chr2	76114972	76114953	-	17.25	26.88	>	6	24	66
583	chr1	192722361	192722342	-	17.23	36.0	>	6	24	66
584	chr13	6737153	6737134	+	17.23	24.25	>	6	24	66
585	chr10	116199232	116199213	+	17.23	24.89	>	6	24	66
586	chr18	6627309	6627290	+	17.06	30.4	>	6	24	66
587	chr7	117375969	117375950	-	17.03	13.42	>	6	24	66
588	chr11	7200225	7200206	+	17.03	39.34	>	6	24	66
589	chr3	152474817	152474798	+	16.98	9.51	>	6	24	66
590	chr12	4107565	4107546	+	16.97	22.11	>	6	24	66
591	chr18	78212287	78212268	-	16.83	18.31	>	6	24	66
592	chr2	17842170	17842151	-	16.81	6.844	>	6	24	66
593	chr5	112429191	112429172	-	16.78	14.19	>	6	24	66
594	chr9	54169687	54169668	+	16.73	16.64	>	6	24	66
595	chr9	78597063	78597044	+	16.73	17.98	>	6	24	66
596	chr2	125556029	125556010	+	16.69	19.19	>	6	24	66
597	chr4	86545837	86545818	-	16.69	26.34	>	6	24	66
598	chr11	34229190	34229171	+	16.55	19.56	>	6	24	66
599	chr13	60479163	60479144	+	16.52	1.697	>	6	24	66
600	chr11	57788119	57788100	+	16.36	29.88	>	6	24	66
601	chr5	117504639	117504620	+	16.36	53.34	>	6	24	66
602	chr1	128368923	128368904	+	16.28	14.01	>	6	24	66
603	chr14	51098507	51098488	-	16.28	41.22	>	6	24	66
604	chr10	14404268	14404249	+	16.23	20.66	>	6	24	66
605	chr18	65752297	65752278	-	16.1	16.11	>	6	24	66
606	chr3	59077498	59077479	+	16.1	40.72	>	6	24	66
607	chr1	119919473	119919454	+	16.06	20.62	>	6	24	66
608	chr1	86598699	86598680	+	16.03	48.72	>	6	24	66
609	chr1	80178208	80178189	-	16.0	17.12	>	6	24	66
610	chr15	64132164	64132145	+	15.96	15.336	>	6	24	66
611	chr2	4652218	4652199	-	15.91	22.83	>	6	24	66
612	chr9	40805489	40805470	-	15.86	35.53	>	6	24	66
613	chr13	30549079	30549060	-	15.805	25.34	>	6	24	66
614	chr3	82350530	82350511	-	15.805	7.78	>	6	24	66
615	chr7	81155234	81155215	-	15.805	19.0	>	6	24	66
616	chr4	107701325	107701306	-	15.8	18.55	>	6	24	66
617	chr11	76655250	76655231	+	15.8	25.19	>	6	24	66
618	chr7	122945377	122945358	+	15.72	20.64	>	6	24	66
619	chr16	32697312	32697293	+	15.695	24.02	>	6	24	66
620	chr13	114460825	114460806	-	15.65	8.25	>	6	24	66
621	chr19	59389409	59389390	+	15.65	31.4	>	6	24	66
622	chr7	45451495	45451476	+	15.64	35.4	>	6	24	66
623	chr15	85599066	85599047	+	15.625	30.86	>	6	24	66
624	chr10	9012998	9012979	+	15.6	21.77	>	6	24	66
625	chr13	24318872	24318853	-	15.58	11.58	>	6	24	66
626	chr3	123506917	123506898	-	15.53	17.17	>	6	24	66
627	chr13	101719731	101719712	-	15.48	25.34	>	6	24	66
628	chr12	12412898	12412879	-	15.43	30.47	>	6	24	66
629	chr10	127342496	127342477	-	15.4	29.73	>	6	24	66
630	chr7	28972871	28972852	+	15.39	21.2	>	6	24	66
631	chr5	130862481	130862462	+	15.33	29.22	>	6	24	66
632	chr13	53779354	53779335	+	15.31	23.8	>	6	24	66
633	chr11	51582940	51582921	-	15.305	26.1	>	6	24	66
634	chr3	34150257	34150238	+	15.3	17.19	>	6	24	66
635	chr9	30423156	30423137	-	15.29	30.31	>	6	24	66
636	chr1	55886585	55886566	+	15.29	16.73	>	6	24	66
637	chr8	121104251	121104232	+	15.28	31.56	>	6	24	66
638	chr2	31683894	31683875	+	15.27	30.73	>	6	24	66
639	chr9	121458682	121458663	+	15.27	42.72	>	6	24	66
640	chr13	111421545	111421526	+	15.22	27.25	>	6	24	66
641	chr18	56572965	56572946	+	15.22	32.7	>	6	24	66
642	chr18	42593315	42593296	+	15.2	8.75	>	6	24	66
643	chr8	118287683	118287664	+	15.2	7.145	>	6	24	66
644	chr14	47742843	47742824	+	15.18	9.65	>	6	24	66
645	chr1	184791312	184791293	-	15.164	27.39	>	6	24	66
646	chr6	106800166	106800147	-	15.1	18.75	>	6	24	66
647	chr11	12025880	12025861	+	15.06	18.02	>	6	24	66
648	chr5	129594341	129594322	-	15.03	29.4	>	6	24	66
649	chr13	16005724	16005705	+	15.016	13.71	>	6	24	66
650	chr14	65597230	65597211	+	15.016	14.01	>	6	24	66
651	chr5	99900280	99900261	-	14.95	10.75	>	6	24	66
652	chr8	11421350	11421331	-	14.945	26.12	>	6	24	66
653	chr19	4755748	4755729	+	14.93	24.55	>	6	24	66
654	chr10	110733540	110733521	-	14.914	16.5	>	6	24	66
655	chr5	67752088	67752069	+	14.89	18.31	>	6	24	66
656	chr9	77381774	77381755	-	14.85	26.45	>	6	24	66
657	chr18	81951830	81951811	-	14.76	34.06	>	6	24	66
658	chr1	86059644	86059625	+	14.734	30.22	>	6	24	66
659	chr1	52630636	52630617	-	14.734	9.89	>	6	24	66
660	chr2	174308107	174308088	+	14.69	14.67	>	6	24	66
661	chr11	99364649	99364630	-	14.6	16.03	>	6	24	66
662	chr13	109558424	109558405	+	14.49	16.98	>	6	24	66
663	chr12	58201405	58201386	-	14.48	6.883	>	6	24	66
664	chr7	137471937	137471918	+	14.445	28.83	>	6	24	66
665	chr17	26916803	26916784	+	14.414	25.05	>	6	24	66
666	chr5	87871626	87871607	-	14.414	20.39	>	6	24	66
667	chr2	125252443	125252424	+	14.414	25.9	>	6	24	66
668	chr1	9549185	9549166	+	14.414	19.5	>	6	24	66
669	chr11	11788608	11788589	-	14.38	31.97	>	6	24	66
670	chr7	43928727	43928708	+	14.36	11.45	>	6	24	66
671	chr10	60760656	60760637	-	14.31	36.9	>	6	24	66
672	chr6	17362958	17362939	+	14.31	3.076	>	6	24	66
673	chr1	136521528	136521509	-	14.305	21.69	>	6	24	66
674	chr2	153147934	153147915	+	14.28	18.94	>	6	24	66
675	chr8	61522313	61522294	+	14.266	28.28	>	6	24	66
676	chr18	56759303	56759284	+	14.266	12.61	>	6	24	66
677	chr14	115451146	115451127	-	14.234	4.215	>	6	24	66
678	chr1	176218428	176218409	+	14.195	14.99	>	6	24	66
679	chr15	97665520	97665501	-	14.18	30.02	>	6	24	66
680	chr13	20299620	20299601	+	14.18	33.25	>	6	24	66
681	chr9	59969601	59969582	-	14.14	17.69	>	6	24	66
682	chr16	57611975	57611956	+	14.055	18.66	>	6	24	66
683	chr12	15816144	15816125	+	13.984	8.52	>	6	24	66
684	chr15	82271381	82271362	-	13.95	28.55	>	6	24	66
685	chr7	74363644	74363625	-	13.95	40.8	>	6	24	66
686	chr3	73066293	73066274	+	13.95	16.86	>	6	24	66
687	chr1	118772515	118772496	-	13.945	30.34	>	6	24	66
688	chr4	110020493	110020474	-	13.94	26.28	>	6	24	66
689	chr3	34639420	34639401	-	13.94	14.87	>	6	24	66
690	chr2	131530224	131530205	-	13.92	25.86	>	6	24	66
691	chr4	20024128	20024109	+	13.91	12.516	>	6	24	66
692	chr8	74980870	74980851	-	13.81	30.2	>	6	24	66
693	chr18	75757719	75757700	+	13.734	18.78	>	6	24	66
694	chr7	89908147	89908128	-	13.72	13.79	>	6	24	66
695	chr4	150257406	150257387	+	13.72	23.58	>	6	24	66
696	chr2	55022781	55022762	-	13.664	7.77	>	6	24	66
697	chr18	64506771	64506752	-	13.63	18.4	>	6	24	66
698	chr14	123353156	123353137	-	13.61	11.6	>	6	24	66
699	chr4	139872794	139872775	+	13.59	35.75	>	6	24	66
700	chr13	51839869	51839850	+	13.586	21.19	>	6	24	66
701	chr5	146162789	146162770	+	13.516	23.42	>	6	24	66
702	chr9	83785201	83785182	+	13.49	14.66	>	6	24	66
703	chr3	59079480	59079461	+	13.44	28.77	>	6	24	66
704	chr10	11345312	11345293	-	13.375	5.086	>	6	24	66
705	chr11	46252188	46252169	-	13.34	28.12	>	6	24	66
706	chr4	85404971	85404952	+	13.32	14.11	>	6	24	66
707	chr4	130738774	130738755	+	13.31	16.47	>	6	24	66
708	chr5	86432914	86432895	+	13.305	16.02	>	6	24	66
709	chr3	22306829	22306810	+	13.266	18.6	>	6	24	66
710	chr2	91930225	91930206	-	13.25	19.55	>	6	24	66
711	chr6	108417714	108417695	+	13.234	10.66	>	6	24	66
712	chr12	17011790	17011771	-	13.16	20.73	>	6	24	66
713	chr5	87551137	87551118	-	13.15	21.52	>	6	24	66
714	chr4	106227683	106227664	-	13.14	14.38	>	6	24	66
715	chr4	139877472	139877453	+	13.1	27.4	>	6	24	66
716	chr1	88742593	88742574	-	13.086	17.75	>	6	24	66
717	chr3	52254088	52254069	+	13.02	34.16	>	6	24	66
718	chr9	73159469	73159450	+	12.99	27.5	>	6	24	66
719	chr7	29297253	29297234	-	12.984	28.8	>	6	24	66
720	chr13	116312336	116312317	-	12.93	10.21	>	6	24	66
721	chr2	157117146	157117127	-	12.91	21.92	>	6	24	66
722	chr9	60243712	60243693	+	12.89	13.59	>	6	24	66
723	chr1	179845066	179845047	-	12.88	17.89	>	6	24	66
724	chr11	103332754	103332735	+	12.875	24.97	>	6	24	66
725	chr1	53032774	53032755	-	12.87	13.05	>	6	24	66
726	chr8	45345197	45345178	+	12.81	16.72	>	6	24	66
727	chr12	113216133	113216114	+	12.74	53.7	>	6	24	66
728	chr15	36152194	36152175	-	12.72	16.9	>	6	24	66
729	chr1	72876274	72876255	+	12.69	17.11	>	6	24	66
730	chr9	14774009	14773990	+	12.664	9.0	>	6	24	66
731	chr12	74317197	74317178	-	12.664	11.76	>	6	24	66
732	chr7	107819649	107819630	-	12.64	16.3	>	6	24	66
733	chr13	55327907	55327888	+	12.64	17.61	>	6	24	66
734	chr3	54796015	54795996	+	12.63	22.77	>	6	24	66
735	chr6	60963937	60963918	+	12.61	7.094	>	6	24	66
736	chr8	21981891	21981872	-	12.61	17.33	>	6	24	66
737	chr10	38269349	38269330	-	12.52	19.28	>	6	24	66
738	chr6	51170619	51170600	-	12.5	20.02	>	6	24	66
739	chr2	148110356	148110337	-	12.43	16.03	>	6	24	66
740	chr1	88301823	88301804	-	12.42	19.61	>	6	24	66
741	chr6	115037959	115037940	-	12.33	15.375	>	6	24	66
742	chr16	11980974	11980955	+	12.33	3.668	>	6	24	66
743	chr15	44832771	44832752	-	12.31	24.2	>	6	24	66
744	chr19	26193888	26193869	-	12.29	7.65	>	6	24	66
745	chr17	8988263	8988244	-	12.29	10.71	>	6	24	66
746	chr14	66358860	66358841	+	12.28	18.22	>	6	24	66
747	chr12	40832432	40832413	-	12.26	13.56	>	6	24	66
748	chr2	53206958	53206939	-	12.18	12.55	>	6	24	66
749	chr16	42914617	42914598	+	12.16	7.133	>	6	24	66
750	chr11	111523686	111523667	-	12.14	23.53	>	6	24	66
751	chr6	121556678	121556659	+	12.11	18.8	>	6	24	66
752	chr7	43926199	43926180	-	12.1	21.69	>	6	24	66
753	chr3	3311028	3311009	+	12.09	10.74	>	6	24	66
754	chr12	17018680	17018661	+	12.04	21.19	>	6	24	66
755	chr18	33794794	33794775	+	11.97	24.89	>	6	24	66
756	chr15	73791915	73791896	+	11.96	24.61	>	6	24	66
757	chr12	82489256	82489237	+	11.945	11.805	>	6	24	66
758	chr19	37559803	37559784	+	11.91	21.4	>	6	24	66
759	chr12	36195155	36195136	-	11.91	7.07	>	6	24	66
760	chr3	30515246	30515227	-	11.875	11.664	>	6	24	66
761	chr19	27426681	27426662	-	11.81	11.945	>	6	24	66
762	chr2	75590427	75590408	-	11.75	21.66	>	6	24	66
763	chr2	17849498	17849479	+	11.75	6.633	>	6	24	66
764	chr9	83371155	83371136	-	11.75	6.18	>	6	24	66
765	chr9	30936846	30936827	-	11.734	17.67	>	6	24	66
766	chr15	94690037	94690018	+	11.73	23.03	>	6	24	66
767	chr2	147379133	147379114	+	11.69	9.875	>	6	24	66
768	chr4	121232314	121232295	-	11.664	7.945	>	6	24	66
769	chr18	56333219	56333200	-	11.64	4.934	>	6	24	66
770	chr16	25952209	25952190	-	11.64	6.688	>	6	24	66
771	chr13	94976326	94976307	+	11.63	16.62	>	6	24	66
772	chr2	30942898	30942879	-	11.57	22.28	>	6	24	66
773	chr6	104479441	104479422	+	11.55	10.57	>	6	24	66
774	chr5	113080039	113080020	-	11.52	26.94	>	6	24	66
775	chr16	30550607	30550588	-	11.52	17.62	>	6	24	66
776	chr1	160194976	160194957	+	11.51	18.28	>	6	24	66
777	chr11	56116782	56116763	-	11.48	30.47	>	6	24	66
778	chr6	112484521	112484502	-	11.48	12.14	>	6	24	66
779	chr14	21853546	21853527	-	11.445	30.66	>	6	24	66
780	chr9	58534993	58534974	+	11.414	20.97	>	6	24	66
781	chr17	73302318	73302299	+	11.414	39.62	>	6	24	66
782	chr1	85842459	85842440	-	11.41	14.02	>	6	24	66
783	chr17	16926410	16926391	-	11.35	2.584	>	6	24	66
784	chr12	29894861	29894842	+	11.31	16.72	>	6	24	66
785	chr2	127832989	127832970	+	11.22	7.293	>	6	24	66
786	chr16	20724653	20724634	+	11.18	15.11	>	6	24	66
787	chr1	180811112	180811093	-	11.164	28.33	>	6	24	66
788	chr13	109210611	109210592	-	11.16	17.5	>	6	24	66
789	chr18	5990207	5990188	-	11.14	3.14	>	6	24	66
790	chr18	12102268	12102249	-	11.125	23.38	>	6	24	66
791	chr19	59380193	59380174	+	11.08	23.9	>	6	24	66
792	chr2	101665476	101665457	+	11.055	26.06	>	6	24	66
793	chr12	108541242	108541223	-	11.02	27.9	>	6	24	66
794	chr2	32583648	32583629	+	11.016	30.19	>	6	24	66
795	chr1	181881807	181881788	-	10.98	11.91	>	6	24	66
796	chr5	117506576	117506557	+	10.94	40.06	>	6	24	66
797	chr1	38789153	38789134	+	10.89	22.95	>	6	24	66
798	chr10	102445139	102445120	-	10.875	19.4	>	6	24	66
799	chr12	81788941	81788922	+	10.87	12.51	>	6	24	66
800	chr9	78233462	78233443	-	10.86	15.93	>	6	24	66
801	chr10	96618527	96618508	+	10.86	3.014	>	6	24	66
802	chr8	84639419	84639400	-	10.85	34.7	>	6	24	66
803	chr17	8468905	8468886	+	10.85	20.27	>	6	24	66
804	chr2	67535551	67535532	+	10.83	7.83	>	6	24	66
805	chr18	52947340	52947321	+	10.82	10.15	>	6	24	66
806	chr13	72625410	72625391	-	10.78	6.715	>	6	24	66
807	chr11	31942449	31942430	+	10.69	22.72	>	6	24	66
808	chr1	6190743	6190724	-	10.63	7.344	>	6	24	66
809	chr7	74367549	74367530	+	10.6	15.16	>	6	24	66
810	chr4	22482970	22482951	+	10.58	4.45	>	6	24	66
811	chr13	20298018	20297999	+	10.56	24.86	>	6	24	66
812	chr16	75325511	75325492	-	10.484	5.44	>	6	24	66
813	chr6	54586377	54586358	+	10.44	8.14	>	6	24	66
814	chr14	59604211	59604192	-	10.375	15.664	>	6	24	66
815	chr2	107946040	107946021	-	10.31	11.08	>	6	24	66
816	chr1	62701219	62701200	-	10.3	12.74	>	6	24	66
817	chr7	75914120	75914101	+	10.266	24.1	>	6	24	66
818	chr5	98167679	98167660	+	10.26	12.875	>	6	24	66
819	chr9	99671799	99671780	+	10.23	22.52	>	6	24	66
820	chr1	179847901	179847882	+	10.16	11.88	>	6	24	66
821	chr15	80080817	80080798	-	10.15	32.28	>	6	24	66
822	chr6	137747756	137747737	-	10.09	27.12	>	6	24	66
823	chr6	77249625	77249606	-	10.09	6.945	>	6	24	66
824	chr5	149049190	149049171	-	10.08	15.81	>	6	24	66
825	chr18	32814407	32814388	-	10.07	2.566	>	6	24	66
826	chr11	46258405	46258386	-	10.06	20.3	>	6	24	66
827	chr11	81974830	81974811	-	10.01	5.44	>	6	24	66
828	chr19	48414047	48414028	+	9.99	12.77	>	6	24	66
829	chr11	34836484	34836465	+	9.86	20.75	>	6	24	66
830	chr17	24437345	24437326	-	9.81	19.33	>	6	24	66
831	chr6	59208753	59208734	-	9.734	12.92	>	6	24	66
832	chr13	37325694	37325675	-	9.734	20.84	>	6	24	66
833	chr11	43412967	43412948	-	9.72	22.2	>	6	24	66
834	chr13	49651342	49651323	-	9.71	2.496	>	6	24	66
835	chr7	143151380	143151361	+	9.69	18.05	>	6	24	66
836	chr16	4285478	4285459	-	9.67	7.94	>	6	24	66
837	chr11	29715017	29714998	-	9.664	9.12	>	6	24	66
838	chr3	134654263	134654244	+	9.62	3.898	>	6	24	66
839	chr8	28978824	28978805	-	9.57	7.504	>	6	24	66
840	chr13	54062269	54062250	-	9.55	10.02	>	6	24	66
841	chr9	32585514	32585495	+	9.516	12.72	>	6	24	66
842	chr7	73648212	73648193	-	9.484	13.375	>	6	24	66
843	chr19	27425889	27425870	-	9.44	11.26	>	6	24	66
844	chr13	100854377	100854358	-	9.42	17.78	>	6	24	66
845	chr5	140749784	140749765	-	9.414	22.17	>	6	24	66
846	chr4	127027444	127027425	+	9.4	22.48	>	6	24	66
847	chr11	109221866	109221847	-	9.3	9.67	>	6	24	66
848	chr16	16596794	16596775	+	9.28	5.977	>	6	24	66
849	chr2	128605294	128605275	-	9.25	9.07	>	6	24	66
850	chr2	61492265	61492246	+	9.25	6.99	>	6	24	66
851	chr10	74217479	74217460	+	9.22	7.7	>	6	24	66
852	chr9	68016722	68016703	+	9.2	8.305	>	6	24	66
853	chr6	144248136	144248117	+	9.19	7.742	>	6	24	66
854	chr13	51191948	51191929	+	9.17	5.492	>	6	24	66
855	chr2	103424848	103424829	-	9.164	12.29	>	6	24	66
856	chr7	64751734	64751715	-	9.13	16.66	>	6	24	66
857	chr7	27160004	27159985	+	9.125	14.17	>	6	24	66
858	chr13	95986545	95986526	+	9.08	13.76	>	6	24	66
859	chr5	135118653	135118634	+	9.08	29.22	>	6	24	66
860	chr10	49786914	49786895	-	9.07	0.785	>	6	24	66
861	chr1	51639072	51639053	+	9.02	3.22	>	6	24	66
862	chr14	105307894	105307875	+	8.95	2.453	>	6	24	66
863	chr19	40231990	40231971	-	8.95	19.89	>	6	24	66
864	chr10	69656526	69656507	+	8.95	12.99	>	6	24	66
865	chr7	142714879	142714860	-	8.945	27.2	>	6	24	66
866	chr6	129256260	129256241	-	8.93	14.53	>	6	24	66
867	chr5	138199783	138199764	+	8.9	8.414	>	6	24	66
868	chr8	36193738	36193719	+	8.89	10.43	>	6	24	66
869	chr11	49597354	49597335	+	8.87	6.92	>	6	24	66
870	chr1	139405977	139405958	-	8.86	4.043	>	6	24	66
871	chr3	124289118	124289099	-	8.84	12.69	>	6	24	66
872	chr9	13196005	13195986	-	8.83	30.6	>	6	24	66
873	chr14	115819240	115819221	+	8.83	10.71	>	6	24	66
874	chr5	146914595	146914576	+	8.82	39.7	>	6	24	66
875	chr4	119223866	119223847	-	8.766	16.34	>	6	24	66
876	chr15	85879204	85879185	-	8.76	17.27	>	6	24	66
877	chr4	124682485	124682466	+	8.7	17.45	>	6	24	66
878	chr17	34956526	34956507	+	8.695	22.17	>	6	24	66
879	chr12	39494054	39494035	-	8.65	2.455	>	6	24	66
880	chr9	34485824	34485805	-	8.625	10.6	>	6	24	66
881	chr2	180786948	180786929	+	8.57	17.27	>	6	24	66
882	chr4	62230989	62230970	+	8.57	12.25	>	6	24	66
883	chr2	16357480	16357461	+	8.55	2.205	>	6	24	66
884	chr17	9759516	9759497	+	8.54	11.53	>	6	24	66
885	chr10	13018670	13018651	+	8.54	19.64	>	6	24	66
886	chr4	32570820	32570801	-	8.52	6.645	>	6	24	66
887	chr9	86451919	86451900	-	8.49	16.77	>	6	24	66
888	chr7	139590495	139590476	+	8.49	20.39	>	6	24	66
889	chr16	31944169	31944150	+	8.445	14.11	>	6	24	66
890	chr3	104701211	104701192	-	8.44	24.84	>	6	24	66
891	chr2	160955546	160955527	-	8.414	14.05	>	6	24	66
892	chr18	32811889	32811870	+	8.4	4.918	>	6	24	66
893	chr14	115042240	115042221	-	8.4	14.734	>	6	24	66
894	chr2	28464119	28464100	-	8.33	19.16	>	6	24	66
895	chr2	76369931	76369912	+	8.28	9.1	>	6	24	66
896	chr3	107605512	107605493	+	8.28	12.57	>	6	24	66
897	chr14	121220891	121220872	-	8.23	10.8	>	6	24	66
898	chr1	103796539	103796520	+	8.22	10.74	>	6	24	66
899	chr16	23151589	23151570	+	8.21	3.11	>	6	24	66
900	chr5	33371346	33371327	-	8.19	15.74	>	6	24	66
901	chr13	103121088	103121069	-	8.18	6.016	>	6	24	66
902	chr10	60760529	60760510	+	8.14	24.72	>	6	24	66
903	chr1	169921787	169921768	+	8.12	12.62	>	6	24	66
904	chr13	42826816	42826797	-	8.11	17.0	>	6	24	66
905	chr6	72601930	72601911	+	8.11	24.06	>	6	24	66
906	chr7	81345319	81345300	-	7.99	7.87	>	6	24	66
907	chr11	33934471	33934452	+	7.98	18.27	>	6	24	66
908	chr18	77044808	77044789	-	7.97	11.42	>	6	24	66
909	chr7	67217278	67217259	+	7.926	7.28	>	6	24	66
910	chr2	164074027	164074008	+	7.906	10.22	>	6	24	66
911	chr3	45373410	45373391	+	7.855	1.438	>	6	24	66
912	chr1	152768355	152768336	-	7.84	9.35	>	6	24	66
913	chr11	102267665	102267646	-	7.81	17.44	>	6	24	66
914	chr11	43411664	43411645	-	7.81	21.72	>	6	24	66
915	chr2	129880054	129880035	+	7.805	6.484	>	6	24	66
916	chr11	81972241	81972222	+	7.797	9.07	>	6	24	66
917	chr9	65581143	65581124	-	7.793	11.17	>	6	24	66
918	chr4	106228720	106228701	+	7.727	13.9	>	6	24	66
919	chr6	119467876	119467857	+	7.703	18.1	>	6	24	66
920	chr10	122794511	122794492	+	7.695	15.734	>	6	24	66
921	chr14	34813484	34813465	-	7.69	11.805	>	6	24	66
922	chr15	19280629	19280610	+	7.68	3.066	>	6	24	66
923	chr13	38235597	38235578	-	7.676	11.836	>	6	24	66
924	chr13	21710105	21710086	+	7.67	14.95	>	6	24	66
925	chr11	104231353	104231334	-	7.67	18.38	>	6	24	66
926	chr6	86401304	86401285	-	7.64	23.28	>	6	24	66
927	chr4	24245320	24245301	-	7.633	3.027	>	6	24	66
928	chr9	29655082	29655063	+	7.613	20.11	>	6	24	66
929	chr9	58535957	58535938	-	7.605	16.9	>	6	24	66
930	chr5	112427478	112427459	-	7.598	9.93	>	6	24	66
931	chr4	140539353	140539334	-	7.58	22.9	>	6	24	66
932	chr14	105302910	105302891	+	7.57	4.605	>	6	24	66
933	chr7	19713404	19713385	-	7.543	26.19	>	6	24	66
934	chr1	127487367	127487348	-	7.52	14.33	>	6	24	66
935	chr19	56806125	56806106	-	7.504	5.934	>	6	24	66
936	chr19	47175662	47175643	-	7.46	21.67	>	6	24	66
937	chr2	150795624	150795605	-	7.44	6.633	>	6	24	66
938	chr2	137114826	137114807	+	7.438	4.08	>	6	24	66
939	chr10	119244230	119244211	+	7.434	4.305	>	6	24	66
940	chr5	117094622	117094603	+	7.42	22.22	>	6	24	66
941	chr11	67100384	67100365	-	7.42	22.83	>	6	24	66
942	chr5	30686988	30686969	+	7.41	18.64	>	6	24	66
943	chr8	105291139	105291120	-	7.41	11.78	>	6	24	66
944	chr7	143470174	143470155	-	7.39	17.94	>	6	24	66
945	chr15	8099290	8099271	-	7.35	8.336	>	6	24	66
946	chr7	119015949	119015930	+	7.34	17.75	>	6	24	66
947	chr17	56306039	56306020	-	7.305	16.48	>	6	24	66
948	chr1	134636895	134636876	+	7.3	5.97	>	6	24	66
949	chr17	65541217	65541198	+	7.258	9.125	>	6	24	66
950	chr14	49218880	49218861	+	7.25	8.47	>	6	24	66
951	chr1	25527154	25527135	+	7.2	7.453	>	6	24	66
952	chr1	146515575	146515556	+	7.18	3.11	>	6	24	66
953	chr9	44109578	44109559	+	7.176	33.9	>	6	24	66
954	chr11	108889358	108889339	+	7.15	8.016	>	6	24	66
955	chr7	138398615	138398596	+	7.117	4.707	>	6	24	66
956	chr5	32204842	32204823	+	7.11	6.15	>	6	24	66
957	chr8	14859581	14859562	+	7.1	5.27	>	6	24	66
958	chr11	95676507	95676488	-	7.09	14.555	>	6	24	66
959	chr6	85141186	85141167	+	7.08	33.56	>	6	24	66
960	chr14	20340404	20340385	-	7.04	15.81	>	6	24	66
961	chr1	193130339	193130320	-	7.023	5.71	>	6	24	66
962	chr9	98032882	98032863	+	6.992	4.73	>	6	24	66
963	chr7	143793289	143793270	+	6.98	21.42	>	6	24	66
964	chr12	32292312	32292293	-	6.895	8.26	>	6	24	66
965	chr17	45724453	45724434	-	6.89	12.125	>	6	24	66
966	chr14	102512314	102512295	+	6.89	1.602	>	6	24	66
967	chr8	11943038	11943019	+	6.88	5.47	>	6	24	66
968	chr7	83553561	83553542	+	6.867	8.27	>	6	24	66
969	chr9	64960779	64960760	-	6.85	16.31	>	6	24	66
970	chr9	30426996	30426977	+	6.832	15.31	>	6	24	66
971	chr11	119249183	119249164	+	6.785	23.48	>	6	24	66
972	chr8	90795542	90795523	+	6.77	10.67	>	6	24	66
973	chr2	113498926	113498907	-	6.766	9.86	>	6	24	66
974	chr13	62926662	62926643	+	6.75	4.73	>	6	24	66
975	chr1	127485025	127485006	+	6.715	16.44	>	6	24	66
976	chr17	78592615	78592596	+	6.715	8.945	>	6	24	66
977	chr2	118246134	118246115	-	6.668	13.72	>	6	24	66
978	chr2	92474875	92474856	-	6.652	13.95	>	6	24	66
979	chr7	17061423	17061404	+	6.645	15.1	>	6	24	66
980	chr10	122090678	122090659	+	6.63	8.38	>	6	24	66
981	chr13	64448147	64448128	+	6.594	17.92	>	6	24	66
982	chr2	34642611	34642592	-	6.562	14.51	>	6	24	66
983	chr5	117509743	117509724	+	6.54	26.92	>	6	24	66
984	chr7	131371109	131371090	+	6.516	4.71	>	6	24	66
985	chr6	94054143	94054124	-	6.5	13.34	>	6	24	66
986	chr14	20697228	20697209	+	6.465	17.88	>	6	24	66
987	chr10	122798121	122798102	+	6.46	15.23	>	6	24	66
988	chr13	14196604	14196585	+	6.45	1.613	>	6	24	66
989	chr3	118991976	118991957	+	6.438	8.26	>	6	24	66
990	chr9	107231295	107231276	-	6.434	7.414	>	6	24	66
991	chr15	24557016	24556997	-	6.418	3.371	>	6	24	66
992	chr2	178407758	178407739	+	6.414	11.43	>	6	24	66
993	chr9	90683476	90683457	-	6.38	1.322	>	6	24	66
994	chr6	22968335	22968316	-	6.34	6.418	>	6	24	66
995	chr12	67217811	67217792	+	6.336	1.95	>	6	24	66
996	chr10	82910438	82910419	+	6.277	10.99	>	6	24	66
997	chr7	49125716	49125697	+	6.258	16.88	>	6	24	66
998	chr11	119491305	119491286	-	6.215	10.81	>	6	24	66
999	chr11	32341308	32341289	-	6.21	14.555	>	6	24	66
1000	chr19	8713406	8713387	+	6.19	10.44	>	6	24	66
1001	chr4	48048044	48048025	+	6.152	6.21	>	6	24	66
1002	chr11	52764825	52764806	+	6.15	7.75	>	6	24	66
1003	chr13	20564636	20564617	-	6.145	4.82	>	6	24	66
1004	chr10	39105011	39104992	-	6.14	7.152	>	6	24	66
1005	chr11	98909856	98909837	-	6.117	18.95	>	6	24	66
1006	chr1	151025102	151025083	+	6.117	4.496	>	6	24	66
1007	chr5	98167777	98167758	-	6.113	9.555	>	6	24	66
1008	chr8	88118562	88118543	+	6.062	3.66	>	6	24	66
1009	chr16	92511934	92511915	+	6.035	16.34	>	6	24	66
1010	chr15	25792295	25792276	-	6.008	6.87	>	6	24	66
1011	chr13	92751194	92751175	+	5.938	12.68	>	6	24	66
1012	chr5	101688793	101688774	-	5.934	12.51	>	6	24	66
1013	chr7	112023252	112023233	+	5.93	8.26	>	6	24	66
1014	chr14	21854038	21854019	-	5.914	27.36	>	6	24	66
1015	chr8	32003733	32003714	-	5.9	2.012	>	6	24	66
1016	chr13	53095394	53095375	-	5.867	6.086	>	6	24	66
1017	chr1	182554179	182554160	+	5.836	10.15	>	6	24	66
1018	chr6	18381568	18381549	+	5.832	1.955	>	6	24	66
1019	chr9	77389590	77389571	+	5.832	5.68	>	6	24	66
1020	chr16	5254481	5254462	-	5.812	12.77	>	6	24	66
1021	chr2	93199625	93199606	+	5.797	14.08	>	6	24	66
1022	chr9	81631651	81631632	-	5.793	3.863	>	6	24	66
1023	chr2	152887412	152887393	-	5.78	4.652	>	6	24	66
1024	chr4	153481137	153481118	-	5.766	3.3	>	6	24	66
1025	chr8	72239706	72239687	-	5.754	5.32	>	6	24	66
1026	chr18	65750236	65750217	-	5.703	2.543	>	6	24	66
1027	chr6	61311882	61311863	-	5.68	7.43	>	6	24	66
1028	chr18	46143625	46143606	+	5.676	6.477	>	6	24	66
1029	chr6	120836118	120836099	+	5.64	7.797	>	6	24	66
1030	chr6	100563990	100563971	-	5.625	4.164	>	6	24	66
1031	chr3	13475098	13475079	-	5.61	1.948	>	6	24	66
1032	chr2	132262968	132262949	+	5.6	7.164	>	6	24	66
1033	chr11	103334169	103334150	+	5.594	12.02	>	6	24	66
1034	chr6	54255029	54255010	+	5.586	4.35	>	6	24	66
1035	chr13	101711018	101710999	+	5.543	9.15	>	6	24	66
1036	chr5	39644761	39644742	-	5.54	3.531	>	6	24	66
1037	chr8	90795201	90795182	-	5.516	4.996	>	6	24	66
1038	chr18	23162646	23162627	+	5.51	1.562	>	6	24	66
1039	chr16	78165563	78165544	+	5.477	7.39	>	6	24	66
1040	chr2	96584106	96584087	-	5.44	3.29	>	6	24	66
1041	chr12	72070473	72070454	+	5.426	11.336	>	6	24	66
1042	chr12	24708691	24708672	+	5.414	9.914	>	6	24	66
1043	chr8	92367135	92367116	-	5.406	6.984	>	6	24	66
1044	chr17	83866777	83866758	+	5.4	23.0	>	6	24	66
1045	chr13	55322636	55322617	-	5.4	7.0	>	6	24	66
1046	chr6	88893771	88893752	-	5.395	16.78	>	6	24	66
1047	chr19	8718731	8718712	-	5.383	8.6	>	6	24	66
1048	chr12	59220179	59220160	-	5.38	2.5	>	6	24	66
1049	chr14	60784526	60784507	+	5.367	16.06	>	6	24	66
1050	chr3	153658591	153658572	+	5.33	6.258	>	6	24	66
1051	chr9	77386949	77386930	-	5.312	12.24	>	6	24	66
1052	chr10	83219903	83219884	+	5.312	6.188	>	6	24	66
1053	chr6	15176967	15176948	-	5.31	2.947	>	6	24	66
1054	chr2	152604207	152604188	-	5.27	19.44	>	6	24	66
1055	chr2	39003369	39003350	-	5.26	1.671	>	6	24	66
1056	chr16	31425707	31425688	-	5.254	13.484	>	6	24	66
1057	chr5	137503018	137502999	-	5.227	3.691	>	6	24	66
1058	chr18	13973086	13973067	-	5.207	0.71	>	6	24	66
1059	chr17	68849016	68848997	-	5.2	1.891	>	6	24	66
1060	chr2	128408931	128408912	-	5.19	8.72	>	6	24	66
1061	chr14	97559790	97559771	-	5.16	2.041	>	6	24	66
1062	chr8	67903864	67903845	-	5.13	6.113	>	6	24	66
1063	chr14	56888181	56888162	-	5.125	3.316	>	6	24	66
1064	chr4	132198465	132198446	+	5.125	11.19	>	6	24	66
1065	chr2	39005861	39005842	-	5.12	3.883	>	6	24	66
1066	chr7	137471679	137471660	-	5.1	19.97	>	6	24	66
1067	chr6	64949075	64949056	+	5.09	5.168	>	6	24	66
1068	chr18	16821148	16821129	+	5.043	1.935	>	6	24	66
1069	chr2	93813566	93813547	+	5.04	13.086	>	6	24	66
1070	chr6	126481478	126481459	-	5.023	10.89	>	6	24	66
1071	chr1	181881093	181881074	-	4.984	10.19	>	6	24	66
1072	chr6	108065822	108065803	-	4.977	6.67	>	6	24	66
1073	chr4	88550373	88550354	+	4.938	4.04	>	6	24	66
1074	chr5	137502167	137502148	+	4.867	8.81	>	6	24	66
1075	chr8	77618148	77618129	-	4.86	4.188	>	6	24	66
1076	chr7	120098024	120098005	+	4.855	7.22	>	6	24	66
1077	chr2	75152706	75152687	-	4.824	10.55	>	6	24	66
1078	chr11	87950193	87950174	+	4.78	11.09	>	6	24	66
1079	chr11	94598936	94598917	-	4.746	10.49	>	6	24	66
1080	chr1	10229119	10229100	+	4.746	0.972	>	6	24	66
1081	chr7	143476888	143476869	+	4.746	8.89	>	6	24	66
1082	chr9	102607693	102607674	-	4.715	3.604	>	6	24	66
1083	chr8	32009749	32009730	+	4.71	6.785	>	6	24	66
1084	chr3	99262117	99262098	-	4.707	1.889	>	6	24	66
1085	chr18	75607987	75607968	+	4.664	23.11	>	6	24	66
1086	chr7	75380211	75380192	-	4.64	2.41	>	6	24	66
1087	chr3	135863108	135863089	+	4.64	3.164	>	6	24	66
1088	chr4	87369015	87368996	-	4.625	9.125	>	6	24	66
1089	chr8	84639535	84639516	+	4.605	13.88	>	6	24	66
1090	chr15	74524301	74524282	+	4.586	13.7	>	6	24	66
1091	chr17	57007316	57007297	-	4.582	9.42	>	6	24	66
1092	chr11	30893985	30893966	+	4.547	0.9004	>	6	24	66
1093	chr19	57360190	57360171	-	4.543	2.654	>	6	24	66
1094	chr8	110102657	110102638	-	4.53	9.24	>	6	24	66
1095	chr7	135389259	135389240	-	4.53	9.336	>	6	24	66
1096	chr4	152527530	152527511	+	4.516	13.99	>	6	24	66
1097	chr13	103710441	103710422	+	4.5	4.57	>	6	24	66
1098	chr10	120896053	120896034	+	4.5	2.322	>	6	24	66
1099	chr18	5155632	5155613	-	4.484	6.39	>	6	24	66
1100	chr12	80141693	80141674	-	4.45	17.05	>	6	24	66
1101	chr5	118763566	118763547	-	4.418	12.81	>	6	24	66
1102	chr12	14150175	14150156	+	4.406	3.688	>	6	24	66
1103	chr10	128990300	128990281	-	4.4	8.03	>	6	24	66
1104	chr10	30834038	30834019	-	4.37	4.473	>	6	24	66
1105	chr6	50618483	50618464	+	4.367	12.766	>	6	24	66
1106	chr15	9748972	9748953	-	4.36	3.496	>	6	24	66
1107	chr16	92308164	92308145	-	4.355	11.22	>	6	24	66
1108	chr2	9881964	9881945	-	4.355	2.918	>	6	24	66
1109	chr8	123106089	123106070	+	4.336	8.18	>	6	24	66
1110	chr5	98346264	98346245	+	4.324	2.342	>	6	24	66
1111	chr10	40249841	40249822	-	4.316	12.23	>	6	24	66
1112	chr3	141457685	141457666	+	4.312	4.707	>	6	24	66
1113	chr9	40192620	40192601	-	4.3	2.145	>	6	24	66
1114	chr9	72448248	72448229	+	4.29	7.78	>	6	24	66
1115	chr13	24316809	24316790	-	4.273	3.682	>	6	24	66
1116	chr1	50927249	50927230	+	4.258	4.5	>	6	24	66
1117	chr11	102690417	102690398	-	4.223	12.195	>	6	24	66
1118	chr4	116627141	116627122	+	4.207	6.52	>	6	24	66
1119	chr15	76198817	76198798	+	4.164	10.72	>	6	24	66
1120	chr15	12113620	12113601	-	4.156	3.312	>	6	24	66
1121	chr1	115675059	115675040	+	4.152	5.223	>	6	24	66
1122	chr2	34644807	34644788	-	4.15	8.266	>	6	24	66
1123	chr2	166084974	166084955	-	4.133	18.12	>	6	24	66
1124	chr11	21571906	21571887	-	4.13	2.105	>	6	24	66
1125	chr15	9449709	9449690	-	4.062	0.543	>	6	24	66
1126	chr5	92664520	92664501	-	4.055	3.326	>	6	24	66
1127	chr12	77001216	77001197	+	4.043	1.105	>	6	24	66
1128	chr6	93757507	93757488	-	4.01	5.273	>	6	24	66
1129	chr19	56302794	56302775	+	4.01	3.797	>	6	24	66
1130	chr13	71954038	71954019	-	4.008	1.19	>	6	24	66
1131	chr4	17852015	17851996	-	4.0	0.8535	>	6	24	66
1132	chr18	39136126	39136107	+	3.992	1.932	>	6	24	66
1133	chr1	153489234	153489215	-	3.99	7.715	>	6	24	66
1134	chr9	66136172	66136153	-	3.988	5.383	>	6	24	66
1135	chr11	109621431	109621412	-	3.979	11.484	>	6	24	66
1136	chr13	91723318	91723299	+	3.959	5.49	>	6	24	66
1137	chr13	3642291	3642272	-	3.959	4.75	>	6	24	66
1138	chr13	47304770	47304751	+	3.957	6.746	>	6	24	66
1139	chr2	121144456	121144437	+	3.953	4.504	>	6	24	66
1140	chr13	93772223	93772204	-	3.928	3.56	>	6	24	66
1141	chr10	70967079	70967060	+	3.916	4.88	>	6	24	66
1142	chr13	59417085	59417066	-	3.91	5.0	>	6	24	66
1143	chr7	102484972	102484953	-	3.883	7.0	>	6	24	66
1144	chr5	38235667	38235648	-	3.879	10.78	>	6	24	66
1145	chr14	56885401	56885382	+	3.87	2.412	>	6	24	66
1146	chr11	75170669	75170650	-	3.861	7.984	>	6	24	66
1147	chr11	77980417	77980398	+	3.846	9.5	>	6	24	66
1148	chr9	94738712	94738693	+	3.828	14.92	>	6	24	66
1149	chr6	140466500	140466481	-	3.816	3.785	>	6	24	66
1150	chr19	57361025	57361006	-	3.814	6.484	>	6	24	66
1151	chr12	58972459	58972440	+	3.777	2.135	>	6	24	66
1152	chr2	61490636	61490617	+	3.775	5.23	>	6	24	66
1153	chr4	44310651	44310632	+	3.762	4.973	>	6	24	66
1154	chr11	52766147	52766128	+	3.734	1.83	>	6	24	66
1155	chr13	72627587	72627568	-	3.717	4.066	>	6	24	66
1156	chr9	23012459	23012440	-	3.71	1.704	>	6	24	66
1157	chr16	31427924	31427905	-	3.705	3.383	>	6	24	66
1158	chr12	29895773	29895754	+	3.691	1.481	>	6	24	66
1159	chr9	73154557	73154538	+	3.666	9.1	>	6	24	66
1160	chr1	127484437	127484418	-	3.66	8.8	>	6	24	66
1161	chr9	107566236	107566217	+	3.656	7.098	>	6	24	66
1162	chr2	68118338	68118319	+	3.652	4.36	>	6	24	66
1163	chr11	11140836	11140817	-	3.629	13.69	>	6	24	66
1164	chr12	74014936	74014917	-	3.627	5.97	>	6	24	66
1165	chr7	138396301	138396282	-	3.621	0.934	>	6	24	66
1166	chr14	103534605	103534586	+	3.617	5.312	>	6	24	66
1167	chr10	115164112	115164093	-	3.613	3.031	>	6	24	66
1168	chr7	119019764	119019745	+	3.598	7.113	>	6	24	66
1169	chr13	96389525	96389506	-	3.588	1.339	>	6	24	66
1170	chr14	74723724	74723705	-	3.586	5.766	>	6	24	66
1171	chr14	55114114	55114095	-	3.57	7.387	>	6	24	66
1172	chr9	62784468	62784449	+	3.562	12.84	>	6	24	66
1173	chr10	127678167	127678148	-	3.541	2.129	>	6	24	66
1174	chr17	55948218	55948199	-	3.535	4.3	>	6	24	66
1175	chr11	78183263	78183244	-	3.525	12.305	>	6	24	66
1176	chr6	59207403	59207384	-	3.508	1.477	>	6	24	66
1177	chr6	135416919	135416900	+	3.498	4.027	>	6	24	66
1178	chr5	122104403	122104384	+	3.492	11.98	>	6	24	66
1179	chr13	37971068	37971049	-	3.482	3.088	>	6	24	66
1180	chr5	114612410	114612391	+	3.48	13.6	>	6	24	66
1181	chr10	114442226	114442207	+	3.46	2.104	>	6	24	66
1182	chr2	145655527	145655508	-	3.44	2.05	>	6	24	66
1183	chr7	109507351	109507332	-	3.418	1.832	>	6	24	66
1184	chr16	10009965	10009946	+	3.402	4.965	>	6	24	66
1185	chr14	67969032	67969013	-	3.385	5.523	>	6	24	66
1186	chr5	140744055	140744036	-	3.348	10.35	>	6	24	66
1187	chr1	56984334	56984315	+	3.338	2.584	>	6	24	66
1188	chr2	137110782	137110763	+	3.328	1.323	>	6	24	66
1189	chr16	22267525	22267506	+	3.322	1.262	>	6	24	66
1190	chr16	4884595	4884576	-	3.3	2.822	>	6	24	66
1191	chr5	19458406	19458387	-	3.291	6.625	>	6	24	66
1192	chr1	84697217	84697198	-	3.29	7.492	>	6	24	66
1193	chr14	122903088	122903069	-	3.29	2.205	>	6	24	66
1194	chr7	64056729	64056710	-	3.273	1.214	>	6	24	66
1195	chr9	71624061	71624042	-	3.273	15.39	>	6	24	66
1196	chr9	96885958	96885939	-	3.271	10.016	>	6	24	66
1197	chr18	46964733	46964714	-	3.266	8.555	>	6	24	66
1198	chr3	122638475	122638456	+	3.26	4.82	>	6	24	66
1199	chr9	94733848	94733829	+	3.256	3.768	>	6	24	66
1200	chr1	167938404	167938385	-	3.25	6.79	>	6	24	66
1201	chr1	180811841	180811822	+	3.244	6.383	>	6	24	66
1202	chr10	42760472	42760453	+	3.229	1.784	>	6	24	66
1203	chr18	20598347	20598328	+	3.213	4.758	>	6	24	66
1204	chr17	71909305	71909286	+	3.203	3.572	>	6	24	66
1205	chr1	34459898	34459879	+	3.193	3.389	>	6	24	66
1206	chr4	117202234	117202215	-	3.191	9.61	>	6	24	66
1207	chr15	101313974	101313955	-	3.178	2.96	>	6	24	66
1208	chr16	13438138	13438119	+	3.176	1.241	>	6	24	66
1209	chr7	114878499	114878480	+	3.174	1.604	>	6	24	66
1210	chr11	109866735	109866716	+	3.166	2.812	>	6	24	66
1211	chr3	123509329	123509310	+	3.162	5.67	>	6	24	66
1212	chr3	114085881	114085862	-	3.146	0.5283	>	6	24	66
1213	chr4	120149384	120149365	-	3.145	8.09	>	6	24	66
1214	chr16	4549594	4549575	-	3.137	11.12	>	6	24	66
1215	chr15	78872224	78872205	+	3.133	9.35	>	6	24	66
1216	chr12	57231261	57231242	-	3.127	3.32	>	6	24	66
1217	chr9	71624949	71624930	-	3.125	15.0	>	6	24	66
1218	chr4	18963859	18963840	-	3.12	4.01	>	6	24	66
1219	chr8	40913366	40913347	-	3.115	1.625	>	6	24	66
1220	chr5	21645240	21645221	-	3.11	1.259	>	6	24	66
1221	chr10	68357244	68357225	+	3.094	1.353	>	6	24	66
1222	chr2	93812077	93812058	-	3.06	11.82	>	6	24	66
1223	chr12	75669431	75669412	-	3.05	4.1	>	6	24	66
1224	chr1	12844023	12844004	+	3.033	4.33	>	6	24	66
1225	chr12	86697142	86697123	+	3.025	6.996	>	6	24	66
1226	chr9	98033678	98033659	+	3.021	1.525	>	6	24	66
1227	chr19	37946902	37946883	+	3.02	4.082	>	6	24	66
1228	chr9	75271676	75271657	+	3.01	4.42	>	6	24	66
1229	chr11	55162881	55162862	+	2.996	3.625	>	6	24	66
1230	chr17	25274339	25274320	-	2.984	4.45	>	6	24	66
1231	chr6	108065317	108065298	+	2.984	5.535	>	6	24	66
1232	chr7	5071749	5071730	-	2.928	2.754	>	6	24	66
1233	chr3	152477906	152477887	-	2.922	3.295	>	6	24	66
1234	chr5	28090770	28090751	-	2.922	2.412	>	6	24	66
1235	chr14	78282622	78282603	+	2.91	2.186	>	6	24	66
1236	chr14	88480122	88480103	-	2.906	3.236	>	6	24	66
1237	chr7	107569047	107569028	+	2.902	1.588	>	6	24	66
1238	chr3	83777088	83777069	-	2.879	3.992	>	6	24	66
1239	chr8	48550865	48550846	+	2.871	0.592	>	6	24	66
1240	chr7	132575955	132575936	-	2.855	4.473	>	6	24	66
1241	chr14	79769127	79769108	-	2.852	4.36	>	6	24	66
1242	chr17	69974245	69974226	-	2.799	1.284	>	6	24	66
1243	chr12	66284211	66284192	-	2.793	5.484	>	6	24	66
1244	chr6	83796902	83796883	-	2.785	3.35	>	6	24	66
1245	chr9	44108077	44108058	+	2.785	11.375	>	6	24	66
1246	chr11	116023924	116023905	+	2.777	6.906	>	6	24	66
1247	chr3	86779824	86779805	-	2.775	8.64	>	6	24	66
1248	chr19	46056202	46056183	+	2.77	5.27	>	6	24	66
1249	chr10	108210181	108210162	-	2.762	0.674	>	6	24	66
1250	chr8	27001386	27001367	+	0.4329	0.4077	>	6	24	66
1251	chr17	28338029	28338010	-	0.252	0.265	>	6	24	66
1252	chr11	76445826	76445807	-	0.2268	0.1863	>	6	24	66
1253	chr5	144244146	144244127	-	0.311	0.3691	>	6	24	66
1254	chr14	79768803	79768784	-	0.3076	0.2808	>	6	24	66
1255	chr9	26778623	26778604	-	1.299	0.6914	>	6	24	66
1256	chr7	25392052	25392033	+	0.2487	0.242	>	6	24	66
1257	chr3	101484879	101484860	-	0.3438	0.528	>	6	24	66
1258	chr2	69113988	69113969	+	0.2472	0.1981	>	6	24	66
1259	chr13	29852447	29852428	-	0.1781	0.1941	>	6	24	66
1260	chr2	60213231	60213212	-	0.1073	0.1628	>	6	24	66
1261	chr2	171418157	171418138	-	0.1407	0.2131	>	6	24	66
1262	chr7	64392050	64392031	-	0.514	0.2006	>	6	24	66
1263	chr15	36157434	36157415	-	0.7227	0.836	>	6	24	66
1264	chr4	49662357	49662338	-	0.4692	0.2915	>	6	24	66
1265	chr4	48422356	48422337	+	1.027	0.5225	>	6	24	66
1266	chr18	82720514	82720495	+	0.1605	0.1409	>	6	24	66
1267	chr1	172022686	172022667	+	0.1733	0.1764	>	6	24	66
1268	chr7	139595890	139595871	+	0.1575	0.2125	>	6	24	66
1269	chr12	73007842	73007823	-	0.345	0.2974	>	6	24	66
1270	chr17	27192928	27192909	-	0.1056	0.4468	>	6	24	66
1271	chr1	53698960	53698941	+	0.557	0.255	>	6	24	66
1272	chr18	12734380	12734361	+	0.207	0.1383	>	6	24	66
1273	chr6	126767488	126767469	-	0.2039	0.2483	>	6	24	66
1274	chr2	92856249	92856230	-	2.734	0.857	>	6	24	66
1275	chr11	74572851	74572832	+	0.2646	0.2705	>	6	24	66
1276	chr9	59675637	59675618	-	0.4082	0.744	>	6	24	66
1277	chr15	55025647	55025628	+	0.1847	0.1536	>	6	24	66
1278	chr4	120579150	120579131	-	0.33	0.264	>	6	24	66
1279	chr15	74525720	74525701	+	0.2172	0.2104	>	6	24	66
1280	chr1	88748095	88748076	+	0.1973	0.1881	>	6	24	66
1281	chr15	32239655	32239636	-	0.2822	0.1587	>	6	24	66
1282	chr7	36571183	36571164	+	0.1103	0.1942	>	6	24	66
1283	chr11	113855351	113855332	-	0.1613	0.1947	>	6	24	66
1284	chr6	90609163	90609144	+	2.127	1.159	>	6	24	66
1285	chr3	146181407	146181388	-	0.2034	0.3416	>	6	24	66
1286	chr10	69857222	69857203	-	0.3232	0.3599	>	6	24	66
1287	chr2	158361425	158361406	-	0.5625	0.2502	>	6	24	66
1288	chr5	136268179	136268160	-	0.1886	0.2153	>	6	24	66
1289	chr16	11983350	11983331	-	1.634	1.076	>	6	24	66
1290	chr2	84437773	84437754	+	0.2305	0.14	>	6	24	66
1291	chr18	24002018	24001999	-	0.133	0.1333	>	6	24	66
1292	chr1	130151533	130151514	-	0.4075	0.3347	>	6	24	66
1293	chr9	59675855	59675836	+	0.3367	0.2161	>	6	24	66
1294	chr11	116840251	116840232	-	0.3374	0.637	>	6	24	66
1295	chr2	155819963	155819944	+	0.07886	0.146	>	6	24	66
1296	chr14	105301632	105301613	+	0.206	0.2114	>	6	24	66
1297	chr12	9044592	9044573	+	0.1821	0.2019	>	6	24	66
1298	chr18	13971224	13971205	-	0.5337	0.3596	>	6	24	66
1299	chr5	136267600	136267581	-	0.2751	0.189	>	6	24	66
1300	chr5	33371430	33371411	+	0.3992	0.1644	>	6	24	66
1301	chr14	51090397	51090378	-	0.4153	0.243	>	6	24	66
1302	chr1	77935072	77935053	+	0.1814	0.1729	>	6	24	66
1303	chr11	119246049	119246030	-	0.204	0.3367	>	6	24	66
1304	chr17	50274949	50274930	-	0.441	0.1749	>	6	24	66
1305	chr8	108956442	108956423	+	0.5635	0.3044	>	6	24	66
1306	chr11	66885340	66885321	+	0.1636	0.169	>	6	24	66
1307	chr7	30099945	30099926	-	0.1979	0.1757	>	6	24	66
1308	chr15	99973159	99973140	-	0.1998	0.3345	>	6	24	66
1309	chr5	16308949	16308930	+	0.1567	0.1411	>	6	24	66
1310	chr6	119466578	119466559	-	0.9824	0.9795	>	6	24	66
1311	chr2	136886679	136886660	+	0.7764	0.2095	>	6	24	66
1312	chr14	79763594	79763575	-	0.2852	0.151	>	6	24	66
1313	chr2	170416012	170415993	+	0.1837	0.1256	>	6	24	66
1314	chr4	41015236	41015217	-	0.1882	0.1434	>	6	24	66
1315	chr11	70975109	70975090	+	0.713	0.3914	>	6	24	66
1316	chr5	122773202	122773183	+	0.11584	0.1375	>	6	24	66
1317	chr4	128588031	128588012	-	0.2659	0.1909	>	6	24	66
1318	chr8	122576186	122576167	-	0.11285	0.1545	>	6	24	66
1319	chr7	76383989	76383970	+	0.1553	0.154	>	6	24	66
1320	chr9	41467019	41467000	-	0.2223	0.1565	>	6	24	66
1321	chr1	32712246	32712227	-	0.05322	0.1516	>	6	24	66
1322	chr16	23974866	23974847	-	0.5283	0.3425	>	6	24	66
1323	chr15	84066194	84066175	-	0.6196	1.17	>	6	24	66
1324	chr11	40148920	40148901	-	1.272	0.642	>	6	24	66
1325	chr7	27166488	27166469	-	0.306	0.491	>	6	24	66
1326	chr11	30240273	30240254	+	0.4001	0.2556	>	6	24	66
1327	chr2	69115969	69115950	-	0.1754	0.1587	>	6	24	66
1328	chr9	113420569	113420550	-	0.2261	0.2178	>	6	24	66
1329	chr12	99882528	99882509	-	0.2617	0.1387	>	6	24	66
1330	chr5	77347648	77347629	-	0.3625	0.4211	>	6	24	66
1331	chr10	49780455	49780436	+	0.2179	0.1394	>	6	24	66
1332	chr5	75855263	75855244	-	0.6416	0.4326	>	6	24	66
1333	chr2	124087358	124087339	-	0.6436	0.2075	>	6	24	66
1334	chr14	49219056	49219037	+	0.678	0.694	>	6	24	66
1335	chr5	147938091	147938072	+	0.368	0.1842	>	6	24	66
1336	chr11	32340288	32340269	+	0.1792	0.1648	>	6	24	66
1337	chr16	50181579	50181560	+	0.2006	0.1838	>	6	24	66
1338	chr16	20496121	20496102	-	0.6714	0.1777	>	6	24	66
1339	chr8	76775680	76775661	+	0.135	0.1975	>	6	24	66
1340	chr14	65597676	65597657	+	0.6543	0.452	>	6	24	66
1341	chr7	64754771	64754752	+	0.1351	0.2295	>	6	24	66
1342	chr2	166083979	166083960	-	0.2964	0.2065	>	6	24	66
1343	chr16	44140440	44140421	+	0.4607	0.3381	>	6	24	66
1344	chr12	90524338	90524319	-	0.3223	0.2983	>	6	24	66
1345	chr5	89391716	89391697	+	0.1626	0.1418	>	6	24	66
1346	chr9	59675438	59675419	-	0.2104	0.1542	>	6	24	66
1347	chr19	16339103	16339084	-	0.1967	0.1177	>	6	24	66
1348	chr13	30545067	30545048	+	0.3672	0.2915	>	6	24	66
1349	chr1	92462681	92462662	+	0.3916	0.1832	>	6	24	66
1350	chr4	84066283	84066264	-	0.1898	0.1552	>	6	24	66
1351	chr9	83373922	83373903	-	0.2197	0.1434	>	6	24	66
1352	chr4	88773969	88773950	-	0.9507	8.01	>	6	24	66
1353	chr9	123132258	123132239	-	0.1687	0.1416	>	6	24	66
1354	chr17	34958843	34958824	-	0.2079	0.5464	>	6	24	66
1355	chr12	50946225	50946206	+	0.2341	0.157	>	6	24	66
1356	chr13	73647252	73647233	+	0.267	0.1704	>	6	24	66
1357	chr11	83279300	83279281	-	0.4434	0.2251	>	6	24	66
1358	chr17	8986048	8986029	-	0.3325	0.212	>	6	24	66
1359	chr4	14935721	14935702	-	0.7095	0.296	>	6	24	66
1360	chr4	75076699	75076680	+	0.09125	0.2014	>	6	24	66
1361	chr5	114610713	114610694	+	0.0985	0.1626	>	6	24	66
1362	chr9	83378273	83378254	-	0.471	0.2808	>	6	24	66
1363	chr9	107773182	107773163	-	0.1786	0.1414	>	6	24	66
1364	chr9	41218030	41218011	+	0.1323	0.1355	>	6	24	66
1365	chr9	105644718	105644699	+	0.4255	0.1808	>	6	24	66
1366	chr8	84264441	84264422	-	1.261	1.4795	>	6	24	66
1367	chr4	135959453	135959434	+	0.112	0.2223	>	6	24	66
1368	chr1	24684268	24684249	+	0.4001	0.1942	>	6	24	66
1369	chr3	87748577	87748558	-	0.7593	0.4382	>	6	24	66
1370	chr9	54690950	54690931	+	0.11566	0.136	>	6	24	66
1371	chr15	82277690	82277671	-	0.9043	0.4492	>	6	24	66
1372	chr5	115498528	115498509	-	0.2693	0.2164	>	6	24	66
1373	chr9	56621276	56621257	+	0.10846	0.253	>	6	24	66
1374	chr18	81956733	81956714	-	0.2815	0.2637	>	6	24	66
1375	chr10	22791401	22791382	-	0.1346	0.2358	>	6	24	66
1376	chr15	82271301	82271282	+	0.836	0.1838	>	6	24	66
1377	chr12	69946159	69946140	+	0.555	0.455	>	6	24	66
1378	chr14	101442800	101442781	+	0.2983	0.1344	>	6	24	66
1379	chr2	164777017	164776998	-	0.5176	0.361	>	6	24	66
1380	chr10	24631573	24631554	-	1.178	1.224	>	6	24	66
1381	chr1	136528510	136528491	-	1.761	0.7373	>	6	24	66
1382	chr10	19222118	19222099	-	1.411	0.8228	>	6	24	66
1383	chr14	56885508	56885489	-	2.348	4.004	>	6	24	66
1384	chr8	85060493	85060474	-	0.9688	0.437	>	6	24	66
1385	chr11	96075822	96075803	-	0.9316	0.4944	>	6	24	66
1386	chr11	77476535	77476516	+	0.1632	0.2383	>	6	24	66
1387	chr1	81294004	81293985	-	0.905	0.562	>	6	24	66
1388	chr12	15520954	15520935	+	0.7183	0.4033	>	6	24	66
1389	chr7	66397054	66397035	+	0.1594	0.2107	>	6	24	66
1390	chr12	74014582	74014563	-	0.2377	0.1973	>	6	24	66
1391	chr5	144242554	144242535	-	0.241	0.1987	>	6	24	66
1392	chr15	66894943	66894924	+	0.2703	0.2021	>	6	24	66
1393	chr6	126484995	126484976	-	0.4333	1.278	>	6	24	66
1394	chr4	48427148	48427129	+	0.678	0.3833	>	6	24	66
1395	chr15	71459211	71459192	+	0.252	0.1731	>	6	24	66
1396	chr3	19896435	19896416	-	0.2361	0.1467	>	6	24	66
1397	chr8	68268707	68268688	-	0.1398	0.1492	>	6	24	66
1398	chr1	182555580	182555561	-	0.1982	0.1915	>	6	24	66
1399	chr9	44413186	44413167	-	0.534	0.393	>	6	24	66
1400	chr14	70151716	70151697	+	0.3604	0.2382	>	6	24	66
1401	chr4	62478250	62478231	+	0.438	0.1328	>	6	24	66
1402	chr3	127561629	127561610	-	0.2183	0.12354	>	6	24	66
1403	chr3	69139614	69139595	-	0.397	0.2261	>	6	24	66
1404	chr17	17919616	17919597	+	0.1678	0.167	>	6	24	66
1405	chr4	139314214	139314195	-	0.2279	0.269	>	6	24	66
1406	chr18	61952763	61952744	-	0.2372	0.1731	>	6	24	66
1407	chr9	7599188	7599169	+	0.33	0.191	>	6	24	66
1408	chr10	120898341	120898322	-	0.3386	0.1467	>	6	24	66
1409	chr11	57469613	57469594	-	0.1846	0.2297	>	6	24	66
1410	chr18	58480198	58480179	-	0.2095	0.1665	>	6	24	66
1411	chr17	12380527	12380508	-	0.658	0.591	>	6	24	66
1412	chr2	107940173	107940154	+	0.11664	0.1351	>	6	24	66
1413	chr2	32580534	32580515	-	0.2605	0.4055	>	6	24	66
1414	chr15	98813480	98813461	+	0.3496	0.5376	>	6	24	66
1415	chr6	54253893	54253874	+	0.1663	0.1743	>	6	24	66
1416	chr1	135800865	135800846	+	0.1766	0.1665	>	6	24	66
1417	chr15	58426369	58426350	+	0.1996	0.1519	>	6	24	66
1418	chr4	87367775	87367756	+	0.3853	0.1472	>	6	24	66
1419	chr2	96583103	96583084	-	0.809	0.3242	>	6	24	66
1420	chr4	63366959	63366940	-	0.1979	0.1753	>	6	24	66
1421	chr4	59761293	59761274	-	0.3435	0.2113	>	6	24	66
1422	chr10	7832162	7832143	+	0.2646	0.1672	>	6	24	66
1423	chr7	89904213	89904194	-	0.2908	0.156	>	6	24	66
1424	chr1	30697342	30697323	+	0.1025	0.1263	>	6	24	66
1425	chr1	58987602	58987583	+	0.2202	0.1498	>	6	24	66
1426	chr15	7452190	7452171	+	0.1405	0.12085	>	6	24	66
1427	chr4	139877044	139877025	+	0.3875	0.2688	>	6	24	66
1428	chr3	83291887	83291868	-	0.0825	0.137	>	6	24	66
1429	chr15	68912907	68912888	-	0.5024	0.2024	>	6	24	66
1430	chr14	64593744	64593725	-	1.073	0.5703	>	6	24	66
1431	chr1	56980349	56980330	-	0.2778	0.2322	>	6	24	66
1432	chr14	75833620	75833601	-	0.6006	0.4543	>	6	24	66
1433	chr16	62904648	62904629	-	0.217	0.1924	>	6	24	66
1434	chr5	35991229	35991210	-	1.033	1.082	>	6	24	66
1435	chr5	44287418	44287399	-	0.248	0.155	>	6	24	66
1436	chr15	76199915	76199896	-	0.07776	0.3071	>	6	24	66
1437	chr4	131240262	131240243	-	0.241	0.206	>	6	24	66
1438	chr5	102147917	102147898	-	0.228	0.2458	>	6	24	66
1439	chr3	93086926	93086907	+	0.0978	0.1787	>	6	24	66
1440	chr6	126163382	126163363	+	2.373	1.376	>	6	24	66
1441	chr3	45375769	45375750	+	1.051	0.2544	>	6	24	66
1442	chr16	90306219	90306200	-	0.3647	0.3506	>	6	24	66
1443	chr17	3249270	3249251	-	0.1843	0.136	>	6	24	66
1444	chr4	143024421	143024402	-	0.087	0.1317	>	6	24	66
1445	chr19	47513892	47513873	-	0.2471	0.1393	>	6	24	66
1446	chr6	66534595	66534576	-	1.387	0.675	>	6	24	66
1447	chr6	134963172	134963153	-	0.6475	0.5996	>	6	24	66
1448	chr14	56369245	56369226	+	0.2401	0.1912	>	6	24	66
1449	chr18	53460219	53460200	+	0.1775	0.162	>	6	24	66
1450	chr7	89476922	89476903	-	0.2163	0.1522	>	6	24	66
1451	chr6	34273116	34273097	+	0.0673	0.1545	>	6	24	66
1452	chr7	142295608	142295589	-	1.062	6.32	>	6	24	66
1453	chr3	22302208	22302189	+	0.992	0.3848	>	6	24	66
1454	chr6	31045994	31045975	-	0.7534	0.959	>	6	24	66
1455	chr9	57143378	57143359	-	0.1816	0.2302	>	6	24	66
1456	chr6	101268340	101268321	+	0.2712	0.1924	>	6	24	66
1457	chr9	58897456	58897437	-	0.7163	0.4846	>	6	24	66
1458	chr17	79601068	79601049	+	0.2245	0.12476	>	6	24	66
1459	chr16	5254607	5254588	-	0.2883	0.22	>	6	24	66
1460	chr4	83595536	83595517	+	1.783	1.041	>	6	24	66
1461	chr9	51159881	51159862	-	0.6875	0.266	>	6	24	66
1462	chr14	66354429	66354410	+	0.1142	0.1388	>	6	24	66
1463	chr5	117090283	117090264	+	0.5806	0.4014	>	6	24	66
1464	chr2	168061425	168061406	-	0.1733	0.2051	>	6	24	66
1465	chr5	9169228	9169209	+	0.3306	0.1686	>	6	24	66
1466	chr6	28418701	28418682	-	0.4202	0.266	>	6	24	66
1467	chr12	105038443	105038424	-	0.1501	0.2063	>	6	24	66
1468	chr1	182558143	182558124	-	0.2264	0.1511	>	6	24	66
1469	chr8	47713300	47713281	-	1.078	1.646	>	6	24	66
1470	chr18	47357393	47357374	+	0.2007	0.1278	>	6	24	66
1471	chr1	118771083	118771064	-	0.1254	0.2006	>	6	24	66
1472	chr16	6493044	6493025	-	0.1927	0.1516	>	6	24	66
1473	chr9	42951005	42950986	-	0.3914	0.2078	>	6	24	66
1474	chr13	53430986	53430967	-	0.6504	0.3672	>	6	24	66
1475	chr13	67609268	67609249	+	2.162	0.826	>	6	24	66
1476	chr1	53035072	53035053	+	0.1465	0.1494	>	6	24	66
1477	chr7	99471824	99471805	-	0.3745	0.4907	>	6	24	66
1478	chr11	36543574	36543555	-	0.1156	0.1614	>	6	24	66
1479	chr5	124334258	124334239	-	0.3428	0.273	>	6	24	66
1480	chr10	76771414	76771395	-	0.1296	0.2047	>	6	24	66
1481	chr10	4386719	4386700	+	0.32	0.4492	>	6	24	66
1482	chr5	116554091	116554072	+	0.0876	0.1714	>	6	24	66
1483	chr10	41734858	41734839	+	0.1406	0.2605	>	6	24	66
1484	chr10	50906875	50906856	-	0.2361	0.1674	>	6	24	66
1485	chr11	31651668	31651649	+	0.07605	0.1534	>	6	24	66
1486	chr6	116193190	116193171	+	0.3687	0.372	>	6	24	66
1487	chr1	188976509	188976490	+	0.343	0.1833	>	6	24	66
1488	chr12	101976095	101976076	+	0.681	0.4116	>	6	24	66
1489	chr15	75925915	75925896	+	0.6084	0.9233	>	6	24	66
1490	chr1	4777287	4777268	-	0.9443	1.425	>	6	24	66
1491	chr18	86560230	86560211	+	0.7866	1.138	>	6	24	66
1492	chr7	43574878	43574859	+	1.292	1.347	>	6	24	66
1493	chr7	98200601	98200582	-	0.2927	0.1711	>	6	24	66
1494	chr4	143319849	143319830	+	0.2299	0.1525	>	6	24	66
1495	chr2	128601696	128601677	-	0.1208	0.207	>	6	24	66
1496	chr17	57004491	57004472	-	0.1467	0.2932	>	6	24	66
1497	chr2	35196541	35196522	-	1.081	0.3997	>	6	24	66
1498	chr5	29779371	29779352	+	0.1531	0.1671	>	6	24	66
1499	chr10	93038429	93038410	-	0.163	0.1875	>	6	24	66
0	chr4	87368268	87368249	+	90.56	65.75	>	6	25	65
1	chr11	109860827	109860808	-	89.2	47.97	>	6	25	65
2	chr3	22309188	22309169	+	81.5	60.4	>	6	25	65
3	chr10	5161770	5161751	-	79.2	55.88	>	6	25	65
4	chr16	71247702	71247683	+	68.56	43.2	>	6	25	65
5	chr16	72980067	72980048	-	68.3	56.7	>	6	25	65
6	chr6	60556001	60555982	+	67.7	40.38	>	6	25	65
7	chr5	7996919	7996900	-	66.06	59.4	>	6	25	65
8	chr14	12140114	12140095	-	65.1	51.62	>	6	25	65
9	chr13	81439574	81439555	+	64.94	46.94	>	6	25	65
10	chr9	103996726	103996707	-	64.9	51.25	>	6	25	65
11	chr15	56066340	56066321	+	63.97	42.94	>	6	25	65
12	chr10	106609250	106609231	+	63.97	42.62	>	6	25	65
13	chr1	144380222	144380203	-	63.4	48.44	>	6	25	65
14	chr10	8240468	8240449	-	62.34	45.88	>	6	25	65
15	chr12	77000269	77000250	+	62.22	54.97	>	6	25	65
16	chr1	44745882	44745863	+	62.12	40.25	>	6	25	65
17	chr4	81178889	81178870	+	62.03	50.0	>	6	25	65
18	chr9	10909768	10909749	+	61.12	47.94	>	6	25	65
19	chr6	64650119	64650100	-	60.56	60.88	>	6	25	65
20	chr15	32766485	32766466	-	60.56	46.62	>	6	25	65
21	chr4	9135983	9135964	+	60.03	34.12	>	6	25	65
22	chr7	118305013	118304994	+	59.5	47.62	>	6	25	65
23	chr10	39520570	39520551	-	58.34	40.5	>	6	25	65
24	chr1	78724658	78724639	+	58.25	47.28	>	6	25	65
25	chr2	160598038	160598019	+	57.94	55.8	>	6	25	65
26	chr18	33790258	33790239	-	57.72	56.3	>	6	25	65
27	chr12	40837750	40837731	+	57.5	46.25	>	6	25	65
28	chr8	41443763	41443744	+	57.34	56.06	>	6	25	65
29	chr14	68494314	68494295	-	56.94	24.97	>	6	25	65
30	chr1	11657910	11657891	+	56.8	43.62	>	6	25	65
31	chr11	77100337	77100318	+	55.88	49.25	>	6	25	65
32	chr16	41244935	41244916	-	55.72	48.0	>	6	25	65
33	chr14	87452291	87452272	-	55.72	63.0	>	6	25	65
34	chr18	16217050	16217031	+	54.9	26.8	>	6	25	65
35	chr11	53255133	53255114	-	54.8	39.5	>	6	25	65
36	chr9	7216447	7216428	+	54.56	27.64	>	6	25	65
37	chr8	35850598	35850579	-	54.5	50.94	>	6	25	65
38	chr8	102781131	102781112	-	54.44	41.34	>	6	25	65
39	chr5	49962010	49961991	-	54.16	50.88	>	6	25	65
40	chr7	90410162	90410143	-	54.06	39.75	>	6	25	65
41	chr4	15328717	15328698	+	54.03	40.72	>	6	25	65
42	chr11	31949616	31949597	-	54.0	41.44	>	6	25	65
43	chr1	120586671	120586652	+	53.8	57.06	>	6	25	65
44	chr13	19698921	19698902	+	53.16	40.8	>	6	25	65
45	chr12	57825950	57825931	+	53.03	34.38	>	6	25	65
46	chr16	72215933	72215914	-	52.7	45.56	>	6	25	65
47	chr9	15685402	15685383	+	52.62	45.03	>	6	25	65
48	chr10	10321327	10321308	-	52.47	23.97	>	6	25	65
49	chr9	49494135	49494116	+	52.4	51.5	>	6	25	65
50	chr3	50906169	50906150	-	52.12	57.06	>	6	25	65
51	chr11	57467973	57467954	-	52.03	54.47	>	6	25	65
52	chr11	113165316	113165297	-	51.88	57.94	>	6	25	65
53	chr9	51152608	51152589	-	51.8	48.22	>	6	25	65
54	chr16	58299658	58299639	+	51.56	30.08	>	6	25	65
55	chr16	22564783	22564764	+	51.44	49.16	>	6	25	65
56	chr8	36523135	36523116	-	51.4	44.44	>	6	25	65
57	chr14	34810941	34810922	+	51.3	52.97	>	6	25	65
58	chr6	101261740	101261721	-	51.0	49.47	>	6	25	65
59	chr7	132213694	132213675	-	50.8	38.62	>	6	25	65
60	chr2	48886271	48886252	-	50.28	44.53	>	6	25	65
61	chr12	54060974	54060955	-	50.12	27.78	>	6	25	65
62	chr1	5905019	5905000	-	50.06	44.22	>	6	25	65
63	chr9	26776375	26776356	-	50.0	53.88	>	6	25	65
64	chr1	103799519	103799500	+	49.53	56.44	>	6	25	65
65	chr9	88222188	88222169	-	49.5	40.1	>	6	25	65
66	chr18	58481884	58481865	-	49.28	39.28	>	6	25	65
67	chr13	100112788	100112769	+	49.16	37.22	>	6	25	65
68	chr3	14679394	14679375	+	49.06	29.97	>	6	25	65
69	chr16	37109459	37109440	+	48.75	19.0	>	6	25	65
70	chr3	153655318	153655299	-	48.72	48.28	>	6	25	65
71	chr16	89765698	89765679	-	48.38	54.0	>	6	25	65
72	chr13	89543228	89543209	-	48.3	56.84	>	6	25	65
73	chr11	40149509	40149490	-	48.28	36.34	>	6	25	65
74	chr3	113080940	113080921	-	48.2	53.4	>	6	25	65
75	chr10	70963797	70963778	-	47.53	51.97	>	6	25	65
76	chr6	66533480	66533461	-	47.34	41.22	>	6	25	65
77	chr18	57976815	57976796	+	47.28	41.3	>	6	25	65
78	chr12	92303388	92303369	+	47.12	48.12	>	6	25	65
79	chr6	43686140	43686121	+	47.1	34.0	>	6	25	65
80	chr15	11038687	11038668	+	47.06	40.16	>	6	25	65
81	chr6	13281064	13281045	-	47.06	44.4	>	6	25	65
82	chr4	25180081	25180062	-	46.94	22.34	>	6	25	65
83	chr2	110229883	110229864	+	46.8	37.2	>	6	25	65
84	chr2	118638293	118638274	+	46.34	48.4	>	6	25	65
85	chr14	67674858	67674839	-	46.2	40.62	>	6	25	65
86	chr1	179477262	179477243	-	45.97	54.9	>	6	25	65
87	chr12	78056191	78056172	+	45.84	48.03	>	6	25	65
88	chr15	44836402	44836383	+	45.7	45.75	>	6	25	65
89	chr9	80293262	80293243	+	45.3	48.66	>	6	25	65
90	chr1	21411405	21411386	+	45.28	35.97	>	6	25	65
91	chr8	80483379	80483360	-	45.28	32.34	>	6	25	65
92	chr16	55477026	55477007	-	44.9	60.88	>	6	25	65
93	chr9	122729759	122729740	-	44.72	40.56	>	6	25	65
94	chr2	17415581	17415562	-	44.56	38.03	>	6	25	65
95	chr4	13778049	13778030	-	44.5	20.47	>	6	25	65
96	chr16	64748455	64748436	-	44.47	52.25	>	6	25	65
97	chr6	57570627	57570608	-	44.28	34.06	>	6	25	65
98	chr16	13117421	13117402	+	44.28	48.25	>	6	25	65
99	chr1	54381475	54381456	-	44.12	34.1	>	6	25	65
100	chr15	40166896	40166877	+	44.03	40.53	>	6	25	65
101	chr17	83271696	83271677	+	44.0	39.2	>	6	25	65
102	chr9	63136063	63136044	+	43.94	32.22	>	6	25	65
103	chr3	68056550	68056531	+	43.88	35.0	>	6	25	65
104	chr3	25220822	25220803	-	43.8	23.62	>	6	25	65
105	chr7	118102455	118102436	-	43.53	59.94	>	6	25	65
106	chr9	51335485	51335466	+	43.47	26.75	>	6	25	65
107	chr16	96671807	96671788	-	43.4	27.66	>	6	25	65
108	chr2	113494904	113494885	+	43.34	43.28	>	6	25	65
109	chr1	55404561	55404542	+	43.25	39.06	>	6	25	65
110	chr3	80079969	80079950	+	43.0	35.7	>	6	25	65
111	chr11	25862989	25862970	-	42.66	37.9	>	6	25	65
112	chr13	109213188	109213169	-	42.6	60.5	>	6	25	65
113	chr8	58566283	58566264	+	42.56	33.8	>	6	25	65
114	chr16	72218227	72218208	+	42.38	47.1	>	6	25	65
115	chr14	102510640	102510621	-	42.34	35.9	>	6	25	65
116	chr7	143154010	143153991	+	42.16	43.66	>	6	25	65
117	chr6	143219585	143219566	+	42.1	41.62	>	6	25	65
118	chr17	86906334	86906315	-	41.97	47.25	>	6	25	65
119	chr8	62080400	62080381	+	41.97	30.6	>	6	25	65
120	chr3	57843985	57843966	+	41.94	43.75	>	6	25	65
121	chr18	3495634	3495615	+	41.62	36.03	>	6	25	65
122	chr7	125393847	125393828	-	41.56	47.0	>	6	25	65
123	chr7	86211564	86211545	-	41.56	46.4	>	6	25	65
124	chr9	60245127	60245108	+	41.38	43.16	>	6	25	65
125	chr6	131353859	131353840	-	41.3	15.89	>	6	25	65
126	chr15	98173991	98173972	-	41.25	24.88	>	6	25	65
127	chr17	88641249	88641230	-	41.12	34.25	>	6	25	65
128	chr9	87027908	87027889	+	41.1	38.34	>	6	25	65
129	chr4	70621553	70621534	-	40.97	48.38	>	6	25	65
130	chr12	41487236	41487217	-	40.88	35.94	>	6	25	65
131	chr4	127368548	127368529	+	40.8	49.72	>	6	25	65
132	chr8	50293750	50293731	-	40.75	48.2	>	6	25	65
133	chr16	27468981	27468962	+	40.75	34.62	>	6	25	65
134	chr7	121641354	121641335	-	40.7	30.69	>	6	25	65
135	chr3	29726795	29726776	-	40.7	30.42	>	6	25	65
136	chr14	29110872	29110853	-	40.66	51.22	>	6	25	65
137	chr13	116712427	116712408	-	40.62	33.1	>	6	25	65
138	chr18	19939562	19939543	-	40.47	45.7	>	6	25	65
139	chr15	80704533	80704514	-	40.28	46.53	>	6	25	65
140	chr18	50137074	50137055	+	40.28	37.62	>	6	25	65
141	chr13	15763212	15763193	-	40.25	29.53	>	6	25	65
142	chr19	50185486	50185467	+	40.22	44.2	>	6	25	65
143	chr12	74013965	74013946	-	40.22	40.8	>	6	25	65
144	chr1	138835543	138835524	+	40.06	20.81	>	6	25	65
145	chr15	55550924	55550905	-	40.06	37.12	>	6	25	65
146	chr1	61771439	61771420	-	40.06	23.55	>	6	25	65
147	chr12	34664961	34664942	+	40.0	19.7	>	6	25	65
148	chr14	78288101	78288082	-	39.8	38.8	>	6	25	65
149	chr2	4499416	4499397	+	39.78	33.88	>	6	25	65
150	chr13	30260132	30260113	-	39.75	32.75	>	6	25	65
151	chr9	68015271	68015252	+	39.2	39.0	>	6	25	65
152	chr1	126993502	126993483	-	39.06	47.2	>	6	25	65
153	chr16	25349824	25349805	-	39.0	41.2	>	6	25	65
154	chr1	14729249	14729230	-	38.94	39.3	>	6	25	65
155	chr15	59389427	59389408	+	38.7	46.34	>	6	25	65
156	chr6	100882590	100882571	+	38.66	49.44	>	6	25	65
157	chr3	9711121	9711102	+	38.62	35.47	>	6	25	65
158	chr6	21214019	21214000	-	38.47	24.2	>	6	25	65
159	chr17	42603617	42603598	-	38.47	42.5	>	6	25	65
160	chr4	80517548	80517529	-	38.47	41.4	>	6	25	65
161	chr9	85328584	85328565	-	38.28	30.06	>	6	25	65
162	chr17	44262001	44261982	+	38.22	44.16	>	6	25	65
163	chr10	102449665	102449646	+	38.2	48.84	>	6	25	65
164	chr17	14520745	14520726	-	38.12	30.45	>	6	25	65
165	chr13	51830925	51830906	+	38.0	56.0	>	6	25	65
166	chr12	83502436	83502417	-	37.97	34.4	>	6	25	65
167	chr5	75853265	75853246	-	37.94	27.88	>	6	25	65
168	chr13	110382742	110382723	+	37.88	61.84	>	6	25	65
169	chr5	62481159	62481140	-	37.8	35.4	>	6	25	65
170	chr7	49121503	49121484	-	37.7	29.61	>	6	25	65
171	chr15	11966575	11966556	-	37.66	34.72	>	6	25	65
172	chr3	31146135	31146116	+	37.53	44.5	>	6	25	65
173	chr2	37815879	37815860	+	37.47	39.2	>	6	25	65
174	chr5	33033442	33033423	-	37.44	48.28	>	6	25	65
175	chr9	7595466	7595447	-	37.4	28.72	>	6	25	65
176	chr5	21641153	21641134	-	37.3	33.66	>	6	25	65
177	chr14	48367302	48367283	-	37.12	39.88	>	6	25	65
178	chr17	14524624	14524605	+	37.1	38.88	>	6	25	65
179	chr4	84064835	84064816	+	37.06	23.38	>	6	25	65
180	chr4	63368786	63368767	+	37.06	51.6	>	6	25	65
181	chr5	102149680	102149661	+	37.03	38.97	>	6	25	65
182	chr12	32897684	32897665	-	36.88	40.9	>	6	25	65
183	chr16	91936532	91936513	+	36.72	43.06	>	6	25	65
184	chr6	37046379	37046360	-	36.72	47.7	>	6	25	65
185	chr18	59081896	59081877	+	36.7	37.34	>	6	25	65
186	chr6	103697552	103697533	-	36.3	43.6	>	6	25	65
187	chr18	19937930	19937911	+	36.3	37.56	>	6	25	65
188	chr6	93757594	93757575	+	36.28	18.31	>	6	25	65
189	chr17	9756371	9756352	+	36.28	21.2	>	6	25	65
190	chr2	96585854	96585835	+	36.25	26.84	>	6	25	65
191	chr11	82915176	82915157	+	36.2	36.34	>	6	25	65
192	chr6	6005837	6005818	+	36.03	35.2	>	6	25	65
193	chr1	98392238	98392219	-	36.03	38.97	>	6	25	65
194	chr7	48749384	48749365	+	35.94	38.3	>	6	25	65
195	chr11	105911812	105911793	-	35.9	37.8	>	6	25	65
196	chr10	45045486	45045467	-	35.8	35.22	>	6	25	65
197	chr2	4492748	4492729	-	35.75	19.97	>	6	25	65
198	chr6	18087397	18087378	+	35.75	40.84	>	6	25	65
199	chr5	90203341	90203322	+	35.7	41.12	>	6	25	65
200	chr7	136489148	136489129	+	35.62	28.06	>	6	25	65
201	chr9	109862620	109862601	-	35.6	34.12	>	6	25	65
202	chr15	59876355	59876336	+	35.3	32.16	>	6	25	65
203	chr14	76473612	76473593	-	35.25	45.66	>	6	25	65
204	chr3	128349320	128349301	+	35.03	41.75	>	6	25	65
205	chr3	45375963	45375944	+	35.03	23.92	>	6	25	65
206	chr3	133314669	133314650	+	34.97	39.0	>	6	25	65
207	chr1	96801850	96801831	-	34.84	30.55	>	6	25	65
208	chr7	115216958	115216939	+	34.62	30.45	>	6	25	65
209	chr9	59282577	59282558	-	34.62	26.88	>	6	25	65
210	chr2	148112135	148112116	-	34.5	31.5	>	6	25	65
211	chr18	52457916	52457897	-	34.47	28.2	>	6	25	65
212	chr6	56691454	56691435	-	34.34	42.2	>	6	25	65
213	chr13	20292580	20292561	-	34.3	38.5	>	6	25	65
214	chr13	57260119	57260100	-	34.25	52.66	>	6	25	65
215	chr13	113877615	113877596	+	34.25	36.75	>	6	25	65
216	chr13	116715029	116715010	-	34.1	31.72	>	6	25	65
217	chr4	83596692	83596673	-	34.1	52.75	>	6	25	65
218	chr8	64941619	64941600	-	34.06	33.75	>	6	25	65
219	chr3	51701488	51701469	+	34.03	22.56	>	6	25	65
220	chr14	120061322	120061303	-	33.84	29.2	>	6	25	65
221	chr7	75910166	75910147	+	33.8	57.6	>	6	25	65
222	chr4	98702698	98702679	-	33.78	31.62	>	6	25	65
223	chr3	146185137	146185118	+	33.62	52.6	>	6	25	65
224	chr4	151157152	151157133	+	33.53	59.38	>	6	25	65
225	chr5	43391861	43391842	-	33.5	21.5	>	6	25	65
226	chr11	93856511	93856492	-	33.47	26.19	>	6	25	65
227	chr14	59605843	59605824	+	33.47	40.3	>	6	25	65
228	chr14	84438580	84438561	+	33.44	23.31	>	6	25	65
229	chr12	50943824	50943805	-	33.28	38.56	>	6	25	65
230	chr7	83550335	83550316	-	33.2	30.12	>	6	25	65
231	chr6	117167008	117166989	+	33.03	30.3	>	6	25	65
232	chr4	12538791	12538772	+	33.0	21.84	>	6	25	65
233	chr18	47353079	47353060	+	32.84	24.58	>	6	25	65
234	chr5	12541496	12541477	-	32.72	22.56	>	6	25	65
235	chr2	60721127	60721108	+	32.72	22.53	>	6	25	65
236	chr11	78838251	78838232	+	32.72	51.5	>	6	25	65
237	chr8	73356225	73356206	+	32.62	23.39	>	6	25	65
238	chr12	10598567	10598548	+	32.5	41.56	>	6	25	65
239	chr19	20345158	20345139	-	32.25	47.94	>	6	25	65
240	chr17	58909486	58909467	-	32.16	39.4	>	6	25	65
241	chr10	69655037	69655018	-	32.12	36.56	>	6	25	65
242	chr4	3967733	3967714	-	32.12	41.75	>	6	25	65
243	chr16	21192795	21192776	-	32.06	38.78	>	6	25	65
244	chr11	12291593	12291574	-	32.0	15.54	>	6	25	65
245	chr11	117385082	117385063	+	31.83	36.6	>	6	25	65
246	chr12	32292095	32292076	+	31.73	20.83	>	6	25	65
247	chr4	64833096	64833077	+	31.69	34.34	>	6	25	65
248	chr13	47301245	47301226	+	31.67	43.9	>	6	25	65
249	chr1	89631957	89631938	-	31.56	45.38	>	6	25	65
250	chr9	69296601	69296582	-	31.53	38.66	>	6	25	65
251	chr3	53735364	53735345	+	31.28	24.5	>	6	25	65
252	chr10	45373471	45373452	-	31.2	37.7	>	6	25	65
253	chr8	91797725	91797706	+	31.19	30.23	>	6	25	65
254	chr4	88035662	88035643	+	31.06	19.66	>	6	25	65
255	chr2	75151187	75151168	-	31.05	37.9	>	6	25	65
256	chr14	66791971	66791952	-	31.02	32.1	>	6	25	65
257	chr2	93199062	93199043	-	30.9	51.25	>	6	25	65
258	chr2	73551006	73550987	+	30.86	53.72	>	6	25	65
259	chr12	89451144	89451125	-	30.81	40.1	>	6	25	65
260	chr16	66086729	66086710	-	30.81	33.7	>	6	25	65
261	chr14	114791647	114791628	-	30.72	37.2	>	6	25	65
262	chr4	43420547	43420528	-	30.61	34.5	>	6	25	65
263	chr1	87447687	87447668	+	30.56	32.53	>	6	25	65
264	chr15	55306471	55306452	+	30.56	24.06	>	6	25	65
265	chr15	97667578	97667559	+	30.52	37.12	>	6	25	65
266	chr2	16359548	16359529	+	30.47	16.92	>	6	25	65
267	chr14	8356099	8356080	+	30.42	51.06	>	6	25	65
268	chr3	19894816	19894797	-	30.38	33.66	>	6	25	65
269	chr12	43813750	43813731	-	30.34	24.06	>	6	25	65
270	chr2	27770378	27770359	+	30.12	46.8	>	6	25	65
271	chr16	48675836	48675817	-	30.12	28.97	>	6	25	65
272	chr10	13016733	13016714	+	30.1	53.44	>	6	25	65
273	chr2	76367359	76367340	+	30.05	30.6	>	6	25	65
274	chr2	115515230	115515211	+	30.05	12.29	>	6	25	65
275	chr19	16785108	16785089	-	30.03	27.4	>	6	25	65
276	chr3	78948444	78948425	+	30.03	29.16	>	6	25	65
277	chr1	37250876	37250857	-	29.94	25.45	>	6	25	65
278	chr18	74431409	74431390	+	29.94	28.48	>	6	25	65
279	chr1	38787652	38787633	-	29.89	46.22	>	6	25	65
280	chr3	14874584	14874565	+	29.88	22.88	>	6	25	65
281	chr9	69505778	69505759	+	29.88	30.58	>	6	25	65
282	chr10	84450913	84450894	-	29.77	31.7	>	6	25	65
283	chr2	172216047	172216028	-	29.77	65.06	>	6	25	65
284	chr10	97712895	97712876	+	29.72	22.83	>	6	25	65
285	chr1	4770074	4770055	+	29.72	39.66	>	6	25	65
286	chr12	50301580	50301561	-	29.69	16.55	>	6	25	65
287	chr15	85266923	85266904	+	29.69	42.06	>	6	25	65
288	chr4	85403030	85403011	+	29.62	27.23	>	6	25	65
289	chr6	97526370	97526351	-	29.53	31.17	>	6	25	65
290	chr8	112046096	112046077	+	29.5	62.6	>	6	25	65
291	chr12	96311368	96311349	-	29.48	23.8	>	6	25	65
292	chr1	93507239	93507220	-	29.45	32.5	>	6	25	65
293	chr13	21714927	21714908	+	29.4	37.72	>	6	25	65
294	chr6	49008180	49008161	+	29.38	27.1	>	6	25	65
295	chr17	17749545	17749526	-	29.36	32.88	>	6	25	65
296	chr6	145360253	145360234	+	29.34	33.62	>	6	25	65
297	chr7	17066630	17066611	-	29.27	41.75	>	6	25	65
298	chr12	81788850	81788831	-	29.25	32.47	>	6	25	65
299	chr7	129649172	129649153	+	29.19	42.88	>	6	25	65
300	chr14	104039053	104039034	+	29.17	41.16	>	6	25	65
301	chr13	41634744	41634725	-	29.08	40.84	>	6	25	65
302	chr7	138835232	138835213	-	29.02	47.88	>	6	25	65
303	chr15	97195797	97195778	+	28.92	38.5	>	6	25	65
304	chr1	119087737	119087718	+	28.89	50.28	>	6	25	65
305	chr4	85819373	85819354	-	28.86	29.28	>	6	25	65
306	chr11	30657307	30657288	-	28.86	6.477	>	6	25	65
307	chr5	49369245	49369226	+	28.66	27.94	>	6	25	65
308	chr6	106805067	106805048	+	28.61	20.38	>	6	25	65
309	chr6	31660958	31660939	+	28.53	52.9	>	6	25	65
310	chr12	8306749	8306730	-	28.48	47.94	>	6	25	65
311	chr13	42822785	42822766	-	28.47	44.4	>	6	25	65
312	chr15	34968778	34968759	+	28.4	27.94	>	6	25	65
313	chr7	68369859	68369840	+	28.38	58.97	>	6	25	65
314	chr15	80266443	80266424	+	28.33	34.62	>	6	25	65
315	chr6	102171110	102171091	+	28.19	24.06	>	6	25	65
316	chr16	72605273	72605254	-	28.11	17.7	>	6	25	65
317	chr18	65490506	65490487	+	28.06	33.94	>	6	25	65
318	chr3	55373775	55373756	+	28.0	19.75	>	6	25	65
319	chr1	53927814	53927795	-	27.97	28.48	>	6	25	65
320	chr2	160368066	160368047	-	27.95	21.97	>	6	25	65
321	chr10	42295232	42295213	-	27.94	37.8	>	6	25	65
322	chr7	116040411	116040392	-	27.9	26.19	>	6	25	65
323	chr10	116197535	116197516	-	27.81	28.58	>	6	25	65
324	chr5	20773533	20773514	-	27.81	20.77	>	6	25	65
325	chr12	80725012	80724993	-	27.73	38.97	>	6	25	65
326	chr15	66899881	66899862	-	27.6	21.5	>	6	25	65
327	chr18	16822208	16822189	-	27.56	13.28	>	6	25	65
328	chr18	14503254	14503235	-	27.55	19.48	>	6	25	65
329	chr5	98344786	98344767	+	27.44	28.3	>	6	25	65
330	chr10	77517236	77517217	+	27.39	30.44	>	6	25	65
331	chr1	44741472	44741453	-	27.38	6.344	>	6	25	65
332	chr6	127945983	127945964	-	27.28	24.97	>	6	25	65
333	chr16	42914955	42914936	-	27.27	20.78	>	6	25	65
334	chr18	39137558	39137539	+	27.11	15.805	>	6	25	65
335	chr13	42575907	42575888	+	27.11	22.34	>	6	25	65
336	chr2	13278209	13278190	+	27.06	48.53	>	6	25	65
337	chr18	43836585	43836566	-	27.06	22.66	>	6	25	65
338	chr4	114647896	114647877	+	27.05	26.58	>	6	25	65
339	chr16	44149214	44149195	-	27.03	37.28	>	6	25	65
340	chr13	109776299	109776280	+	27.02	27.47	>	6	25	65
341	chr19	30217515	30217496	+	27.0	44.25	>	6	25	65
342	chr6	61316075	61316056	+	26.94	38.16	>	6	25	65
343	chr17	78598832	78598813	+	26.92	37.16	>	6	25	65
344	chr2	117231457	117231438	-	26.88	23.62	>	6	25	65
345	chr4	115101816	115101797	+	26.84	34.88	>	6	25	65
346	chr10	57448131	57448112	-	26.8	44.97	>	6	25	65
347	chr13	113046665	113046646	+	26.77	22.72	>	6	25	65
348	chr4	110022447	110022428	-	26.58	43.47	>	6	25	65
349	chr7	101653829	101653810	+	26.5	47.97	>	6	25	65
350	chr5	67756338	67756319	+	26.5	26.55	>	6	25	65
351	chr3	62192717	62192698	-	26.5	17.1	>	6	25	65
352	chr10	17728146	17728127	-	26.45	14.96	>	6	25	65
353	chr5	37752557	37752538	-	26.33	30.73	>	6	25	65
354	chr1	60961316	60961297	-	26.3	26.22	>	6	25	65
355	chr17	68176981	68176962	+	26.27	18.84	>	6	25	65
356	chr7	37357871	37357852	-	26.2	67.6	>	6	25	65
357	chr4	32572316	32572297	-	26.16	44.75	>	6	25	65
358	chr4	96696741	96696722	+	26.12	32.22	>	6	25	65
359	chr4	109729491	109729472	-	26.06	50.3	>	6	25	65
360	chr10	111977780	111977761	+	25.78	32.1	>	6	25	65
361	chr5	45424489	45424470	-	25.73	30.9	>	6	25	65
362	chr2	61494577	61494558	-	25.72	22.25	>	6	25	65
363	chr6	13287046	13287027	+	25.69	21.62	>	6	25	65
364	chr9	116060829	116060810	+	25.66	36.5	>	6	25	65
365	chr8	17537753	17537734	-	25.64	36.44	>	6	25	65
366	chr9	77781636	77781617	-	25.62	27.94	>	6	25	65
367	chr15	5106460	5106441	-	25.56	29.45	>	6	25	65
368	chr17	93141334	93141315	-	25.53	33.03	>	6	25	65
369	chr6	97759520	97759501	+	25.52	17.88	>	6	25	65
370	chr8	119384750	119384731	-	25.47	45.94	>	6	25	65
371	chr6	88113322	88113303	+	25.38	41.75	>	6	25	65
372	chr15	101984527	101984508	-	25.38	56.7	>	6	25	65
373	chr8	54493335	54493316	-	25.34	39.7	>	6	25	65
374	chr9	24119622	24119603	+	25.33	14.83	>	6	25	65
375	chr3	50077169	50077150	-	25.31	24.22	>	6	25	65
376	chr4	47419767	47419748	+	25.23	44.03	>	6	25	65
377	chr2	76115910	76115891	+	25.22	28.97	>	6	25	65
378	chr15	67174759	67174740	+	25.2	12.74	>	6	25	65
379	chr8	125574509	125574490	+	25.17	12.85	>	6	25	65
380	chr1	161737065	161737046	-	25.11	39.75	>	6	25	65
381	chr3	85571455	85571436	-	25.1	9.7	>	6	25	65
382	chr18	19577078	19577059	-	25.02	27.28	>	6	25	65
383	chr19	36083087	36083068	-	25.0	29.4	>	6	25	65
384	chr8	115709616	115709597	-	24.98	9.14	>	6	25	65
385	chr10	126330794	126330775	-	24.84	24.02	>	6	25	65
386	chr15	25993551	25993532	+	24.81	33.28	>	6	25	65
387	chr5	131430355	131430336	-	24.78	45.44	>	6	25	65
388	chr1	9545352	9545333	-	24.78	38.06	>	6	25	65
389	chr19	28768445	28768426	-	24.75	36.44	>	6	25	65
390	chr10	24630876	24630857	+	24.72	22.94	>	6	25	65
391	chr17	54351102	54351083	+	24.53	15.79	>	6	25	65
392	chr16	20496806	20496787	+	24.47	28.86	>	6	25	65
393	chr12	109394024	109394005	-	24.44	15.02	>	6	25	65
394	chr13	21803288	21803269	-	24.42	40.1	>	6	25	65
395	chr3	103392995	103392976	+	24.38	33.9	>	6	25	65
396	chr15	25428758	25428739	+	24.31	24.08	>	6	25	65
397	chr3	135206860	135206841	-	24.3	9.21	>	6	25	65
398	chr8	65139261	65139242	+	24.3	33.56	>	6	25	65
399	chr9	29650850	29650831	-	24.23	35.72	>	6	25	65
400	chr3	127971093	127971074	+	24.2	46.1	>	6	25	65
401	chr2	104035038	104035019	+	24.16	33.7	>	6	25	65
402	chr9	81635302	81635283	+	24.11	12.08	>	6	25	65
403	chr6	95484597	95484578	+	24.03	13.41	>	6	25	65
404	chr14	72293991	72293972	-	23.83	34.2	>	6	25	65
405	chr18	65490035	65490016	-	23.72	29.94	>	6	25	65
406	chr12	38123788	38123769	-	23.66	16.0	>	6	25	65
407	chr18	70184838	70184819	-	23.66	11.39	>	6	25	65
408	chr3	152095252	152095233	-	23.53	23.67	>	6	25	65
409	chr8	32002994	32002975	-	23.5	23.94	>	6	25	65
410	chr11	22206830	22206811	-	23.48	11.1	>	6	25	65
411	chr5	76541051	76541032	-	23.44	19.22	>	6	25	65
412	chr10	52106337	52106318	+	23.38	22.61	>	6	25	65
413	chr1	84697462	84697443	-	23.38	25.22	>	6	25	65
414	chr1	67181385	67181366	+	23.34	35.0	>	6	25	65
415	chr6	101267027	101267008	+	23.31	12.77	>	6	25	65
416	chr6	129255175	129255156	-	23.25	41.8	>	6	25	65
417	chr4	115710017	115709998	-	23.19	25.83	>	6	25	65
418	chr2	118241614	118241595	-	23.19	37.16	>	6	25	65
419	chr8	71371784	71371765	+	23.11	28.11	>	6	25	65
420	chr7	73422670	73422651	-	23.11	37.7	>	6	25	65
421	chr5	33039602	33039583	+	23.05	27.48	>	6	25	65
422	chr2	153143004	153142985	-	23.02	20.31	>	6	25	65
423	chr14	98181824	98181805	-	23.0	7.93	>	6	25	65
424	chr2	136887058	136887039	-	22.97	12.49	>	6	25	65
425	chr1	135136701	135136682	-	22.88	42.44	>	6	25	65
426	chr5	4948481	4948462	-	22.86	27.0	>	6	25	65
427	chr10	71422814	71422795	+	22.81	51.25	>	6	25	65
428	chr8	64597251	64597232	-	22.66	30.06	>	6	25	65
429	chr1	162336834	162336815	-	22.45	14.914	>	6	25	65
430	chr9	94738996	94738977	+	22.42	42.94	>	6	25	65
431	chr17	53403136	53403117	+	22.4	18.28	>	6	25	65
432	chr2	155811920	155811901	-	22.36	51.28	>	6	25	65
433	chr12	52010769	52010750	+	22.33	16.6	>	6	25	65
434	chr3	44912870	44912851	-	22.31	11.58	>	6	25	65
435	chr5	98348848	98348829	+	22.25	34.97	>	6	25	65
436	chr15	80706301	80706282	+	22.25	25.52	>	6	25	65
437	chr1	167932285	167932266	-	22.22	36.66	>	6	25	65
438	chr14	121455709	121455690	-	22.2	25.7	>	6	25	65
439	chr4	98243714	98243695	-	22.16	26.34	>	6	25	65
440	chr4	143027468	143027449	+	22.14	29.11	>	6	25	65
441	chr2	153668926	153668907	+	22.14	25.36	>	6	25	65
442	chr9	41461929	41461910	-	22.14	12.42	>	6	25	65
443	chr4	109431143	109431124	-	22.1	22.34	>	6	25	65
444	chr5	44831505	44831486	-	22.08	22.05	>	6	25	65
445	chr8	119676601	119676582	-	22.03	33.06	>	6	25	65
446	chr17	40824060	40824041	-	22.02	34.28	>	6	25	65
447	chr15	37102366	37102347	-	22.0	13.84	>	6	25	65
448	chr1	119083862	119083843	-	21.92	45.47	>	6	25	65
449	chr5	41044703	41044684	-	21.78	28.61	>	6	25	65
450	chr19	24622032	24622013	+	21.77	22.19	>	6	25	65
451	chr3	58159626	58159607	-	21.75	32.1	>	6	25	65
452	chr1	38130140	38130121	-	21.75	23.66	>	6	25	65
453	chr2	129472129	129472110	-	21.73	30.17	>	6	25	65
454	chr9	15682043	15682024	-	21.73	11.22	>	6	25	65
455	chr9	69502720	69502701	-	21.7	34.7	>	6	25	65
456	chr14	21120676	21120657	+	21.69	43.16	>	6	25	65
457	chr7	110645588	110645569	-	21.69	43.56	>	6	25	65
458	chr16	78950579	78950560	-	21.64	3.295	>	6	25	65
459	chr7	131899517	131899498	+	21.56	16.44	>	6	25	65
460	chr8	106403484	106403465	-	21.53	20.23	>	6	25	65
461	chr17	73303429	73303410	+	21.48	50.6	>	6	25	65
462	chr1	83727325	83727306	+	21.48	26.81	>	6	25	65
463	chr13	29857603	29857584	+	21.42	9.836	>	6	25	65
464	chr14	104033786	104033767	+	21.34	21.16	>	6	25	65
465	chr7	119011391	119011372	+	21.31	35.56	>	6	25	65
466	chr1	69165377	69165358	+	21.31	25.0	>	6	25	65
467	chr1	192727176	192727157	+	21.28	21.9	>	6	25	65
468	chr9	50438293	50438274	-	21.2	27.17	>	6	25	65
469	chr15	46990407	46990388	-	21.14	10.516	>	6	25	65
470	chr13	73646874	73646855	+	21.14	37.5	>	6	25	65
471	chr16	67089956	67089937	+	21.12	15.94	>	6	25	65
472	chr2	83332995	83332976	-	21.02	18.14	>	6	25	65
473	chr8	10415030	10415011	+	21.0	37.3	>	6	25	65
474	chr1	35716149	35716130	-	20.89	18.69	>	6	25	65
475	chr7	43920039	43920020	-	20.83	34.3	>	6	25	65
476	chr8	15138726	15138707	+	20.81	41.03	>	6	25	65
477	chr13	6515705	6515686	+	20.8	28.08	>	6	25	65
478	chr2	64948996	64948977	-	20.72	23.2	>	6	25	65
479	chr19	20345737	20345718	+	20.7	55.44	>	6	25	65
480	chr5	33994851	33994832	+	20.64	14.97	>	6	25	65
481	chr14	76479953	76479934	+	20.62	37.16	>	6	25	65
482	chr3	144737048	144737029	+	20.58	28.33	>	6	25	65
483	chr2	13597223	13597204	-	20.5	12.72	>	6	25	65
484	chr9	118908437	118908418	-	20.5	27.45	>	6	25	65
485	chr4	153484615	153484596	-	20.39	17.89	>	6	25	65
486	chr19	12433211	12433192	+	20.36	28.34	>	6	25	65
487	chr15	31611224	31611205	+	20.34	11.17	>	6	25	65
488	chr3	107206198	107206179	+	20.34	39.22	>	6	25	65
489	chr17	86909946	86909927	+	20.31	22.38	>	6	25	65
490	chr7	89473669	89473650	-	20.22	24.19	>	6	25	65
491	chr6	35252603	35252584	+	20.22	32.56	>	6	25	65
492	chr6	126168001	126167982	-	20.17	8.76	>	6	25	65
493	chr16	42169942	42169923	+	20.12	43.34	>	6	25	65
494	chr6	90607354	90607335	+	20.11	24.86	>	6	25	65
495	chr6	31664664	31664645	+	20.11	41.5	>	6	25	65
496	chr13	100002039	100002020	+	20.02	21.73	>	6	25	65
497	chr6	97523337	97523318	-	19.97	25.72	>	6	25	65
498	chr4	123529452	123529433	-	19.95	17.69	>	6	25	65
499	chr18	53744741	53744722	-	19.94	29.1	>	6	25	65
500	chr9	13849232	13849213	+	19.9	15.484	>	6	25	65
501	chr15	14052128	14052109	-	19.89	12.375	>	6	25	65
502	chr3	68053761	68053742	-	19.88	27.33	>	6	25	65
503	chr14	50799990	50799971	+	19.83	30.28	>	6	25	65
504	chr8	50292348	50292329	+	19.83	31.36	>	6	25	65
505	chr19	52993242	52993223	-	19.81	45.25	>	6	25	65
506	chr8	24546435	24546416	-	19.8	56.1	>	6	25	65
507	chr2	166085186	166085167	+	19.78	40.2	>	6	25	65
508	chr15	80260893	80260874	-	19.75	33.7	>	6	25	65
509	chr18	75606699	75606680	+	19.72	50.94	>	6	25	65
510	chr2	135957961	135957942	-	19.69	27.1	>	6	25	65
511	chr11	75179118	75179099	+	19.67	22.83	>	6	25	65
512	chr6	77628987	77628968	+	19.66	40.56	>	6	25	65
513	chr4	82614384	82614365	-	19.62	15.836	>	6	25	65
514	chr17	27190013	27189994	+	19.5	26.89	>	6	25	65
515	chr14	121451301	121451282	-	19.45	26.11	>	6	25	65
516	chr9	69987821	69987802	-	19.44	12.234	>	6	25	65
517	chr6	40479902	40479883	+	19.42	24.72	>	6	25	65
518	chr4	82619779	82619760	-	19.42	11.22	>	6	25	65
519	chr2	160593235	160593216	-	19.4	45.8	>	6	25	65
520	chr4	48691990	48691971	+	19.4	34.88	>	6	25	65
521	chr1	11140123	11140104	-	19.39	7.324	>	6	25	65
522	chr6	67858160	67858141	+	19.36	18.55	>	6	25	65
523	chr1	91914028	91914009	+	19.36	22.06	>	6	25	65
524	chr15	76196896	76196877	+	19.33	35.8	>	6	25	65
525	chr11	43767011	43766992	+	19.27	27.44	>	6	25	65
526	chr17	8463677	8463658	+	19.23	31.38	>	6	25	65
527	chr2	60442102	60442083	-	19.22	10.555	>	6	25	65
528	chr10	8242562	8242543	+	19.2	18.4	>	6	25	65
529	chr15	8382407	8382388	+	19.16	11.64	>	6	25	65
530	chr19	11360302	11360283	+	19.14	15.06	>	6	25	65
531	chr12	79305335	79305316	+	19.11	29.94	>	6	25	65
532	chr13	38992697	38992678	+	19.03	12.445	>	6	25	65
533	chr8	91147955	91147936	-	19.0	26.05	>	6	25	65
534	chr13	64443476	64443457	+	19.0	35.6	>	6	25	65
535	chr8	117898214	117898195	+	18.92	34.16	>	6	25	65
536	chr11	42423473	42423454	-	18.77	18.48	>	6	25	65
537	chr9	114957195	114957176	-	18.77	27.38	>	6	25	65
538	chr5	149647926	149647907	+	18.72	23.06	>	6	25	65
539	chr5	128440068	128440049	-	18.69	40.7	>	6	25	65
540	chr6	90606762	90606743	-	18.67	32.6	>	6	25	65
541	chr10	58560031	58560012	+	18.67	23.25	>	6	25	65
542	chr18	25538443	25538424	+	18.66	23.94	>	6	25	65
543	chr11	22987510	22987491	+	18.56	23.83	>	6	25	65
544	chr13	57269837	57269818	-	18.55	36.6	>	6	25	65
545	chr13	53096854	53096835	-	18.55	32.88	>	6	25	65
546	chr7	124783020	124783001	-	18.55	23.44	>	6	25	65
547	chr7	40687242	40687223	-	18.52	26.28	>	6	25	65
548	chr4	109438113	109438094	+	18.45	31.61	>	6	25	65
549	chr13	46663777	46663758	-	18.45	5.215	>	6	25	65
550	chr2	21927862	21927843	-	18.45	17.72	>	6	25	65
551	chr11	72564476	72564457	-	18.39	17.95	>	6	25	65
552	chr14	57362951	57362932	-	18.3	10.125	>	6	25	65
553	chr13	54063511	54063492	-	18.3	12.516	>	6	25	65
554	chr8	127191530	127191511	+	18.27	39.03	>	6	25	65
555	chr4	24249781	24249762	+	18.25	8.38	>	6	25	65
556	chr1	175603551	175603532	-	18.2	12.0	>	6	25	65
557	chr7	131897479	131897460	+	18.19	16.34	>	6	25	65
558	chr2	125259455	125259436	-	18.17	32.72	>	6	25	65
559	chr8	11943262	11943243	-	18.0	20.05	>	6	25	65
560	chr13	74861814	74861795	+	17.98	11.664	>	6	25	65
561	chr3	37302880	37302861	-	17.98	17.84	>	6	25	65
562	chr2	165391753	165391734	+	17.95	20.97	>	6	25	65
563	chr1	167669968	167669949	-	17.94	39.3	>	6	25	65
564	chr14	24311319	24311300	+	17.89	24.48	>	6	25	65
565	chr6	125622660	125622641	+	17.86	24.67	>	6	25	65
566	chr16	91694897	91694878	+	17.83	21.03	>	6	25	65
567	chr7	100886752	100886733	-	17.8	33.3	>	6	25	65
568	chr2	165779092	165779073	+	17.7	43.9	>	6	25	65
569	chr4	118988734	118988715	-	17.7	12.37	>	6	25	65
570	chr9	111939788	111939769	+	17.64	16.92	>	6	25	65
571	chr9	40806571	40806552	+	17.64	39.78	>	6	25	65
572	chr19	21571392	21571373	+	17.64	11.9	>	6	25	65
573	chr10	49785057	49785038	-	17.56	2.498	>	6	25	65
574	chr3	84922220	84922201	+	17.47	28.94	>	6	25	65
575	chr12	7991018	7990999	+	17.47	17.66	>	6	25	65
576	chr8	106687694	106687675	+	17.45	42.0	>	6	25	65
577	chr19	15998346	15998327	+	17.33	27.56	>	6	25	65
578	chr10	30838389	30838370	+	17.3	7.543	>	6	25	65
579	chr2	6469364	6469345	-	17.28	15.65	>	6	25	65
580	chr9	59678540	59678521	-	17.28	29.06	>	6	25	65
581	chr18	60143536	60143517	-	17.25	6.348	>	6	25	65
582	chr2	76114972	76114953	-	17.25	26.88	>	6	25	65
583	chr1	192722361	192722342	-	17.23	36.0	>	6	25	65
584	chr13	6737153	6737134	+	17.23	24.25	>	6	25	65
585	chr10	116199232	116199213	+	17.23	24.89	>	6	25	65
586	chr18	6627309	6627290	+	17.06	30.4	>	6	25	65
587	chr7	117375969	117375950	-	17.03	13.42	>	6	25	65
588	chr11	7200225	7200206	+	17.03	39.34	>	6	25	65
589	chr3	152474817	152474798	+	16.98	9.51	>	6	25	65
590	chr12	4107565	4107546	+	16.97	22.11	>	6	25	65
591	chr18	78212287	78212268	-	16.83	18.31	>	6	25	65
592	chr2	17842170	17842151	-	16.81	6.844	>	6	25	65
593	chr5	112429191	112429172	-	16.78	14.19	>	6	25	65
594	chr9	54169687	54169668	+	16.73	16.64	>	6	25	65
595	chr9	78597063	78597044	+	16.73	17.98	>	6	25	65
596	chr2	125556029	125556010	+	16.69	19.19	>	6	25	65
597	chr4	86545837	86545818	-	16.69	26.34	>	6	25	65
598	chr11	34229190	34229171	+	16.55	19.56	>	6	25	65
599	chr13	60479163	60479144	+	16.52	1.697	>	6	25	65
600	chr11	57788119	57788100	+	16.36	29.88	>	6	25	65
601	chr5	117504639	117504620	+	16.36	53.34	>	6	25	65
602	chr1	128368923	128368904	+	16.28	14.01	>	6	25	65
603	chr14	51098507	51098488	-	16.28	41.22	>	6	25	65
604	chr10	14404268	14404249	+	16.23	20.66	>	6	25	65
605	chr18	65752297	65752278	-	16.1	16.11	>	6	25	65
606	chr3	59077498	59077479	+	16.1	40.72	>	6	25	65
607	chr1	119919473	119919454	+	16.06	20.62	>	6	25	65
608	chr1	86598699	86598680	+	16.03	48.72	>	6	25	65
609	chr1	80178208	80178189	-	16.0	17.12	>	6	25	65
610	chr15	64132164	64132145	+	15.96	15.336	>	6	25	65
611	chr2	4652218	4652199	-	15.91	22.83	>	6	25	65
612	chr9	40805489	40805470	-	15.86	35.53	>	6	25	65
613	chr13	30549079	30549060	-	15.805	25.34	>	6	25	65
614	chr3	82350530	82350511	-	15.805	7.78	>	6	25	65
615	chr7	81155234	81155215	-	15.805	19.0	>	6	25	65
616	chr4	107701325	107701306	-	15.8	18.55	>	6	25	65
617	chr11	76655250	76655231	+	15.8	25.19	>	6	25	65
618	chr7	122945377	122945358	+	15.72	20.64	>	6	25	65
619	chr16	32697312	32697293	+	15.695	24.02	>	6	25	65
620	chr13	114460825	114460806	-	15.65	8.25	>	6	25	65
621	chr19	59389409	59389390	+	15.65	31.4	>	6	25	65
622	chr7	45451495	45451476	+	15.64	35.4	>	6	25	65
623	chr15	85599066	85599047	+	15.625	30.86	>	6	25	65
624	chr10	9012998	9012979	+	15.6	21.77	>	6	25	65
625	chr13	24318872	24318853	-	15.58	11.58	>	6	25	65
626	chr3	123506917	123506898	-	15.53	17.17	>	6	25	65
627	chr13	101719731	101719712	-	15.48	25.34	>	6	25	65
628	chr12	12412898	12412879	-	15.43	30.47	>	6	25	65
629	chr10	127342496	127342477	-	15.4	29.73	>	6	25	65
630	chr7	28972871	28972852	+	15.39	21.2	>	6	25	65
631	chr5	130862481	130862462	+	15.33	29.22	>	6	25	65
632	chr13	53779354	53779335	+	15.31	23.8	>	6	25	65
633	chr11	51582940	51582921	-	15.305	26.1	>	6	25	65
634	chr3	34150257	34150238	+	15.3	17.19	>	6	25	65
635	chr9	30423156	30423137	-	15.29	30.31	>	6	25	65
636	chr1	55886585	55886566	+	15.29	16.73	>	6	25	65
637	chr8	121104251	121104232	+	15.28	31.56	>	6	25	65
638	chr2	31683894	31683875	+	15.27	30.73	>	6	25	65
639	chr9	121458682	121458663	+	15.27	42.72	>	6	25	65
640	chr13	111421545	111421526	+	15.22	27.25	>	6	25	65
641	chr18	56572965	56572946	+	15.22	32.7	>	6	25	65
642	chr18	42593315	42593296	+	15.2	8.75	>	6	25	65
643	chr8	118287683	118287664	+	15.2	7.145	>	6	25	65
644	chr14	47742843	47742824	+	15.18	9.65	>	6	25	65
645	chr1	184791312	184791293	-	15.164	27.39	>	6	25	65
646	chr6	106800166	106800147	-	15.1	18.75	>	6	25	65
647	chr11	12025880	12025861	+	15.06	18.02	>	6	25	65
648	chr5	129594341	129594322	-	15.03	29.4	>	6	25	65
649	chr13	16005724	16005705	+	15.016	13.71	>	6	25	65
650	chr14	65597230	65597211	+	15.016	14.01	>	6	25	65
651	chr5	99900280	99900261	-	14.95	10.75	>	6	25	65
652	chr8	11421350	11421331	-	14.945	26.12	>	6	25	65
653	chr19	4755748	4755729	+	14.93	24.55	>	6	25	65
654	chr10	110733540	110733521	-	14.914	16.5	>	6	25	65
655	chr5	67752088	67752069	+	14.89	18.31	>	6	25	65
656	chr9	77381774	77381755	-	14.85	26.45	>	6	25	65
657	chr18	81951830	81951811	-	14.76	34.06	>	6	25	65
658	chr1	86059644	86059625	+	14.734	30.22	>	6	25	65
659	chr1	52630636	52630617	-	14.734	9.89	>	6	25	65
660	chr2	174308107	174308088	+	14.69	14.67	>	6	25	65
661	chr11	99364649	99364630	-	14.6	16.03	>	6	25	65
662	chr13	109558424	109558405	+	14.49	16.98	>	6	25	65
663	chr12	58201405	58201386	-	14.48	6.883	>	6	25	65
664	chr7	137471937	137471918	+	14.445	28.83	>	6	25	65
665	chr17	26916803	26916784	+	14.414	25.05	>	6	25	65
666	chr5	87871626	87871607	-	14.414	20.39	>	6	25	65
667	chr2	125252443	125252424	+	14.414	25.9	>	6	25	65
668	chr1	9549185	9549166	+	14.414	19.5	>	6	25	65
669	chr11	11788608	11788589	-	14.38	31.97	>	6	25	65
670	chr7	43928727	43928708	+	14.36	11.45	>	6	25	65
671	chr10	60760656	60760637	-	14.31	36.9	>	6	25	65
672	chr6	17362958	17362939	+	14.31	3.076	>	6	25	65
673	chr1	136521528	136521509	-	14.305	21.69	>	6	25	65
674	chr2	153147934	153147915	+	14.28	18.94	>	6	25	65
675	chr8	61522313	61522294	+	14.266	28.28	>	6	25	65
676	chr18	56759303	56759284	+	14.266	12.61	>	6	25	65
677	chr14	115451146	115451127	-	14.234	4.215	>	6	25	65
678	chr1	176218428	176218409	+	14.195	14.99	>	6	25	65
679	chr15	97665520	97665501	-	14.18	30.02	>	6	25	65
680	chr13	20299620	20299601	+	14.18	33.25	>	6	25	65
681	chr9	59969601	59969582	-	14.14	17.69	>	6	25	65
682	chr16	57611975	57611956	+	14.055	18.66	>	6	25	65
683	chr12	15816144	15816125	+	13.984	8.52	>	6	25	65
684	chr15	82271381	82271362	-	13.95	28.55	>	6	25	65
685	chr7	74363644	74363625	-	13.95	40.8	>	6	25	65
686	chr3	73066293	73066274	+	13.95	16.86	>	6	25	65
687	chr1	118772515	118772496	-	13.945	30.34	>	6	25	65
688	chr4	110020493	110020474	-	13.94	26.28	>	6	25	65
689	chr3	34639420	34639401	-	13.94	14.87	>	6	25	65
690	chr2	131530224	131530205	-	13.92	25.86	>	6	25	65
691	chr4	20024128	20024109	+	13.91	12.516	>	6	25	65
692	chr8	74980870	74980851	-	13.81	30.2	>	6	25	65
693	chr18	75757719	75757700	+	13.734	18.78	>	6	25	65
694	chr7	89908147	89908128	-	13.72	13.79	>	6	25	65
695	chr4	150257406	150257387	+	13.72	23.58	>	6	25	65
696	chr2	55022781	55022762	-	13.664	7.77	>	6	25	65
697	chr18	64506771	64506752	-	13.63	18.4	>	6	25	65
698	chr14	123353156	123353137	-	13.61	11.6	>	6	25	65
699	chr4	139872794	139872775	+	13.59	35.75	>	6	25	65
700	chr13	51839869	51839850	+	13.586	21.19	>	6	25	65
701	chr5	146162789	146162770	+	13.516	23.42	>	6	25	65
702	chr9	83785201	83785182	+	13.49	14.66	>	6	25	65
703	chr3	59079480	59079461	+	13.44	28.77	>	6	25	65
704	chr10	11345312	11345293	-	13.375	5.086	>	6	25	65
705	chr11	46252188	46252169	-	13.34	28.12	>	6	25	65
706	chr4	85404971	85404952	+	13.32	14.11	>	6	25	65
707	chr4	130738774	130738755	+	13.31	16.47	>	6	25	65
708	chr5	86432914	86432895	+	13.305	16.02	>	6	25	65
709	chr3	22306829	22306810	+	13.266	18.6	>	6	25	65
710	chr2	91930225	91930206	-	13.25	19.55	>	6	25	65
711	chr6	108417714	108417695	+	13.234	10.66	>	6	25	65
712	chr12	17011790	17011771	-	13.16	20.73	>	6	25	65
713	chr5	87551137	87551118	-	13.15	21.52	>	6	25	65
714	chr4	106227683	106227664	-	13.14	14.38	>	6	25	65
715	chr4	139877472	139877453	+	13.1	27.4	>	6	25	65
716	chr1	88742593	88742574	-	13.086	17.75	>	6	25	65
717	chr3	52254088	52254069	+	13.02	34.16	>	6	25	65
718	chr9	73159469	73159450	+	12.99	27.5	>	6	25	65
719	chr7	29297253	29297234	-	12.984	28.8	>	6	25	65
720	chr13	116312336	116312317	-	12.93	10.21	>	6	25	65
721	chr2	157117146	157117127	-	12.91	21.92	>	6	25	65
722	chr9	60243712	60243693	+	12.89	13.59	>	6	25	65
723	chr1	179845066	179845047	-	12.88	17.89	>	6	25	65
724	chr11	103332754	103332735	+	12.875	24.97	>	6	25	65
725	chr1	53032774	53032755	-	12.87	13.05	>	6	25	65
726	chr8	45345197	45345178	+	12.81	16.72	>	6	25	65
727	chr12	113216133	113216114	+	12.74	53.7	>	6	25	65
728	chr15	36152194	36152175	-	12.72	16.9	>	6	25	65
729	chr1	72876274	72876255	+	12.69	17.11	>	6	25	65
730	chr9	14774009	14773990	+	12.664	9.0	>	6	25	65
731	chr12	74317197	74317178	-	12.664	11.76	>	6	25	65
732	chr7	107819649	107819630	-	12.64	16.3	>	6	25	65
733	chr13	55327907	55327888	+	12.64	17.61	>	6	25	65
734	chr3	54796015	54795996	+	12.63	22.77	>	6	25	65
735	chr6	60963937	60963918	+	12.61	7.094	>	6	25	65
736	chr8	21981891	21981872	-	12.61	17.33	>	6	25	65
737	chr10	38269349	38269330	-	12.52	19.28	>	6	25	65
738	chr6	51170619	51170600	-	12.5	20.02	>	6	25	65
739	chr2	148110356	148110337	-	12.43	16.03	>	6	25	65
740	chr1	88301823	88301804	-	12.42	19.61	>	6	25	65
741	chr6	115037959	115037940	-	12.33	15.375	>	6	25	65
742	chr16	11980974	11980955	+	12.33	3.668	>	6	25	65
743	chr15	44832771	44832752	-	12.31	24.2	>	6	25	65
744	chr19	26193888	26193869	-	12.29	7.65	>	6	25	65
745	chr17	8988263	8988244	-	12.29	10.71	>	6	25	65
746	chr14	66358860	66358841	+	12.28	18.22	>	6	25	65
747	chr12	40832432	40832413	-	12.26	13.56	>	6	25	65
748	chr2	53206958	53206939	-	12.18	12.55	>	6	25	65
749	chr16	42914617	42914598	+	12.16	7.133	>	6	25	65
750	chr11	111523686	111523667	-	12.14	23.53	>	6	25	65
751	chr6	121556678	121556659	+	12.11	18.8	>	6	25	65
752	chr7	43926199	43926180	-	12.1	21.69	>	6	25	65
753	chr3	3311028	3311009	+	12.09	10.74	>	6	25	65
754	chr12	17018680	17018661	+	12.04	21.19	>	6	25	65
755	chr18	33794794	33794775	+	11.97	24.89	>	6	25	65
756	chr15	73791915	73791896	+	11.96	24.61	>	6	25	65
757	chr12	82489256	82489237	+	11.945	11.805	>	6	25	65
758	chr19	37559803	37559784	+	11.91	21.4	>	6	25	65
759	chr12	36195155	36195136	-	11.91	7.07	>	6	25	65
760	chr3	30515246	30515227	-	11.875	11.664	>	6	25	65
761	chr19	27426681	27426662	-	11.81	11.945	>	6	25	65
762	chr2	75590427	75590408	-	11.75	21.66	>	6	25	65
763	chr2	17849498	17849479	+	11.75	6.633	>	6	25	65
764	chr9	83371155	83371136	-	11.75	6.18	>	6	25	65
765	chr9	30936846	30936827	-	11.734	17.67	>	6	25	65
766	chr15	94690037	94690018	+	11.73	23.03	>	6	25	65
767	chr2	147379133	147379114	+	11.69	9.875	>	6	25	65
768	chr4	121232314	121232295	-	11.664	7.945	>	6	25	65
769	chr18	56333219	56333200	-	11.64	4.934	>	6	25	65
770	chr16	25952209	25952190	-	11.64	6.688	>	6	25	65
771	chr13	94976326	94976307	+	11.63	16.62	>	6	25	65
772	chr2	30942898	30942879	-	11.57	22.28	>	6	25	65
773	chr6	104479441	104479422	+	11.55	10.57	>	6	25	65
774	chr5	113080039	113080020	-	11.52	26.94	>	6	25	65
775	chr16	30550607	30550588	-	11.52	17.62	>	6	25	65
776	chr1	160194976	160194957	+	11.51	18.28	>	6	25	65
777	chr11	56116782	56116763	-	11.48	30.47	>	6	25	65
778	chr6	112484521	112484502	-	11.48	12.14	>	6	25	65
779	chr14	21853546	21853527	-	11.445	30.66	>	6	25	65
780	chr9	58534993	58534974	+	11.414	20.97	>	6	25	65
781	chr17	73302318	73302299	+	11.414	39.62	>	6	25	65
782	chr1	85842459	85842440	-	11.41	14.02	>	6	25	65
783	chr17	16926410	16926391	-	11.35	2.584	>	6	25	65
784	chr12	29894861	29894842	+	11.31	16.72	>	6	25	65
785	chr2	127832989	127832970	+	11.22	7.293	>	6	25	65
786	chr16	20724653	20724634	+	11.18	15.11	>	6	25	65
787	chr1	180811112	180811093	-	11.164	28.33	>	6	25	65
788	chr13	109210611	109210592	-	11.16	17.5	>	6	25	65
789	chr18	5990207	5990188	-	11.14	3.14	>	6	25	65
790	chr18	12102268	12102249	-	11.125	23.38	>	6	25	65
791	chr19	59380193	59380174	+	11.08	23.9	>	6	25	65
792	chr2	101665476	101665457	+	11.055	26.06	>	6	25	65
793	chr12	108541242	108541223	-	11.02	27.9	>	6	25	65
794	chr2	32583648	32583629	+	11.016	30.19	>	6	25	65
795	chr1	181881807	181881788	-	10.98	11.91	>	6	25	65
796	chr5	117506576	117506557	+	10.94	40.06	>	6	25	65
797	chr1	38789153	38789134	+	10.89	22.95	>	6	25	65
798	chr10	102445139	102445120	-	10.875	19.4	>	6	25	65
799	chr12	81788941	81788922	+	10.87	12.51	>	6	25	65
800	chr9	78233462	78233443	-	10.86	15.93	>	6	25	65
801	chr10	96618527	96618508	+	10.86	3.014	>	6	25	65
802	chr8	84639419	84639400	-	10.85	34.7	>	6	25	65
803	chr17	8468905	8468886	+	10.85	20.27	>	6	25	65
804	chr2	67535551	67535532	+	10.83	7.83	>	6	25	65
805	chr18	52947340	52947321	+	10.82	10.15	>	6	25	65
806	chr13	72625410	72625391	-	10.78	6.715	>	6	25	65
807	chr11	31942449	31942430	+	10.69	22.72	>	6	25	65
808	chr1	6190743	6190724	-	10.63	7.344	>	6	25	65
809	chr7	74367549	74367530	+	10.6	15.16	>	6	25	65
810	chr4	22482970	22482951	+	10.58	4.45	>	6	25	65
811	chr13	20298018	20297999	+	10.56	24.86	>	6	25	65
812	chr16	75325511	75325492	-	10.484	5.44	>	6	25	65
813	chr6	54586377	54586358	+	10.44	8.14	>	6	25	65
814	chr14	59604211	59604192	-	10.375	15.664	>	6	25	65
815	chr2	107946040	107946021	-	10.31	11.08	>	6	25	65
816	chr1	62701219	62701200	-	10.3	12.74	>	6	25	65
817	chr7	75914120	75914101	+	10.266	24.1	>	6	25	65
818	chr5	98167679	98167660	+	10.26	12.875	>	6	25	65
819	chr9	99671799	99671780	+	10.23	22.52	>	6	25	65
820	chr1	179847901	179847882	+	10.16	11.88	>	6	25	65
821	chr15	80080817	80080798	-	10.15	32.28	>	6	25	65
822	chr6	137747756	137747737	-	10.09	27.12	>	6	25	65
823	chr6	77249625	77249606	-	10.09	6.945	>	6	25	65
824	chr5	149049190	149049171	-	10.08	15.81	>	6	25	65
825	chr18	32814407	32814388	-	10.07	2.566	>	6	25	65
826	chr11	46258405	46258386	-	10.06	20.3	>	6	25	65
827	chr11	81974830	81974811	-	10.01	5.44	>	6	25	65
828	chr19	48414047	48414028	+	9.99	12.77	>	6	25	65
829	chr11	34836484	34836465	+	9.86	20.75	>	6	25	65
830	chr17	24437345	24437326	-	9.81	19.33	>	6	25	65
831	chr6	59208753	59208734	-	9.734	12.92	>	6	25	65
832	chr13	37325694	37325675	-	9.734	20.84	>	6	25	65
833	chr11	43412967	43412948	-	9.72	22.2	>	6	25	65
834	chr13	49651342	49651323	-	9.71	2.496	>	6	25	65
835	chr7	143151380	143151361	+	9.69	18.05	>	6	25	65
836	chr16	4285478	4285459	-	9.67	7.94	>	6	25	65
837	chr11	29715017	29714998	-	9.664	9.12	>	6	25	65
838	chr3	134654263	134654244	+	9.62	3.898	>	6	25	65
839	chr8	28978824	28978805	-	9.57	7.504	>	6	25	65
840	chr13	54062269	54062250	-	9.55	10.02	>	6	25	65
841	chr9	32585514	32585495	+	9.516	12.72	>	6	25	65
842	chr7	73648212	73648193	-	9.484	13.375	>	6	25	65
843	chr19	27425889	27425870	-	9.44	11.26	>	6	25	65
844	chr13	100854377	100854358	-	9.42	17.78	>	6	25	65
845	chr5	140749784	140749765	-	9.414	22.17	>	6	25	65
846	chr4	127027444	127027425	+	9.4	22.48	>	6	25	65
847	chr11	109221866	109221847	-	9.3	9.67	>	6	25	65
848	chr16	16596794	16596775	+	9.28	5.977	>	6	25	65
849	chr2	128605294	128605275	-	9.25	9.07	>	6	25	65
850	chr2	61492265	61492246	+	9.25	6.99	>	6	25	65
851	chr10	74217479	74217460	+	9.22	7.7	>	6	25	65
852	chr9	68016722	68016703	+	9.2	8.305	>	6	25	65
853	chr6	144248136	144248117	+	9.19	7.742	>	6	25	65
854	chr13	51191948	51191929	+	9.17	5.492	>	6	25	65
855	chr2	103424848	103424829	-	9.164	12.29	>	6	25	65
856	chr7	64751734	64751715	-	9.13	16.66	>	6	25	65
857	chr7	27160004	27159985	+	9.125	14.17	>	6	25	65
858	chr13	95986545	95986526	+	9.08	13.76	>	6	25	65
859	chr5	135118653	135118634	+	9.08	29.22	>	6	25	65
860	chr10	49786914	49786895	-	9.07	0.785	>	6	25	65
861	chr1	51639072	51639053	+	9.02	3.22	>	6	25	65
862	chr14	105307894	105307875	+	8.95	2.453	>	6	25	65
863	chr19	40231990	40231971	-	8.95	19.89	>	6	25	65
864	chr10	69656526	69656507	+	8.95	12.99	>	6	25	65
865	chr7	142714879	142714860	-	8.945	27.2	>	6	25	65
866	chr6	129256260	129256241	-	8.93	14.53	>	6	25	65
867	chr5	138199783	138199764	+	8.9	8.414	>	6	25	65
868	chr8	36193738	36193719	+	8.89	10.43	>	6	25	65
869	chr11	49597354	49597335	+	8.87	6.92	>	6	25	65
870	chr1	139405977	139405958	-	8.86	4.043	>	6	25	65
871	chr3	124289118	124289099	-	8.84	12.69	>	6	25	65
872	chr9	13196005	13195986	-	8.83	30.6	>	6	25	65
873	chr14	115819240	115819221	+	8.83	10.71	>	6	25	65
874	chr5	146914595	146914576	+	8.82	39.7	>	6	25	65
875	chr4	119223866	119223847	-	8.766	16.34	>	6	25	65
876	chr15	85879204	85879185	-	8.76	17.27	>	6	25	65
877	chr4	124682485	124682466	+	8.7	17.45	>	6	25	65
878	chr17	34956526	34956507	+	8.695	22.17	>	6	25	65
879	chr12	39494054	39494035	-	8.65	2.455	>	6	25	65
880	chr9	34485824	34485805	-	8.625	10.6	>	6	25	65
881	chr2	180786948	180786929	+	8.57	17.27	>	6	25	65
882	chr4	62230989	62230970	+	8.57	12.25	>	6	25	65
883	chr2	16357480	16357461	+	8.55	2.205	>	6	25	65
884	chr17	9759516	9759497	+	8.54	11.53	>	6	25	65
885	chr10	13018670	13018651	+	8.54	19.64	>	6	25	65
886	chr4	32570820	32570801	-	8.52	6.645	>	6	25	65
887	chr9	86451919	86451900	-	8.49	16.77	>	6	25	65
888	chr7	139590495	139590476	+	8.49	20.39	>	6	25	65
889	chr16	31944169	31944150	+	8.445	14.11	>	6	25	65
890	chr3	104701211	104701192	-	8.44	24.84	>	6	25	65
891	chr2	160955546	160955527	-	8.414	14.05	>	6	25	65
892	chr18	32811889	32811870	+	8.4	4.918	>	6	25	65
893	chr14	115042240	115042221	-	8.4	14.734	>	6	25	65
894	chr2	28464119	28464100	-	8.33	19.16	>	6	25	65
895	chr2	76369931	76369912	+	8.28	9.1	>	6	25	65
896	chr3	107605512	107605493	+	8.28	12.57	>	6	25	65
897	chr14	121220891	121220872	-	8.23	10.8	>	6	25	65
898	chr1	103796539	103796520	+	8.22	10.74	>	6	25	65
899	chr16	23151589	23151570	+	8.21	3.11	>	6	25	65
900	chr5	33371346	33371327	-	8.19	15.74	>	6	25	65
901	chr13	103121088	103121069	-	8.18	6.016	>	6	25	65
902	chr10	60760529	60760510	+	8.14	24.72	>	6	25	65
903	chr1	169921787	169921768	+	8.12	12.62	>	6	25	65
904	chr13	42826816	42826797	-	8.11	17.0	>	6	25	65
905	chr6	72601930	72601911	+	8.11	24.06	>	6	25	65
906	chr7	81345319	81345300	-	7.99	7.87	>	6	25	65
907	chr11	33934471	33934452	+	7.98	18.27	>	6	25	65
908	chr18	77044808	77044789	-	7.97	11.42	>	6	25	65
909	chr7	67217278	67217259	+	7.926	7.28	>	6	25	65
910	chr2	164074027	164074008	+	7.906	10.22	>	6	25	65
911	chr3	45373410	45373391	+	7.855	1.438	>	6	25	65
912	chr1	152768355	152768336	-	7.84	9.35	>	6	25	65
913	chr11	102267665	102267646	-	7.81	17.44	>	6	25	65
914	chr11	43411664	43411645	-	7.81	21.72	>	6	25	65
915	chr2	129880054	129880035	+	7.805	6.484	>	6	25	65
916	chr11	81972241	81972222	+	7.797	9.07	>	6	25	65
917	chr9	65581143	65581124	-	7.793	11.17	>	6	25	65
918	chr4	106228720	106228701	+	7.727	13.9	>	6	25	65
919	chr6	119467876	119467857	+	7.703	18.1	>	6	25	65
920	chr10	122794511	122794492	+	7.695	15.734	>	6	25	65
921	chr14	34813484	34813465	-	7.69	11.805	>	6	25	65
922	chr15	19280629	19280610	+	7.68	3.066	>	6	25	65
923	chr13	38235597	38235578	-	7.676	11.836	>	6	25	65
924	chr13	21710105	21710086	+	7.67	14.95	>	6	25	65
925	chr11	104231353	104231334	-	7.67	18.38	>	6	25	65
926	chr6	86401304	86401285	-	7.64	23.28	>	6	25	65
927	chr4	24245320	24245301	-	7.633	3.027	>	6	25	65
928	chr9	29655082	29655063	+	7.613	20.11	>	6	25	65
929	chr9	58535957	58535938	-	7.605	16.9	>	6	25	65
930	chr5	112427478	112427459	-	7.598	9.93	>	6	25	65
931	chr4	140539353	140539334	-	7.58	22.9	>	6	25	65
932	chr14	105302910	105302891	+	7.57	4.605	>	6	25	65
933	chr7	19713404	19713385	-	7.543	26.19	>	6	25	65
934	chr1	127487367	127487348	-	7.52	14.33	>	6	25	65
935	chr19	56806125	56806106	-	7.504	5.934	>	6	25	65
936	chr19	47175662	47175643	-	7.46	21.67	>	6	25	65
937	chr2	150795624	150795605	-	7.44	6.633	>	6	25	65
938	chr2	137114826	137114807	+	7.438	4.08	>	6	25	65
939	chr10	119244230	119244211	+	7.434	4.305	>	6	25	65
940	chr5	117094622	117094603	+	7.42	22.22	>	6	25	65
941	chr11	67100384	67100365	-	7.42	22.83	>	6	25	65
942	chr5	30686988	30686969	+	7.41	18.64	>	6	25	65
943	chr8	105291139	105291120	-	7.41	11.78	>	6	25	65
944	chr7	143470174	143470155	-	7.39	17.94	>	6	25	65
945	chr15	8099290	8099271	-	7.35	8.336	>	6	25	65
946	chr7	119015949	119015930	+	7.34	17.75	>	6	25	65
947	chr17	56306039	56306020	-	7.305	16.48	>	6	25	65
948	chr1	134636895	134636876	+	7.3	5.97	>	6	25	65
949	chr17	65541217	65541198	+	7.258	9.125	>	6	25	65
950	chr14	49218880	49218861	+	7.25	8.47	>	6	25	65
951	chr1	25527154	25527135	+	7.2	7.453	>	6	25	65
952	chr1	146515575	146515556	+	7.18	3.11	>	6	25	65
953	chr9	44109578	44109559	+	7.176	33.9	>	6	25	65
954	chr11	108889358	108889339	+	7.15	8.016	>	6	25	65
955	chr7	138398615	138398596	+	7.117	4.707	>	6	25	65
956	chr5	32204842	32204823	+	7.11	6.15	>	6	25	65
957	chr8	14859581	14859562	+	7.1	5.27	>	6	25	65
958	chr11	95676507	95676488	-	7.09	14.555	>	6	25	65
959	chr6	85141186	85141167	+	7.08	33.56	>	6	25	65
960	chr14	20340404	20340385	-	7.04	15.81	>	6	25	65
961	chr1	193130339	193130320	-	7.023	5.71	>	6	25	65
962	chr9	98032882	98032863	+	6.992	4.73	>	6	25	65
963	chr7	143793289	143793270	+	6.98	21.42	>	6	25	65
964	chr12	32292312	32292293	-	6.895	8.26	>	6	25	65
965	chr17	45724453	45724434	-	6.89	12.125	>	6	25	65
966	chr14	102512314	102512295	+	6.89	1.602	>	6	25	65
967	chr8	11943038	11943019	+	6.88	5.47	>	6	25	65
968	chr7	83553561	83553542	+	6.867	8.27	>	6	25	65
969	chr9	64960779	64960760	-	6.85	16.31	>	6	25	65
970	chr9	30426996	30426977	+	6.832	15.31	>	6	25	65
971	chr11	119249183	119249164	+	6.785	23.48	>	6	25	65
972	chr8	90795542	90795523	+	6.77	10.67	>	6	25	65
973	chr2	113498926	113498907	-	6.766	9.86	>	6	25	65
974	chr13	62926662	62926643	+	6.75	4.73	>	6	25	65
975	chr1	127485025	127485006	+	6.715	16.44	>	6	25	65
976	chr17	78592615	78592596	+	6.715	8.945	>	6	25	65
977	chr2	118246134	118246115	-	6.668	13.72	>	6	25	65
978	chr2	92474875	92474856	-	6.652	13.95	>	6	25	65
979	chr7	17061423	17061404	+	6.645	15.1	>	6	25	65
980	chr10	122090678	122090659	+	6.63	8.38	>	6	25	65
981	chr13	64448147	64448128	+	6.594	17.92	>	6	25	65
982	chr2	34642611	34642592	-	6.562	14.51	>	6	25	65
983	chr5	117509743	117509724	+	6.54	26.92	>	6	25	65
984	chr7	131371109	131371090	+	6.516	4.71	>	6	25	65
985	chr6	94054143	94054124	-	6.5	13.34	>	6	25	65
986	chr14	20697228	20697209	+	6.465	17.88	>	6	25	65
987	chr10	122798121	122798102	+	6.46	15.23	>	6	25	65
988	chr13	14196604	14196585	+	6.45	1.613	>	6	25	65
989	chr3	118991976	118991957	+	6.438	8.26	>	6	25	65
990	chr9	107231295	107231276	-	6.434	7.414	>	6	25	65
991	chr15	24557016	24556997	-	6.418	3.371	>	6	25	65
992	chr2	178407758	178407739	+	6.414	11.43	>	6	25	65
993	chr9	90683476	90683457	-	6.38	1.322	>	6	25	65
994	chr6	22968335	22968316	-	6.34	6.418	>	6	25	65
995	chr12	67217811	67217792	+	6.336	1.95	>	6	25	65
996	chr10	82910438	82910419	+	6.277	10.99	>	6	25	65
997	chr7	49125716	49125697	+	6.258	16.88	>	6	25	65
998	chr11	119491305	119491286	-	6.215	10.81	>	6	25	65
999	chr11	32341308	32341289	-	6.21	14.555	>	6	25	65
1000	chr19	8713406	8713387	+	6.19	10.44	>	6	25	65
1001	chr4	48048044	48048025	+	6.152	6.21	>	6	25	65
1002	chr11	52764825	52764806	+	6.15	7.75	>	6	25	65
1003	chr13	20564636	20564617	-	6.145	4.82	>	6	25	65
1004	chr10	39105011	39104992	-	6.14	7.152	>	6	25	65
1005	chr11	98909856	98909837	-	6.117	18.95	>	6	25	65
1006	chr1	151025102	151025083	+	6.117	4.496	>	6	25	65
1007	chr5	98167777	98167758	-	6.113	9.555	>	6	25	65
1008	chr8	88118562	88118543	+	6.062	3.66	>	6	25	65
1009	chr16	92511934	92511915	+	6.035	16.34	>	6	25	65
1010	chr15	25792295	25792276	-	6.008	6.87	>	6	25	65
1011	chr13	92751194	92751175	+	5.938	12.68	>	6	25	65
1012	chr5	101688793	101688774	-	5.934	12.51	>	6	25	65
1013	chr7	112023252	112023233	+	5.93	8.26	>	6	25	65
1014	chr14	21854038	21854019	-	5.914	27.36	>	6	25	65
1015	chr8	32003733	32003714	-	5.9	2.012	>	6	25	65
1016	chr13	53095394	53095375	-	5.867	6.086	>	6	25	65
1017	chr1	182554179	182554160	+	5.836	10.15	>	6	25	65
1018	chr6	18381568	18381549	+	5.832	1.955	>	6	25	65
1019	chr9	77389590	77389571	+	5.832	5.68	>	6	25	65
1020	chr16	5254481	5254462	-	5.812	12.77	>	6	25	65
1021	chr2	93199625	93199606	+	5.797	14.08	>	6	25	65
1022	chr9	81631651	81631632	-	5.793	3.863	>	6	25	65
1023	chr2	152887412	152887393	-	5.78	4.652	>	6	25	65
1024	chr4	153481137	153481118	-	5.766	3.3	>	6	25	65
1025	chr8	72239706	72239687	-	5.754	5.32	>	6	25	65
1026	chr18	65750236	65750217	-	5.703	2.543	>	6	25	65
1027	chr6	61311882	61311863	-	5.68	7.43	>	6	25	65
1028	chr18	46143625	46143606	+	5.676	6.477	>	6	25	65
1029	chr6	120836118	120836099	+	5.64	7.797	>	6	25	65
1030	chr6	100563990	100563971	-	5.625	4.164	>	6	25	65
1031	chr3	13475098	13475079	-	5.61	1.948	>	6	25	65
1032	chr2	132262968	132262949	+	5.6	7.164	>	6	25	65
1033	chr11	103334169	103334150	+	5.594	12.02	>	6	25	65
1034	chr6	54255029	54255010	+	5.586	4.35	>	6	25	65
1035	chr13	101711018	101710999	+	5.543	9.15	>	6	25	65
1036	chr5	39644761	39644742	-	5.54	3.531	>	6	25	65
1037	chr8	90795201	90795182	-	5.516	4.996	>	6	25	65
1038	chr18	23162646	23162627	+	5.51	1.562	>	6	25	65
1039	chr16	78165563	78165544	+	5.477	7.39	>	6	25	65
1040	chr2	96584106	96584087	-	5.44	3.29	>	6	25	65
1041	chr12	72070473	72070454	+	5.426	11.336	>	6	25	65
1042	chr12	24708691	24708672	+	5.414	9.914	>	6	25	65
1043	chr8	92367135	92367116	-	5.406	6.984	>	6	25	65
1044	chr17	83866777	83866758	+	5.4	23.0	>	6	25	65
1045	chr13	55322636	55322617	-	5.4	7.0	>	6	25	65
1046	chr6	88893771	88893752	-	5.395	16.78	>	6	25	65
1047	chr19	8718731	8718712	-	5.383	8.6	>	6	25	65
1048	chr12	59220179	59220160	-	5.38	2.5	>	6	25	65
1049	chr14	60784526	60784507	+	5.367	16.06	>	6	25	65
1050	chr3	153658591	153658572	+	5.33	6.258	>	6	25	65
1051	chr9	77386949	77386930	-	5.312	12.24	>	6	25	65
1052	chr10	83219903	83219884	+	5.312	6.188	>	6	25	65
1053	chr6	15176967	15176948	-	5.31	2.947	>	6	25	65
1054	chr2	152604207	152604188	-	5.27	19.44	>	6	25	65
1055	chr2	39003369	39003350	-	5.26	1.671	>	6	25	65
1056	chr16	31425707	31425688	-	5.254	13.484	>	6	25	65
1057	chr5	137503018	137502999	-	5.227	3.691	>	6	25	65
1058	chr18	13973086	13973067	-	5.207	0.71	>	6	25	65
1059	chr17	68849016	68848997	-	5.2	1.891	>	6	25	65
1060	chr2	128408931	128408912	-	5.19	8.72	>	6	25	65
1061	chr14	97559790	97559771	-	5.16	2.041	>	6	25	65
1062	chr8	67903864	67903845	-	5.13	6.113	>	6	25	65
1063	chr14	56888181	56888162	-	5.125	3.316	>	6	25	65
1064	chr4	132198465	132198446	+	5.125	11.19	>	6	25	65
1065	chr2	39005861	39005842	-	5.12	3.883	>	6	25	65
1066	chr7	137471679	137471660	-	5.1	19.97	>	6	25	65
1067	chr6	64949075	64949056	+	5.09	5.168	>	6	25	65
1068	chr18	16821148	16821129	+	5.043	1.935	>	6	25	65
1069	chr2	93813566	93813547	+	5.04	13.086	>	6	25	65
1070	chr6	126481478	126481459	-	5.023	10.89	>	6	25	65
1071	chr1	181881093	181881074	-	4.984	10.19	>	6	25	65
1072	chr6	108065822	108065803	-	4.977	6.67	>	6	25	65
1073	chr4	88550373	88550354	+	4.938	4.04	>	6	25	65
1074	chr5	137502167	137502148	+	4.867	8.81	>	6	25	65
1075	chr8	77618148	77618129	-	4.86	4.188	>	6	25	65
1076	chr7	120098024	120098005	+	4.855	7.22	>	6	25	65
1077	chr2	75152706	75152687	-	4.824	10.55	>	6	25	65
1078	chr11	87950193	87950174	+	4.78	11.09	>	6	25	65
1079	chr11	94598936	94598917	-	4.746	10.49	>	6	25	65
1080	chr1	10229119	10229100	+	4.746	0.972	>	6	25	65
1081	chr7	143476888	143476869	+	4.746	8.89	>	6	25	65
1082	chr9	102607693	102607674	-	4.715	3.604	>	6	25	65
1083	chr8	32009749	32009730	+	4.71	6.785	>	6	25	65
1084	chr3	99262117	99262098	-	4.707	1.889	>	6	25	65
1085	chr18	75607987	75607968	+	4.664	23.11	>	6	25	65
1086	chr7	75380211	75380192	-	4.64	2.41	>	6	25	65
1087	chr3	135863108	135863089	+	4.64	3.164	>	6	25	65
1088	chr4	87369015	87368996	-	4.625	9.125	>	6	25	65
1089	chr8	84639535	84639516	+	4.605	13.88	>	6	25	65
1090	chr15	74524301	74524282	+	4.586	13.7	>	6	25	65
1091	chr17	57007316	57007297	-	4.582	9.42	>	6	25	65
1092	chr11	30893985	30893966	+	4.547	0.9004	>	6	25	65
1093	chr19	57360190	57360171	-	4.543	2.654	>	6	25	65
1094	chr8	110102657	110102638	-	4.53	9.24	>	6	25	65
1095	chr7	135389259	135389240	-	4.53	9.336	>	6	25	65
1096	chr4	152527530	152527511	+	4.516	13.99	>	6	25	65
1097	chr13	103710441	103710422	+	4.5	4.57	>	6	25	65
1098	chr10	120896053	120896034	+	4.5	2.322	>	6	25	65
1099	chr18	5155632	5155613	-	4.484	6.39	>	6	25	65
1100	chr12	80141693	80141674	-	4.45	17.05	>	6	25	65
1101	chr5	118763566	118763547	-	4.418	12.81	>	6	25	65
1102	chr12	14150175	14150156	+	4.406	3.688	>	6	25	65
1103	chr10	128990300	128990281	-	4.4	8.03	>	6	25	65
1104	chr10	30834038	30834019	-	4.37	4.473	>	6	25	65
1105	chr6	50618483	50618464	+	4.367	12.766	>	6	25	65
1106	chr15	9748972	9748953	-	4.36	3.496	>	6	25	65
1107	chr16	92308164	92308145	-	4.355	11.22	>	6	25	65
1108	chr2	9881964	9881945	-	4.355	2.918	>	6	25	65
1109	chr8	123106089	123106070	+	4.336	8.18	>	6	25	65
1110	chr5	98346264	98346245	+	4.324	2.342	>	6	25	65
1111	chr10	40249841	40249822	-	4.316	12.23	>	6	25	65
1112	chr3	141457685	141457666	+	4.312	4.707	>	6	25	65
1113	chr9	40192620	40192601	-	4.3	2.145	>	6	25	65
1114	chr9	72448248	72448229	+	4.29	7.78	>	6	25	65
1115	chr13	24316809	24316790	-	4.273	3.682	>	6	25	65
1116	chr1	50927249	50927230	+	4.258	4.5	>	6	25	65
1117	chr11	102690417	102690398	-	4.223	12.195	>	6	25	65
1118	chr4	116627141	116627122	+	4.207	6.52	>	6	25	65
1119	chr15	76198817	76198798	+	4.164	10.72	>	6	25	65
1120	chr15	12113620	12113601	-	4.156	3.312	>	6	25	65
1121	chr1	115675059	115675040	+	4.152	5.223	>	6	25	65
1122	chr2	34644807	34644788	-	4.15	8.266	>	6	25	65
1123	chr2	166084974	166084955	-	4.133	18.12	>	6	25	65
1124	chr11	21571906	21571887	-	4.13	2.105	>	6	25	65
1125	chr15	9449709	9449690	-	4.062	0.543	>	6	25	65
1126	chr5	92664520	92664501	-	4.055	3.326	>	6	25	65
1127	chr12	77001216	77001197	+	4.043	1.105	>	6	25	65
1128	chr6	93757507	93757488	-	4.01	5.273	>	6	25	65
1129	chr19	56302794	56302775	+	4.01	3.797	>	6	25	65
1130	chr13	71954038	71954019	-	4.008	1.19	>	6	25	65
1131	chr4	17852015	17851996	-	4.0	0.8535	>	6	25	65
1132	chr18	39136126	39136107	+	3.992	1.932	>	6	25	65
1133	chr1	153489234	153489215	-	3.99	7.715	>	6	25	65
1134	chr9	66136172	66136153	-	3.988	5.383	>	6	25	65
1135	chr11	109621431	109621412	-	3.979	11.484	>	6	25	65
1136	chr13	91723318	91723299	+	3.959	5.49	>	6	25	65
1137	chr13	3642291	3642272	-	3.959	4.75	>	6	25	65
1138	chr13	47304770	47304751	+	3.957	6.746	>	6	25	65
1139	chr2	121144456	121144437	+	3.953	4.504	>	6	25	65
1140	chr13	93772223	93772204	-	3.928	3.56	>	6	25	65
1141	chr10	70967079	70967060	+	3.916	4.88	>	6	25	65
1142	chr13	59417085	59417066	-	3.91	5.0	>	6	25	65
1143	chr7	102484972	102484953	-	3.883	7.0	>	6	25	65
1144	chr5	38235667	38235648	-	3.879	10.78	>	6	25	65
1145	chr14	56885401	56885382	+	3.87	2.412	>	6	25	65
1146	chr11	75170669	75170650	-	3.861	7.984	>	6	25	65
1147	chr11	77980417	77980398	+	3.846	9.5	>	6	25	65
1148	chr9	94738712	94738693	+	3.828	14.92	>	6	25	65
1149	chr6	140466500	140466481	-	3.816	3.785	>	6	25	65
1150	chr19	57361025	57361006	-	3.814	6.484	>	6	25	65
1151	chr12	58972459	58972440	+	3.777	2.135	>	6	25	65
1152	chr2	61490636	61490617	+	3.775	5.23	>	6	25	65
1153	chr4	44310651	44310632	+	3.762	4.973	>	6	25	65
1154	chr11	52766147	52766128	+	3.734	1.83	>	6	25	65
1155	chr13	72627587	72627568	-	3.717	4.066	>	6	25	65
1156	chr9	23012459	23012440	-	3.71	1.704	>	6	25	65
1157	chr16	31427924	31427905	-	3.705	3.383	>	6	25	65
1158	chr12	29895773	29895754	+	3.691	1.481	>	6	25	65
1159	chr9	73154557	73154538	+	3.666	9.1	>	6	25	65
1160	chr1	127484437	127484418	-	3.66	8.8	>	6	25	65
1161	chr9	107566236	107566217	+	3.656	7.098	>	6	25	65
1162	chr2	68118338	68118319	+	3.652	4.36	>	6	25	65
1163	chr11	11140836	11140817	-	3.629	13.69	>	6	25	65
1164	chr12	74014936	74014917	-	3.627	5.97	>	6	25	65
1165	chr7	138396301	138396282	-	3.621	0.934	>	6	25	65
1166	chr14	103534605	103534586	+	3.617	5.312	>	6	25	65
1167	chr10	115164112	115164093	-	3.613	3.031	>	6	25	65
1168	chr7	119019764	119019745	+	3.598	7.113	>	6	25	65
1169	chr13	96389525	96389506	-	3.588	1.339	>	6	25	65
1170	chr14	74723724	74723705	-	3.586	5.766	>	6	25	65
1171	chr14	55114114	55114095	-	3.57	7.387	>	6	25	65
1172	chr9	62784468	62784449	+	3.562	12.84	>	6	25	65
1173	chr10	127678167	127678148	-	3.541	2.129	>	6	25	65
1174	chr17	55948218	55948199	-	3.535	4.3	>	6	25	65
1175	chr11	78183263	78183244	-	3.525	12.305	>	6	25	65
1176	chr6	59207403	59207384	-	3.508	1.477	>	6	25	65
1177	chr6	135416919	135416900	+	3.498	4.027	>	6	25	65
1178	chr5	122104403	122104384	+	3.492	11.98	>	6	25	65
1179	chr13	37971068	37971049	-	3.482	3.088	>	6	25	65
1180	chr5	114612410	114612391	+	3.48	13.6	>	6	25	65
1181	chr10	114442226	114442207	+	3.46	2.104	>	6	25	65
1182	chr2	145655527	145655508	-	3.44	2.05	>	6	25	65
1183	chr7	109507351	109507332	-	3.418	1.832	>	6	25	65
1184	chr16	10009965	10009946	+	3.402	4.965	>	6	25	65
1185	chr14	67969032	67969013	-	3.385	5.523	>	6	25	65
1186	chr5	140744055	140744036	-	3.348	10.35	>	6	25	65
1187	chr1	56984334	56984315	+	3.338	2.584	>	6	25	65
1188	chr2	137110782	137110763	+	3.328	1.323	>	6	25	65
1189	chr16	22267525	22267506	+	3.322	1.262	>	6	25	65
1190	chr16	4884595	4884576	-	3.3	2.822	>	6	25	65
1191	chr5	19458406	19458387	-	3.291	6.625	>	6	25	65
1192	chr1	84697217	84697198	-	3.29	7.492	>	6	25	65
1193	chr14	122903088	122903069	-	3.29	2.205	>	6	25	65
1194	chr7	64056729	64056710	-	3.273	1.214	>	6	25	65
1195	chr9	71624061	71624042	-	3.273	15.39	>	6	25	65
1196	chr9	96885958	96885939	-	3.271	10.016	>	6	25	65
1197	chr18	46964733	46964714	-	3.266	8.555	>	6	25	65
1198	chr3	122638475	122638456	+	3.26	4.82	>	6	25	65
1199	chr9	94733848	94733829	+	3.256	3.768	>	6	25	65
1200	chr1	167938404	167938385	-	3.25	6.79	>	6	25	65
1201	chr1	180811841	180811822	+	3.244	6.383	>	6	25	65
1202	chr10	42760472	42760453	+	3.229	1.784	>	6	25	65
1203	chr18	20598347	20598328	+	3.213	4.758	>	6	25	65
1204	chr17	71909305	71909286	+	3.203	3.572	>	6	25	65
1205	chr1	34459898	34459879	+	3.193	3.389	>	6	25	65
1206	chr4	117202234	117202215	-	3.191	9.61	>	6	25	65
1207	chr15	101313974	101313955	-	3.178	2.96	>	6	25	65
1208	chr16	13438138	13438119	+	3.176	1.241	>	6	25	65
1209	chr7	114878499	114878480	+	3.174	1.604	>	6	25	65
1210	chr11	109866735	109866716	+	3.166	2.812	>	6	25	65
1211	chr3	123509329	123509310	+	3.162	5.67	>	6	25	65
1212	chr3	114085881	114085862	-	3.146	0.5283	>	6	25	65
1213	chr4	120149384	120149365	-	3.145	8.09	>	6	25	65
1214	chr16	4549594	4549575	-	3.137	11.12	>	6	25	65
1215	chr15	78872224	78872205	+	3.133	9.35	>	6	25	65
1216	chr12	57231261	57231242	-	3.127	3.32	>	6	25	65
1217	chr9	71624949	71624930	-	3.125	15.0	>	6	25	65
1218	chr4	18963859	18963840	-	3.12	4.01	>	6	25	65
1219	chr8	40913366	40913347	-	3.115	1.625	>	6	25	65
1220	chr5	21645240	21645221	-	3.11	1.259	>	6	25	65
1221	chr10	68357244	68357225	+	3.094	1.353	>	6	25	65
1222	chr2	93812077	93812058	-	3.06	11.82	>	6	25	65
1223	chr12	75669431	75669412	-	3.05	4.1	>	6	25	65
1224	chr1	12844023	12844004	+	3.033	4.33	>	6	25	65
1225	chr12	86697142	86697123	+	3.025	6.996	>	6	25	65
1226	chr9	98033678	98033659	+	3.021	1.525	>	6	25	65
1227	chr19	37946902	37946883	+	3.02	4.082	>	6	25	65
1228	chr9	75271676	75271657	+	3.01	4.42	>	6	25	65
1229	chr11	55162881	55162862	+	2.996	3.625	>	6	25	65
1230	chr17	25274339	25274320	-	2.984	4.45	>	6	25	65
1231	chr6	108065317	108065298	+	2.984	5.535	>	6	25	65
1232	chr7	5071749	5071730	-	2.928	2.754	>	6	25	65
1233	chr3	152477906	152477887	-	2.922	3.295	>	6	25	65
1234	chr5	28090770	28090751	-	2.922	2.412	>	6	25	65
1235	chr14	78282622	78282603	+	2.91	2.186	>	6	25	65
1236	chr14	88480122	88480103	-	2.906	3.236	>	6	25	65
1237	chr7	107569047	107569028	+	2.902	1.588	>	6	25	65
1238	chr3	83777088	83777069	-	2.879	3.992	>	6	25	65
1239	chr8	48550865	48550846	+	2.871	0.592	>	6	25	65
1240	chr7	132575955	132575936	-	2.855	4.473	>	6	25	65
1241	chr14	79769127	79769108	-	2.852	4.36	>	6	25	65
1242	chr17	69974245	69974226	-	2.799	1.284	>	6	25	65
1243	chr12	66284211	66284192	-	2.793	5.484	>	6	25	65
1244	chr6	83796902	83796883	-	2.785	3.35	>	6	25	65
1245	chr9	44108077	44108058	+	2.785	11.375	>	6	25	65
1246	chr11	116023924	116023905	+	2.777	6.906	>	6	25	65
1247	chr3	86779824	86779805	-	2.775	8.64	>	6	25	65
1248	chr19	46056202	46056183	+	2.77	5.27	>	6	25	65
1249	chr10	108210181	108210162	-	2.762	0.674	>	6	25	65
1250	chr8	27001386	27001367	+	0.4329	0.4077	>	6	25	65
1251	chr17	28338029	28338010	-	0.252	0.265	>	6	25	65
1252	chr11	76445826	76445807	-	0.2268	0.1863	>	6	25	65
1253	chr5	144244146	144244127	-	0.311	0.3691	>	6	25	65
1254	chr14	79768803	79768784	-	0.3076	0.2808	>	6	25	65
1255	chr9	26778623	26778604	-	1.299	0.6914	>	6	25	65
1256	chr7	25392052	25392033	+	0.2487	0.242	>	6	25	65
1257	chr3	101484879	101484860	-	0.3438	0.528	>	6	25	65
1258	chr2	69113988	69113969	+	0.2472	0.1981	>	6	25	65
1259	chr13	29852447	29852428	-	0.1781	0.1941	>	6	25	65
1260	chr2	60213231	60213212	-	0.1073	0.1628	>	6	25	65
1261	chr2	171418157	171418138	-	0.1407	0.2131	>	6	25	65
1262	chr7	64392050	64392031	-	0.514	0.2006	>	6	25	65
1263	chr15	36157434	36157415	-	0.7227	0.836	>	6	25	65
1264	chr4	49662357	49662338	-	0.4692	0.2915	>	6	25	65
1265	chr4	48422356	48422337	+	1.027	0.5225	>	6	25	65
1266	chr18	82720514	82720495	+	0.1605	0.1409	>	6	25	65
1267	chr1	172022686	172022667	+	0.1733	0.1764	>	6	25	65
1268	chr7	139595890	139595871	+	0.1575	0.2125	>	6	25	65
1269	chr12	73007842	73007823	-	0.345	0.2974	>	6	25	65
1270	chr17	27192928	27192909	-	0.1056	0.4468	>	6	25	65
1271	chr1	53698960	53698941	+	0.557	0.255	>	6	25	65
1272	chr18	12734380	12734361	+	0.207	0.1383	>	6	25	65
1273	chr6	126767488	126767469	-	0.2039	0.2483	>	6	25	65
1274	chr2	92856249	92856230	-	2.734	0.857	>	6	25	65
1275	chr11	74572851	74572832	+	0.2646	0.2705	>	6	25	65
1276	chr9	59675637	59675618	-	0.4082	0.744	>	6	25	65
1277	chr15	55025647	55025628	+	0.1847	0.1536	>	6	25	65
1278	chr4	120579150	120579131	-	0.33	0.264	>	6	25	65
1279	chr15	74525720	74525701	+	0.2172	0.2104	>	6	25	65
1280	chr1	88748095	88748076	+	0.1973	0.1881	>	6	25	65
1281	chr15	32239655	32239636	-	0.2822	0.1587	>	6	25	65
1282	chr7	36571183	36571164	+	0.1103	0.1942	>	6	25	65
1283	chr11	113855351	113855332	-	0.1613	0.1947	>	6	25	65
1284	chr6	90609163	90609144	+	2.127	1.159	>	6	25	65
1285	chr3	146181407	146181388	-	0.2034	0.3416	>	6	25	65
1286	chr10	69857222	69857203	-	0.3232	0.3599	>	6	25	65
1287	chr2	158361425	158361406	-	0.5625	0.2502	>	6	25	65
1288	chr5	136268179	136268160	-	0.1886	0.2153	>	6	25	65
1289	chr16	11983350	11983331	-	1.634	1.076	>	6	25	65
1290	chr2	84437773	84437754	+	0.2305	0.14	>	6	25	65
1291	chr18	24002018	24001999	-	0.133	0.1333	>	6	25	65
1292	chr1	130151533	130151514	-	0.4075	0.3347	>	6	25	65
1293	chr9	59675855	59675836	+	0.3367	0.2161	>	6	25	65
1294	chr11	116840251	116840232	-	0.3374	0.637	>	6	25	65
1295	chr2	155819963	155819944	+	0.07886	0.146	>	6	25	65
1296	chr14	105301632	105301613	+	0.206	0.2114	>	6	25	65
1297	chr12	9044592	9044573	+	0.1821	0.2019	>	6	25	65
1298	chr18	13971224	13971205	-	0.5337	0.3596	>	6	25	65
1299	chr5	136267600	136267581	-	0.2751	0.189	>	6	25	65
1300	chr5	33371430	33371411	+	0.3992	0.1644	>	6	25	65
1301	chr14	51090397	51090378	-	0.4153	0.243	>	6	25	65
1302	chr1	77935072	77935053	+	0.1814	0.1729	>	6	25	65
1303	chr11	119246049	119246030	-	0.204	0.3367	>	6	25	65
1304	chr17	50274949	50274930	-	0.441	0.1749	>	6	25	65
1305	chr8	108956442	108956423	+	0.5635	0.3044	>	6	25	65
1306	chr11	66885340	66885321	+	0.1636	0.169	>	6	25	65
1307	chr7	30099945	30099926	-	0.1979	0.1757	>	6	25	65
1308	chr15	99973159	99973140	-	0.1998	0.3345	>	6	25	65
1309	chr5	16308949	16308930	+	0.1567	0.1411	>	6	25	65
1310	chr6	119466578	119466559	-	0.9824	0.9795	>	6	25	65
1311	chr2	136886679	136886660	+	0.7764	0.2095	>	6	25	65
1312	chr14	79763594	79763575	-	0.2852	0.151	>	6	25	65
1313	chr2	170416012	170415993	+	0.1837	0.1256	>	6	25	65
1314	chr4	41015236	41015217	-	0.1882	0.1434	>	6	25	65
1315	chr11	70975109	70975090	+	0.713	0.3914	>	6	25	65
1316	chr5	122773202	122773183	+	0.11584	0.1375	>	6	25	65
1317	chr4	128588031	128588012	-	0.2659	0.1909	>	6	25	65
1318	chr8	122576186	122576167	-	0.11285	0.1545	>	6	25	65
1319	chr7	76383989	76383970	+	0.1553	0.154	>	6	25	65
1320	chr9	41467019	41467000	-	0.2223	0.1565	>	6	25	65
1321	chr1	32712246	32712227	-	0.05322	0.1516	>	6	25	65
1322	chr16	23974866	23974847	-	0.5283	0.3425	>	6	25	65
1323	chr15	84066194	84066175	-	0.6196	1.17	>	6	25	65
1324	chr11	40148920	40148901	-	1.272	0.642	>	6	25	65
1325	chr7	27166488	27166469	-	0.306	0.491	>	6	25	65
1326	chr11	30240273	30240254	+	0.4001	0.2556	>	6	25	65
1327	chr2	69115969	69115950	-	0.1754	0.1587	>	6	25	65
1328	chr9	113420569	113420550	-	0.2261	0.2178	>	6	25	65
1329	chr12	99882528	99882509	-	0.2617	0.1387	>	6	25	65
1330	chr5	77347648	77347629	-	0.3625	0.4211	>	6	25	65
1331	chr10	49780455	49780436	+	0.2179	0.1394	>	6	25	65
1332	chr5	75855263	75855244	-	0.6416	0.4326	>	6	25	65
1333	chr2	124087358	124087339	-	0.6436	0.2075	>	6	25	65
1334	chr14	49219056	49219037	+	0.678	0.694	>	6	25	65
1335	chr5	147938091	147938072	+	0.368	0.1842	>	6	25	65
1336	chr11	32340288	32340269	+	0.1792	0.1648	>	6	25	65
1337	chr16	50181579	50181560	+	0.2006	0.1838	>	6	25	65
1338	chr16	20496121	20496102	-	0.6714	0.1777	>	6	25	65
1339	chr8	76775680	76775661	+	0.135	0.1975	>	6	25	65
1340	chr14	65597676	65597657	+	0.6543	0.452	>	6	25	65
1341	chr7	64754771	64754752	+	0.1351	0.2295	>	6	25	65
1342	chr2	166083979	166083960	-	0.2964	0.2065	>	6	25	65
1343	chr16	44140440	44140421	+	0.4607	0.3381	>	6	25	65
1344	chr12	90524338	90524319	-	0.3223	0.2983	>	6	25	65
1345	chr5	89391716	89391697	+	0.1626	0.1418	>	6	25	65
1346	chr9	59675438	59675419	-	0.2104	0.1542	>	6	25	65
1347	chr19	16339103	16339084	-	0.1967	0.1177	>	6	25	65
1348	chr13	30545067	30545048	+	0.3672	0.2915	>	6	25	65
1349	chr1	92462681	92462662	+	0.3916	0.1832	>	6	25	65
1350	chr4	84066283	84066264	-	0.1898	0.1552	>	6	25	65
1351	chr9	83373922	83373903	-	0.2197	0.1434	>	6	25	65
1352	chr4	88773969	88773950	-	0.9507	8.01	>	6	25	65
1353	chr9	123132258	123132239	-	0.1687	0.1416	>	6	25	65
1354	chr17	34958843	34958824	-	0.2079	0.5464	>	6	25	65
1355	chr12	50946225	50946206	+	0.2341	0.157	>	6	25	65
1356	chr13	73647252	73647233	+	0.267	0.1704	>	6	25	65
1357	chr11	83279300	83279281	-	0.4434	0.2251	>	6	25	65
1358	chr17	8986048	8986029	-	0.3325	0.212	>	6	25	65
1359	chr4	14935721	14935702	-	0.7095	0.296	>	6	25	65
1360	chr4	75076699	75076680	+	0.09125	0.2014	>	6	25	65
1361	chr5	114610713	114610694	+	0.0985	0.1626	>	6	25	65
1362	chr9	83378273	83378254	-	0.471	0.2808	>	6	25	65
1363	chr9	107773182	107773163	-	0.1786	0.1414	>	6	25	65
1364	chr9	41218030	41218011	+	0.1323	0.1355	>	6	25	65
1365	chr9	105644718	105644699	+	0.4255	0.1808	>	6	25	65
1366	chr8	84264441	84264422	-	1.261	1.4795	>	6	25	65
1367	chr4	135959453	135959434	+	0.112	0.2223	>	6	25	65
1368	chr1	24684268	24684249	+	0.4001	0.1942	>	6	25	65
1369	chr3	87748577	87748558	-	0.7593	0.4382	>	6	25	65
1370	chr9	54690950	54690931	+	0.11566	0.136	>	6	25	65
1371	chr15	82277690	82277671	-	0.9043	0.4492	>	6	25	65
1372	chr5	115498528	115498509	-	0.2693	0.2164	>	6	25	65
1373	chr9	56621276	56621257	+	0.10846	0.253	>	6	25	65
1374	chr18	81956733	81956714	-	0.2815	0.2637	>	6	25	65
1375	chr10	22791401	22791382	-	0.1346	0.2358	>	6	25	65
1376	chr15	82271301	82271282	+	0.836	0.1838	>	6	25	65
1377	chr12	69946159	69946140	+	0.555	0.455	>	6	25	65
1378	chr14	101442800	101442781	+	0.2983	0.1344	>	6	25	65
1379	chr2	164777017	164776998	-	0.5176	0.361	>	6	25	65
1380	chr10	24631573	24631554	-	1.178	1.224	>	6	25	65
1381	chr1	136528510	136528491	-	1.761	0.7373	>	6	25	65
1382	chr10	19222118	19222099	-	1.411	0.8228	>	6	25	65
1383	chr14	56885508	56885489	-	2.348	4.004	>	6	25	65
1384	chr8	85060493	85060474	-	0.9688	0.437	>	6	25	65
1385	chr11	96075822	96075803	-	0.9316	0.4944	>	6	25	65
1386	chr11	77476535	77476516	+	0.1632	0.2383	>	6	25	65
1387	chr1	81294004	81293985	-	0.905	0.562	>	6	25	65
1388	chr12	15520954	15520935	+	0.7183	0.4033	>	6	25	65
1389	chr7	66397054	66397035	+	0.1594	0.2107	>	6	25	65
1390	chr12	74014582	74014563	-	0.2377	0.1973	>	6	25	65
1391	chr5	144242554	144242535	-	0.241	0.1987	>	6	25	65
1392	chr15	66894943	66894924	+	0.2703	0.2021	>	6	25	65
1393	chr6	126484995	126484976	-	0.4333	1.278	>	6	25	65
1394	chr4	48427148	48427129	+	0.678	0.3833	>	6	25	65
1395	chr15	71459211	71459192	+	0.252	0.1731	>	6	25	65
1396	chr3	19896435	19896416	-	0.2361	0.1467	>	6	25	65
1397	chr8	68268707	68268688	-	0.1398	0.1492	>	6	25	65
1398	chr1	182555580	182555561	-	0.1982	0.1915	>	6	25	65
1399	chr9	44413186	44413167	-	0.534	0.393	>	6	25	65
1400	chr14	70151716	70151697	+	0.3604	0.2382	>	6	25	65
1401	chr4	62478250	62478231	+	0.438	0.1328	>	6	25	65
1402	chr3	127561629	127561610	-	0.2183	0.12354	>	6	25	65
1403	chr3	69139614	69139595	-	0.397	0.2261	>	6	25	65
1404	chr17	17919616	17919597	+	0.1678	0.167	>	6	25	65
1405	chr4	139314214	139314195	-	0.2279	0.269	>	6	25	65
1406	chr18	61952763	61952744	-	0.2372	0.1731	>	6	25	65
1407	chr9	7599188	7599169	+	0.33	0.191	>	6	25	65
1408	chr10	120898341	120898322	-	0.3386	0.1467	>	6	25	65
1409	chr11	57469613	57469594	-	0.1846	0.2297	>	6	25	65
1410	chr18	58480198	58480179	-	0.2095	0.1665	>	6	25	65
1411	chr17	12380527	12380508	-	0.658	0.591	>	6	25	65
1412	chr2	107940173	107940154	+	0.11664	0.1351	>	6	25	65
1413	chr2	32580534	32580515	-	0.2605	0.4055	>	6	25	65
1414	chr15	98813480	98813461	+	0.3496	0.5376	>	6	25	65
1415	chr6	54253893	54253874	+	0.1663	0.1743	>	6	25	65
1416	chr1	135800865	135800846	+	0.1766	0.1665	>	6	25	65
1417	chr15	58426369	58426350	+	0.1996	0.1519	>	6	25	65
1418	chr4	87367775	87367756	+	0.3853	0.1472	>	6	25	65
1419	chr2	96583103	96583084	-	0.809	0.3242	>	6	25	65
1420	chr4	63366959	63366940	-	0.1979	0.1753	>	6	25	65
1421	chr4	59761293	59761274	-	0.3435	0.2113	>	6	25	65
1422	chr10	7832162	7832143	+	0.2646	0.1672	>	6	25	65
1423	chr7	89904213	89904194	-	0.2908	0.156	>	6	25	65
1424	chr1	30697342	30697323	+	0.1025	0.1263	>	6	25	65
1425	chr1	58987602	58987583	+	0.2202	0.1498	>	6	25	65
1426	chr15	7452190	7452171	+	0.1405	0.12085	>	6	25	65
1427	chr4	139877044	139877025	+	0.3875	0.2688	>	6	25	65
1428	chr3	83291887	83291868	-	0.0825	0.137	>	6	25	65
1429	chr15	68912907	68912888	-	0.5024	0.2024	>	6	25	65
1430	chr14	64593744	64593725	-	1.073	0.5703	>	6	25	65
1431	chr1	56980349	56980330	-	0.2778	0.2322	>	6	25	65
1432	chr14	75833620	75833601	-	0.6006	0.4543	>	6	25	65
1433	chr16	62904648	62904629	-	0.217	0.1924	>	6	25	65
1434	chr5	35991229	35991210	-	1.033	1.082	>	6	25	65
1435	chr5	44287418	44287399	-	0.248	0.155	>	6	25	65
1436	chr15	76199915	76199896	-	0.07776	0.3071	>	6	25	65
1437	chr4	131240262	131240243	-	0.241	0.206	>	6	25	65
1438	chr5	102147917	102147898	-	0.228	0.2458	>	6	25	65
1439	chr3	93086926	93086907	+	0.0978	0.1787	>	6	25	65
1440	chr6	126163382	126163363	+	2.373	1.376	>	6	25	65
1441	chr3	45375769	45375750	+	1.051	0.2544	>	6	25	65
1442	chr16	90306219	90306200	-	0.3647	0.3506	>	6	25	65
1443	chr17	3249270	3249251	-	0.1843	0.136	>	6	25	65
1444	chr4	143024421	143024402	-	0.087	0.1317	>	6	25	65
1445	chr19	47513892	47513873	-	0.2471	0.1393	>	6	25	65
1446	chr6	66534595	66534576	-	1.387	0.675	>	6	25	65
1447	chr6	134963172	134963153	-	0.6475	0.5996	>	6	25	65
1448	chr14	56369245	56369226	+	0.2401	0.1912	>	6	25	65
1449	chr18	53460219	53460200	+	0.1775	0.162	>	6	25	65
1450	chr7	89476922	89476903	-	0.2163	0.1522	>	6	25	65
1451	chr6	34273116	34273097	+	0.0673	0.1545	>	6	25	65
1452	chr7	142295608	142295589	-	1.062	6.32	>	6	25	65
1453	chr3	22302208	22302189	+	0.992	0.3848	>	6	25	65
1454	chr6	31045994	31045975	-	0.7534	0.959	>	6	25	65
1455	chr9	57143378	57143359	-	0.1816	0.2302	>	6	25	65
1456	chr6	101268340	101268321	+	0.2712	0.1924	>	6	25	65
1457	chr9	58897456	58897437	-	0.7163	0.4846	>	6	25	65
1458	chr17	79601068	79601049	+	0.2245	0.12476	>	6	25	65
1459	chr16	5254607	5254588	-	0.2883	0.22	>	6	25	65
1460	chr4	83595536	83595517	+	1.783	1.041	>	6	25	65
1461	chr9	51159881	51159862	-	0.6875	0.266	>	6	25	65
1462	chr14	66354429	66354410	+	0.1142	0.1388	>	6	25	65
1463	chr5	117090283	117090264	+	0.5806	0.4014	>	6	25	65
1464	chr2	168061425	168061406	-	0.1733	0.2051	>	6	25	65
1465	chr5	9169228	9169209	+	0.3306	0.1686	>	6	25	65
1466	chr6	28418701	28418682	-	0.4202	0.266	>	6	25	65
1467	chr12	105038443	105038424	-	0.1501	0.2063	>	6	25	65
1468	chr1	182558143	182558124	-	0.2264	0.1511	>	6	25	65
1469	chr8	47713300	47713281	-	1.078	1.646	>	6	25	65
1470	chr18	47357393	47357374	+	0.2007	0.1278	>	6	25	65
1471	chr1	118771083	118771064	-	0.1254	0.2006	>	6	25	65
1472	chr16	6493044	6493025	-	0.1927	0.1516	>	6	25	65
1473	chr9	42951005	42950986	-	0.3914	0.2078	>	6	25	65
1474	chr13	53430986	53430967	-	0.6504	0.3672	>	6	25	65
1475	chr13	67609268	67609249	+	2.162	0.826	>	6	25	65
1476	chr1	53035072	53035053	+	0.1465	0.1494	>	6	25	65
1477	chr7	99471824	99471805	-	0.3745	0.4907	>	6	25	65
1478	chr11	36543574	36543555	-	0.1156	0.1614	>	6	25	65
1479	chr5	124334258	124334239	-	0.3428	0.273	>	6	25	65
1480	chr10	76771414	76771395	-	0.1296	0.2047	>	6	25	65
1481	chr10	4386719	4386700	+	0.32	0.4492	>	6	25	65
1482	chr5	116554091	116554072	+	0.0876	0.1714	>	6	25	65
1483	chr10	41734858	41734839	+	0.1406	0.2605	>	6	25	65
1484	chr10	50906875	50906856	-	0.2361	0.1674	>	6	25	65
1485	chr11	31651668	31651649	+	0.07605	0.1534	>	6	25	65
1486	chr6	116193190	116193171	+	0.3687	0.372	>	6	25	65
1487	chr1	188976509	188976490	+	0.343	0.1833	>	6	25	65
1488	chr12	101976095	101976076	+	0.681	0.4116	>	6	25	65
1489	chr15	75925915	75925896	+	0.6084	0.9233	>	6	25	65
1490	chr1	4777287	4777268	-	0.9443	1.425	>	6	25	65
1491	chr18	86560230	86560211	+	0.7866	1.138	>	6	25	65
1492	chr7	43574878	43574859	+	1.292	1.347	>	6	25	65
1493	chr7	98200601	98200582	-	0.2927	0.1711	>	6	25	65
1494	chr4	143319849	143319830	+	0.2299	0.1525	>	6	25	65
1495	chr2	128601696	128601677	-	0.1208	0.207	>	6	25	65
1496	chr17	57004491	57004472	-	0.1467	0.2932	>	6	25	65
1497	chr2	35196541	35196522	-	1.081	0.3997	>	6	25	65
1498	chr5	29779371	29779352	+	0.1531	0.1671	>	6	25	65
1499	chr10	93038429	93038410	-	0.163	0.1875	>	6	25	65
0	chr4	87368268	87368249	+	90.56	65.75	>	6	26	64
1	chr11	109860827	109860808	-	89.2	47.97	>	6	26	64
2	chr3	22309188	22309169	+	81.5	60.4	>	6	26	64
3	chr10	5161770	5161751	-	79.2	55.88	>	6	26	64
4	chr16	71247702	71247683	+	68.56	43.2	>	6	26	64
5	chr16	72980067	72980048	-	68.3	56.7	>	6	26	64
6	chr6	60556001	60555982	+	67.7	40.38	>	6	26	64
7	chr5	7996919	7996900	-	66.06	59.4	>	6	26	64
8	chr14	12140114	12140095	-	65.1	51.62	>	6	26	64
9	chr13	81439574	81439555	+	64.94	46.94	>	6	26	64
10	chr9	103996726	103996707	-	64.9	51.25	>	6	26	64
11	chr15	56066340	56066321	+	63.97	42.94	>	6	26	64
12	chr10	106609250	106609231	+	63.97	42.62	>	6	26	64
13	chr1	144380222	144380203	-	63.4	48.44	>	6	26	64
14	chr10	8240468	8240449	-	62.34	45.88	>	6	26	64
15	chr12	77000269	77000250	+	62.22	54.97	>	6	26	64
16	chr1	44745882	44745863	+	62.12	40.25	>	6	26	64
17	chr4	81178889	81178870	+	62.03	50.0	>	6	26	64
18	chr9	10909768	10909749	+	61.12	47.94	>	6	26	64
19	chr6	64650119	64650100	-	60.56	60.88	>	6	26	64
20	chr15	32766485	32766466	-	60.56	46.62	>	6	26	64
21	chr4	9135983	9135964	+	60.03	34.12	>	6	26	64
22	chr7	118305013	118304994	+	59.5	47.62	>	6	26	64
23	chr10	39520570	39520551	-	58.34	40.5	>	6	26	64
24	chr1	78724658	78724639	+	58.25	47.28	>	6	26	64
25	chr2	160598038	160598019	+	57.94	55.8	>	6	26	64
26	chr18	33790258	33790239	-	57.72	56.3	>	6	26	64
27	chr12	40837750	40837731	+	57.5	46.25	>	6	26	64
28	chr8	41443763	41443744	+	57.34	56.06	>	6	26	64
29	chr14	68494314	68494295	-	56.94	24.97	>	6	26	64
30	chr1	11657910	11657891	+	56.8	43.62	>	6	26	64
31	chr11	77100337	77100318	+	55.88	49.25	>	6	26	64
32	chr16	41244935	41244916	-	55.72	48.0	>	6	26	64
33	chr14	87452291	87452272	-	55.72	63.0	>	6	26	64
34	chr18	16217050	16217031	+	54.9	26.8	>	6	26	64
35	chr11	53255133	53255114	-	54.8	39.5	>	6	26	64
36	chr9	7216447	7216428	+	54.56	27.64	>	6	26	64
37	chr8	35850598	35850579	-	54.5	50.94	>	6	26	64
38	chr8	102781131	102781112	-	54.44	41.34	>	6	26	64
39	chr5	49962010	49961991	-	54.16	50.88	>	6	26	64
40	chr7	90410162	90410143	-	54.06	39.75	>	6	26	64
41	chr4	15328717	15328698	+	54.03	40.72	>	6	26	64
42	chr11	31949616	31949597	-	54.0	41.44	>	6	26	64
43	chr1	120586671	120586652	+	53.8	57.06	>	6	26	64
44	chr13	19698921	19698902	+	53.16	40.8	>	6	26	64
45	chr12	57825950	57825931	+	53.03	34.38	>	6	26	64
46	chr16	72215933	72215914	-	52.7	45.56	>	6	26	64
47	chr9	15685402	15685383	+	52.62	45.03	>	6	26	64
48	chr10	10321327	10321308	-	52.47	23.97	>	6	26	64
49	chr9	49494135	49494116	+	52.4	51.5	>	6	26	64
50	chr3	50906169	50906150	-	52.12	57.06	>	6	26	64
51	chr11	57467973	57467954	-	52.03	54.47	>	6	26	64
52	chr11	113165316	113165297	-	51.88	57.94	>	6	26	64
53	chr9	51152608	51152589	-	51.8	48.22	>	6	26	64
54	chr16	58299658	58299639	+	51.56	30.08	>	6	26	64
55	chr16	22564783	22564764	+	51.44	49.16	>	6	26	64
56	chr8	36523135	36523116	-	51.4	44.44	>	6	26	64
57	chr14	34810941	34810922	+	51.3	52.97	>	6	26	64
58	chr6	101261740	101261721	-	51.0	49.47	>	6	26	64
59	chr7	132213694	132213675	-	50.8	38.62	>	6	26	64
60	chr2	48886271	48886252	-	50.28	44.53	>	6	26	64
61	chr12	54060974	54060955	-	50.12	27.78	>	6	26	64
62	chr1	5905019	5905000	-	50.06	44.22	>	6	26	64
63	chr9	26776375	26776356	-	50.0	53.88	>	6	26	64
64	chr1	103799519	103799500	+	49.53	56.44	>	6	26	64
65	chr9	88222188	88222169	-	49.5	40.1	>	6	26	64
66	chr18	58481884	58481865	-	49.28	39.28	>	6	26	64
67	chr13	100112788	100112769	+	49.16	37.22	>	6	26	64
68	chr3	14679394	14679375	+	49.06	29.97	>	6	26	64
69	chr16	37109459	37109440	+	48.75	19.0	>	6	26	64
70	chr3	153655318	153655299	-	48.72	48.28	>	6	26	64
71	chr16	89765698	89765679	-	48.38	54.0	>	6	26	64
72	chr13	89543228	89543209	-	48.3	56.84	>	6	26	64
73	chr11	40149509	40149490	-	48.28	36.34	>	6	26	64
74	chr3	113080940	113080921	-	48.2	53.4	>	6	26	64
75	chr10	70963797	70963778	-	47.53	51.97	>	6	26	64
76	chr6	66533480	66533461	-	47.34	41.22	>	6	26	64
77	chr18	57976815	57976796	+	47.28	41.3	>	6	26	64
78	chr12	92303388	92303369	+	47.12	48.12	>	6	26	64
79	chr6	43686140	43686121	+	47.1	34.0	>	6	26	64
80	chr15	11038687	11038668	+	47.06	40.16	>	6	26	64
81	chr6	13281064	13281045	-	47.06	44.4	>	6	26	64
82	chr4	25180081	25180062	-	46.94	22.34	>	6	26	64
83	chr2	110229883	110229864	+	46.8	37.2	>	6	26	64
84	chr2	118638293	118638274	+	46.34	48.4	>	6	26	64
85	chr14	67674858	67674839	-	46.2	40.62	>	6	26	64
86	chr1	179477262	179477243	-	45.97	54.9	>	6	26	64
87	chr12	78056191	78056172	+	45.84	48.03	>	6	26	64
88	chr15	44836402	44836383	+	45.7	45.75	>	6	26	64
89	chr9	80293262	80293243	+	45.3	48.66	>	6	26	64
90	chr1	21411405	21411386	+	45.28	35.97	>	6	26	64
91	chr8	80483379	80483360	-	45.28	32.34	>	6	26	64
92	chr16	55477026	55477007	-	44.9	60.88	>	6	26	64
93	chr9	122729759	122729740	-	44.72	40.56	>	6	26	64
94	chr2	17415581	17415562	-	44.56	38.03	>	6	26	64
95	chr4	13778049	13778030	-	44.5	20.47	>	6	26	64
96	chr16	64748455	64748436	-	44.47	52.25	>	6	26	64
97	chr6	57570627	57570608	-	44.28	34.06	>	6	26	64
98	chr16	13117421	13117402	+	44.28	48.25	>	6	26	64
99	chr1	54381475	54381456	-	44.12	34.1	>	6	26	64
100	chr15	40166896	40166877	+	44.03	40.53	>	6	26	64
101	chr17	83271696	83271677	+	44.0	39.2	>	6	26	64
102	chr9	63136063	63136044	+	43.94	32.22	>	6	26	64
103	chr3	68056550	68056531	+	43.88	35.0	>	6	26	64
104	chr3	25220822	25220803	-	43.8	23.62	>	6	26	64
105	chr7	118102455	118102436	-	43.53	59.94	>	6	26	64
106	chr9	51335485	51335466	+	43.47	26.75	>	6	26	64
107	chr16	96671807	96671788	-	43.4	27.66	>	6	26	64
108	chr2	113494904	113494885	+	43.34	43.28	>	6	26	64
109	chr1	55404561	55404542	+	43.25	39.06	>	6	26	64
110	chr3	80079969	80079950	+	43.0	35.7	>	6	26	64
111	chr11	25862989	25862970	-	42.66	37.9	>	6	26	64
112	chr13	109213188	109213169	-	42.6	60.5	>	6	26	64
113	chr8	58566283	58566264	+	42.56	33.8	>	6	26	64
114	chr16	72218227	72218208	+	42.38	47.1	>	6	26	64
115	chr14	102510640	102510621	-	42.34	35.9	>	6	26	64
116	chr7	143154010	143153991	+	42.16	43.66	>	6	26	64
117	chr6	143219585	143219566	+	42.1	41.62	>	6	26	64
118	chr17	86906334	86906315	-	41.97	47.25	>	6	26	64
119	chr8	62080400	62080381	+	41.97	30.6	>	6	26	64
120	chr3	57843985	57843966	+	41.94	43.75	>	6	26	64
121	chr18	3495634	3495615	+	41.62	36.03	>	6	26	64
122	chr7	125393847	125393828	-	41.56	47.0	>	6	26	64
123	chr7	86211564	86211545	-	41.56	46.4	>	6	26	64
124	chr9	60245127	60245108	+	41.38	43.16	>	6	26	64
125	chr6	131353859	131353840	-	41.3	15.89	>	6	26	64
126	chr15	98173991	98173972	-	41.25	24.88	>	6	26	64
127	chr17	88641249	88641230	-	41.12	34.25	>	6	26	64
128	chr9	87027908	87027889	+	41.1	38.34	>	6	26	64
129	chr4	70621553	70621534	-	40.97	48.38	>	6	26	64
130	chr12	41487236	41487217	-	40.88	35.94	>	6	26	64
131	chr4	127368548	127368529	+	40.8	49.72	>	6	26	64
132	chr8	50293750	50293731	-	40.75	48.2	>	6	26	64
133	chr16	27468981	27468962	+	40.75	34.62	>	6	26	64
134	chr7	121641354	121641335	-	40.7	30.69	>	6	26	64
135	chr3	29726795	29726776	-	40.7	30.42	>	6	26	64
136	chr14	29110872	29110853	-	40.66	51.22	>	6	26	64
137	chr13	116712427	116712408	-	40.62	33.1	>	6	26	64
138	chr18	19939562	19939543	-	40.47	45.7	>	6	26	64
139	chr15	80704533	80704514	-	40.28	46.53	>	6	26	64
140	chr18	50137074	50137055	+	40.28	37.62	>	6	26	64
141	chr13	15763212	15763193	-	40.25	29.53	>	6	26	64
142	chr19	50185486	50185467	+	40.22	44.2	>	6	26	64
143	chr12	74013965	74013946	-	40.22	40.8	>	6	26	64
144	chr1	138835543	138835524	+	40.06	20.81	>	6	26	64
145	chr15	55550924	55550905	-	40.06	37.12	>	6	26	64
146	chr1	61771439	61771420	-	40.06	23.55	>	6	26	64
147	chr12	34664961	34664942	+	40.0	19.7	>	6	26	64
148	chr14	78288101	78288082	-	39.8	38.8	>	6	26	64
149	chr2	4499416	4499397	+	39.78	33.88	>	6	26	64
150	chr13	30260132	30260113	-	39.75	32.75	>	6	26	64
151	chr9	68015271	68015252	+	39.2	39.0	>	6	26	64
152	chr1	126993502	126993483	-	39.06	47.2	>	6	26	64
153	chr16	25349824	25349805	-	39.0	41.2	>	6	26	64
154	chr1	14729249	14729230	-	38.94	39.3	>	6	26	64
155	chr15	59389427	59389408	+	38.7	46.34	>	6	26	64
156	chr6	100882590	100882571	+	38.66	49.44	>	6	26	64
157	chr3	9711121	9711102	+	38.62	35.47	>	6	26	64
158	chr6	21214019	21214000	-	38.47	24.2	>	6	26	64
159	chr17	42603617	42603598	-	38.47	42.5	>	6	26	64
160	chr4	80517548	80517529	-	38.47	41.4	>	6	26	64
161	chr9	85328584	85328565	-	38.28	30.06	>	6	26	64
162	chr17	44262001	44261982	+	38.22	44.16	>	6	26	64
163	chr10	102449665	102449646	+	38.2	48.84	>	6	26	64
164	chr17	14520745	14520726	-	38.12	30.45	>	6	26	64
165	chr13	51830925	51830906	+	38.0	56.0	>	6	26	64
166	chr12	83502436	83502417	-	37.97	34.4	>	6	26	64
167	chr5	75853265	75853246	-	37.94	27.88	>	6	26	64
168	chr13	110382742	110382723	+	37.88	61.84	>	6	26	64
169	chr5	62481159	62481140	-	37.8	35.4	>	6	26	64
170	chr7	49121503	49121484	-	37.7	29.61	>	6	26	64
171	chr15	11966575	11966556	-	37.66	34.72	>	6	26	64
172	chr3	31146135	31146116	+	37.53	44.5	>	6	26	64
173	chr2	37815879	37815860	+	37.47	39.2	>	6	26	64
174	chr5	33033442	33033423	-	37.44	48.28	>	6	26	64
175	chr9	7595466	7595447	-	37.4	28.72	>	6	26	64
176	chr5	21641153	21641134	-	37.3	33.66	>	6	26	64
177	chr14	48367302	48367283	-	37.12	39.88	>	6	26	64
178	chr17	14524624	14524605	+	37.1	38.88	>	6	26	64
179	chr4	84064835	84064816	+	37.06	23.38	>	6	26	64
180	chr4	63368786	63368767	+	37.06	51.6	>	6	26	64
181	chr5	102149680	102149661	+	37.03	38.97	>	6	26	64
182	chr12	32897684	32897665	-	36.88	40.9	>	6	26	64
183	chr16	91936532	91936513	+	36.72	43.06	>	6	26	64
184	chr6	37046379	37046360	-	36.72	47.7	>	6	26	64
185	chr18	59081896	59081877	+	36.7	37.34	>	6	26	64
186	chr6	103697552	103697533	-	36.3	43.6	>	6	26	64
187	chr18	19937930	19937911	+	36.3	37.56	>	6	26	64
188	chr6	93757594	93757575	+	36.28	18.31	>	6	26	64
189	chr17	9756371	9756352	+	36.28	21.2	>	6	26	64
190	chr2	96585854	96585835	+	36.25	26.84	>	6	26	64
191	chr11	82915176	82915157	+	36.2	36.34	>	6	26	64
192	chr6	6005837	6005818	+	36.03	35.2	>	6	26	64
193	chr1	98392238	98392219	-	36.03	38.97	>	6	26	64
194	chr7	48749384	48749365	+	35.94	38.3	>	6	26	64
195	chr11	105911812	105911793	-	35.9	37.8	>	6	26	64
196	chr10	45045486	45045467	-	35.8	35.22	>	6	26	64
197	chr2	4492748	4492729	-	35.75	19.97	>	6	26	64
198	chr6	18087397	18087378	+	35.75	40.84	>	6	26	64
199	chr5	90203341	90203322	+	35.7	41.12	>	6	26	64
200	chr7	136489148	136489129	+	35.62	28.06	>	6	26	64
201	chr9	109862620	109862601	-	35.6	34.12	>	6	26	64
202	chr15	59876355	59876336	+	35.3	32.16	>	6	26	64
203	chr14	76473612	76473593	-	35.25	45.66	>	6	26	64
204	chr3	128349320	128349301	+	35.03	41.75	>	6	26	64
205	chr3	45375963	45375944	+	35.03	23.92	>	6	26	64
206	chr3	133314669	133314650	+	34.97	39.0	>	6	26	64
207	chr1	96801850	96801831	-	34.84	30.55	>	6	26	64
208	chr7	115216958	115216939	+	34.62	30.45	>	6	26	64
209	chr9	59282577	59282558	-	34.62	26.88	>	6	26	64
210	chr2	148112135	148112116	-	34.5	31.5	>	6	26	64
211	chr18	52457916	52457897	-	34.47	28.2	>	6	26	64
212	chr6	56691454	56691435	-	34.34	42.2	>	6	26	64
213	chr13	20292580	20292561	-	34.3	38.5	>	6	26	64
214	chr13	57260119	57260100	-	34.25	52.66	>	6	26	64
215	chr13	113877615	113877596	+	34.25	36.75	>	6	26	64
216	chr13	116715029	116715010	-	34.1	31.72	>	6	26	64
217	chr4	83596692	83596673	-	34.1	52.75	>	6	26	64
218	chr8	64941619	64941600	-	34.06	33.75	>	6	26	64
219	chr3	51701488	51701469	+	34.03	22.56	>	6	26	64
220	chr14	120061322	120061303	-	33.84	29.2	>	6	26	64
221	chr7	75910166	75910147	+	33.8	57.6	>	6	26	64
222	chr4	98702698	98702679	-	33.78	31.62	>	6	26	64
223	chr3	146185137	146185118	+	33.62	52.6	>	6	26	64
224	chr4	151157152	151157133	+	33.53	59.38	>	6	26	64
225	chr5	43391861	43391842	-	33.5	21.5	>	6	26	64
226	chr11	93856511	93856492	-	33.47	26.19	>	6	26	64
227	chr14	59605843	59605824	+	33.47	40.3	>	6	26	64
228	chr14	84438580	84438561	+	33.44	23.31	>	6	26	64
229	chr12	50943824	50943805	-	33.28	38.56	>	6	26	64
230	chr7	83550335	83550316	-	33.2	30.12	>	6	26	64
231	chr6	117167008	117166989	+	33.03	30.3	>	6	26	64
232	chr4	12538791	12538772	+	33.0	21.84	>	6	26	64
233	chr18	47353079	47353060	+	32.84	24.58	>	6	26	64
234	chr5	12541496	12541477	-	32.72	22.56	>	6	26	64
235	chr2	60721127	60721108	+	32.72	22.53	>	6	26	64
236	chr11	78838251	78838232	+	32.72	51.5	>	6	26	64
237	chr8	73356225	73356206	+	32.62	23.39	>	6	26	64
238	chr12	10598567	10598548	+	32.5	41.56	>	6	26	64
239	chr19	20345158	20345139	-	32.25	47.94	>	6	26	64
240	chr17	58909486	58909467	-	32.16	39.4	>	6	26	64
241	chr10	69655037	69655018	-	32.12	36.56	>	6	26	64
242	chr4	3967733	3967714	-	32.12	41.75	>	6	26	64
243	chr16	21192795	21192776	-	32.06	38.78	>	6	26	64
244	chr11	12291593	12291574	-	32.0	15.54	>	6	26	64
245	chr11	117385082	117385063	+	31.83	36.6	>	6	26	64
246	chr12	32292095	32292076	+	31.73	20.83	>	6	26	64
247	chr4	64833096	64833077	+	31.69	34.34	>	6	26	64
248	chr13	47301245	47301226	+	31.67	43.9	>	6	26	64
249	chr1	89631957	89631938	-	31.56	45.38	>	6	26	64
250	chr9	69296601	69296582	-	31.53	38.66	>	6	26	64
251	chr3	53735364	53735345	+	31.28	24.5	>	6	26	64
252	chr10	45373471	45373452	-	31.2	37.7	>	6	26	64
253	chr8	91797725	91797706	+	31.19	30.23	>	6	26	64
254	chr4	88035662	88035643	+	31.06	19.66	>	6	26	64
255	chr2	75151187	75151168	-	31.05	37.9	>	6	26	64
256	chr14	66791971	66791952	-	31.02	32.1	>	6	26	64
257	chr2	93199062	93199043	-	30.9	51.25	>	6	26	64
258	chr2	73551006	73550987	+	30.86	53.72	>	6	26	64
259	chr12	89451144	89451125	-	30.81	40.1	>	6	26	64
260	chr16	66086729	66086710	-	30.81	33.7	>	6	26	64
261	chr14	114791647	114791628	-	30.72	37.2	>	6	26	64
262	chr4	43420547	43420528	-	30.61	34.5	>	6	26	64
263	chr1	87447687	87447668	+	30.56	32.53	>	6	26	64
264	chr15	55306471	55306452	+	30.56	24.06	>	6	26	64
265	chr15	97667578	97667559	+	30.52	37.12	>	6	26	64
266	chr2	16359548	16359529	+	30.47	16.92	>	6	26	64
267	chr14	8356099	8356080	+	30.42	51.06	>	6	26	64
268	chr3	19894816	19894797	-	30.38	33.66	>	6	26	64
269	chr12	43813750	43813731	-	30.34	24.06	>	6	26	64
270	chr2	27770378	27770359	+	30.12	46.8	>	6	26	64
271	chr16	48675836	48675817	-	30.12	28.97	>	6	26	64
272	chr10	13016733	13016714	+	30.1	53.44	>	6	26	64
273	chr2	76367359	76367340	+	30.05	30.6	>	6	26	64
274	chr2	115515230	115515211	+	30.05	12.29	>	6	26	64
275	chr19	16785108	16785089	-	30.03	27.4	>	6	26	64
276	chr3	78948444	78948425	+	30.03	29.16	>	6	26	64
277	chr1	37250876	37250857	-	29.94	25.45	>	6	26	64
278	chr18	74431409	74431390	+	29.94	28.48	>	6	26	64
279	chr1	38787652	38787633	-	29.89	46.22	>	6	26	64
280	chr3	14874584	14874565	+	29.88	22.88	>	6	26	64
281	chr9	69505778	69505759	+	29.88	30.58	>	6	26	64
282	chr10	84450913	84450894	-	29.77	31.7	>	6	26	64
283	chr2	172216047	172216028	-	29.77	65.06	>	6	26	64
284	chr10	97712895	97712876	+	29.72	22.83	>	6	26	64
285	chr1	4770074	4770055	+	29.72	39.66	>	6	26	64
286	chr12	50301580	50301561	-	29.69	16.55	>	6	26	64
287	chr15	85266923	85266904	+	29.69	42.06	>	6	26	64
288	chr4	85403030	85403011	+	29.62	27.23	>	6	26	64
289	chr6	97526370	97526351	-	29.53	31.17	>	6	26	64
290	chr8	112046096	112046077	+	29.5	62.6	>	6	26	64
291	chr12	96311368	96311349	-	29.48	23.8	>	6	26	64
292	chr1	93507239	93507220	-	29.45	32.5	>	6	26	64
293	chr13	21714927	21714908	+	29.4	37.72	>	6	26	64
294	chr6	49008180	49008161	+	29.38	27.1	>	6	26	64
295	chr17	17749545	17749526	-	29.36	32.88	>	6	26	64
296	chr6	145360253	145360234	+	29.34	33.62	>	6	26	64
297	chr7	17066630	17066611	-	29.27	41.75	>	6	26	64
298	chr12	81788850	81788831	-	29.25	32.47	>	6	26	64
299	chr7	129649172	129649153	+	29.19	42.88	>	6	26	64
300	chr14	104039053	104039034	+	29.17	41.16	>	6	26	64
301	chr13	41634744	41634725	-	29.08	40.84	>	6	26	64
302	chr7	138835232	138835213	-	29.02	47.88	>	6	26	64
303	chr15	97195797	97195778	+	28.92	38.5	>	6	26	64
304	chr1	119087737	119087718	+	28.89	50.28	>	6	26	64
305	chr4	85819373	85819354	-	28.86	29.28	>	6	26	64
306	chr11	30657307	30657288	-	28.86	6.477	>	6	26	64
307	chr5	49369245	49369226	+	28.66	27.94	>	6	26	64
308	chr6	106805067	106805048	+	28.61	20.38	>	6	26	64
309	chr6	31660958	31660939	+	28.53	52.9	>	6	26	64
310	chr12	8306749	8306730	-	28.48	47.94	>	6	26	64
311	chr13	42822785	42822766	-	28.47	44.4	>	6	26	64
312	chr15	34968778	34968759	+	28.4	27.94	>	6	26	64
313	chr7	68369859	68369840	+	28.38	58.97	>	6	26	64
314	chr15	80266443	80266424	+	28.33	34.62	>	6	26	64
315	chr6	102171110	102171091	+	28.19	24.06	>	6	26	64
316	chr16	72605273	72605254	-	28.11	17.7	>	6	26	64
317	chr18	65490506	65490487	+	28.06	33.94	>	6	26	64
318	chr3	55373775	55373756	+	28.0	19.75	>	6	26	64
319	chr1	53927814	53927795	-	27.97	28.48	>	6	26	64
320	chr2	160368066	160368047	-	27.95	21.97	>	6	26	64
321	chr10	42295232	42295213	-	27.94	37.8	>	6	26	64
322	chr7	116040411	116040392	-	27.9	26.19	>	6	26	64
323	chr10	116197535	116197516	-	27.81	28.58	>	6	26	64
324	chr5	20773533	20773514	-	27.81	20.77	>	6	26	64
325	chr12	80725012	80724993	-	27.73	38.97	>	6	26	64
326	chr15	66899881	66899862	-	27.6	21.5	>	6	26	64
327	chr18	16822208	16822189	-	27.56	13.28	>	6	26	64
328	chr18	14503254	14503235	-	27.55	19.48	>	6	26	64
329	chr5	98344786	98344767	+	27.44	28.3	>	6	26	64
330	chr10	77517236	77517217	+	27.39	30.44	>	6	26	64
331	chr1	44741472	44741453	-	27.38	6.344	>	6	26	64
332	chr6	127945983	127945964	-	27.28	24.97	>	6	26	64
333	chr16	42914955	42914936	-	27.27	20.78	>	6	26	64
334	chr18	39137558	39137539	+	27.11	15.805	>	6	26	64
335	chr13	42575907	42575888	+	27.11	22.34	>	6	26	64
336	chr2	13278209	13278190	+	27.06	48.53	>	6	26	64
337	chr18	43836585	43836566	-	27.06	22.66	>	6	26	64
338	chr4	114647896	114647877	+	27.05	26.58	>	6	26	64
339	chr16	44149214	44149195	-	27.03	37.28	>	6	26	64
340	chr13	109776299	109776280	+	27.02	27.47	>	6	26	64
341	chr19	30217515	30217496	+	27.0	44.25	>	6	26	64
342	chr6	61316075	61316056	+	26.94	38.16	>	6	26	64
343	chr17	78598832	78598813	+	26.92	37.16	>	6	26	64
344	chr2	117231457	117231438	-	26.88	23.62	>	6	26	64
345	chr4	115101816	115101797	+	26.84	34.88	>	6	26	64
346	chr10	57448131	57448112	-	26.8	44.97	>	6	26	64
347	chr13	113046665	113046646	+	26.77	22.72	>	6	26	64
348	chr4	110022447	110022428	-	26.58	43.47	>	6	26	64
349	chr7	101653829	101653810	+	26.5	47.97	>	6	26	64
350	chr5	67756338	67756319	+	26.5	26.55	>	6	26	64
351	chr3	62192717	62192698	-	26.5	17.1	>	6	26	64
352	chr10	17728146	17728127	-	26.45	14.96	>	6	26	64
353	chr5	37752557	37752538	-	26.33	30.73	>	6	26	64
354	chr1	60961316	60961297	-	26.3	26.22	>	6	26	64
355	chr17	68176981	68176962	+	26.27	18.84	>	6	26	64
356	chr7	37357871	37357852	-	26.2	67.6	>	6	26	64
357	chr4	32572316	32572297	-	26.16	44.75	>	6	26	64
358	chr4	96696741	96696722	+	26.12	32.22	>	6	26	64
359	chr4	109729491	109729472	-	26.06	50.3	>	6	26	64
360	chr10	111977780	111977761	+	25.78	32.1	>	6	26	64
361	chr5	45424489	45424470	-	25.73	30.9	>	6	26	64
362	chr2	61494577	61494558	-	25.72	22.25	>	6	26	64
363	chr6	13287046	13287027	+	25.69	21.62	>	6	26	64
364	chr9	116060829	116060810	+	25.66	36.5	>	6	26	64
365	chr8	17537753	17537734	-	25.64	36.44	>	6	26	64
366	chr9	77781636	77781617	-	25.62	27.94	>	6	26	64
367	chr15	5106460	5106441	-	25.56	29.45	>	6	26	64
368	chr17	93141334	93141315	-	25.53	33.03	>	6	26	64
369	chr6	97759520	97759501	+	25.52	17.88	>	6	26	64
370	chr8	119384750	119384731	-	25.47	45.94	>	6	26	64
371	chr6	88113322	88113303	+	25.38	41.75	>	6	26	64
372	chr15	101984527	101984508	-	25.38	56.7	>	6	26	64
373	chr8	54493335	54493316	-	25.34	39.7	>	6	26	64
374	chr9	24119622	24119603	+	25.33	14.83	>	6	26	64
375	chr3	50077169	50077150	-	25.31	24.22	>	6	26	64
376	chr4	47419767	47419748	+	25.23	44.03	>	6	26	64
377	chr2	76115910	76115891	+	25.22	28.97	>	6	26	64
378	chr15	67174759	67174740	+	25.2	12.74	>	6	26	64
379	chr8	125574509	125574490	+	25.17	12.85	>	6	26	64
380	chr1	161737065	161737046	-	25.11	39.75	>	6	26	64
381	chr3	85571455	85571436	-	25.1	9.7	>	6	26	64
382	chr18	19577078	19577059	-	25.02	27.28	>	6	26	64
383	chr19	36083087	36083068	-	25.0	29.4	>	6	26	64
384	chr8	115709616	115709597	-	24.98	9.14	>	6	26	64
385	chr10	126330794	126330775	-	24.84	24.02	>	6	26	64
386	chr15	25993551	25993532	+	24.81	33.28	>	6	26	64
387	chr5	131430355	131430336	-	24.78	45.44	>	6	26	64
388	chr1	9545352	9545333	-	24.78	38.06	>	6	26	64
389	chr19	28768445	28768426	-	24.75	36.44	>	6	26	64
390	chr10	24630876	24630857	+	24.72	22.94	>	6	26	64
391	chr17	54351102	54351083	+	24.53	15.79	>	6	26	64
392	chr16	20496806	20496787	+	24.47	28.86	>	6	26	64
393	chr12	109394024	109394005	-	24.44	15.02	>	6	26	64
394	chr13	21803288	21803269	-	24.42	40.1	>	6	26	64
395	chr3	103392995	103392976	+	24.38	33.9	>	6	26	64
396	chr15	25428758	25428739	+	24.31	24.08	>	6	26	64
397	chr3	135206860	135206841	-	24.3	9.21	>	6	26	64
398	chr8	65139261	65139242	+	24.3	33.56	>	6	26	64
399	chr9	29650850	29650831	-	24.23	35.72	>	6	26	64
400	chr3	127971093	127971074	+	24.2	46.1	>	6	26	64
401	chr2	104035038	104035019	+	24.16	33.7	>	6	26	64
402	chr9	81635302	81635283	+	24.11	12.08	>	6	26	64
403	chr6	95484597	95484578	+	24.03	13.41	>	6	26	64
404	chr14	72293991	72293972	-	23.83	34.2	>	6	26	64
405	chr18	65490035	65490016	-	23.72	29.94	>	6	26	64
406	chr12	38123788	38123769	-	23.66	16.0	>	6	26	64
407	chr18	70184838	70184819	-	23.66	11.39	>	6	26	64
408	chr3	152095252	152095233	-	23.53	23.67	>	6	26	64
409	chr8	32002994	32002975	-	23.5	23.94	>	6	26	64
410	chr11	22206830	22206811	-	23.48	11.1	>	6	26	64
411	chr5	76541051	76541032	-	23.44	19.22	>	6	26	64
412	chr10	52106337	52106318	+	23.38	22.61	>	6	26	64
413	chr1	84697462	84697443	-	23.38	25.22	>	6	26	64
414	chr1	67181385	67181366	+	23.34	35.0	>	6	26	64
415	chr6	101267027	101267008	+	23.31	12.77	>	6	26	64
416	chr6	129255175	129255156	-	23.25	41.8	>	6	26	64
417	chr4	115710017	115709998	-	23.19	25.83	>	6	26	64
418	chr2	118241614	118241595	-	23.19	37.16	>	6	26	64
419	chr8	71371784	71371765	+	23.11	28.11	>	6	26	64
420	chr7	73422670	73422651	-	23.11	37.7	>	6	26	64
421	chr5	33039602	33039583	+	23.05	27.48	>	6	26	64
422	chr2	153143004	153142985	-	23.02	20.31	>	6	26	64
423	chr14	98181824	98181805	-	23.0	7.93	>	6	26	64
424	chr2	136887058	136887039	-	22.97	12.49	>	6	26	64
425	chr1	135136701	135136682	-	22.88	42.44	>	6	26	64
426	chr5	4948481	4948462	-	22.86	27.0	>	6	26	64
427	chr10	71422814	71422795	+	22.81	51.25	>	6	26	64
428	chr8	64597251	64597232	-	22.66	30.06	>	6	26	64
429	chr1	162336834	162336815	-	22.45	14.914	>	6	26	64
430	chr9	94738996	94738977	+	22.42	42.94	>	6	26	64
431	chr17	53403136	53403117	+	22.4	18.28	>	6	26	64
432	chr2	155811920	155811901	-	22.36	51.28	>	6	26	64
433	chr12	52010769	52010750	+	22.33	16.6	>	6	26	64
434	chr3	44912870	44912851	-	22.31	11.58	>	6	26	64
435	chr5	98348848	98348829	+	22.25	34.97	>	6	26	64
436	chr15	80706301	80706282	+	22.25	25.52	>	6	26	64
437	chr1	167932285	167932266	-	22.22	36.66	>	6	26	64
438	chr14	121455709	121455690	-	22.2	25.7	>	6	26	64
439	chr4	98243714	98243695	-	22.16	26.34	>	6	26	64
440	chr4	143027468	143027449	+	22.14	29.11	>	6	26	64
441	chr2	153668926	153668907	+	22.14	25.36	>	6	26	64
442	chr9	41461929	41461910	-	22.14	12.42	>	6	26	64
443	chr4	109431143	109431124	-	22.1	22.34	>	6	26	64
444	chr5	44831505	44831486	-	22.08	22.05	>	6	26	64
445	chr8	119676601	119676582	-	22.03	33.06	>	6	26	64
446	chr17	40824060	40824041	-	22.02	34.28	>	6	26	64
447	chr15	37102366	37102347	-	22.0	13.84	>	6	26	64
448	chr1	119083862	119083843	-	21.92	45.47	>	6	26	64
449	chr5	41044703	41044684	-	21.78	28.61	>	6	26	64
450	chr19	24622032	24622013	+	21.77	22.19	>	6	26	64
451	chr3	58159626	58159607	-	21.75	32.1	>	6	26	64
452	chr1	38130140	38130121	-	21.75	23.66	>	6	26	64
453	chr2	129472129	129472110	-	21.73	30.17	>	6	26	64
454	chr9	15682043	15682024	-	21.73	11.22	>	6	26	64
455	chr9	69502720	69502701	-	21.7	34.7	>	6	26	64
456	chr14	21120676	21120657	+	21.69	43.16	>	6	26	64
457	chr7	110645588	110645569	-	21.69	43.56	>	6	26	64
458	chr16	78950579	78950560	-	21.64	3.295	>	6	26	64
459	chr7	131899517	131899498	+	21.56	16.44	>	6	26	64
460	chr8	106403484	106403465	-	21.53	20.23	>	6	26	64
461	chr17	73303429	73303410	+	21.48	50.6	>	6	26	64
462	chr1	83727325	83727306	+	21.48	26.81	>	6	26	64
463	chr13	29857603	29857584	+	21.42	9.836	>	6	26	64
464	chr14	104033786	104033767	+	21.34	21.16	>	6	26	64
465	chr7	119011391	119011372	+	21.31	35.56	>	6	26	64
466	chr1	69165377	69165358	+	21.31	25.0	>	6	26	64
467	chr1	192727176	192727157	+	21.28	21.9	>	6	26	64
468	chr9	50438293	50438274	-	21.2	27.17	>	6	26	64
469	chr15	46990407	46990388	-	21.14	10.516	>	6	26	64
470	chr13	73646874	73646855	+	21.14	37.5	>	6	26	64
471	chr16	67089956	67089937	+	21.12	15.94	>	6	26	64
472	chr2	83332995	83332976	-	21.02	18.14	>	6	26	64
473	chr8	10415030	10415011	+	21.0	37.3	>	6	26	64
474	chr1	35716149	35716130	-	20.89	18.69	>	6	26	64
475	chr7	43920039	43920020	-	20.83	34.3	>	6	26	64
476	chr8	15138726	15138707	+	20.81	41.03	>	6	26	64
477	chr13	6515705	6515686	+	20.8	28.08	>	6	26	64
478	chr2	64948996	64948977	-	20.72	23.2	>	6	26	64
479	chr19	20345737	20345718	+	20.7	55.44	>	6	26	64
480	chr5	33994851	33994832	+	20.64	14.97	>	6	26	64
481	chr14	76479953	76479934	+	20.62	37.16	>	6	26	64
482	chr3	144737048	144737029	+	20.58	28.33	>	6	26	64
483	chr2	13597223	13597204	-	20.5	12.72	>	6	26	64
484	chr9	118908437	118908418	-	20.5	27.45	>	6	26	64
485	chr4	153484615	153484596	-	20.39	17.89	>	6	26	64
486	chr19	12433211	12433192	+	20.36	28.34	>	6	26	64
487	chr15	31611224	31611205	+	20.34	11.17	>	6	26	64
488	chr3	107206198	107206179	+	20.34	39.22	>	6	26	64
489	chr17	86909946	86909927	+	20.31	22.38	>	6	26	64
490	chr7	89473669	89473650	-	20.22	24.19	>	6	26	64
491	chr6	35252603	35252584	+	20.22	32.56	>	6	26	64
492	chr6	126168001	126167982	-	20.17	8.76	>	6	26	64
493	chr16	42169942	42169923	+	20.12	43.34	>	6	26	64
494	chr6	90607354	90607335	+	20.11	24.86	>	6	26	64
495	chr6	31664664	31664645	+	20.11	41.5	>	6	26	64
496	chr13	100002039	100002020	+	20.02	21.73	>	6	26	64
497	chr6	97523337	97523318	-	19.97	25.72	>	6	26	64
498	chr4	123529452	123529433	-	19.95	17.69	>	6	26	64
499	chr18	53744741	53744722	-	19.94	29.1	>	6	26	64
500	chr9	13849232	13849213	+	19.9	15.484	>	6	26	64
501	chr15	14052128	14052109	-	19.89	12.375	>	6	26	64
502	chr3	68053761	68053742	-	19.88	27.33	>	6	26	64
503	chr14	50799990	50799971	+	19.83	30.28	>	6	26	64
504	chr8	50292348	50292329	+	19.83	31.36	>	6	26	64
505	chr19	52993242	52993223	-	19.81	45.25	>	6	26	64
506	chr8	24546435	24546416	-	19.8	56.1	>	6	26	64
507	chr2	166085186	166085167	+	19.78	40.2	>	6	26	64
508	chr15	80260893	80260874	-	19.75	33.7	>	6	26	64
509	chr18	75606699	75606680	+	19.72	50.94	>	6	26	64
510	chr2	135957961	135957942	-	19.69	27.1	>	6	26	64
511	chr11	75179118	75179099	+	19.67	22.83	>	6	26	64
512	chr6	77628987	77628968	+	19.66	40.56	>	6	26	64
513	chr4	82614384	82614365	-	19.62	15.836	>	6	26	64
514	chr17	27190013	27189994	+	19.5	26.89	>	6	26	64
515	chr14	121451301	121451282	-	19.45	26.11	>	6	26	64
516	chr9	69987821	69987802	-	19.44	12.234	>	6	26	64
517	chr6	40479902	40479883	+	19.42	24.72	>	6	26	64
518	chr4	82619779	82619760	-	19.42	11.22	>	6	26	64
519	chr2	160593235	160593216	-	19.4	45.8	>	6	26	64
520	chr4	48691990	48691971	+	19.4	34.88	>	6	26	64
521	chr1	11140123	11140104	-	19.39	7.324	>	6	26	64
522	chr6	67858160	67858141	+	19.36	18.55	>	6	26	64
523	chr1	91914028	91914009	+	19.36	22.06	>	6	26	64
524	chr15	76196896	76196877	+	19.33	35.8	>	6	26	64
525	chr11	43767011	43766992	+	19.27	27.44	>	6	26	64
526	chr17	8463677	8463658	+	19.23	31.38	>	6	26	64
527	chr2	60442102	60442083	-	19.22	10.555	>	6	26	64
528	chr10	8242562	8242543	+	19.2	18.4	>	6	26	64
529	chr15	8382407	8382388	+	19.16	11.64	>	6	26	64
530	chr19	11360302	11360283	+	19.14	15.06	>	6	26	64
531	chr12	79305335	79305316	+	19.11	29.94	>	6	26	64
532	chr13	38992697	38992678	+	19.03	12.445	>	6	26	64
533	chr8	91147955	91147936	-	19.0	26.05	>	6	26	64
534	chr13	64443476	64443457	+	19.0	35.6	>	6	26	64
535	chr8	117898214	117898195	+	18.92	34.16	>	6	26	64
536	chr11	42423473	42423454	-	18.77	18.48	>	6	26	64
537	chr9	114957195	114957176	-	18.77	27.38	>	6	26	64
538	chr5	149647926	149647907	+	18.72	23.06	>	6	26	64
539	chr5	128440068	128440049	-	18.69	40.7	>	6	26	64
540	chr6	90606762	90606743	-	18.67	32.6	>	6	26	64
541	chr10	58560031	58560012	+	18.67	23.25	>	6	26	64
542	chr18	25538443	25538424	+	18.66	23.94	>	6	26	64
543	chr11	22987510	22987491	+	18.56	23.83	>	6	26	64
544	chr13	57269837	57269818	-	18.55	36.6	>	6	26	64
545	chr13	53096854	53096835	-	18.55	32.88	>	6	26	64
546	chr7	124783020	124783001	-	18.55	23.44	>	6	26	64
547	chr7	40687242	40687223	-	18.52	26.28	>	6	26	64
548	chr4	109438113	109438094	+	18.45	31.61	>	6	26	64
549	chr13	46663777	46663758	-	18.45	5.215	>	6	26	64
550	chr2	21927862	21927843	-	18.45	17.72	>	6	26	64
551	chr11	72564476	72564457	-	18.39	17.95	>	6	26	64
552	chr14	57362951	57362932	-	18.3	10.125	>	6	26	64
553	chr13	54063511	54063492	-	18.3	12.516	>	6	26	64
554	chr8	127191530	127191511	+	18.27	39.03	>	6	26	64
555	chr4	24249781	24249762	+	18.25	8.38	>	6	26	64
556	chr1	175603551	175603532	-	18.2	12.0	>	6	26	64
557	chr7	131897479	131897460	+	18.19	16.34	>	6	26	64
558	chr2	125259455	125259436	-	18.17	32.72	>	6	26	64
559	chr8	11943262	11943243	-	18.0	20.05	>	6	26	64
560	chr13	74861814	74861795	+	17.98	11.664	>	6	26	64
561	chr3	37302880	37302861	-	17.98	17.84	>	6	26	64
562	chr2	165391753	165391734	+	17.95	20.97	>	6	26	64
563	chr1	167669968	167669949	-	17.94	39.3	>	6	26	64
564	chr14	24311319	24311300	+	17.89	24.48	>	6	26	64
565	chr6	125622660	125622641	+	17.86	24.67	>	6	26	64
566	chr16	91694897	91694878	+	17.83	21.03	>	6	26	64
567	chr7	100886752	100886733	-	17.8	33.3	>	6	26	64
568	chr2	165779092	165779073	+	17.7	43.9	>	6	26	64
569	chr4	118988734	118988715	-	17.7	12.37	>	6	26	64
570	chr9	111939788	111939769	+	17.64	16.92	>	6	26	64
571	chr9	40806571	40806552	+	17.64	39.78	>	6	26	64
572	chr19	21571392	21571373	+	17.64	11.9	>	6	26	64
573	chr10	49785057	49785038	-	17.56	2.498	>	6	26	64
574	chr3	84922220	84922201	+	17.47	28.94	>	6	26	64
575	chr12	7991018	7990999	+	17.47	17.66	>	6	26	64
576	chr8	106687694	106687675	+	17.45	42.0	>	6	26	64
577	chr19	15998346	15998327	+	17.33	27.56	>	6	26	64
578	chr10	30838389	30838370	+	17.3	7.543	>	6	26	64
579	chr2	6469364	6469345	-	17.28	15.65	>	6	26	64
580	chr9	59678540	59678521	-	17.28	29.06	>	6	26	64
581	chr18	60143536	60143517	-	17.25	6.348	>	6	26	64
582	chr2	76114972	76114953	-	17.25	26.88	>	6	26	64
583	chr1	192722361	192722342	-	17.23	36.0	>	6	26	64
584	chr13	6737153	6737134	+	17.23	24.25	>	6	26	64
585	chr10	116199232	116199213	+	17.23	24.89	>	6	26	64
586	chr18	6627309	6627290	+	17.06	30.4	>	6	26	64
587	chr7	117375969	117375950	-	17.03	13.42	>	6	26	64
588	chr11	7200225	7200206	+	17.03	39.34	>	6	26	64
589	chr3	152474817	152474798	+	16.98	9.51	>	6	26	64
590	chr12	4107565	4107546	+	16.97	22.11	>	6	26	64
591	chr18	78212287	78212268	-	16.83	18.31	>	6	26	64
592	chr2	17842170	17842151	-	16.81	6.844	>	6	26	64
593	chr5	112429191	112429172	-	16.78	14.19	>	6	26	64
594	chr9	54169687	54169668	+	16.73	16.64	>	6	26	64
595	chr9	78597063	78597044	+	16.73	17.98	>	6	26	64
596	chr2	125556029	125556010	+	16.69	19.19	>	6	26	64
597	chr4	86545837	86545818	-	16.69	26.34	>	6	26	64
598	chr11	34229190	34229171	+	16.55	19.56	>	6	26	64
599	chr13	60479163	60479144	+	16.52	1.697	>	6	26	64
600	chr11	57788119	57788100	+	16.36	29.88	>	6	26	64
601	chr5	117504639	117504620	+	16.36	53.34	>	6	26	64
602	chr1	128368923	128368904	+	16.28	14.01	>	6	26	64
603	chr14	51098507	51098488	-	16.28	41.22	>	6	26	64
604	chr10	14404268	14404249	+	16.23	20.66	>	6	26	64
605	chr18	65752297	65752278	-	16.1	16.11	>	6	26	64
606	chr3	59077498	59077479	+	16.1	40.72	>	6	26	64
607	chr1	119919473	119919454	+	16.06	20.62	>	6	26	64
608	chr1	86598699	86598680	+	16.03	48.72	>	6	26	64
609	chr1	80178208	80178189	-	16.0	17.12	>	6	26	64
610	chr15	64132164	64132145	+	15.96	15.336	>	6	26	64
611	chr2	4652218	4652199	-	15.91	22.83	>	6	26	64
612	chr9	40805489	40805470	-	15.86	35.53	>	6	26	64
613	chr13	30549079	30549060	-	15.805	25.34	>	6	26	64
614	chr3	82350530	82350511	-	15.805	7.78	>	6	26	64
615	chr7	81155234	81155215	-	15.805	19.0	>	6	26	64
616	chr4	107701325	107701306	-	15.8	18.55	>	6	26	64
617	chr11	76655250	76655231	+	15.8	25.19	>	6	26	64
618	chr7	122945377	122945358	+	15.72	20.64	>	6	26	64
619	chr16	32697312	32697293	+	15.695	24.02	>	6	26	64
620	chr13	114460825	114460806	-	15.65	8.25	>	6	26	64
621	chr19	59389409	59389390	+	15.65	31.4	>	6	26	64
622	chr7	45451495	45451476	+	15.64	35.4	>	6	26	64
623	chr15	85599066	85599047	+	15.625	30.86	>	6	26	64
624	chr10	9012998	9012979	+	15.6	21.77	>	6	26	64
625	chr13	24318872	24318853	-	15.58	11.58	>	6	26	64
626	chr3	123506917	123506898	-	15.53	17.17	>	6	26	64
627	chr13	101719731	101719712	-	15.48	25.34	>	6	26	64
628	chr12	12412898	12412879	-	15.43	30.47	>	6	26	64
629	chr10	127342496	127342477	-	15.4	29.73	>	6	26	64
630	chr7	28972871	28972852	+	15.39	21.2	>	6	26	64
631	chr5	130862481	130862462	+	15.33	29.22	>	6	26	64
632	chr13	53779354	53779335	+	15.31	23.8	>	6	26	64
633	chr11	51582940	51582921	-	15.305	26.1	>	6	26	64
634	chr3	34150257	34150238	+	15.3	17.19	>	6	26	64
635	chr9	30423156	30423137	-	15.29	30.31	>	6	26	64
636	chr1	55886585	55886566	+	15.29	16.73	>	6	26	64
637	chr8	121104251	121104232	+	15.28	31.56	>	6	26	64
638	chr2	31683894	31683875	+	15.27	30.73	>	6	26	64
639	chr9	121458682	121458663	+	15.27	42.72	>	6	26	64
640	chr13	111421545	111421526	+	15.22	27.25	>	6	26	64
641	chr18	56572965	56572946	+	15.22	32.7	>	6	26	64
642	chr18	42593315	42593296	+	15.2	8.75	>	6	26	64
643	chr8	118287683	118287664	+	15.2	7.145	>	6	26	64
644	chr14	47742843	47742824	+	15.18	9.65	>	6	26	64
645	chr1	184791312	184791293	-	15.164	27.39	>	6	26	64
646	chr6	106800166	106800147	-	15.1	18.75	>	6	26	64
647	chr11	12025880	12025861	+	15.06	18.02	>	6	26	64
648	chr5	129594341	129594322	-	15.03	29.4	>	6	26	64
649	chr13	16005724	16005705	+	15.016	13.71	>	6	26	64
650	chr14	65597230	65597211	+	15.016	14.01	>	6	26	64
651	chr5	99900280	99900261	-	14.95	10.75	>	6	26	64
652	chr8	11421350	11421331	-	14.945	26.12	>	6	26	64
653	chr19	4755748	4755729	+	14.93	24.55	>	6	26	64
654	chr10	110733540	110733521	-	14.914	16.5	>	6	26	64
655	chr5	67752088	67752069	+	14.89	18.31	>	6	26	64
656	chr9	77381774	77381755	-	14.85	26.45	>	6	26	64
657	chr18	81951830	81951811	-	14.76	34.06	>	6	26	64
658	chr1	86059644	86059625	+	14.734	30.22	>	6	26	64
659	chr1	52630636	52630617	-	14.734	9.89	>	6	26	64
660	chr2	174308107	174308088	+	14.69	14.67	>	6	26	64
661	chr11	99364649	99364630	-	14.6	16.03	>	6	26	64
662	chr13	109558424	109558405	+	14.49	16.98	>	6	26	64
663	chr12	58201405	58201386	-	14.48	6.883	>	6	26	64
664	chr7	137471937	137471918	+	14.445	28.83	>	6	26	64
665	chr17	26916803	26916784	+	14.414	25.05	>	6	26	64
666	chr5	87871626	87871607	-	14.414	20.39	>	6	26	64
667	chr2	125252443	125252424	+	14.414	25.9	>	6	26	64
668	chr1	9549185	9549166	+	14.414	19.5	>	6	26	64
669	chr11	11788608	11788589	-	14.38	31.97	>	6	26	64
670	chr7	43928727	43928708	+	14.36	11.45	>	6	26	64
671	chr10	60760656	60760637	-	14.31	36.9	>	6	26	64
672	chr6	17362958	17362939	+	14.31	3.076	>	6	26	64
673	chr1	136521528	136521509	-	14.305	21.69	>	6	26	64
674	chr2	153147934	153147915	+	14.28	18.94	>	6	26	64
675	chr8	61522313	61522294	+	14.266	28.28	>	6	26	64
676	chr18	56759303	56759284	+	14.266	12.61	>	6	26	64
677	chr14	115451146	115451127	-	14.234	4.215	>	6	26	64
678	chr1	176218428	176218409	+	14.195	14.99	>	6	26	64
679	chr15	97665520	97665501	-	14.18	30.02	>	6	26	64
680	chr13	20299620	20299601	+	14.18	33.25	>	6	26	64
681	chr9	59969601	59969582	-	14.14	17.69	>	6	26	64
682	chr16	57611975	57611956	+	14.055	18.66	>	6	26	64
683	chr12	15816144	15816125	+	13.984	8.52	>	6	26	64
684	chr15	82271381	82271362	-	13.95	28.55	>	6	26	64
685	chr7	74363644	74363625	-	13.95	40.8	>	6	26	64
686	chr3	73066293	73066274	+	13.95	16.86	>	6	26	64
687	chr1	118772515	118772496	-	13.945	30.34	>	6	26	64
688	chr4	110020493	110020474	-	13.94	26.28	>	6	26	64
689	chr3	34639420	34639401	-	13.94	14.87	>	6	26	64
690	chr2	131530224	131530205	-	13.92	25.86	>	6	26	64
691	chr4	20024128	20024109	+	13.91	12.516	>	6	26	64
692	chr8	74980870	74980851	-	13.81	30.2	>	6	26	64
693	chr18	75757719	75757700	+	13.734	18.78	>	6	26	64
694	chr7	89908147	89908128	-	13.72	13.79	>	6	26	64
695	chr4	150257406	150257387	+	13.72	23.58	>	6	26	64
696	chr2	55022781	55022762	-	13.664	7.77	>	6	26	64
697	chr18	64506771	64506752	-	13.63	18.4	>	6	26	64
698	chr14	123353156	123353137	-	13.61	11.6	>	6	26	64
699	chr4	139872794	139872775	+	13.59	35.75	>	6	26	64
700	chr13	51839869	51839850	+	13.586	21.19	>	6	26	64
701	chr5	146162789	146162770	+	13.516	23.42	>	6	26	64
702	chr9	83785201	83785182	+	13.49	14.66	>	6	26	64
703	chr3	59079480	59079461	+	13.44	28.77	>	6	26	64
704	chr10	11345312	11345293	-	13.375	5.086	>	6	26	64
705	chr11	46252188	46252169	-	13.34	28.12	>	6	26	64
706	chr4	85404971	85404952	+	13.32	14.11	>	6	26	64
707	chr4	130738774	130738755	+	13.31	16.47	>	6	26	64
708	chr5	86432914	86432895	+	13.305	16.02	>	6	26	64
709	chr3	22306829	22306810	+	13.266	18.6	>	6	26	64
710	chr2	91930225	91930206	-	13.25	19.55	>	6	26	64
711	chr6	108417714	108417695	+	13.234	10.66	>	6	26	64
712	chr12	17011790	17011771	-	13.16	20.73	>	6	26	64
713	chr5	87551137	87551118	-	13.15	21.52	>	6	26	64
714	chr4	106227683	106227664	-	13.14	14.38	>	6	26	64
715	chr4	139877472	139877453	+	13.1	27.4	>	6	26	64
716	chr1	88742593	88742574	-	13.086	17.75	>	6	26	64
717	chr3	52254088	52254069	+	13.02	34.16	>	6	26	64
718	chr9	73159469	73159450	+	12.99	27.5	>	6	26	64
719	chr7	29297253	29297234	-	12.984	28.8	>	6	26	64
720	chr13	116312336	116312317	-	12.93	10.21	>	6	26	64
721	chr2	157117146	157117127	-	12.91	21.92	>	6	26	64
722	chr9	60243712	60243693	+	12.89	13.59	>	6	26	64
723	chr1	179845066	179845047	-	12.88	17.89	>	6	26	64
724	chr11	103332754	103332735	+	12.875	24.97	>	6	26	64
725	chr1	53032774	53032755	-	12.87	13.05	>	6	26	64
726	chr8	45345197	45345178	+	12.81	16.72	>	6	26	64
727	chr12	113216133	113216114	+	12.74	53.7	>	6	26	64
728	chr15	36152194	36152175	-	12.72	16.9	>	6	26	64
729	chr1	72876274	72876255	+	12.69	17.11	>	6	26	64
730	chr9	14774009	14773990	+	12.664	9.0	>	6	26	64
731	chr12	74317197	74317178	-	12.664	11.76	>	6	26	64
732	chr7	107819649	107819630	-	12.64	16.3	>	6	26	64
733	chr13	55327907	55327888	+	12.64	17.61	>	6	26	64
734	chr3	54796015	54795996	+	12.63	22.77	>	6	26	64
735	chr6	60963937	60963918	+	12.61	7.094	>	6	26	64
736	chr8	21981891	21981872	-	12.61	17.33	>	6	26	64
737	chr10	38269349	38269330	-	12.52	19.28	>	6	26	64
738	chr6	51170619	51170600	-	12.5	20.02	>	6	26	64
739	chr2	148110356	148110337	-	12.43	16.03	>	6	26	64
740	chr1	88301823	88301804	-	12.42	19.61	>	6	26	64
741	chr6	115037959	115037940	-	12.33	15.375	>	6	26	64
742	chr16	11980974	11980955	+	12.33	3.668	>	6	26	64
743	chr15	44832771	44832752	-	12.31	24.2	>	6	26	64
744	chr19	26193888	26193869	-	12.29	7.65	>	6	26	64
745	chr17	8988263	8988244	-	12.29	10.71	>	6	26	64
746	chr14	66358860	66358841	+	12.28	18.22	>	6	26	64
747	chr12	40832432	40832413	-	12.26	13.56	>	6	26	64
748	chr2	53206958	53206939	-	12.18	12.55	>	6	26	64
749	chr16	42914617	42914598	+	12.16	7.133	>	6	26	64
750	chr11	111523686	111523667	-	12.14	23.53	>	6	26	64
751	chr6	121556678	121556659	+	12.11	18.8	>	6	26	64
752	chr7	43926199	43926180	-	12.1	21.69	>	6	26	64
753	chr3	3311028	3311009	+	12.09	10.74	>	6	26	64
754	chr12	17018680	17018661	+	12.04	21.19	>	6	26	64
755	chr18	33794794	33794775	+	11.97	24.89	>	6	26	64
756	chr15	73791915	73791896	+	11.96	24.61	>	6	26	64
757	chr12	82489256	82489237	+	11.945	11.805	>	6	26	64
758	chr19	37559803	37559784	+	11.91	21.4	>	6	26	64
759	chr12	36195155	36195136	-	11.91	7.07	>	6	26	64
760	chr3	30515246	30515227	-	11.875	11.664	>	6	26	64
761	chr19	27426681	27426662	-	11.81	11.945	>	6	26	64
762	chr2	75590427	75590408	-	11.75	21.66	>	6	26	64
763	chr2	17849498	17849479	+	11.75	6.633	>	6	26	64
764	chr9	83371155	83371136	-	11.75	6.18	>	6	26	64
765	chr9	30936846	30936827	-	11.734	17.67	>	6	26	64
766	chr15	94690037	94690018	+	11.73	23.03	>	6	26	64
767	chr2	147379133	147379114	+	11.69	9.875	>	6	26	64
768	chr4	121232314	121232295	-	11.664	7.945	>	6	26	64
769	chr18	56333219	56333200	-	11.64	4.934	>	6	26	64
770	chr16	25952209	25952190	-	11.64	6.688	>	6	26	64
771	chr13	94976326	94976307	+	11.63	16.62	>	6	26	64
772	chr2	30942898	30942879	-	11.57	22.28	>	6	26	64
773	chr6	104479441	104479422	+	11.55	10.57	>	6	26	64
774	chr5	113080039	113080020	-	11.52	26.94	>	6	26	64
775	chr16	30550607	30550588	-	11.52	17.62	>	6	26	64
776	chr1	160194976	160194957	+	11.51	18.28	>	6	26	64
777	chr11	56116782	56116763	-	11.48	30.47	>	6	26	64
778	chr6	112484521	112484502	-	11.48	12.14	>	6	26	64
779	chr14	21853546	21853527	-	11.445	30.66	>	6	26	64
780	chr9	58534993	58534974	+	11.414	20.97	>	6	26	64
781	chr17	73302318	73302299	+	11.414	39.62	>	6	26	64
782	chr1	85842459	85842440	-	11.41	14.02	>	6	26	64
783	chr17	16926410	16926391	-	11.35	2.584	>	6	26	64
784	chr12	29894861	29894842	+	11.31	16.72	>	6	26	64
785	chr2	127832989	127832970	+	11.22	7.293	>	6	26	64
786	chr16	20724653	20724634	+	11.18	15.11	>	6	26	64
787	chr1	180811112	180811093	-	11.164	28.33	>	6	26	64
788	chr13	109210611	109210592	-	11.16	17.5	>	6	26	64
789	chr18	5990207	5990188	-	11.14	3.14	>	6	26	64
790	chr18	12102268	12102249	-	11.125	23.38	>	6	26	64
791	chr19	59380193	59380174	+	11.08	23.9	>	6	26	64
792	chr2	101665476	101665457	+	11.055	26.06	>	6	26	64
793	chr12	108541242	108541223	-	11.02	27.9	>	6	26	64
794	chr2	32583648	32583629	+	11.016	30.19	>	6	26	64
795	chr1	181881807	181881788	-	10.98	11.91	>	6	26	64
796	chr5	117506576	117506557	+	10.94	40.06	>	6	26	64
797	chr1	38789153	38789134	+	10.89	22.95	>	6	26	64
798	chr10	102445139	102445120	-	10.875	19.4	>	6	26	64
799	chr12	81788941	81788922	+	10.87	12.51	>	6	26	64
800	chr9	78233462	78233443	-	10.86	15.93	>	6	26	64
801	chr10	96618527	96618508	+	10.86	3.014	>	6	26	64
802	chr8	84639419	84639400	-	10.85	34.7	>	6	26	64
803	chr17	8468905	8468886	+	10.85	20.27	>	6	26	64
804	chr2	67535551	67535532	+	10.83	7.83	>	6	26	64
805	chr18	52947340	52947321	+	10.82	10.15	>	6	26	64
806	chr13	72625410	72625391	-	10.78	6.715	>	6	26	64
807	chr11	31942449	31942430	+	10.69	22.72	>	6	26	64
808	chr1	6190743	6190724	-	10.63	7.344	>	6	26	64
809	chr7	74367549	74367530	+	10.6	15.16	>	6	26	64
810	chr4	22482970	22482951	+	10.58	4.45	>	6	26	64
811	chr13	20298018	20297999	+	10.56	24.86	>	6	26	64
812	chr16	75325511	75325492	-	10.484	5.44	>	6	26	64
813	chr6	54586377	54586358	+	10.44	8.14	>	6	26	64
814	chr14	59604211	59604192	-	10.375	15.664	>	6	26	64
815	chr2	107946040	107946021	-	10.31	11.08	>	6	26	64
816	chr1	62701219	62701200	-	10.3	12.74	>	6	26	64
817	chr7	75914120	75914101	+	10.266	24.1	>	6	26	64
818	chr5	98167679	98167660	+	10.26	12.875	>	6	26	64
819	chr9	99671799	99671780	+	10.23	22.52	>	6	26	64
820	chr1	179847901	179847882	+	10.16	11.88	>	6	26	64
821	chr15	80080817	80080798	-	10.15	32.28	>	6	26	64
822	chr6	137747756	137747737	-	10.09	27.12	>	6	26	64
823	chr6	77249625	77249606	-	10.09	6.945	>	6	26	64
824	chr5	149049190	149049171	-	10.08	15.81	>	6	26	64
825	chr18	32814407	32814388	-	10.07	2.566	>	6	26	64
826	chr11	46258405	46258386	-	10.06	20.3	>	6	26	64
827	chr11	81974830	81974811	-	10.01	5.44	>	6	26	64
828	chr19	48414047	48414028	+	9.99	12.77	>	6	26	64
829	chr11	34836484	34836465	+	9.86	20.75	>	6	26	64
830	chr17	24437345	24437326	-	9.81	19.33	>	6	26	64
831	chr6	59208753	59208734	-	9.734	12.92	>	6	26	64
832	chr13	37325694	37325675	-	9.734	20.84	>	6	26	64
833	chr11	43412967	43412948	-	9.72	22.2	>	6	26	64
834	chr13	49651342	49651323	-	9.71	2.496	>	6	26	64
835	chr7	143151380	143151361	+	9.69	18.05	>	6	26	64
836	chr16	4285478	4285459	-	9.67	7.94	>	6	26	64
837	chr11	29715017	29714998	-	9.664	9.12	>	6	26	64
838	chr3	134654263	134654244	+	9.62	3.898	>	6	26	64
839	chr8	28978824	28978805	-	9.57	7.504	>	6	26	64
840	chr13	54062269	54062250	-	9.55	10.02	>	6	26	64
841	chr9	32585514	32585495	+	9.516	12.72	>	6	26	64
842	chr7	73648212	73648193	-	9.484	13.375	>	6	26	64
843	chr19	27425889	27425870	-	9.44	11.26	>	6	26	64
844	chr13	100854377	100854358	-	9.42	17.78	>	6	26	64
845	chr5	140749784	140749765	-	9.414	22.17	>	6	26	64
846	chr4	127027444	127027425	+	9.4	22.48	>	6	26	64
847	chr11	109221866	109221847	-	9.3	9.67	>	6	26	64
848	chr16	16596794	16596775	+	9.28	5.977	>	6	26	64
849	chr2	128605294	128605275	-	9.25	9.07	>	6	26	64
850	chr2	61492265	61492246	+	9.25	6.99	>	6	26	64
851	chr10	74217479	74217460	+	9.22	7.7	>	6	26	64
852	chr9	68016722	68016703	+	9.2	8.305	>	6	26	64
853	chr6	144248136	144248117	+	9.19	7.742	>	6	26	64
854	chr13	51191948	51191929	+	9.17	5.492	>	6	26	64
855	chr2	103424848	103424829	-	9.164	12.29	>	6	26	64
856	chr7	64751734	64751715	-	9.13	16.66	>	6	26	64
857	chr7	27160004	27159985	+	9.125	14.17	>	6	26	64
858	chr13	95986545	95986526	+	9.08	13.76	>	6	26	64
859	chr5	135118653	135118634	+	9.08	29.22	>	6	26	64
860	chr10	49786914	49786895	-	9.07	0.785	>	6	26	64
861	chr1	51639072	51639053	+	9.02	3.22	>	6	26	64
862	chr14	105307894	105307875	+	8.95	2.453	>	6	26	64
863	chr19	40231990	40231971	-	8.95	19.89	>	6	26	64
864	chr10	69656526	69656507	+	8.95	12.99	>	6	26	64
865	chr7	142714879	142714860	-	8.945	27.2	>	6	26	64
866	chr6	129256260	129256241	-	8.93	14.53	>	6	26	64
867	chr5	138199783	138199764	+	8.9	8.414	>	6	26	64
868	chr8	36193738	36193719	+	8.89	10.43	>	6	26	64
869	chr11	49597354	49597335	+	8.87	6.92	>	6	26	64
870	chr1	139405977	139405958	-	8.86	4.043	>	6	26	64
871	chr3	124289118	124289099	-	8.84	12.69	>	6	26	64
872	chr9	13196005	13195986	-	8.83	30.6	>	6	26	64
873	chr14	115819240	115819221	+	8.83	10.71	>	6	26	64
874	chr5	146914595	146914576	+	8.82	39.7	>	6	26	64
875	chr4	119223866	119223847	-	8.766	16.34	>	6	26	64
876	chr15	85879204	85879185	-	8.76	17.27	>	6	26	64
877	chr4	124682485	124682466	+	8.7	17.45	>	6	26	64
878	chr17	34956526	34956507	+	8.695	22.17	>	6	26	64
879	chr12	39494054	39494035	-	8.65	2.455	>	6	26	64
880	chr9	34485824	34485805	-	8.625	10.6	>	6	26	64
881	chr2	180786948	180786929	+	8.57	17.27	>	6	26	64
882	chr4	62230989	62230970	+	8.57	12.25	>	6	26	64
883	chr2	16357480	16357461	+	8.55	2.205	>	6	26	64
884	chr17	9759516	9759497	+	8.54	11.53	>	6	26	64
885	chr10	13018670	13018651	+	8.54	19.64	>	6	26	64
886	chr4	32570820	32570801	-	8.52	6.645	>	6	26	64
887	chr9	86451919	86451900	-	8.49	16.77	>	6	26	64
888	chr7	139590495	139590476	+	8.49	20.39	>	6	26	64
889	chr16	31944169	31944150	+	8.445	14.11	>	6	26	64
890	chr3	104701211	104701192	-	8.44	24.84	>	6	26	64
891	chr2	160955546	160955527	-	8.414	14.05	>	6	26	64
892	chr18	32811889	32811870	+	8.4	4.918	>	6	26	64
893	chr14	115042240	115042221	-	8.4	14.734	>	6	26	64
894	chr2	28464119	28464100	-	8.33	19.16	>	6	26	64
895	chr2	76369931	76369912	+	8.28	9.1	>	6	26	64
896	chr3	107605512	107605493	+	8.28	12.57	>	6	26	64
897	chr14	121220891	121220872	-	8.23	10.8	>	6	26	64
898	chr1	103796539	103796520	+	8.22	10.74	>	6	26	64
899	chr16	23151589	23151570	+	8.21	3.11	>	6	26	64
900	chr5	33371346	33371327	-	8.19	15.74	>	6	26	64
901	chr13	103121088	103121069	-	8.18	6.016	>	6	26	64
902	chr10	60760529	60760510	+	8.14	24.72	>	6	26	64
903	chr1	169921787	169921768	+	8.12	12.62	>	6	26	64
904	chr13	42826816	42826797	-	8.11	17.0	>	6	26	64
905	chr6	72601930	72601911	+	8.11	24.06	>	6	26	64
906	chr7	81345319	81345300	-	7.99	7.87	>	6	26	64
907	chr11	33934471	33934452	+	7.98	18.27	>	6	26	64
908	chr18	77044808	77044789	-	7.97	11.42	>	6	26	64
909	chr7	67217278	67217259	+	7.926	7.28	>	6	26	64
910	chr2	164074027	164074008	+	7.906	10.22	>	6	26	64
911	chr3	45373410	45373391	+	7.855	1.438	>	6	26	64
912	chr1	152768355	152768336	-	7.84	9.35	>	6	26	64
913	chr11	102267665	102267646	-	7.81	17.44	>	6	26	64
914	chr11	43411664	43411645	-	7.81	21.72	>	6	26	64
915	chr2	129880054	129880035	+	7.805	6.484	>	6	26	64
916	chr11	81972241	81972222	+	7.797	9.07	>	6	26	64
917	chr9	65581143	65581124	-	7.793	11.17	>	6	26	64
918	chr4	106228720	106228701	+	7.727	13.9	>	6	26	64
919	chr6	119467876	119467857	+	7.703	18.1	>	6	26	64
920	chr10	122794511	122794492	+	7.695	15.734	>	6	26	64
921	chr14	34813484	34813465	-	7.69	11.805	>	6	26	64
922	chr15	19280629	19280610	+	7.68	3.066	>	6	26	64
923	chr13	38235597	38235578	-	7.676	11.836	>	6	26	64
924	chr13	21710105	21710086	+	7.67	14.95	>	6	26	64
925	chr11	104231353	104231334	-	7.67	18.38	>	6	26	64
926	chr6	86401304	86401285	-	7.64	23.28	>	6	26	64
927	chr4	24245320	24245301	-	7.633	3.027	>	6	26	64
928	chr9	29655082	29655063	+	7.613	20.11	>	6	26	64
929	chr9	58535957	58535938	-	7.605	16.9	>	6	26	64
930	chr5	112427478	112427459	-	7.598	9.93	>	6	26	64
931	chr4	140539353	140539334	-	7.58	22.9	>	6	26	64
932	chr14	105302910	105302891	+	7.57	4.605	>	6	26	64
933	chr7	19713404	19713385	-	7.543	26.19	>	6	26	64
934	chr1	127487367	127487348	-	7.52	14.33	>	6	26	64
935	chr19	56806125	56806106	-	7.504	5.934	>	6	26	64
936	chr19	47175662	47175643	-	7.46	21.67	>	6	26	64
937	chr2	150795624	150795605	-	7.44	6.633	>	6	26	64
938	chr2	137114826	137114807	+	7.438	4.08	>	6	26	64
939	chr10	119244230	119244211	+	7.434	4.305	>	6	26	64
940	chr5	117094622	117094603	+	7.42	22.22	>	6	26	64
941	chr11	67100384	67100365	-	7.42	22.83	>	6	26	64
942	chr5	30686988	30686969	+	7.41	18.64	>	6	26	64
943	chr8	105291139	105291120	-	7.41	11.78	>	6	26	64
944	chr7	143470174	143470155	-	7.39	17.94	>	6	26	64
945	chr15	8099290	8099271	-	7.35	8.336	>	6	26	64
946	chr7	119015949	119015930	+	7.34	17.75	>	6	26	64
947	chr17	56306039	56306020	-	7.305	16.48	>	6	26	64
948	chr1	134636895	134636876	+	7.3	5.97	>	6	26	64
949	chr17	65541217	65541198	+	7.258	9.125	>	6	26	64
950	chr14	49218880	49218861	+	7.25	8.47	>	6	26	64
951	chr1	25527154	25527135	+	7.2	7.453	>	6	26	64
952	chr1	146515575	146515556	+	7.18	3.11	>	6	26	64
953	chr9	44109578	44109559	+	7.176	33.9	>	6	26	64
954	chr11	108889358	108889339	+	7.15	8.016	>	6	26	64
955	chr7	138398615	138398596	+	7.117	4.707	>	6	26	64
956	chr5	32204842	32204823	+	7.11	6.15	>	6	26	64
957	chr8	14859581	14859562	+	7.1	5.27	>	6	26	64
958	chr11	95676507	95676488	-	7.09	14.555	>	6	26	64
959	chr6	85141186	85141167	+	7.08	33.56	>	6	26	64
960	chr14	20340404	20340385	-	7.04	15.81	>	6	26	64
961	chr1	193130339	193130320	-	7.023	5.71	>	6	26	64
962	chr9	98032882	98032863	+	6.992	4.73	>	6	26	64
963	chr7	143793289	143793270	+	6.98	21.42	>	6	26	64
964	chr12	32292312	32292293	-	6.895	8.26	>	6	26	64
965	chr17	45724453	45724434	-	6.89	12.125	>	6	26	64
966	chr14	102512314	102512295	+	6.89	1.602	>	6	26	64
967	chr8	11943038	11943019	+	6.88	5.47	>	6	26	64
968	chr7	83553561	83553542	+	6.867	8.27	>	6	26	64
969	chr9	64960779	64960760	-	6.85	16.31	>	6	26	64
970	chr9	30426996	30426977	+	6.832	15.31	>	6	26	64
971	chr11	119249183	119249164	+	6.785	23.48	>	6	26	64
972	chr8	90795542	90795523	+	6.77	10.67	>	6	26	64
973	chr2	113498926	113498907	-	6.766	9.86	>	6	26	64
974	chr13	62926662	62926643	+	6.75	4.73	>	6	26	64
975	chr1	127485025	127485006	+	6.715	16.44	>	6	26	64
976	chr17	78592615	78592596	+	6.715	8.945	>	6	26	64
977	chr2	118246134	118246115	-	6.668	13.72	>	6	26	64
978	chr2	92474875	92474856	-	6.652	13.95	>	6	26	64
979	chr7	17061423	17061404	+	6.645	15.1	>	6	26	64
980	chr10	122090678	122090659	+	6.63	8.38	>	6	26	64
981	chr13	64448147	64448128	+	6.594	17.92	>	6	26	64
982	chr2	34642611	34642592	-	6.562	14.51	>	6	26	64
983	chr5	117509743	117509724	+	6.54	26.92	>	6	26	64
984	chr7	131371109	131371090	+	6.516	4.71	>	6	26	64
985	chr6	94054143	94054124	-	6.5	13.34	>	6	26	64
986	chr14	20697228	20697209	+	6.465	17.88	>	6	26	64
987	chr10	122798121	122798102	+	6.46	15.23	>	6	26	64
988	chr13	14196604	14196585	+	6.45	1.613	>	6	26	64
989	chr3	118991976	118991957	+	6.438	8.26	>	6	26	64
990	chr9	107231295	107231276	-	6.434	7.414	>	6	26	64
991	chr15	24557016	24556997	-	6.418	3.371	>	6	26	64
992	chr2	178407758	178407739	+	6.414	11.43	>	6	26	64
993	chr9	90683476	90683457	-	6.38	1.322	>	6	26	64
994	chr6	22968335	22968316	-	6.34	6.418	>	6	26	64
995	chr12	67217811	67217792	+	6.336	1.95	>	6	26	64
996	chr10	82910438	82910419	+	6.277	10.99	>	6	26	64
997	chr7	49125716	49125697	+	6.258	16.88	>	6	26	64
998	chr11	119491305	119491286	-	6.215	10.81	>	6	26	64
999	chr11	32341308	32341289	-	6.21	14.555	>	6	26	64
1000	chr19	8713406	8713387	+	6.19	10.44	>	6	26	64
1001	chr4	48048044	48048025	+	6.152	6.21	>	6	26	64
1002	chr11	52764825	52764806	+	6.15	7.75	>	6	26	64
1003	chr13	20564636	20564617	-	6.145	4.82	>	6	26	64
1004	chr10	39105011	39104992	-	6.14	7.152	>	6	26	64
1005	chr11	98909856	98909837	-	6.117	18.95	>	6	26	64
1006	chr1	151025102	151025083	+	6.117	4.496	>	6	26	64
1007	chr5	98167777	98167758	-	6.113	9.555	>	6	26	64
1008	chr8	88118562	88118543	+	6.062	3.66	>	6	26	64
1009	chr16	92511934	92511915	+	6.035	16.34	>	6	26	64
1010	chr15	25792295	25792276	-	6.008	6.87	>	6	26	64
1011	chr13	92751194	92751175	+	5.938	12.68	>	6	26	64
1012	chr5	101688793	101688774	-	5.934	12.51	>	6	26	64
1013	chr7	112023252	112023233	+	5.93	8.26	>	6	26	64
1014	chr14	21854038	21854019	-	5.914	27.36	>	6	26	64
1015	chr8	32003733	32003714	-	5.9	2.012	>	6	26	64
1016	chr13	53095394	53095375	-	5.867	6.086	>	6	26	64
1017	chr1	182554179	182554160	+	5.836	10.15	>	6	26	64
1018	chr6	18381568	18381549	+	5.832	1.955	>	6	26	64
1019	chr9	77389590	77389571	+	5.832	5.68	>	6	26	64
1020	chr16	5254481	5254462	-	5.812	12.77	>	6	26	64
1021	chr2	93199625	93199606	+	5.797	14.08	>	6	26	64
1022	chr9	81631651	81631632	-	5.793	3.863	>	6	26	64
1023	chr2	152887412	152887393	-	5.78	4.652	>	6	26	64
1024	chr4	153481137	153481118	-	5.766	3.3	>	6	26	64
1025	chr8	72239706	72239687	-	5.754	5.32	>	6	26	64
1026	chr18	65750236	65750217	-	5.703	2.543	>	6	26	64
1027	chr6	61311882	61311863	-	5.68	7.43	>	6	26	64
1028	chr18	46143625	46143606	+	5.676	6.477	>	6	26	64
1029	chr6	120836118	120836099	+	5.64	7.797	>	6	26	64
1030	chr6	100563990	100563971	-	5.625	4.164	>	6	26	64
1031	chr3	13475098	13475079	-	5.61	1.948	>	6	26	64
1032	chr2	132262968	132262949	+	5.6	7.164	>	6	26	64
1033	chr11	103334169	103334150	+	5.594	12.02	>	6	26	64
1034	chr6	54255029	54255010	+	5.586	4.35	>	6	26	64
1035	chr13	101711018	101710999	+	5.543	9.15	>	6	26	64
1036	chr5	39644761	39644742	-	5.54	3.531	>	6	26	64
1037	chr8	90795201	90795182	-	5.516	4.996	>	6	26	64
1038	chr18	23162646	23162627	+	5.51	1.562	>	6	26	64
1039	chr16	78165563	78165544	+	5.477	7.39	>	6	26	64
1040	chr2	96584106	96584087	-	5.44	3.29	>	6	26	64
1041	chr12	72070473	72070454	+	5.426	11.336	>	6	26	64
1042	chr12	24708691	24708672	+	5.414	9.914	>	6	26	64
1043	chr8	92367135	92367116	-	5.406	6.984	>	6	26	64
1044	chr17	83866777	83866758	+	5.4	23.0	>	6	26	64
1045	chr13	55322636	55322617	-	5.4	7.0	>	6	26	64
1046	chr6	88893771	88893752	-	5.395	16.78	>	6	26	64
1047	chr19	8718731	8718712	-	5.383	8.6	>	6	26	64
1048	chr12	59220179	59220160	-	5.38	2.5	>	6	26	64
1049	chr14	60784526	60784507	+	5.367	16.06	>	6	26	64
1050	chr3	153658591	153658572	+	5.33	6.258	>	6	26	64
1051	chr9	77386949	77386930	-	5.312	12.24	>	6	26	64
1052	chr10	83219903	83219884	+	5.312	6.188	>	6	26	64
1053	chr6	15176967	15176948	-	5.31	2.947	>	6	26	64
1054	chr2	152604207	152604188	-	5.27	19.44	>	6	26	64
1055	chr2	39003369	39003350	-	5.26	1.671	>	6	26	64
1056	chr16	31425707	31425688	-	5.254	13.484	>	6	26	64
1057	chr5	137503018	137502999	-	5.227	3.691	>	6	26	64
1058	chr18	13973086	13973067	-	5.207	0.71	>	6	26	64
1059	chr17	68849016	68848997	-	5.2	1.891	>	6	26	64
1060	chr2	128408931	128408912	-	5.19	8.72	>	6	26	64
1061	chr14	97559790	97559771	-	5.16	2.041	>	6	26	64
1062	chr8	67903864	67903845	-	5.13	6.113	>	6	26	64
1063	chr14	56888181	56888162	-	5.125	3.316	>	6	26	64
1064	chr4	132198465	132198446	+	5.125	11.19	>	6	26	64
1065	chr2	39005861	39005842	-	5.12	3.883	>	6	26	64
1066	chr7	137471679	137471660	-	5.1	19.97	>	6	26	64
1067	chr6	64949075	64949056	+	5.09	5.168	>	6	26	64
1068	chr18	16821148	16821129	+	5.043	1.935	>	6	26	64
1069	chr2	93813566	93813547	+	5.04	13.086	>	6	26	64
1070	chr6	126481478	126481459	-	5.023	10.89	>	6	26	64
1071	chr1	181881093	181881074	-	4.984	10.19	>	6	26	64
1072	chr6	108065822	108065803	-	4.977	6.67	>	6	26	64
1073	chr4	88550373	88550354	+	4.938	4.04	>	6	26	64
1074	chr5	137502167	137502148	+	4.867	8.81	>	6	26	64
1075	chr8	77618148	77618129	-	4.86	4.188	>	6	26	64
1076	chr7	120098024	120098005	+	4.855	7.22	>	6	26	64
1077	chr2	75152706	75152687	-	4.824	10.55	>	6	26	64
1078	chr11	87950193	87950174	+	4.78	11.09	>	6	26	64
1079	chr11	94598936	94598917	-	4.746	10.49	>	6	26	64
1080	chr1	10229119	10229100	+	4.746	0.972	>	6	26	64
1081	chr7	143476888	143476869	+	4.746	8.89	>	6	26	64
1082	chr9	102607693	102607674	-	4.715	3.604	>	6	26	64
1083	chr8	32009749	32009730	+	4.71	6.785	>	6	26	64
1084	chr3	99262117	99262098	-	4.707	1.889	>	6	26	64
1085	chr18	75607987	75607968	+	4.664	23.11	>	6	26	64
1086	chr7	75380211	75380192	-	4.64	2.41	>	6	26	64
1087	chr3	135863108	135863089	+	4.64	3.164	>	6	26	64
1088	chr4	87369015	87368996	-	4.625	9.125	>	6	26	64
1089	chr8	84639535	84639516	+	4.605	13.88	>	6	26	64
1090	chr15	74524301	74524282	+	4.586	13.7	>	6	26	64
1091	chr17	57007316	57007297	-	4.582	9.42	>	6	26	64
1092	chr11	30893985	30893966	+	4.547	0.9004	>	6	26	64
1093	chr19	57360190	57360171	-	4.543	2.654	>	6	26	64
1094	chr8	110102657	110102638	-	4.53	9.24	>	6	26	64
1095	chr7	135389259	135389240	-	4.53	9.336	>	6	26	64
1096	chr4	152527530	152527511	+	4.516	13.99	>	6	26	64
1097	chr13	103710441	103710422	+	4.5	4.57	>	6	26	64
1098	chr10	120896053	120896034	+	4.5	2.322	>	6	26	64
1099	chr18	5155632	5155613	-	4.484	6.39	>	6	26	64
1100	chr12	80141693	80141674	-	4.45	17.05	>	6	26	64
1101	chr5	118763566	118763547	-	4.418	12.81	>	6	26	64
1102	chr12	14150175	14150156	+	4.406	3.688	>	6	26	64
1103	chr10	128990300	128990281	-	4.4	8.03	>	6	26	64
1104	chr10	30834038	30834019	-	4.37	4.473	>	6	26	64
1105	chr6	50618483	50618464	+	4.367	12.766	>	6	26	64
1106	chr15	9748972	9748953	-	4.36	3.496	>	6	26	64
1107	chr16	92308164	92308145	-	4.355	11.22	>	6	26	64
1108	chr2	9881964	9881945	-	4.355	2.918	>	6	26	64
1109	chr8	123106089	123106070	+	4.336	8.18	>	6	26	64
1110	chr5	98346264	98346245	+	4.324	2.342	>	6	26	64
1111	chr10	40249841	40249822	-	4.316	12.23	>	6	26	64
1112	chr3	141457685	141457666	+	4.312	4.707	>	6	26	64
1113	chr9	40192620	40192601	-	4.3	2.145	>	6	26	64
1114	chr9	72448248	72448229	+	4.29	7.78	>	6	26	64
1115	chr13	24316809	24316790	-	4.273	3.682	>	6	26	64
1116	chr1	50927249	50927230	+	4.258	4.5	>	6	26	64
1117	chr11	102690417	102690398	-	4.223	12.195	>	6	26	64
1118	chr4	116627141	116627122	+	4.207	6.52	>	6	26	64
1119	chr15	76198817	76198798	+	4.164	10.72	>	6	26	64
1120	chr15	12113620	12113601	-	4.156	3.312	>	6	26	64
1121	chr1	115675059	115675040	+	4.152	5.223	>	6	26	64
1122	chr2	34644807	34644788	-	4.15	8.266	>	6	26	64
1123	chr2	166084974	166084955	-	4.133	18.12	>	6	26	64
1124	chr11	21571906	21571887	-	4.13	2.105	>	6	26	64
1125	chr15	9449709	9449690	-	4.062	0.543	>	6	26	64
1126	chr5	92664520	92664501	-	4.055	3.326	>	6	26	64
1127	chr12	77001216	77001197	+	4.043	1.105	>	6	26	64
1128	chr6	93757507	93757488	-	4.01	5.273	>	6	26	64
1129	chr19	56302794	56302775	+	4.01	3.797	>	6	26	64
1130	chr13	71954038	71954019	-	4.008	1.19	>	6	26	64
1131	chr4	17852015	17851996	-	4.0	0.8535	>	6	26	64
1132	chr18	39136126	39136107	+	3.992	1.932	>	6	26	64
1133	chr1	153489234	153489215	-	3.99	7.715	>	6	26	64
1134	chr9	66136172	66136153	-	3.988	5.383	>	6	26	64
1135	chr11	109621431	109621412	-	3.979	11.484	>	6	26	64
1136	chr13	91723318	91723299	+	3.959	5.49	>	6	26	64
1137	chr13	3642291	3642272	-	3.959	4.75	>	6	26	64
1138	chr13	47304770	47304751	+	3.957	6.746	>	6	26	64
1139	chr2	121144456	121144437	+	3.953	4.504	>	6	26	64
1140	chr13	93772223	93772204	-	3.928	3.56	>	6	26	64
1141	chr10	70967079	70967060	+	3.916	4.88	>	6	26	64
1142	chr13	59417085	59417066	-	3.91	5.0	>	6	26	64
1143	chr7	102484972	102484953	-	3.883	7.0	>	6	26	64
1144	chr5	38235667	38235648	-	3.879	10.78	>	6	26	64
1145	chr14	56885401	56885382	+	3.87	2.412	>	6	26	64
1146	chr11	75170669	75170650	-	3.861	7.984	>	6	26	64
1147	chr11	77980417	77980398	+	3.846	9.5	>	6	26	64
1148	chr9	94738712	94738693	+	3.828	14.92	>	6	26	64
1149	chr6	140466500	140466481	-	3.816	3.785	>	6	26	64
1150	chr19	57361025	57361006	-	3.814	6.484	>	6	26	64
1151	chr12	58972459	58972440	+	3.777	2.135	>	6	26	64
1152	chr2	61490636	61490617	+	3.775	5.23	>	6	26	64
1153	chr4	44310651	44310632	+	3.762	4.973	>	6	26	64
1154	chr11	52766147	52766128	+	3.734	1.83	>	6	26	64
1155	chr13	72627587	72627568	-	3.717	4.066	>	6	26	64
1156	chr9	23012459	23012440	-	3.71	1.704	>	6	26	64
1157	chr16	31427924	31427905	-	3.705	3.383	>	6	26	64
1158	chr12	29895773	29895754	+	3.691	1.481	>	6	26	64
1159	chr9	73154557	73154538	+	3.666	9.1	>	6	26	64
1160	chr1	127484437	127484418	-	3.66	8.8	>	6	26	64
1161	chr9	107566236	107566217	+	3.656	7.098	>	6	26	64
1162	chr2	68118338	68118319	+	3.652	4.36	>	6	26	64
1163	chr11	11140836	11140817	-	3.629	13.69	>	6	26	64
1164	chr12	74014936	74014917	-	3.627	5.97	>	6	26	64
1165	chr7	138396301	138396282	-	3.621	0.934	>	6	26	64
1166	chr14	103534605	103534586	+	3.617	5.312	>	6	26	64
1167	chr10	115164112	115164093	-	3.613	3.031	>	6	26	64
1168	chr7	119019764	119019745	+	3.598	7.113	>	6	26	64
1169	chr13	96389525	96389506	-	3.588	1.339	>	6	26	64
1170	chr14	74723724	74723705	-	3.586	5.766	>	6	26	64
1171	chr14	55114114	55114095	-	3.57	7.387	>	6	26	64
1172	chr9	62784468	62784449	+	3.562	12.84	>	6	26	64
1173	chr10	127678167	127678148	-	3.541	2.129	>	6	26	64
1174	chr17	55948218	55948199	-	3.535	4.3	>	6	26	64
1175	chr11	78183263	78183244	-	3.525	12.305	>	6	26	64
1176	chr6	59207403	59207384	-	3.508	1.477	>	6	26	64
1177	chr6	135416919	135416900	+	3.498	4.027	>	6	26	64
1178	chr5	122104403	122104384	+	3.492	11.98	>	6	26	64
1179	chr13	37971068	37971049	-	3.482	3.088	>	6	26	64
1180	chr5	114612410	114612391	+	3.48	13.6	>	6	26	64
1181	chr10	114442226	114442207	+	3.46	2.104	>	6	26	64
1182	chr2	145655527	145655508	-	3.44	2.05	>	6	26	64
1183	chr7	109507351	109507332	-	3.418	1.832	>	6	26	64
1184	chr16	10009965	10009946	+	3.402	4.965	>	6	26	64
1185	chr14	67969032	67969013	-	3.385	5.523	>	6	26	64
1186	chr5	140744055	140744036	-	3.348	10.35	>	6	26	64
1187	chr1	56984334	56984315	+	3.338	2.584	>	6	26	64
1188	chr2	137110782	137110763	+	3.328	1.323	>	6	26	64
1189	chr16	22267525	22267506	+	3.322	1.262	>	6	26	64
1190	chr16	4884595	4884576	-	3.3	2.822	>	6	26	64
1191	chr5	19458406	19458387	-	3.291	6.625	>	6	26	64
1192	chr1	84697217	84697198	-	3.29	7.492	>	6	26	64
1193	chr14	122903088	122903069	-	3.29	2.205	>	6	26	64
1194	chr7	64056729	64056710	-	3.273	1.214	>	6	26	64
1195	chr9	71624061	71624042	-	3.273	15.39	>	6	26	64
1196	chr9	96885958	96885939	-	3.271	10.016	>	6	26	64
1197	chr18	46964733	46964714	-	3.266	8.555	>	6	26	64
1198	chr3	122638475	122638456	+	3.26	4.82	>	6	26	64
1199	chr9	94733848	94733829	+	3.256	3.768	>	6	26	64
1200	chr1	167938404	167938385	-	3.25	6.79	>	6	26	64
1201	chr1	180811841	180811822	+	3.244	6.383	>	6	26	64
1202	chr10	42760472	42760453	+	3.229	1.784	>	6	26	64
1203	chr18	20598347	20598328	+	3.213	4.758	>	6	26	64
1204	chr17	71909305	71909286	+	3.203	3.572	>	6	26	64
1205	chr1	34459898	34459879	+	3.193	3.389	>	6	26	64
1206	chr4	117202234	117202215	-	3.191	9.61	>	6	26	64
1207	chr15	101313974	101313955	-	3.178	2.96	>	6	26	64
1208	chr16	13438138	13438119	+	3.176	1.241	>	6	26	64
1209	chr7	114878499	114878480	+	3.174	1.604	>	6	26	64
1210	chr11	109866735	109866716	+	3.166	2.812	>	6	26	64
1211	chr3	123509329	123509310	+	3.162	5.67	>	6	26	64
1212	chr3	114085881	114085862	-	3.146	0.5283	>	6	26	64
1213	chr4	120149384	120149365	-	3.145	8.09	>	6	26	64
1214	chr16	4549594	4549575	-	3.137	11.12	>	6	26	64
1215	chr15	78872224	78872205	+	3.133	9.35	>	6	26	64
1216	chr12	57231261	57231242	-	3.127	3.32	>	6	26	64
1217	chr9	71624949	71624930	-	3.125	15.0	>	6	26	64
1218	chr4	18963859	18963840	-	3.12	4.01	>	6	26	64
1219	chr8	40913366	40913347	-	3.115	1.625	>	6	26	64
1220	chr5	21645240	21645221	-	3.11	1.259	>	6	26	64
1221	chr10	68357244	68357225	+	3.094	1.353	>	6	26	64
1222	chr2	93812077	93812058	-	3.06	11.82	>	6	26	64
1223	chr12	75669431	75669412	-	3.05	4.1	>	6	26	64
1224	chr1	12844023	12844004	+	3.033	4.33	>	6	26	64
1225	chr12	86697142	86697123	+	3.025	6.996	>	6	26	64
1226	chr9	98033678	98033659	+	3.021	1.525	>	6	26	64
1227	chr19	37946902	37946883	+	3.02	4.082	>	6	26	64
1228	chr9	75271676	75271657	+	3.01	4.42	>	6	26	64
1229	chr11	55162881	55162862	+	2.996	3.625	>	6	26	64
1230	chr17	25274339	25274320	-	2.984	4.45	>	6	26	64
1231	chr6	108065317	108065298	+	2.984	5.535	>	6	26	64
1232	chr7	5071749	5071730	-	2.928	2.754	>	6	26	64
1233	chr3	152477906	152477887	-	2.922	3.295	>	6	26	64
1234	chr5	28090770	28090751	-	2.922	2.412	>	6	26	64
1235	chr14	78282622	78282603	+	2.91	2.186	>	6	26	64
1236	chr14	88480122	88480103	-	2.906	3.236	>	6	26	64
1237	chr7	107569047	107569028	+	2.902	1.588	>	6	26	64
1238	chr3	83777088	83777069	-	2.879	3.992	>	6	26	64
1239	chr8	48550865	48550846	+	2.871	0.592	>	6	26	64
1240	chr7	132575955	132575936	-	2.855	4.473	>	6	26	64
1241	chr14	79769127	79769108	-	2.852	4.36	>	6	26	64
1242	chr17	69974245	69974226	-	2.799	1.284	>	6	26	64
1243	chr12	66284211	66284192	-	2.793	5.484	>	6	26	64
1244	chr6	83796902	83796883	-	2.785	3.35	>	6	26	64
1245	chr9	44108077	44108058	+	2.785	11.375	>	6	26	64
1246	chr11	116023924	116023905	+	2.777	6.906	>	6	26	64
1247	chr3	86779824	86779805	-	2.775	8.64	>	6	26	64
1248	chr19	46056202	46056183	+	2.77	5.27	>	6	26	64
1249	chr10	108210181	108210162	-	2.762	0.674	>	6	26	64
1250	chr8	27001386	27001367	+	0.4329	0.4077	>	6	26	64
1251	chr17	28338029	28338010	-	0.252	0.265	>	6	26	64
1252	chr11	76445826	76445807	-	0.2268	0.1863	>	6	26	64
1253	chr5	144244146	144244127	-	0.311	0.3691	>	6	26	64
1254	chr14	79768803	79768784	-	0.3076	0.2808	>	6	26	64
1255	chr9	26778623	26778604	-	1.299	0.6914	>	6	26	64
1256	chr7	25392052	25392033	+	0.2487	0.242	>	6	26	64
1257	chr3	101484879	101484860	-	0.3438	0.528	>	6	26	64
1258	chr2	69113988	69113969	+	0.2472	0.1981	>	6	26	64
1259	chr13	29852447	29852428	-	0.1781	0.1941	>	6	26	64
1260	chr2	60213231	60213212	-	0.1073	0.1628	>	6	26	64
1261	chr2	171418157	171418138	-	0.1407	0.2131	>	6	26	64
1262	chr7	64392050	64392031	-	0.514	0.2006	>	6	26	64
1263	chr15	36157434	36157415	-	0.7227	0.836	>	6	26	64
1264	chr4	49662357	49662338	-	0.4692	0.2915	>	6	26	64
1265	chr4	48422356	48422337	+	1.027	0.5225	>	6	26	64
1266	chr18	82720514	82720495	+	0.1605	0.1409	>	6	26	64
1267	chr1	172022686	172022667	+	0.1733	0.1764	>	6	26	64
1268	chr7	139595890	139595871	+	0.1575	0.2125	>	6	26	64
1269	chr12	73007842	73007823	-	0.345	0.2974	>	6	26	64
1270	chr17	27192928	27192909	-	0.1056	0.4468	>	6	26	64
1271	chr1	53698960	53698941	+	0.557	0.255	>	6	26	64
1272	chr18	12734380	12734361	+	0.207	0.1383	>	6	26	64
1273	chr6	126767488	126767469	-	0.2039	0.2483	>	6	26	64
1274	chr2	92856249	92856230	-	2.734	0.857	>	6	26	64
1275	chr11	74572851	74572832	+	0.2646	0.2705	>	6	26	64
1276	chr9	59675637	59675618	-	0.4082	0.744	>	6	26	64
1277	chr15	55025647	55025628	+	0.1847	0.1536	>	6	26	64
1278	chr4	120579150	120579131	-	0.33	0.264	>	6	26	64
1279	chr15	74525720	74525701	+	0.2172	0.2104	>	6	26	64
1280	chr1	88748095	88748076	+	0.1973	0.1881	>	6	26	64
1281	chr15	32239655	32239636	-	0.2822	0.1587	>	6	26	64
1282	chr7	36571183	36571164	+	0.1103	0.1942	>	6	26	64
1283	chr11	113855351	113855332	-	0.1613	0.1947	>	6	26	64
1284	chr6	90609163	90609144	+	2.127	1.159	>	6	26	64
1285	chr3	146181407	146181388	-	0.2034	0.3416	>	6	26	64
1286	chr10	69857222	69857203	-	0.3232	0.3599	>	6	26	64
1287	chr2	158361425	158361406	-	0.5625	0.2502	>	6	26	64
1288	chr5	136268179	136268160	-	0.1886	0.2153	>	6	26	64
1289	chr16	11983350	11983331	-	1.634	1.076	>	6	26	64
1290	chr2	84437773	84437754	+	0.2305	0.14	>	6	26	64
1291	chr18	24002018	24001999	-	0.133	0.1333	>	6	26	64
1292	chr1	130151533	130151514	-	0.4075	0.3347	>	6	26	64
1293	chr9	59675855	59675836	+	0.3367	0.2161	>	6	26	64
1294	chr11	116840251	116840232	-	0.3374	0.637	>	6	26	64
1295	chr2	155819963	155819944	+	0.07886	0.146	>	6	26	64
1296	chr14	105301632	105301613	+	0.206	0.2114	>	6	26	64
1297	chr12	9044592	9044573	+	0.1821	0.2019	>	6	26	64
1298	chr18	13971224	13971205	-	0.5337	0.3596	>	6	26	64
1299	chr5	136267600	136267581	-	0.2751	0.189	>	6	26	64
1300	chr5	33371430	33371411	+	0.3992	0.1644	>	6	26	64
1301	chr14	51090397	51090378	-	0.4153	0.243	>	6	26	64
1302	chr1	77935072	77935053	+	0.1814	0.1729	>	6	26	64
1303	chr11	119246049	119246030	-	0.204	0.3367	>	6	26	64
1304	chr17	50274949	50274930	-	0.441	0.1749	>	6	26	64
1305	chr8	108956442	108956423	+	0.5635	0.3044	>	6	26	64
1306	chr11	66885340	66885321	+	0.1636	0.169	>	6	26	64
1307	chr7	30099945	30099926	-	0.1979	0.1757	>	6	26	64
1308	chr15	99973159	99973140	-	0.1998	0.3345	>	6	26	64
1309	chr5	16308949	16308930	+	0.1567	0.1411	>	6	26	64
1310	chr6	119466578	119466559	-	0.9824	0.9795	>	6	26	64
1311	chr2	136886679	136886660	+	0.7764	0.2095	>	6	26	64
1312	chr14	79763594	79763575	-	0.2852	0.151	>	6	26	64
1313	chr2	170416012	170415993	+	0.1837	0.1256	>	6	26	64
1314	chr4	41015236	41015217	-	0.1882	0.1434	>	6	26	64
1315	chr11	70975109	70975090	+	0.713	0.3914	>	6	26	64
1316	chr5	122773202	122773183	+	0.11584	0.1375	>	6	26	64
1317	chr4	128588031	128588012	-	0.2659	0.1909	>	6	26	64
1318	chr8	122576186	122576167	-	0.11285	0.1545	>	6	26	64
1319	chr7	76383989	76383970	+	0.1553	0.154	>	6	26	64
1320	chr9	41467019	41467000	-	0.2223	0.1565	>	6	26	64
1321	chr1	32712246	32712227	-	0.05322	0.1516	>	6	26	64
1322	chr16	23974866	23974847	-	0.5283	0.3425	>	6	26	64
1323	chr15	84066194	84066175	-	0.6196	1.17	>	6	26	64
1324	chr11	40148920	40148901	-	1.272	0.642	>	6	26	64
1325	chr7	27166488	27166469	-	0.306	0.491	>	6	26	64
1326	chr11	30240273	30240254	+	0.4001	0.2556	>	6	26	64
1327	chr2	69115969	69115950	-	0.1754	0.1587	>	6	26	64
1328	chr9	113420569	113420550	-	0.2261	0.2178	>	6	26	64
1329	chr12	99882528	99882509	-	0.2617	0.1387	>	6	26	64
1330	chr5	77347648	77347629	-	0.3625	0.4211	>	6	26	64
1331	chr10	49780455	49780436	+	0.2179	0.1394	>	6	26	64
1332	chr5	75855263	75855244	-	0.6416	0.4326	>	6	26	64
1333	chr2	124087358	124087339	-	0.6436	0.2075	>	6	26	64
1334	chr14	49219056	49219037	+	0.678	0.694	>	6	26	64
1335	chr5	147938091	147938072	+	0.368	0.1842	>	6	26	64
1336	chr11	32340288	32340269	+	0.1792	0.1648	>	6	26	64
1337	chr16	50181579	50181560	+	0.2006	0.1838	>	6	26	64
1338	chr16	20496121	20496102	-	0.6714	0.1777	>	6	26	64
1339	chr8	76775680	76775661	+	0.135	0.1975	>	6	26	64
1340	chr14	65597676	65597657	+	0.6543	0.452	>	6	26	64
1341	chr7	64754771	64754752	+	0.1351	0.2295	>	6	26	64
1342	chr2	166083979	166083960	-	0.2964	0.2065	>	6	26	64
1343	chr16	44140440	44140421	+	0.4607	0.3381	>	6	26	64
1344	chr12	90524338	90524319	-	0.3223	0.2983	>	6	26	64
1345	chr5	89391716	89391697	+	0.1626	0.1418	>	6	26	64
1346	chr9	59675438	59675419	-	0.2104	0.1542	>	6	26	64
1347	chr19	16339103	16339084	-	0.1967	0.1177	>	6	26	64
1348	chr13	30545067	30545048	+	0.3672	0.2915	>	6	26	64
1349	chr1	92462681	92462662	+	0.3916	0.1832	>	6	26	64
1350	chr4	84066283	84066264	-	0.1898	0.1552	>	6	26	64
1351	chr9	83373922	83373903	-	0.2197	0.1434	>	6	26	64
1352	chr4	88773969	88773950	-	0.9507	8.01	>	6	26	64
1353	chr9	123132258	123132239	-	0.1687	0.1416	>	6	26	64
1354	chr17	34958843	34958824	-	0.2079	0.5464	>	6	26	64
1355	chr12	50946225	50946206	+	0.2341	0.157	>	6	26	64
1356	chr13	73647252	73647233	+	0.267	0.1704	>	6	26	64
1357	chr11	83279300	83279281	-	0.4434	0.2251	>	6	26	64
1358	chr17	8986048	8986029	-	0.3325	0.212	>	6	26	64
1359	chr4	14935721	14935702	-	0.7095	0.296	>	6	26	64
1360	chr4	75076699	75076680	+	0.09125	0.2014	>	6	26	64
1361	chr5	114610713	114610694	+	0.0985	0.1626	>	6	26	64
1362	chr9	83378273	83378254	-	0.471	0.2808	>	6	26	64
1363	chr9	107773182	107773163	-	0.1786	0.1414	>	6	26	64
1364	chr9	41218030	41218011	+	0.1323	0.1355	>	6	26	64
1365	chr9	105644718	105644699	+	0.4255	0.1808	>	6	26	64
1366	chr8	84264441	84264422	-	1.261	1.4795	>	6	26	64
1367	chr4	135959453	135959434	+	0.112	0.2223	>	6	26	64
1368	chr1	24684268	24684249	+	0.4001	0.1942	>	6	26	64
1369	chr3	87748577	87748558	-	0.7593	0.4382	>	6	26	64
1370	chr9	54690950	54690931	+	0.11566	0.136	>	6	26	64
1371	chr15	82277690	82277671	-	0.9043	0.4492	>	6	26	64
1372	chr5	115498528	115498509	-	0.2693	0.2164	>	6	26	64
1373	chr9	56621276	56621257	+	0.10846	0.253	>	6	26	64
1374	chr18	81956733	81956714	-	0.2815	0.2637	>	6	26	64
1375	chr10	22791401	22791382	-	0.1346	0.2358	>	6	26	64
1376	chr15	82271301	82271282	+	0.836	0.1838	>	6	26	64
1377	chr12	69946159	69946140	+	0.555	0.455	>	6	26	64
1378	chr14	101442800	101442781	+	0.2983	0.1344	>	6	26	64
1379	chr2	164777017	164776998	-	0.5176	0.361	>	6	26	64
1380	chr10	24631573	24631554	-	1.178	1.224	>	6	26	64
1381	chr1	136528510	136528491	-	1.761	0.7373	>	6	26	64
1382	chr10	19222118	19222099	-	1.411	0.8228	>	6	26	64
1383	chr14	56885508	56885489	-	2.348	4.004	>	6	26	64
1384	chr8	85060493	85060474	-	0.9688	0.437	>	6	26	64
1385	chr11	96075822	96075803	-	0.9316	0.4944	>	6	26	64
1386	chr11	77476535	77476516	+	0.1632	0.2383	>	6	26	64
1387	chr1	81294004	81293985	-	0.905	0.562	>	6	26	64
1388	chr12	15520954	15520935	+	0.7183	0.4033	>	6	26	64
1389	chr7	66397054	66397035	+	0.1594	0.2107	>	6	26	64
1390	chr12	74014582	74014563	-	0.2377	0.1973	>	6	26	64
1391	chr5	144242554	144242535	-	0.241	0.1987	>	6	26	64
1392	chr15	66894943	66894924	+	0.2703	0.2021	>	6	26	64
1393	chr6	126484995	126484976	-	0.4333	1.278	>	6	26	64
1394	chr4	48427148	48427129	+	0.678	0.3833	>	6	26	64
1395	chr15	71459211	71459192	+	0.252	0.1731	>	6	26	64
1396	chr3	19896435	19896416	-	0.2361	0.1467	>	6	26	64
1397	chr8	68268707	68268688	-	0.1398	0.1492	>	6	26	64
1398	chr1	182555580	182555561	-	0.1982	0.1915	>	6	26	64
1399	chr9	44413186	44413167	-	0.534	0.393	>	6	26	64
1400	chr14	70151716	70151697	+	0.3604	0.2382	>	6	26	64
1401	chr4	62478250	62478231	+	0.438	0.1328	>	6	26	64
1402	chr3	127561629	127561610	-	0.2183	0.12354	>	6	26	64
1403	chr3	69139614	69139595	-	0.397	0.2261	>	6	26	64
1404	chr17	17919616	17919597	+	0.1678	0.167	>	6	26	64
1405	chr4	139314214	139314195	-	0.2279	0.269	>	6	26	64
1406	chr18	61952763	61952744	-	0.2372	0.1731	>	6	26	64
1407	chr9	7599188	7599169	+	0.33	0.191	>	6	26	64
1408	chr10	120898341	120898322	-	0.3386	0.1467	>	6	26	64
1409	chr11	57469613	57469594	-	0.1846	0.2297	>	6	26	64
1410	chr18	58480198	58480179	-	0.2095	0.1665	>	6	26	64
1411	chr17	12380527	12380508	-	0.658	0.591	>	6	26	64
1412	chr2	107940173	107940154	+	0.11664	0.1351	>	6	26	64
1413	chr2	32580534	32580515	-	0.2605	0.4055	>	6	26	64
1414	chr15	98813480	98813461	+	0.3496	0.5376	>	6	26	64
1415	chr6	54253893	54253874	+	0.1663	0.1743	>	6	26	64
1416	chr1	135800865	135800846	+	0.1766	0.1665	>	6	26	64
1417	chr15	58426369	58426350	+	0.1996	0.1519	>	6	26	64
1418	chr4	87367775	87367756	+	0.3853	0.1472	>	6	26	64
1419	chr2	96583103	96583084	-	0.809	0.3242	>	6	26	64
1420	chr4	63366959	63366940	-	0.1979	0.1753	>	6	26	64
1421	chr4	59761293	59761274	-	0.3435	0.2113	>	6	26	64
1422	chr10	7832162	7832143	+	0.2646	0.1672	>	6	26	64
1423	chr7	89904213	89904194	-	0.2908	0.156	>	6	26	64
1424	chr1	30697342	30697323	+	0.1025	0.1263	>	6	26	64
1425	chr1	58987602	58987583	+	0.2202	0.1498	>	6	26	64
1426	chr15	7452190	7452171	+	0.1405	0.12085	>	6	26	64
1427	chr4	139877044	139877025	+	0.3875	0.2688	>	6	26	64
1428	chr3	83291887	83291868	-	0.0825	0.137	>	6	26	64
1429	chr15	68912907	68912888	-	0.5024	0.2024	>	6	26	64
1430	chr14	64593744	64593725	-	1.073	0.5703	>	6	26	64
1431	chr1	56980349	56980330	-	0.2778	0.2322	>	6	26	64
1432	chr14	75833620	75833601	-	0.6006	0.4543	>	6	26	64
1433	chr16	62904648	62904629	-	0.217	0.1924	>	6	26	64
1434	chr5	35991229	35991210	-	1.033	1.082	>	6	26	64
1435	chr5	44287418	44287399	-	0.248	0.155	>	6	26	64
1436	chr15	76199915	76199896	-	0.07776	0.3071	>	6	26	64
1437	chr4	131240262	131240243	-	0.241	0.206	>	6	26	64
1438	chr5	102147917	102147898	-	0.228	0.2458	>	6	26	64
1439	chr3	93086926	93086907	+	0.0978	0.1787	>	6	26	64
1440	chr6	126163382	126163363	+	2.373	1.376	>	6	26	64
1441	chr3	45375769	45375750	+	1.051	0.2544	>	6	26	64
1442	chr16	90306219	90306200	-	0.3647	0.3506	>	6	26	64
1443	chr17	3249270	3249251	-	0.1843	0.136	>	6	26	64
1444	chr4	143024421	143024402	-	0.087	0.1317	>	6	26	64
1445	chr19	47513892	47513873	-	0.2471	0.1393	>	6	26	64
1446	chr6	66534595	66534576	-	1.387	0.675	>	6	26	64
1447	chr6	134963172	134963153	-	0.6475	0.5996	>	6	26	64
1448	chr14	56369245	56369226	+	0.2401	0.1912	>	6	26	64
1449	chr18	53460219	53460200	+	0.1775	0.162	>	6	26	64
1450	chr7	89476922	89476903	-	0.2163	0.1522	>	6	26	64
1451	chr6	34273116	34273097	+	0.0673	0.1545	>	6	26	64
1452	chr7	142295608	142295589	-	1.062	6.32	>	6	26	64
1453	chr3	22302208	22302189	+	0.992	0.3848	>	6	26	64
1454	chr6	31045994	31045975	-	0.7534	0.959	>	6	26	64
1455	chr9	57143378	57143359	-	0.1816	0.2302	>	6	26	64
1456	chr6	101268340	101268321	+	0.2712	0.1924	>	6	26	64
1457	chr9	58897456	58897437	-	0.7163	0.4846	>	6	26	64
1458	chr17	79601068	79601049	+	0.2245	0.12476	>	6	26	64
1459	chr16	5254607	5254588	-	0.2883	0.22	>	6	26	64
1460	chr4	83595536	83595517	+	1.783	1.041	>	6	26	64
1461	chr9	51159881	51159862	-	0.6875	0.266	>	6	26	64
1462	chr14	66354429	66354410	+	0.1142	0.1388	>	6	26	64
1463	chr5	117090283	117090264	+	0.5806	0.4014	>	6	26	64
1464	chr2	168061425	168061406	-	0.1733	0.2051	>	6	26	64
1465	chr5	9169228	9169209	+	0.3306	0.1686	>	6	26	64
1466	chr6	28418701	28418682	-	0.4202	0.266	>	6	26	64
1467	chr12	105038443	105038424	-	0.1501	0.2063	>	6	26	64
1468	chr1	182558143	182558124	-	0.2264	0.1511	>	6	26	64
1469	chr8	47713300	47713281	-	1.078	1.646	>	6	26	64
1470	chr18	47357393	47357374	+	0.2007	0.1278	>	6	26	64
1471	chr1	118771083	118771064	-	0.1254	0.2006	>	6	26	64
1472	chr16	6493044	6493025	-	0.1927	0.1516	>	6	26	64
1473	chr9	42951005	42950986	-	0.3914	0.2078	>	6	26	64
1474	chr13	53430986	53430967	-	0.6504	0.3672	>	6	26	64
1475	chr13	67609268	67609249	+	2.162	0.826	>	6	26	64
1476	chr1	53035072	53035053	+	0.1465	0.1494	>	6	26	64
1477	chr7	99471824	99471805	-	0.3745	0.4907	>	6	26	64
1478	chr11	36543574	36543555	-	0.1156	0.1614	>	6	26	64
1479	chr5	124334258	124334239	-	0.3428	0.273	>	6	26	64
1480	chr10	76771414	76771395	-	0.1296	0.2047	>	6	26	64
1481	chr10	4386719	4386700	+	0.32	0.4492	>	6	26	64
1482	chr5	116554091	116554072	+	0.0876	0.1714	>	6	26	64
1483	chr10	41734858	41734839	+	0.1406	0.2605	>	6	26	64
1484	chr10	50906875	50906856	-	0.2361	0.1674	>	6	26	64
1485	chr11	31651668	31651649	+	0.07605	0.1534	>	6	26	64
1486	chr6	116193190	116193171	+	0.3687	0.372	>	6	26	64
1487	chr1	188976509	188976490	+	0.343	0.1833	>	6	26	64
1488	chr12	101976095	101976076	+	0.681	0.4116	>	6	26	64
1489	chr15	75925915	75925896	+	0.6084	0.9233	>	6	26	64
1490	chr1	4777287	4777268	-	0.9443	1.425	>	6	26	64
1491	chr18	86560230	86560211	+	0.7866	1.138	>	6	26	64
1492	chr7	43574878	43574859	+	1.292	1.347	>	6	26	64
1493	chr7	98200601	98200582	-	0.2927	0.1711	>	6	26	64
1494	chr4	143319849	143319830	+	0.2299	0.1525	>	6	26	64
1495	chr2	128601696	128601677	-	0.1208	0.207	>	6	26	64
1496	chr17	57004491	57004472	-	0.1467	0.2932	>	6	26	64
1497	chr2	35196541	35196522	-	1.081	0.3997	>	6	26	64
1498	chr5	29779371	29779352	+	0.1531	0.1671	>	6	26	64
1499	chr10	93038429	93038410	-	0.163	0.1875	>	6	26	64
0	chr4	87368268	87368249	+	90.56	65.75	>	6	27	63
1	chr11	109860827	109860808	-	89.2	47.97	>	6	27	63
2	chr3	22309188	22309169	+	81.5	60.4	>	6	27	63
3	chr10	5161770	5161751	-	79.2	55.88	>	6	27	63
4	chr16	71247702	71247683	+	68.56	43.2	>	6	27	63
5	chr16	72980067	72980048	-	68.3	56.7	>	6	27	63
6	chr6	60556001	60555982	+	67.7	40.38	>	6	27	63
7	chr5	7996919	7996900	-	66.06	59.4	>	6	27	63
8	chr14	12140114	12140095	-	65.1	51.62	>	6	27	63
9	chr13	81439574	81439555	+	64.94	46.94	>	6	27	63
10	chr9	103996726	103996707	-	64.9	51.25	>	6	27	63
11	chr15	56066340	56066321	+	63.97	42.94	>	6	27	63
12	chr10	106609250	106609231	+	63.97	42.62	>	6	27	63
13	chr1	144380222	144380203	-	63.4	48.44	>	6	27	63
14	chr10	8240468	8240449	-	62.34	45.88	>	6	27	63
15	chr12	77000269	77000250	+	62.22	54.97	>	6	27	63
16	chr1	44745882	44745863	+	62.12	40.25	>	6	27	63
17	chr4	81178889	81178870	+	62.03	50.0	>	6	27	63
18	chr9	10909768	10909749	+	61.12	47.94	>	6	27	63
19	chr6	64650119	64650100	-	60.56	60.88	>	6	27	63
20	chr15	32766485	32766466	-	60.56	46.62	>	6	27	63
21	chr4	9135983	9135964	+	60.03	34.12	>	6	27	63
22	chr7	118305013	118304994	+	59.5	47.62	>	6	27	63
23	chr10	39520570	39520551	-	58.34	40.5	>	6	27	63
24	chr1	78724658	78724639	+	58.25	47.28	>	6	27	63
25	chr2	160598038	160598019	+	57.94	55.8	>	6	27	63
26	chr18	33790258	33790239	-	57.72	56.3	>	6	27	63
27	chr12	40837750	40837731	+	57.5	46.25	>	6	27	63
28	chr8	41443763	41443744	+	57.34	56.06	>	6	27	63
29	chr14	68494314	68494295	-	56.94	24.97	>	6	27	63
30	chr1	11657910	11657891	+	56.8	43.62	>	6	27	63
31	chr11	77100337	77100318	+	55.88	49.25	>	6	27	63
32	chr16	41244935	41244916	-	55.72	48.0	>	6	27	63
33	chr14	87452291	87452272	-	55.72	63.0	>	6	27	63
34	chr18	16217050	16217031	+	54.9	26.8	>	6	27	63
35	chr11	53255133	53255114	-	54.8	39.5	>	6	27	63
36	chr9	7216447	7216428	+	54.56	27.64	>	6	27	63
37	chr8	35850598	35850579	-	54.5	50.94	>	6	27	63
38	chr8	102781131	102781112	-	54.44	41.34	>	6	27	63
39	chr5	49962010	49961991	-	54.16	50.88	>	6	27	63
40	chr7	90410162	90410143	-	54.06	39.75	>	6	27	63
41	chr4	15328717	15328698	+	54.03	40.72	>	6	27	63
42	chr11	31949616	31949597	-	54.0	41.44	>	6	27	63
43	chr1	120586671	120586652	+	53.8	57.06	>	6	27	63
44	chr13	19698921	19698902	+	53.16	40.8	>	6	27	63
45	chr12	57825950	57825931	+	53.03	34.38	>	6	27	63
46	chr16	72215933	72215914	-	52.7	45.56	>	6	27	63
47	chr9	15685402	15685383	+	52.62	45.03	>	6	27	63
48	chr10	10321327	10321308	-	52.47	23.97	>	6	27	63
49	chr9	49494135	49494116	+	52.4	51.5	>	6	27	63
50	chr3	50906169	50906150	-	52.12	57.06	>	6	27	63
51	chr11	57467973	57467954	-	52.03	54.47	>	6	27	63
52	chr11	113165316	113165297	-	51.88	57.94	>	6	27	63
53	chr9	51152608	51152589	-	51.8	48.22	>	6	27	63
54	chr16	58299658	58299639	+	51.56	30.08	>	6	27	63
55	chr16	22564783	22564764	+	51.44	49.16	>	6	27	63
56	chr8	36523135	36523116	-	51.4	44.44	>	6	27	63
57	chr14	34810941	34810922	+	51.3	52.97	>	6	27	63
58	chr6	101261740	101261721	-	51.0	49.47	>	6	27	63
59	chr7	132213694	132213675	-	50.8	38.62	>	6	27	63
60	chr2	48886271	48886252	-	50.28	44.53	>	6	27	63
61	chr12	54060974	54060955	-	50.12	27.78	>	6	27	63
62	chr1	5905019	5905000	-	50.06	44.22	>	6	27	63
63	chr9	26776375	26776356	-	50.0	53.88	>	6	27	63
64	chr1	103799519	103799500	+	49.53	56.44	>	6	27	63
65	chr9	88222188	88222169	-	49.5	40.1	>	6	27	63
66	chr18	58481884	58481865	-	49.28	39.28	>	6	27	63
67	chr13	100112788	100112769	+	49.16	37.22	>	6	27	63
68	chr3	14679394	14679375	+	49.06	29.97	>	6	27	63
69	chr16	37109459	37109440	+	48.75	19.0	>	6	27	63
70	chr3	153655318	153655299	-	48.72	48.28	>	6	27	63
71	chr16	89765698	89765679	-	48.38	54.0	>	6	27	63
72	chr13	89543228	89543209	-	48.3	56.84	>	6	27	63
73	chr11	40149509	40149490	-	48.28	36.34	>	6	27	63
74	chr3	113080940	113080921	-	48.2	53.4	>	6	27	63
75	chr10	70963797	70963778	-	47.53	51.97	>	6	27	63
76	chr6	66533480	66533461	-	47.34	41.22	>	6	27	63
77	chr18	57976815	57976796	+	47.28	41.3	>	6	27	63
78	chr12	92303388	92303369	+	47.12	48.12	>	6	27	63
79	chr6	43686140	43686121	+	47.1	34.0	>	6	27	63
80	chr15	11038687	11038668	+	47.06	40.16	>	6	27	63
81	chr6	13281064	13281045	-	47.06	44.4	>	6	27	63
82	chr4	25180081	25180062	-	46.94	22.34	>	6	27	63
83	chr2	110229883	110229864	+	46.8	37.2	>	6	27	63
84	chr2	118638293	118638274	+	46.34	48.4	>	6	27	63
85	chr14	67674858	67674839	-	46.2	40.62	>	6	27	63
86	chr1	179477262	179477243	-	45.97	54.9	>	6	27	63
87	chr12	78056191	78056172	+	45.84	48.03	>	6	27	63
88	chr15	44836402	44836383	+	45.7	45.75	>	6	27	63
89	chr9	80293262	80293243	+	45.3	48.66	>	6	27	63
90	chr1	21411405	21411386	+	45.28	35.97	>	6	27	63
91	chr8	80483379	80483360	-	45.28	32.34	>	6	27	63
92	chr16	55477026	55477007	-	44.9	60.88	>	6	27	63
93	chr9	122729759	122729740	-	44.72	40.56	>	6	27	63
94	chr2	17415581	17415562	-	44.56	38.03	>	6	27	63
95	chr4	13778049	13778030	-	44.5	20.47	>	6	27	63
96	chr16	64748455	64748436	-	44.47	52.25	>	6	27	63
97	chr6	57570627	57570608	-	44.28	34.06	>	6	27	63
98	chr16	13117421	13117402	+	44.28	48.25	>	6	27	63
99	chr1	54381475	54381456	-	44.12	34.1	>	6	27	63
100	chr15	40166896	40166877	+	44.03	40.53	>	6	27	63
101	chr17	83271696	83271677	+	44.0	39.2	>	6	27	63
102	chr9	63136063	63136044	+	43.94	32.22	>	6	27	63
103	chr3	68056550	68056531	+	43.88	35.0	>	6	27	63
104	chr3	25220822	25220803	-	43.8	23.62	>	6	27	63
105	chr7	118102455	118102436	-	43.53	59.94	>	6	27	63
106	chr9	51335485	51335466	+	43.47	26.75	>	6	27	63
107	chr16	96671807	96671788	-	43.4	27.66	>	6	27	63
108	chr2	113494904	113494885	+	43.34	43.28	>	6	27	63
109	chr1	55404561	55404542	+	43.25	39.06	>	6	27	63
110	chr3	80079969	80079950	+	43.0	35.7	>	6	27	63
111	chr11	25862989	25862970	-	42.66	37.9	>	6	27	63
112	chr13	109213188	109213169	-	42.6	60.5	>	6	27	63
113	chr8	58566283	58566264	+	42.56	33.8	>	6	27	63
114	chr16	72218227	72218208	+	42.38	47.1	>	6	27	63
115	chr14	102510640	102510621	-	42.34	35.9	>	6	27	63
116	chr7	143154010	143153991	+	42.16	43.66	>	6	27	63
117	chr6	143219585	143219566	+	42.1	41.62	>	6	27	63
118	chr17	86906334	86906315	-	41.97	47.25	>	6	27	63
119	chr8	62080400	62080381	+	41.97	30.6	>	6	27	63
120	chr3	57843985	57843966	+	41.94	43.75	>	6	27	63
121	chr18	3495634	3495615	+	41.62	36.03	>	6	27	63
122	chr7	125393847	125393828	-	41.56	47.0	>	6	27	63
123	chr7	86211564	86211545	-	41.56	46.4	>	6	27	63
124	chr9	60245127	60245108	+	41.38	43.16	>	6	27	63
125	chr6	131353859	131353840	-	41.3	15.89	>	6	27	63
126	chr15	98173991	98173972	-	41.25	24.88	>	6	27	63
127	chr17	88641249	88641230	-	41.12	34.25	>	6	27	63
128	chr9	87027908	87027889	+	41.1	38.34	>	6	27	63
129	chr4	70621553	70621534	-	40.97	48.38	>	6	27	63
130	chr12	41487236	41487217	-	40.88	35.94	>	6	27	63
131	chr4	127368548	127368529	+	40.8	49.72	>	6	27	63
132	chr8	50293750	50293731	-	40.75	48.2	>	6	27	63
133	chr16	27468981	27468962	+	40.75	34.62	>	6	27	63
134	chr7	121641354	121641335	-	40.7	30.69	>	6	27	63
135	chr3	29726795	29726776	-	40.7	30.42	>	6	27	63
136	chr14	29110872	29110853	-	40.66	51.22	>	6	27	63
137	chr13	116712427	116712408	-	40.62	33.1	>	6	27	63
138	chr18	19939562	19939543	-	40.47	45.7	>	6	27	63
139	chr15	80704533	80704514	-	40.28	46.53	>	6	27	63
140	chr18	50137074	50137055	+	40.28	37.62	>	6	27	63
141	chr13	15763212	15763193	-	40.25	29.53	>	6	27	63
142	chr19	50185486	50185467	+	40.22	44.2	>	6	27	63
143	chr12	74013965	74013946	-	40.22	40.8	>	6	27	63
144	chr1	138835543	138835524	+	40.06	20.81	>	6	27	63
145	chr15	55550924	55550905	-	40.06	37.12	>	6	27	63
146	chr1	61771439	61771420	-	40.06	23.55	>	6	27	63
147	chr12	34664961	34664942	+	40.0	19.7	>	6	27	63
148	chr14	78288101	78288082	-	39.8	38.8	>	6	27	63
149	chr2	4499416	4499397	+	39.78	33.88	>	6	27	63
150	chr13	30260132	30260113	-	39.75	32.75	>	6	27	63
151	chr9	68015271	68015252	+	39.2	39.0	>	6	27	63
152	chr1	126993502	126993483	-	39.06	47.2	>	6	27	63
153	chr16	25349824	25349805	-	39.0	41.2	>	6	27	63
154	chr1	14729249	14729230	-	38.94	39.3	>	6	27	63
155	chr15	59389427	59389408	+	38.7	46.34	>	6	27	63
156	chr6	100882590	100882571	+	38.66	49.44	>	6	27	63
157	chr3	9711121	9711102	+	38.62	35.47	>	6	27	63
158	chr6	21214019	21214000	-	38.47	24.2	>	6	27	63
159	chr17	42603617	42603598	-	38.47	42.5	>	6	27	63
160	chr4	80517548	80517529	-	38.47	41.4	>	6	27	63
161	chr9	85328584	85328565	-	38.28	30.06	>	6	27	63
162	chr17	44262001	44261982	+	38.22	44.16	>	6	27	63
163	chr10	102449665	102449646	+	38.2	48.84	>	6	27	63
164	chr17	14520745	14520726	-	38.12	30.45	>	6	27	63
165	chr13	51830925	51830906	+	38.0	56.0	>	6	27	63
166	chr12	83502436	83502417	-	37.97	34.4	>	6	27	63
167	chr5	75853265	75853246	-	37.94	27.88	>	6	27	63
168	chr13	110382742	110382723	+	37.88	61.84	>	6	27	63
169	chr5	62481159	62481140	-	37.8	35.4	>	6	27	63
170	chr7	49121503	49121484	-	37.7	29.61	>	6	27	63
171	chr15	11966575	11966556	-	37.66	34.72	>	6	27	63
172	chr3	31146135	31146116	+	37.53	44.5	>	6	27	63
173	chr2	37815879	37815860	+	37.47	39.2	>	6	27	63
174	chr5	33033442	33033423	-	37.44	48.28	>	6	27	63
175	chr9	7595466	7595447	-	37.4	28.72	>	6	27	63
176	chr5	21641153	21641134	-	37.3	33.66	>	6	27	63
177	chr14	48367302	48367283	-	37.12	39.88	>	6	27	63
178	chr17	14524624	14524605	+	37.1	38.88	>	6	27	63
179	chr4	84064835	84064816	+	37.06	23.38	>	6	27	63
180	chr4	63368786	63368767	+	37.06	51.6	>	6	27	63
181	chr5	102149680	102149661	+	37.03	38.97	>	6	27	63
182	chr12	32897684	32897665	-	36.88	40.9	>	6	27	63
183	chr16	91936532	91936513	+	36.72	43.06	>	6	27	63
184	chr6	37046379	37046360	-	36.72	47.7	>	6	27	63
185	chr18	59081896	59081877	+	36.7	37.34	>	6	27	63
186	chr6	103697552	103697533	-	36.3	43.6	>	6	27	63
187	chr18	19937930	19937911	+	36.3	37.56	>	6	27	63
188	chr6	93757594	93757575	+	36.28	18.31	>	6	27	63
189	chr17	9756371	9756352	+	36.28	21.2	>	6	27	63
190	chr2	96585854	96585835	+	36.25	26.84	>	6	27	63
191	chr11	82915176	82915157	+	36.2	36.34	>	6	27	63
192	chr6	6005837	6005818	+	36.03	35.2	>	6	27	63
193	chr1	98392238	98392219	-	36.03	38.97	>	6	27	63
194	chr7	48749384	48749365	+	35.94	38.3	>	6	27	63
195	chr11	105911812	105911793	-	35.9	37.8	>	6	27	63
196	chr10	45045486	45045467	-	35.8	35.22	>	6	27	63
197	chr2	4492748	4492729	-	35.75	19.97	>	6	27	63
198	chr6	18087397	18087378	+	35.75	40.84	>	6	27	63
199	chr5	90203341	90203322	+	35.7	41.12	>	6	27	63
200	chr7	136489148	136489129	+	35.62	28.06	>	6	27	63
201	chr9	109862620	109862601	-	35.6	34.12	>	6	27	63
202	chr15	59876355	59876336	+	35.3	32.16	>	6	27	63
203	chr14	76473612	76473593	-	35.25	45.66	>	6	27	63
204	chr3	128349320	128349301	+	35.03	41.75	>	6	27	63
205	chr3	45375963	45375944	+	35.03	23.92	>	6	27	63
206	chr3	133314669	133314650	+	34.97	39.0	>	6	27	63
207	chr1	96801850	96801831	-	34.84	30.55	>	6	27	63
208	chr7	115216958	115216939	+	34.62	30.45	>	6	27	63
209	chr9	59282577	59282558	-	34.62	26.88	>	6	27	63
210	chr2	148112135	148112116	-	34.5	31.5	>	6	27	63
211	chr18	52457916	52457897	-	34.47	28.2	>	6	27	63
212	chr6	56691454	56691435	-	34.34	42.2	>	6	27	63
213	chr13	20292580	20292561	-	34.3	38.5	>	6	27	63
214	chr13	57260119	57260100	-	34.25	52.66	>	6	27	63
215	chr13	113877615	113877596	+	34.25	36.75	>	6	27	63
216	chr13	116715029	116715010	-	34.1	31.72	>	6	27	63
217	chr4	83596692	83596673	-	34.1	52.75	>	6	27	63
218	chr8	64941619	64941600	-	34.06	33.75	>	6	27	63
219	chr3	51701488	51701469	+	34.03	22.56	>	6	27	63
220	chr14	120061322	120061303	-	33.84	29.2	>	6	27	63
221	chr7	75910166	75910147	+	33.8	57.6	>	6	27	63
222	chr4	98702698	98702679	-	33.78	31.62	>	6	27	63
223	chr3	146185137	146185118	+	33.62	52.6	>	6	27	63
224	chr4	151157152	151157133	+	33.53	59.38	>	6	27	63
225	chr5	43391861	43391842	-	33.5	21.5	>	6	27	63
226	chr11	93856511	93856492	-	33.47	26.19	>	6	27	63
227	chr14	59605843	59605824	+	33.47	40.3	>	6	27	63
228	chr14	84438580	84438561	+	33.44	23.31	>	6	27	63
229	chr12	50943824	50943805	-	33.28	38.56	>	6	27	63
230	chr7	83550335	83550316	-	33.2	30.12	>	6	27	63
231	chr6	117167008	117166989	+	33.03	30.3	>	6	27	63
232	chr4	12538791	12538772	+	33.0	21.84	>	6	27	63
233	chr18	47353079	47353060	+	32.84	24.58	>	6	27	63
234	chr5	12541496	12541477	-	32.72	22.56	>	6	27	63
235	chr2	60721127	60721108	+	32.72	22.53	>	6	27	63
236	chr11	78838251	78838232	+	32.72	51.5	>	6	27	63
237	chr8	73356225	73356206	+	32.62	23.39	>	6	27	63
238	chr12	10598567	10598548	+	32.5	41.56	>	6	27	63
239	chr19	20345158	20345139	-	32.25	47.94	>	6	27	63
240	chr17	58909486	58909467	-	32.16	39.4	>	6	27	63
241	chr10	69655037	69655018	-	32.12	36.56	>	6	27	63
242	chr4	3967733	3967714	-	32.12	41.75	>	6	27	63
243	chr16	21192795	21192776	-	32.06	38.78	>	6	27	63
244	chr11	12291593	12291574	-	32.0	15.54	>	6	27	63
245	chr11	117385082	117385063	+	31.83	36.6	>	6	27	63
246	chr12	32292095	32292076	+	31.73	20.83	>	6	27	63
247	chr4	64833096	64833077	+	31.69	34.34	>	6	27	63
248	chr13	47301245	47301226	+	31.67	43.9	>	6	27	63
249	chr1	89631957	89631938	-	31.56	45.38	>	6	27	63
250	chr9	69296601	69296582	-	31.53	38.66	>	6	27	63
251	chr3	53735364	53735345	+	31.28	24.5	>	6	27	63
252	chr10	45373471	45373452	-	31.2	37.7	>	6	27	63
253	chr8	91797725	91797706	+	31.19	30.23	>	6	27	63
254	chr4	88035662	88035643	+	31.06	19.66	>	6	27	63
255	chr2	75151187	75151168	-	31.05	37.9	>	6	27	63
256	chr14	66791971	66791952	-	31.02	32.1	>	6	27	63
257	chr2	93199062	93199043	-	30.9	51.25	>	6	27	63
258	chr2	73551006	73550987	+	30.86	53.72	>	6	27	63
259	chr12	89451144	89451125	-	30.81	40.1	>	6	27	63
260	chr16	66086729	66086710	-	30.81	33.7	>	6	27	63
261	chr14	114791647	114791628	-	30.72	37.2	>	6	27	63
262	chr4	43420547	43420528	-	30.61	34.5	>	6	27	63
263	chr1	87447687	87447668	+	30.56	32.53	>	6	27	63
264	chr15	55306471	55306452	+	30.56	24.06	>	6	27	63
265	chr15	97667578	97667559	+	30.52	37.12	>	6	27	63
266	chr2	16359548	16359529	+	30.47	16.92	>	6	27	63
267	chr14	8356099	8356080	+	30.42	51.06	>	6	27	63
268	chr3	19894816	19894797	-	30.38	33.66	>	6	27	63
269	chr12	43813750	43813731	-	30.34	24.06	>	6	27	63
270	chr2	27770378	27770359	+	30.12	46.8	>	6	27	63
271	chr16	48675836	48675817	-	30.12	28.97	>	6	27	63
272	chr10	13016733	13016714	+	30.1	53.44	>	6	27	63
273	chr2	76367359	76367340	+	30.05	30.6	>	6	27	63
274	chr2	115515230	115515211	+	30.05	12.29	>	6	27	63
275	chr19	16785108	16785089	-	30.03	27.4	>	6	27	63
276	chr3	78948444	78948425	+	30.03	29.16	>	6	27	63
277	chr1	37250876	37250857	-	29.94	25.45	>	6	27	63
278	chr18	74431409	74431390	+	29.94	28.48	>	6	27	63
279	chr1	38787652	38787633	-	29.89	46.22	>	6	27	63
280	chr3	14874584	14874565	+	29.88	22.88	>	6	27	63
281	chr9	69505778	69505759	+	29.88	30.58	>	6	27	63
282	chr10	84450913	84450894	-	29.77	31.7	>	6	27	63
283	chr2	172216047	172216028	-	29.77	65.06	>	6	27	63
284	chr10	97712895	97712876	+	29.72	22.83	>	6	27	63
285	chr1	4770074	4770055	+	29.72	39.66	>	6	27	63
286	chr12	50301580	50301561	-	29.69	16.55	>	6	27	63
287	chr15	85266923	85266904	+	29.69	42.06	>	6	27	63
288	chr4	85403030	85403011	+	29.62	27.23	>	6	27	63
289	chr6	97526370	97526351	-	29.53	31.17	>	6	27	63
290	chr8	112046096	112046077	+	29.5	62.6	>	6	27	63
291	chr12	96311368	96311349	-	29.48	23.8	>	6	27	63
292	chr1	93507239	93507220	-	29.45	32.5	>	6	27	63
293	chr13	21714927	21714908	+	29.4	37.72	>	6	27	63
294	chr6	49008180	49008161	+	29.38	27.1	>	6	27	63
295	chr17	17749545	17749526	-	29.36	32.88	>	6	27	63
296	chr6	145360253	145360234	+	29.34	33.62	>	6	27	63
297	chr7	17066630	17066611	-	29.27	41.75	>	6	27	63
298	chr12	81788850	81788831	-	29.25	32.47	>	6	27	63
299	chr7	129649172	129649153	+	29.19	42.88	>	6	27	63
300	chr14	104039053	104039034	+	29.17	41.16	>	6	27	63
301	chr13	41634744	41634725	-	29.08	40.84	>	6	27	63
302	chr7	138835232	138835213	-	29.02	47.88	>	6	27	63
303	chr15	97195797	97195778	+	28.92	38.5	>	6	27	63
304	chr1	119087737	119087718	+	28.89	50.28	>	6	27	63
305	chr4	85819373	85819354	-	28.86	29.28	>	6	27	63
306	chr11	30657307	30657288	-	28.86	6.477	>	6	27	63
307	chr5	49369245	49369226	+	28.66	27.94	>	6	27	63
308	chr6	106805067	106805048	+	28.61	20.38	>	6	27	63
309	chr6	31660958	31660939	+	28.53	52.9	>	6	27	63
310	chr12	8306749	8306730	-	28.48	47.94	>	6	27	63
311	chr13	42822785	42822766	-	28.47	44.4	>	6	27	63
312	chr15	34968778	34968759	+	28.4	27.94	>	6	27	63
313	chr7	68369859	68369840	+	28.38	58.97	>	6	27	63
314	chr15	80266443	80266424	+	28.33	34.62	>	6	27	63
315	chr6	102171110	102171091	+	28.19	24.06	>	6	27	63
316	chr16	72605273	72605254	-	28.11	17.7	>	6	27	63
317	chr18	65490506	65490487	+	28.06	33.94	>	6	27	63
318	chr3	55373775	55373756	+	28.0	19.75	>	6	27	63
319	chr1	53927814	53927795	-	27.97	28.48	>	6	27	63
320	chr2	160368066	160368047	-	27.95	21.97	>	6	27	63
321	chr10	42295232	42295213	-	27.94	37.8	>	6	27	63
322	chr7	116040411	116040392	-	27.9	26.19	>	6	27	63
323	chr10	116197535	116197516	-	27.81	28.58	>	6	27	63
324	chr5	20773533	20773514	-	27.81	20.77	>	6	27	63
325	chr12	80725012	80724993	-	27.73	38.97	>	6	27	63
326	chr15	66899881	66899862	-	27.6	21.5	>	6	27	63
327	chr18	16822208	16822189	-	27.56	13.28	>	6	27	63
328	chr18	14503254	14503235	-	27.55	19.48	>	6	27	63
329	chr5	98344786	98344767	+	27.44	28.3	>	6	27	63
330	chr10	77517236	77517217	+	27.39	30.44	>	6	27	63
331	chr1	44741472	44741453	-	27.38	6.344	>	6	27	63
332	chr6	127945983	127945964	-	27.28	24.97	>	6	27	63
333	chr16	42914955	42914936	-	27.27	20.78	>	6	27	63
334	chr18	39137558	39137539	+	27.11	15.805	>	6	27	63
335	chr13	42575907	42575888	+	27.11	22.34	>	6	27	63
336	chr2	13278209	13278190	+	27.06	48.53	>	6	27	63
337	chr18	43836585	43836566	-	27.06	22.66	>	6	27	63
338	chr4	114647896	114647877	+	27.05	26.58	>	6	27	63
339	chr16	44149214	44149195	-	27.03	37.28	>	6	27	63
340	chr13	109776299	109776280	+	27.02	27.47	>	6	27	63
341	chr19	30217515	30217496	+	27.0	44.25	>	6	27	63
342	chr6	61316075	61316056	+	26.94	38.16	>	6	27	63
343	chr17	78598832	78598813	+	26.92	37.16	>	6	27	63
344	chr2	117231457	117231438	-	26.88	23.62	>	6	27	63
345	chr4	115101816	115101797	+	26.84	34.88	>	6	27	63
346	chr10	57448131	57448112	-	26.8	44.97	>	6	27	63
347	chr13	113046665	113046646	+	26.77	22.72	>	6	27	63
348	chr4	110022447	110022428	-	26.58	43.47	>	6	27	63
349	chr7	101653829	101653810	+	26.5	47.97	>	6	27	63
350	chr5	67756338	67756319	+	26.5	26.55	>	6	27	63
351	chr3	62192717	62192698	-	26.5	17.1	>	6	27	63
352	chr10	17728146	17728127	-	26.45	14.96	>	6	27	63
353	chr5	37752557	37752538	-	26.33	30.73	>	6	27	63
354	chr1	60961316	60961297	-	26.3	26.22	>	6	27	63
355	chr17	68176981	68176962	+	26.27	18.84	>	6	27	63
356	chr7	37357871	37357852	-	26.2	67.6	>	6	27	63
357	chr4	32572316	32572297	-	26.16	44.75	>	6	27	63
358	chr4	96696741	96696722	+	26.12	32.22	>	6	27	63
359	chr4	109729491	109729472	-	26.06	50.3	>	6	27	63
360	chr10	111977780	111977761	+	25.78	32.1	>	6	27	63
361	chr5	45424489	45424470	-	25.73	30.9	>	6	27	63
362	chr2	61494577	61494558	-	25.72	22.25	>	6	27	63
363	chr6	13287046	13287027	+	25.69	21.62	>	6	27	63
364	chr9	116060829	116060810	+	25.66	36.5	>	6	27	63
365	chr8	17537753	17537734	-	25.64	36.44	>	6	27	63
366	chr9	77781636	77781617	-	25.62	27.94	>	6	27	63
367	chr15	5106460	5106441	-	25.56	29.45	>	6	27	63
368	chr17	93141334	93141315	-	25.53	33.03	>	6	27	63
369	chr6	97759520	97759501	+	25.52	17.88	>	6	27	63
370	chr8	119384750	119384731	-	25.47	45.94	>	6	27	63
371	chr6	88113322	88113303	+	25.38	41.75	>	6	27	63
372	chr15	101984527	101984508	-	25.38	56.7	>	6	27	63
373	chr8	54493335	54493316	-	25.34	39.7	>	6	27	63
374	chr9	24119622	24119603	+	25.33	14.83	>	6	27	63
375	chr3	50077169	50077150	-	25.31	24.22	>	6	27	63
376	chr4	47419767	47419748	+	25.23	44.03	>	6	27	63
377	chr2	76115910	76115891	+	25.22	28.97	>	6	27	63
378	chr15	67174759	67174740	+	25.2	12.74	>	6	27	63
379	chr8	125574509	125574490	+	25.17	12.85	>	6	27	63
380	chr1	161737065	161737046	-	25.11	39.75	>	6	27	63
381	chr3	85571455	85571436	-	25.1	9.7	>	6	27	63
382	chr18	19577078	19577059	-	25.02	27.28	>	6	27	63
383	chr19	36083087	36083068	-	25.0	29.4	>	6	27	63
384	chr8	115709616	115709597	-	24.98	9.14	>	6	27	63
385	chr10	126330794	126330775	-	24.84	24.02	>	6	27	63
386	chr15	25993551	25993532	+	24.81	33.28	>	6	27	63
387	chr5	131430355	131430336	-	24.78	45.44	>	6	27	63
388	chr1	9545352	9545333	-	24.78	38.06	>	6	27	63
389	chr19	28768445	28768426	-	24.75	36.44	>	6	27	63
390	chr10	24630876	24630857	+	24.72	22.94	>	6	27	63
391	chr17	54351102	54351083	+	24.53	15.79	>	6	27	63
392	chr16	20496806	20496787	+	24.47	28.86	>	6	27	63
393	chr12	109394024	109394005	-	24.44	15.02	>	6	27	63
394	chr13	21803288	21803269	-	24.42	40.1	>	6	27	63
395	chr3	103392995	103392976	+	24.38	33.9	>	6	27	63
396	chr15	25428758	25428739	+	24.31	24.08	>	6	27	63
397	chr3	135206860	135206841	-	24.3	9.21	>	6	27	63
398	chr8	65139261	65139242	+	24.3	33.56	>	6	27	63
399	chr9	29650850	29650831	-	24.23	35.72	>	6	27	63
400	chr3	127971093	127971074	+	24.2	46.1	>	6	27	63
401	chr2	104035038	104035019	+	24.16	33.7	>	6	27	63
402	chr9	81635302	81635283	+	24.11	12.08	>	6	27	63
403	chr6	95484597	95484578	+	24.03	13.41	>	6	27	63
404	chr14	72293991	72293972	-	23.83	34.2	>	6	27	63
405	chr18	65490035	65490016	-	23.72	29.94	>	6	27	63
406	chr12	38123788	38123769	-	23.66	16.0	>	6	27	63
407	chr18	70184838	70184819	-	23.66	11.39	>	6	27	63
408	chr3	152095252	152095233	-	23.53	23.67	>	6	27	63
409	chr8	32002994	32002975	-	23.5	23.94	>	6	27	63
410	chr11	22206830	22206811	-	23.48	11.1	>	6	27	63
411	chr5	76541051	76541032	-	23.44	19.22	>	6	27	63
412	chr10	52106337	52106318	+	23.38	22.61	>	6	27	63
413	chr1	84697462	84697443	-	23.38	25.22	>	6	27	63
414	chr1	67181385	67181366	+	23.34	35.0	>	6	27	63
415	chr6	101267027	101267008	+	23.31	12.77	>	6	27	63
416	chr6	129255175	129255156	-	23.25	41.8	>	6	27	63
417	chr4	115710017	115709998	-	23.19	25.83	>	6	27	63
418	chr2	118241614	118241595	-	23.19	37.16	>	6	27	63
419	chr8	71371784	71371765	+	23.11	28.11	>	6	27	63
420	chr7	73422670	73422651	-	23.11	37.7	>	6	27	63
421	chr5	33039602	33039583	+	23.05	27.48	>	6	27	63
422	chr2	153143004	153142985	-	23.02	20.31	>	6	27	63
423	chr14	98181824	98181805	-	23.0	7.93	>	6	27	63
424	chr2	136887058	136887039	-	22.97	12.49	>	6	27	63
425	chr1	135136701	135136682	-	22.88	42.44	>	6	27	63
426	chr5	4948481	4948462	-	22.86	27.0	>	6	27	63
427	chr10	71422814	71422795	+	22.81	51.25	>	6	27	63
428	chr8	64597251	64597232	-	22.66	30.06	>	6	27	63
429	chr1	162336834	162336815	-	22.45	14.914	>	6	27	63
430	chr9	94738996	94738977	+	22.42	42.94	>	6	27	63
431	chr17	53403136	53403117	+	22.4	18.28	>	6	27	63
432	chr2	155811920	155811901	-	22.36	51.28	>	6	27	63
433	chr12	52010769	52010750	+	22.33	16.6	>	6	27	63
434	chr3	44912870	44912851	-	22.31	11.58	>	6	27	63
435	chr5	98348848	98348829	+	22.25	34.97	>	6	27	63
436	chr15	80706301	80706282	+	22.25	25.52	>	6	27	63
437	chr1	167932285	167932266	-	22.22	36.66	>	6	27	63
438	chr14	121455709	121455690	-	22.2	25.7	>	6	27	63
439	chr4	98243714	98243695	-	22.16	26.34	>	6	27	63
440	chr4	143027468	143027449	+	22.14	29.11	>	6	27	63
441	chr2	153668926	153668907	+	22.14	25.36	>	6	27	63
442	chr9	41461929	41461910	-	22.14	12.42	>	6	27	63
443	chr4	109431143	109431124	-	22.1	22.34	>	6	27	63
444	chr5	44831505	44831486	-	22.08	22.05	>	6	27	63
445	chr8	119676601	119676582	-	22.03	33.06	>	6	27	63
446	chr17	40824060	40824041	-	22.02	34.28	>	6	27	63
447	chr15	37102366	37102347	-	22.0	13.84	>	6	27	63
448	chr1	119083862	119083843	-	21.92	45.47	>	6	27	63
449	chr5	41044703	41044684	-	21.78	28.61	>	6	27	63
450	chr19	24622032	24622013	+	21.77	22.19	>	6	27	63
451	chr3	58159626	58159607	-	21.75	32.1	>	6	27	63
452	chr1	38130140	38130121	-	21.75	23.66	>	6	27	63
453	chr2	129472129	129472110	-	21.73	30.17	>	6	27	63
454	chr9	15682043	15682024	-	21.73	11.22	>	6	27	63
455	chr9	69502720	69502701	-	21.7	34.7	>	6	27	63
456	chr14	21120676	21120657	+	21.69	43.16	>	6	27	63
457	chr7	110645588	110645569	-	21.69	43.56	>	6	27	63
458	chr16	78950579	78950560	-	21.64	3.295	>	6	27	63
459	chr7	131899517	131899498	+	21.56	16.44	>	6	27	63
460	chr8	106403484	106403465	-	21.53	20.23	>	6	27	63
461	chr17	73303429	73303410	+	21.48	50.6	>	6	27	63
462	chr1	83727325	83727306	+	21.48	26.81	>	6	27	63
463	chr13	29857603	29857584	+	21.42	9.836	>	6	27	63
464	chr14	104033786	104033767	+	21.34	21.16	>	6	27	63
465	chr7	119011391	119011372	+	21.31	35.56	>	6	27	63
466	chr1	69165377	69165358	+	21.31	25.0	>	6	27	63
467	chr1	192727176	192727157	+	21.28	21.9	>	6	27	63
468	chr9	50438293	50438274	-	21.2	27.17	>	6	27	63
469	chr15	46990407	46990388	-	21.14	10.516	>	6	27	63
470	chr13	73646874	73646855	+	21.14	37.5	>	6	27	63
471	chr16	67089956	67089937	+	21.12	15.94	>	6	27	63
472	chr2	83332995	83332976	-	21.02	18.14	>	6	27	63
473	chr8	10415030	10415011	+	21.0	37.3	>	6	27	63
474	chr1	35716149	35716130	-	20.89	18.69	>	6	27	63
475	chr7	43920039	43920020	-	20.83	34.3	>	6	27	63
476	chr8	15138726	15138707	+	20.81	41.03	>	6	27	63
477	chr13	6515705	6515686	+	20.8	28.08	>	6	27	63
478	chr2	64948996	64948977	-	20.72	23.2	>	6	27	63
479	chr19	20345737	20345718	+	20.7	55.44	>	6	27	63
480	chr5	33994851	33994832	+	20.64	14.97	>	6	27	63
481	chr14	76479953	76479934	+	20.62	37.16	>	6	27	63
482	chr3	144737048	144737029	+	20.58	28.33	>	6	27	63
483	chr2	13597223	13597204	-	20.5	12.72	>	6	27	63
484	chr9	118908437	118908418	-	20.5	27.45	>	6	27	63
485	chr4	153484615	153484596	-	20.39	17.89	>	6	27	63
486	chr19	12433211	12433192	+	20.36	28.34	>	6	27	63
487	chr15	31611224	31611205	+	20.34	11.17	>	6	27	63
488	chr3	107206198	107206179	+	20.34	39.22	>	6	27	63
489	chr17	86909946	86909927	+	20.31	22.38	>	6	27	63
490	chr7	89473669	89473650	-	20.22	24.19	>	6	27	63
491	chr6	35252603	35252584	+	20.22	32.56	>	6	27	63
492	chr6	126168001	126167982	-	20.17	8.76	>	6	27	63
493	chr16	42169942	42169923	+	20.12	43.34	>	6	27	63
494	chr6	90607354	90607335	+	20.11	24.86	>	6	27	63
495	chr6	31664664	31664645	+	20.11	41.5	>	6	27	63
496	chr13	100002039	100002020	+	20.02	21.73	>	6	27	63
497	chr6	97523337	97523318	-	19.97	25.72	>	6	27	63
498	chr4	123529452	123529433	-	19.95	17.69	>	6	27	63
499	chr18	53744741	53744722	-	19.94	29.1	>	6	27	63
500	chr9	13849232	13849213	+	19.9	15.484	>	6	27	63
501	chr15	14052128	14052109	-	19.89	12.375	>	6	27	63
502	chr3	68053761	68053742	-	19.88	27.33	>	6	27	63
503	chr14	50799990	50799971	+	19.83	30.28	>	6	27	63
504	chr8	50292348	50292329	+	19.83	31.36	>	6	27	63
505	chr19	52993242	52993223	-	19.81	45.25	>	6	27	63
506	chr8	24546435	24546416	-	19.8	56.1	>	6	27	63
507	chr2	166085186	166085167	+	19.78	40.2	>	6	27	63
508	chr15	80260893	80260874	-	19.75	33.7	>	6	27	63
509	chr18	75606699	75606680	+	19.72	50.94	>	6	27	63
510	chr2	135957961	135957942	-	19.69	27.1	>	6	27	63
511	chr11	75179118	75179099	+	19.67	22.83	>	6	27	63
512	chr6	77628987	77628968	+	19.66	40.56	>	6	27	63
513	chr4	82614384	82614365	-	19.62	15.836	>	6	27	63
514	chr17	27190013	27189994	+	19.5	26.89	>	6	27	63
515	chr14	121451301	121451282	-	19.45	26.11	>	6	27	63
516	chr9	69987821	69987802	-	19.44	12.234	>	6	27	63
517	chr6	40479902	40479883	+	19.42	24.72	>	6	27	63
518	chr4	82619779	82619760	-	19.42	11.22	>	6	27	63
519	chr2	160593235	160593216	-	19.4	45.8	>	6	27	63
520	chr4	48691990	48691971	+	19.4	34.88	>	6	27	63
521	chr1	11140123	11140104	-	19.39	7.324	>	6	27	63
522	chr6	67858160	67858141	+	19.36	18.55	>	6	27	63
523	chr1	91914028	91914009	+	19.36	22.06	>	6	27	63
524	chr15	76196896	76196877	+	19.33	35.8	>	6	27	63
525	chr11	43767011	43766992	+	19.27	27.44	>	6	27	63
526	chr17	8463677	8463658	+	19.23	31.38	>	6	27	63
527	chr2	60442102	60442083	-	19.22	10.555	>	6	27	63
528	chr10	8242562	8242543	+	19.2	18.4	>	6	27	63
529	chr15	8382407	8382388	+	19.16	11.64	>	6	27	63
530	chr19	11360302	11360283	+	19.14	15.06	>	6	27	63
531	chr12	79305335	79305316	+	19.11	29.94	>	6	27	63
532	chr13	38992697	38992678	+	19.03	12.445	>	6	27	63
533	chr8	91147955	91147936	-	19.0	26.05	>	6	27	63
534	chr13	64443476	64443457	+	19.0	35.6	>	6	27	63
535	chr8	117898214	117898195	+	18.92	34.16	>	6	27	63
536	chr11	42423473	42423454	-	18.77	18.48	>	6	27	63
537	chr9	114957195	114957176	-	18.77	27.38	>	6	27	63
538	chr5	149647926	149647907	+	18.72	23.06	>	6	27	63
539	chr5	128440068	128440049	-	18.69	40.7	>	6	27	63
540	chr6	90606762	90606743	-	18.67	32.6	>	6	27	63
541	chr10	58560031	58560012	+	18.67	23.25	>	6	27	63
542	chr18	25538443	25538424	+	18.66	23.94	>	6	27	63
543	chr11	22987510	22987491	+	18.56	23.83	>	6	27	63
544	chr13	57269837	57269818	-	18.55	36.6	>	6	27	63
545	chr13	53096854	53096835	-	18.55	32.88	>	6	27	63
546	chr7	124783020	124783001	-	18.55	23.44	>	6	27	63
547	chr7	40687242	40687223	-	18.52	26.28	>	6	27	63
548	chr4	109438113	109438094	+	18.45	31.61	>	6	27	63
549	chr13	46663777	46663758	-	18.45	5.215	>	6	27	63
550	chr2	21927862	21927843	-	18.45	17.72	>	6	27	63
551	chr11	72564476	72564457	-	18.39	17.95	>	6	27	63
552	chr14	57362951	57362932	-	18.3	10.125	>	6	27	63
553	chr13	54063511	54063492	-	18.3	12.516	>	6	27	63
554	chr8	127191530	127191511	+	18.27	39.03	>	6	27	63
555	chr4	24249781	24249762	+	18.25	8.38	>	6	27	63
556	chr1	175603551	175603532	-	18.2	12.0	>	6	27	63
557	chr7	131897479	131897460	+	18.19	16.34	>	6	27	63
558	chr2	125259455	125259436	-	18.17	32.72	>	6	27	63
559	chr8	11943262	11943243	-	18.0	20.05	>	6	27	63
560	chr13	74861814	74861795	+	17.98	11.664	>	6	27	63
561	chr3	37302880	37302861	-	17.98	17.84	>	6	27	63
562	chr2	165391753	165391734	+	17.95	20.97	>	6	27	63
563	chr1	167669968	167669949	-	17.94	39.3	>	6	27	63
564	chr14	24311319	24311300	+	17.89	24.48	>	6	27	63
565	chr6	125622660	125622641	+	17.86	24.67	>	6	27	63
566	chr16	91694897	91694878	+	17.83	21.03	>	6	27	63
567	chr7	100886752	100886733	-	17.8	33.3	>	6	27	63
568	chr2	165779092	165779073	+	17.7	43.9	>	6	27	63
569	chr4	118988734	118988715	-	17.7	12.37	>	6	27	63
570	chr9	111939788	111939769	+	17.64	16.92	>	6	27	63
571	chr9	40806571	40806552	+	17.64	39.78	>	6	27	63
572	chr19	21571392	21571373	+	17.64	11.9	>	6	27	63
573	chr10	49785057	49785038	-	17.56	2.498	>	6	27	63
574	chr3	84922220	84922201	+	17.47	28.94	>	6	27	63
575	chr12	7991018	7990999	+	17.47	17.66	>	6	27	63
576	chr8	106687694	106687675	+	17.45	42.0	>	6	27	63
577	chr19	15998346	15998327	+	17.33	27.56	>	6	27	63
578	chr10	30838389	30838370	+	17.3	7.543	>	6	27	63
579	chr2	6469364	6469345	-	17.28	15.65	>	6	27	63
580	chr9	59678540	59678521	-	17.28	29.06	>	6	27	63
581	chr18	60143536	60143517	-	17.25	6.348	>	6	27	63
582	chr2	76114972	76114953	-	17.25	26.88	>	6	27	63
583	chr1	192722361	192722342	-	17.23	36.0	>	6	27	63
584	chr13	6737153	6737134	+	17.23	24.25	>	6	27	63
585	chr10	116199232	116199213	+	17.23	24.89	>	6	27	63
586	chr18	6627309	6627290	+	17.06	30.4	>	6	27	63
587	chr7	117375969	117375950	-	17.03	13.42	>	6	27	63
588	chr11	7200225	7200206	+	17.03	39.34	>	6	27	63
589	chr3	152474817	152474798	+	16.98	9.51	>	6	27	63
590	chr12	4107565	4107546	+	16.97	22.11	>	6	27	63
591	chr18	78212287	78212268	-	16.83	18.31	>	6	27	63
592	chr2	17842170	17842151	-	16.81	6.844	>	6	27	63
593	chr5	112429191	112429172	-	16.78	14.19	>	6	27	63
594	chr9	54169687	54169668	+	16.73	16.64	>	6	27	63
595	chr9	78597063	78597044	+	16.73	17.98	>	6	27	63
596	chr2	125556029	125556010	+	16.69	19.19	>	6	27	63
597	chr4	86545837	86545818	-	16.69	26.34	>	6	27	63
598	chr11	34229190	34229171	+	16.55	19.56	>	6	27	63
599	chr13	60479163	60479144	+	16.52	1.697	>	6	27	63
600	chr11	57788119	57788100	+	16.36	29.88	>	6	27	63
601	chr5	117504639	117504620	+	16.36	53.34	>	6	27	63
602	chr1	128368923	128368904	+	16.28	14.01	>	6	27	63
603	chr14	51098507	51098488	-	16.28	41.22	>	6	27	63
604	chr10	14404268	14404249	+	16.23	20.66	>	6	27	63
605	chr18	65752297	65752278	-	16.1	16.11	>	6	27	63
606	chr3	59077498	59077479	+	16.1	40.72	>	6	27	63
607	chr1	119919473	119919454	+	16.06	20.62	>	6	27	63
608	chr1	86598699	86598680	+	16.03	48.72	>	6	27	63
609	chr1	80178208	80178189	-	16.0	17.12	>	6	27	63
610	chr15	64132164	64132145	+	15.96	15.336	>	6	27	63
611	chr2	4652218	4652199	-	15.91	22.83	>	6	27	63
612	chr9	40805489	40805470	-	15.86	35.53	>	6	27	63
613	chr13	30549079	30549060	-	15.805	25.34	>	6	27	63
614	chr3	82350530	82350511	-	15.805	7.78	>	6	27	63
615	chr7	81155234	81155215	-	15.805	19.0	>	6	27	63
616	chr4	107701325	107701306	-	15.8	18.55	>	6	27	63
617	chr11	76655250	76655231	+	15.8	25.19	>	6	27	63
618	chr7	122945377	122945358	+	15.72	20.64	>	6	27	63
619	chr16	32697312	32697293	+	15.695	24.02	>	6	27	63
620	chr13	114460825	114460806	-	15.65	8.25	>	6	27	63
621	chr19	59389409	59389390	+	15.65	31.4	>	6	27	63
622	chr7	45451495	45451476	+	15.64	35.4	>	6	27	63
623	chr15	85599066	85599047	+	15.625	30.86	>	6	27	63
624	chr10	9012998	9012979	+	15.6	21.77	>	6	27	63
625	chr13	24318872	24318853	-	15.58	11.58	>	6	27	63
626	chr3	123506917	123506898	-	15.53	17.17	>	6	27	63
627	chr13	101719731	101719712	-	15.48	25.34	>	6	27	63
628	chr12	12412898	12412879	-	15.43	30.47	>	6	27	63
629	chr10	127342496	127342477	-	15.4	29.73	>	6	27	63
630	chr7	28972871	28972852	+	15.39	21.2	>	6	27	63
631	chr5	130862481	130862462	+	15.33	29.22	>	6	27	63
632	chr13	53779354	53779335	+	15.31	23.8	>	6	27	63
633	chr11	51582940	51582921	-	15.305	26.1	>	6	27	63
634	chr3	34150257	34150238	+	15.3	17.19	>	6	27	63
635	chr9	30423156	30423137	-	15.29	30.31	>	6	27	63
636	chr1	55886585	55886566	+	15.29	16.73	>	6	27	63
637	chr8	121104251	121104232	+	15.28	31.56	>	6	27	63
638	chr2	31683894	31683875	+	15.27	30.73	>	6	27	63
639	chr9	121458682	121458663	+	15.27	42.72	>	6	27	63
640	chr13	111421545	111421526	+	15.22	27.25	>	6	27	63
641	chr18	56572965	56572946	+	15.22	32.7	>	6	27	63
642	chr18	42593315	42593296	+	15.2	8.75	>	6	27	63
643	chr8	118287683	118287664	+	15.2	7.145	>	6	27	63
644	chr14	47742843	47742824	+	15.18	9.65	>	6	27	63
645	chr1	184791312	184791293	-	15.164	27.39	>	6	27	63
646	chr6	106800166	106800147	-	15.1	18.75	>	6	27	63
647	chr11	12025880	12025861	+	15.06	18.02	>	6	27	63
648	chr5	129594341	129594322	-	15.03	29.4	>	6	27	63
649	chr13	16005724	16005705	+	15.016	13.71	>	6	27	63
650	chr14	65597230	65597211	+	15.016	14.01	>	6	27	63
651	chr5	99900280	99900261	-	14.95	10.75	>	6	27	63
652	chr8	11421350	11421331	-	14.945	26.12	>	6	27	63
653	chr19	4755748	4755729	+	14.93	24.55	>	6	27	63
654	chr10	110733540	110733521	-	14.914	16.5	>	6	27	63
655	chr5	67752088	67752069	+	14.89	18.31	>	6	27	63
656	chr9	77381774	77381755	-	14.85	26.45	>	6	27	63
657	chr18	81951830	81951811	-	14.76	34.06	>	6	27	63
658	chr1	86059644	86059625	+	14.734	30.22	>	6	27	63
659	chr1	52630636	52630617	-	14.734	9.89	>	6	27	63
660	chr2	174308107	174308088	+	14.69	14.67	>	6	27	63
661	chr11	99364649	99364630	-	14.6	16.03	>	6	27	63
662	chr13	109558424	109558405	+	14.49	16.98	>	6	27	63
663	chr12	58201405	58201386	-	14.48	6.883	>	6	27	63
664	chr7	137471937	137471918	+	14.445	28.83	>	6	27	63
665	chr17	26916803	26916784	+	14.414	25.05	>	6	27	63
666	chr5	87871626	87871607	-	14.414	20.39	>	6	27	63
667	chr2	125252443	125252424	+	14.414	25.9	>	6	27	63
668	chr1	9549185	9549166	+	14.414	19.5	>	6	27	63
669	chr11	11788608	11788589	-	14.38	31.97	>	6	27	63
670	chr7	43928727	43928708	+	14.36	11.45	>	6	27	63
671	chr10	60760656	60760637	-	14.31	36.9	>	6	27	63
672	chr6	17362958	17362939	+	14.31	3.076	>	6	27	63
673	chr1	136521528	136521509	-	14.305	21.69	>	6	27	63
674	chr2	153147934	153147915	+	14.28	18.94	>	6	27	63
675	chr8	61522313	61522294	+	14.266	28.28	>	6	27	63
676	chr18	56759303	56759284	+	14.266	12.61	>	6	27	63
677	chr14	115451146	115451127	-	14.234	4.215	>	6	27	63
678	chr1	176218428	176218409	+	14.195	14.99	>	6	27	63
679	chr15	97665520	97665501	-	14.18	30.02	>	6	27	63
680	chr13	20299620	20299601	+	14.18	33.25	>	6	27	63
681	chr9	59969601	59969582	-	14.14	17.69	>	6	27	63
682	chr16	57611975	57611956	+	14.055	18.66	>	6	27	63
683	chr12	15816144	15816125	+	13.984	8.52	>	6	27	63
684	chr15	82271381	82271362	-	13.95	28.55	>	6	27	63
685	chr7	74363644	74363625	-	13.95	40.8	>	6	27	63
686	chr3	73066293	73066274	+	13.95	16.86	>	6	27	63
687	chr1	118772515	118772496	-	13.945	30.34	>	6	27	63
688	chr4	110020493	110020474	-	13.94	26.28	>	6	27	63
689	chr3	34639420	34639401	-	13.94	14.87	>	6	27	63
690	chr2	131530224	131530205	-	13.92	25.86	>	6	27	63
691	chr4	20024128	20024109	+	13.91	12.516	>	6	27	63
692	chr8	74980870	74980851	-	13.81	30.2	>	6	27	63
693	chr18	75757719	75757700	+	13.734	18.78	>	6	27	63
694	chr7	89908147	89908128	-	13.72	13.79	>	6	27	63
695	chr4	150257406	150257387	+	13.72	23.58	>	6	27	63
696	chr2	55022781	55022762	-	13.664	7.77	>	6	27	63
697	chr18	64506771	64506752	-	13.63	18.4	>	6	27	63
698	chr14	123353156	123353137	-	13.61	11.6	>	6	27	63
699	chr4	139872794	139872775	+	13.59	35.75	>	6	27	63
700	chr13	51839869	51839850	+	13.586	21.19	>	6	27	63
701	chr5	146162789	146162770	+	13.516	23.42	>	6	27	63
702	chr9	83785201	83785182	+	13.49	14.66	>	6	27	63
703	chr3	59079480	59079461	+	13.44	28.77	>	6	27	63
704	chr10	11345312	11345293	-	13.375	5.086	>	6	27	63
705	chr11	46252188	46252169	-	13.34	28.12	>	6	27	63
706	chr4	85404971	85404952	+	13.32	14.11	>	6	27	63
707	chr4	130738774	130738755	+	13.31	16.47	>	6	27	63
708	chr5	86432914	86432895	+	13.305	16.02	>	6	27	63
709	chr3	22306829	22306810	+	13.266	18.6	>	6	27	63
710	chr2	91930225	91930206	-	13.25	19.55	>	6	27	63
711	chr6	108417714	108417695	+	13.234	10.66	>	6	27	63
712	chr12	17011790	17011771	-	13.16	20.73	>	6	27	63
713	chr5	87551137	87551118	-	13.15	21.52	>	6	27	63
714	chr4	106227683	106227664	-	13.14	14.38	>	6	27	63
715	chr4	139877472	139877453	+	13.1	27.4	>	6	27	63
716	chr1	88742593	88742574	-	13.086	17.75	>	6	27	63
717	chr3	52254088	52254069	+	13.02	34.16	>	6	27	63
718	chr9	73159469	73159450	+	12.99	27.5	>	6	27	63
719	chr7	29297253	29297234	-	12.984	28.8	>	6	27	63
720	chr13	116312336	116312317	-	12.93	10.21	>	6	27	63
721	chr2	157117146	157117127	-	12.91	21.92	>	6	27	63
722	chr9	60243712	60243693	+	12.89	13.59	>	6	27	63
723	chr1	179845066	179845047	-	12.88	17.89	>	6	27	63
724	chr11	103332754	103332735	+	12.875	24.97	>	6	27	63
725	chr1	53032774	53032755	-	12.87	13.05	>	6	27	63
726	chr8	45345197	45345178	+	12.81	16.72	>	6	27	63
727	chr12	113216133	113216114	+	12.74	53.7	>	6	27	63
728	chr15	36152194	36152175	-	12.72	16.9	>	6	27	63
729	chr1	72876274	72876255	+	12.69	17.11	>	6	27	63
730	chr9	14774009	14773990	+	12.664	9.0	>	6	27	63
731	chr12	74317197	74317178	-	12.664	11.76	>	6	27	63
732	chr7	107819649	107819630	-	12.64	16.3	>	6	27	63
733	chr13	55327907	55327888	+	12.64	17.61	>	6	27	63
734	chr3	54796015	54795996	+	12.63	22.77	>	6	27	63
735	chr6	60963937	60963918	+	12.61	7.094	>	6	27	63
736	chr8	21981891	21981872	-	12.61	17.33	>	6	27	63
737	chr10	38269349	38269330	-	12.52	19.28	>	6	27	63
738	chr6	51170619	51170600	-	12.5	20.02	>	6	27	63
739	chr2	148110356	148110337	-	12.43	16.03	>	6	27	63
740	chr1	88301823	88301804	-	12.42	19.61	>	6	27	63
741	chr6	115037959	115037940	-	12.33	15.375	>	6	27	63
742	chr16	11980974	11980955	+	12.33	3.668	>	6	27	63
743	chr15	44832771	44832752	-	12.31	24.2	>	6	27	63
744	chr19	26193888	26193869	-	12.29	7.65	>	6	27	63
745	chr17	8988263	8988244	-	12.29	10.71	>	6	27	63
746	chr14	66358860	66358841	+	12.28	18.22	>	6	27	63
747	chr12	40832432	40832413	-	12.26	13.56	>	6	27	63
748	chr2	53206958	53206939	-	12.18	12.55	>	6	27	63
749	chr16	42914617	42914598	+	12.16	7.133	>	6	27	63
750	chr11	111523686	111523667	-	12.14	23.53	>	6	27	63
751	chr6	121556678	121556659	+	12.11	18.8	>	6	27	63
752	chr7	43926199	43926180	-	12.1	21.69	>	6	27	63
753	chr3	3311028	3311009	+	12.09	10.74	>	6	27	63
754	chr12	17018680	17018661	+	12.04	21.19	>	6	27	63
755	chr18	33794794	33794775	+	11.97	24.89	>	6	27	63
756	chr15	73791915	73791896	+	11.96	24.61	>	6	27	63
757	chr12	82489256	82489237	+	11.945	11.805	>	6	27	63
758	chr19	37559803	37559784	+	11.91	21.4	>	6	27	63
759	chr12	36195155	36195136	-	11.91	7.07	>	6	27	63
760	chr3	30515246	30515227	-	11.875	11.664	>	6	27	63
761	chr19	27426681	27426662	-	11.81	11.945	>	6	27	63
762	chr2	75590427	75590408	-	11.75	21.66	>	6	27	63
763	chr2	17849498	17849479	+	11.75	6.633	>	6	27	63
764	chr9	83371155	83371136	-	11.75	6.18	>	6	27	63
765	chr9	30936846	30936827	-	11.734	17.67	>	6	27	63
766	chr15	94690037	94690018	+	11.73	23.03	>	6	27	63
767	chr2	147379133	147379114	+	11.69	9.875	>	6	27	63
768	chr4	121232314	121232295	-	11.664	7.945	>	6	27	63
769	chr18	56333219	56333200	-	11.64	4.934	>	6	27	63
770	chr16	25952209	25952190	-	11.64	6.688	>	6	27	63
771	chr13	94976326	94976307	+	11.63	16.62	>	6	27	63
772	chr2	30942898	30942879	-	11.57	22.28	>	6	27	63
773	chr6	104479441	104479422	+	11.55	10.57	>	6	27	63
774	chr5	113080039	113080020	-	11.52	26.94	>	6	27	63
775	chr16	30550607	30550588	-	11.52	17.62	>	6	27	63
776	chr1	160194976	160194957	+	11.51	18.28	>	6	27	63
777	chr11	56116782	56116763	-	11.48	30.47	>	6	27	63
778	chr6	112484521	112484502	-	11.48	12.14	>	6	27	63
779	chr14	21853546	21853527	-	11.445	30.66	>	6	27	63
780	chr9	58534993	58534974	+	11.414	20.97	>	6	27	63
781	chr17	73302318	73302299	+	11.414	39.62	>	6	27	63
782	chr1	85842459	85842440	-	11.41	14.02	>	6	27	63
783	chr17	16926410	16926391	-	11.35	2.584	>	6	27	63
784	chr12	29894861	29894842	+	11.31	16.72	>	6	27	63
785	chr2	127832989	127832970	+	11.22	7.293	>	6	27	63
786	chr16	20724653	20724634	+	11.18	15.11	>	6	27	63
787	chr1	180811112	180811093	-	11.164	28.33	>	6	27	63
788	chr13	109210611	109210592	-	11.16	17.5	>	6	27	63
789	chr18	5990207	5990188	-	11.14	3.14	>	6	27	63
790	chr18	12102268	12102249	-	11.125	23.38	>	6	27	63
791	chr19	59380193	59380174	+	11.08	23.9	>	6	27	63
792	chr2	101665476	101665457	+	11.055	26.06	>	6	27	63
793	chr12	108541242	108541223	-	11.02	27.9	>	6	27	63
794	chr2	32583648	32583629	+	11.016	30.19	>	6	27	63
795	chr1	181881807	181881788	-	10.98	11.91	>	6	27	63
796	chr5	117506576	117506557	+	10.94	40.06	>	6	27	63
797	chr1	38789153	38789134	+	10.89	22.95	>	6	27	63
798	chr10	102445139	102445120	-	10.875	19.4	>	6	27	63
799	chr12	81788941	81788922	+	10.87	12.51	>	6	27	63
800	chr9	78233462	78233443	-	10.86	15.93	>	6	27	63
801	chr10	96618527	96618508	+	10.86	3.014	>	6	27	63
802	chr8	84639419	84639400	-	10.85	34.7	>	6	27	63
803	chr17	8468905	8468886	+	10.85	20.27	>	6	27	63
804	chr2	67535551	67535532	+	10.83	7.83	>	6	27	63
805	chr18	52947340	52947321	+	10.82	10.15	>	6	27	63
806	chr13	72625410	72625391	-	10.78	6.715	>	6	27	63
807	chr11	31942449	31942430	+	10.69	22.72	>	6	27	63
808	chr1	6190743	6190724	-	10.63	7.344	>	6	27	63
809	chr7	74367549	74367530	+	10.6	15.16	>	6	27	63
810	chr4	22482970	22482951	+	10.58	4.45	>	6	27	63
811	chr13	20298018	20297999	+	10.56	24.86	>	6	27	63
812	chr16	75325511	75325492	-	10.484	5.44	>	6	27	63
813	chr6	54586377	54586358	+	10.44	8.14	>	6	27	63
814	chr14	59604211	59604192	-	10.375	15.664	>	6	27	63
815	chr2	107946040	107946021	-	10.31	11.08	>	6	27	63
816	chr1	62701219	62701200	-	10.3	12.74	>	6	27	63
817	chr7	75914120	75914101	+	10.266	24.1	>	6	27	63
818	chr5	98167679	98167660	+	10.26	12.875	>	6	27	63
819	chr9	99671799	99671780	+	10.23	22.52	>	6	27	63
820	chr1	179847901	179847882	+	10.16	11.88	>	6	27	63
821	chr15	80080817	80080798	-	10.15	32.28	>	6	27	63
822	chr6	137747756	137747737	-	10.09	27.12	>	6	27	63
823	chr6	77249625	77249606	-	10.09	6.945	>	6	27	63
824	chr5	149049190	149049171	-	10.08	15.81	>	6	27	63
825	chr18	32814407	32814388	-	10.07	2.566	>	6	27	63
826	chr11	46258405	46258386	-	10.06	20.3	>	6	27	63
827	chr11	81974830	81974811	-	10.01	5.44	>	6	27	63
828	chr19	48414047	48414028	+	9.99	12.77	>	6	27	63
829	chr11	34836484	34836465	+	9.86	20.75	>	6	27	63
830	chr17	24437345	24437326	-	9.81	19.33	>	6	27	63
831	chr6	59208753	59208734	-	9.734	12.92	>	6	27	63
832	chr13	37325694	37325675	-	9.734	20.84	>	6	27	63
833	chr11	43412967	43412948	-	9.72	22.2	>	6	27	63
834	chr13	49651342	49651323	-	9.71	2.496	>	6	27	63
835	chr7	143151380	143151361	+	9.69	18.05	>	6	27	63
836	chr16	4285478	4285459	-	9.67	7.94	>	6	27	63
837	chr11	29715017	29714998	-	9.664	9.12	>	6	27	63
838	chr3	134654263	134654244	+	9.62	3.898	>	6	27	63
839	chr8	28978824	28978805	-	9.57	7.504	>	6	27	63
840	chr13	54062269	54062250	-	9.55	10.02	>	6	27	63
841	chr9	32585514	32585495	+	9.516	12.72	>	6	27	63
842	chr7	73648212	73648193	-	9.484	13.375	>	6	27	63
843	chr19	27425889	27425870	-	9.44	11.26	>	6	27	63
844	chr13	100854377	100854358	-	9.42	17.78	>	6	27	63
845	chr5	140749784	140749765	-	9.414	22.17	>	6	27	63
846	chr4	127027444	127027425	+	9.4	22.48	>	6	27	63
847	chr11	109221866	109221847	-	9.3	9.67	>	6	27	63
848	chr16	16596794	16596775	+	9.28	5.977	>	6	27	63
849	chr2	128605294	128605275	-	9.25	9.07	>	6	27	63
850	chr2	61492265	61492246	+	9.25	6.99	>	6	27	63
851	chr10	74217479	74217460	+	9.22	7.7	>	6	27	63
852	chr9	68016722	68016703	+	9.2	8.305	>	6	27	63
853	chr6	144248136	144248117	+	9.19	7.742	>	6	27	63
854	chr13	51191948	51191929	+	9.17	5.492	>	6	27	63
855	chr2	103424848	103424829	-	9.164	12.29	>	6	27	63
856	chr7	64751734	64751715	-	9.13	16.66	>	6	27	63
857	chr7	27160004	27159985	+	9.125	14.17	>	6	27	63
858	chr13	95986545	95986526	+	9.08	13.76	>	6	27	63
859	chr5	135118653	135118634	+	9.08	29.22	>	6	27	63
860	chr10	49786914	49786895	-	9.07	0.785	>	6	27	63
861	chr1	51639072	51639053	+	9.02	3.22	>	6	27	63
862	chr14	105307894	105307875	+	8.95	2.453	>	6	27	63
863	chr19	40231990	40231971	-	8.95	19.89	>	6	27	63
864	chr10	69656526	69656507	+	8.95	12.99	>	6	27	63
865	chr7	142714879	142714860	-	8.945	27.2	>	6	27	63
866	chr6	129256260	129256241	-	8.93	14.53	>	6	27	63
867	chr5	138199783	138199764	+	8.9	8.414	>	6	27	63
868	chr8	36193738	36193719	+	8.89	10.43	>	6	27	63
869	chr11	49597354	49597335	+	8.87	6.92	>	6	27	63
870	chr1	139405977	139405958	-	8.86	4.043	>	6	27	63
871	chr3	124289118	124289099	-	8.84	12.69	>	6	27	63
872	chr9	13196005	13195986	-	8.83	30.6	>	6	27	63
873	chr14	115819240	115819221	+	8.83	10.71	>	6	27	63
874	chr5	146914595	146914576	+	8.82	39.7	>	6	27	63
875	chr4	119223866	119223847	-	8.766	16.34	>	6	27	63
876	chr15	85879204	85879185	-	8.76	17.27	>	6	27	63
877	chr4	124682485	124682466	+	8.7	17.45	>	6	27	63
878	chr17	34956526	34956507	+	8.695	22.17	>	6	27	63
879	chr12	39494054	39494035	-	8.65	2.455	>	6	27	63
880	chr9	34485824	34485805	-	8.625	10.6	>	6	27	63
881	chr2	180786948	180786929	+	8.57	17.27	>	6	27	63
882	chr4	62230989	62230970	+	8.57	12.25	>	6	27	63
883	chr2	16357480	16357461	+	8.55	2.205	>	6	27	63
884	chr17	9759516	9759497	+	8.54	11.53	>	6	27	63
885	chr10	13018670	13018651	+	8.54	19.64	>	6	27	63
886	chr4	32570820	32570801	-	8.52	6.645	>	6	27	63
887	chr9	86451919	86451900	-	8.49	16.77	>	6	27	63
888	chr7	139590495	139590476	+	8.49	20.39	>	6	27	63
889	chr16	31944169	31944150	+	8.445	14.11	>	6	27	63
890	chr3	104701211	104701192	-	8.44	24.84	>	6	27	63
891	chr2	160955546	160955527	-	8.414	14.05	>	6	27	63
892	chr18	32811889	32811870	+	8.4	4.918	>	6	27	63
893	chr14	115042240	115042221	-	8.4	14.734	>	6	27	63
894	chr2	28464119	28464100	-	8.33	19.16	>	6	27	63
895	chr2	76369931	76369912	+	8.28	9.1	>	6	27	63
896	chr3	107605512	107605493	+	8.28	12.57	>	6	27	63
897	chr14	121220891	121220872	-	8.23	10.8	>	6	27	63
898	chr1	103796539	103796520	+	8.22	10.74	>	6	27	63
899	chr16	23151589	23151570	+	8.21	3.11	>	6	27	63
900	chr5	33371346	33371327	-	8.19	15.74	>	6	27	63
901	chr13	103121088	103121069	-	8.18	6.016	>	6	27	63
902	chr10	60760529	60760510	+	8.14	24.72	>	6	27	63
903	chr1	169921787	169921768	+	8.12	12.62	>	6	27	63
904	chr13	42826816	42826797	-	8.11	17.0	>	6	27	63
905	chr6	72601930	72601911	+	8.11	24.06	>	6	27	63
906	chr7	81345319	81345300	-	7.99	7.87	>	6	27	63
907	chr11	33934471	33934452	+	7.98	18.27	>	6	27	63
908	chr18	77044808	77044789	-	7.97	11.42	>	6	27	63
909	chr7	67217278	67217259	+	7.926	7.28	>	6	27	63
910	chr2	164074027	164074008	+	7.906	10.22	>	6	27	63
911	chr3	45373410	45373391	+	7.855	1.438	>	6	27	63
912	chr1	152768355	152768336	-	7.84	9.35	>	6	27	63
913	chr11	102267665	102267646	-	7.81	17.44	>	6	27	63
914	chr11	43411664	43411645	-	7.81	21.72	>	6	27	63
915	chr2	129880054	129880035	+	7.805	6.484	>	6	27	63
916	chr11	81972241	81972222	+	7.797	9.07	>	6	27	63
917	chr9	65581143	65581124	-	7.793	11.17	>	6	27	63
918	chr4	106228720	106228701	+	7.727	13.9	>	6	27	63
919	chr6	119467876	119467857	+	7.703	18.1	>	6	27	63
920	chr10	122794511	122794492	+	7.695	15.734	>	6	27	63
921	chr14	34813484	34813465	-	7.69	11.805	>	6	27	63
922	chr15	19280629	19280610	+	7.68	3.066	>	6	27	63
923	chr13	38235597	38235578	-	7.676	11.836	>	6	27	63
924	chr13	21710105	21710086	+	7.67	14.95	>	6	27	63
925	chr11	104231353	104231334	-	7.67	18.38	>	6	27	63
926	chr6	86401304	86401285	-	7.64	23.28	>	6	27	63
927	chr4	24245320	24245301	-	7.633	3.027	>	6	27	63
928	chr9	29655082	29655063	+	7.613	20.11	>	6	27	63
929	chr9	58535957	58535938	-	7.605	16.9	>	6	27	63
930	chr5	112427478	112427459	-	7.598	9.93	>	6	27	63
931	chr4	140539353	140539334	-	7.58	22.9	>	6	27	63
932	chr14	105302910	105302891	+	7.57	4.605	>	6	27	63
933	chr7	19713404	19713385	-	7.543	26.19	>	6	27	63
934	chr1	127487367	127487348	-	7.52	14.33	>	6	27	63
935	chr19	56806125	56806106	-	7.504	5.934	>	6	27	63
936	chr19	47175662	47175643	-	7.46	21.67	>	6	27	63
937	chr2	150795624	150795605	-	7.44	6.633	>	6	27	63
938	chr2	137114826	137114807	+	7.438	4.08	>	6	27	63
939	chr10	119244230	119244211	+	7.434	4.305	>	6	27	63
940	chr5	117094622	117094603	+	7.42	22.22	>	6	27	63
941	chr11	67100384	67100365	-	7.42	22.83	>	6	27	63
942	chr5	30686988	30686969	+	7.41	18.64	>	6	27	63
943	chr8	105291139	105291120	-	7.41	11.78	>	6	27	63
944	chr7	143470174	143470155	-	7.39	17.94	>	6	27	63
945	chr15	8099290	8099271	-	7.35	8.336	>	6	27	63
946	chr7	119015949	119015930	+	7.34	17.75	>	6	27	63
947	chr17	56306039	56306020	-	7.305	16.48	>	6	27	63
948	chr1	134636895	134636876	+	7.3	5.97	>	6	27	63
949	chr17	65541217	65541198	+	7.258	9.125	>	6	27	63
950	chr14	49218880	49218861	+	7.25	8.47	>	6	27	63
951	chr1	25527154	25527135	+	7.2	7.453	>	6	27	63
952	chr1	146515575	146515556	+	7.18	3.11	>	6	27	63
953	chr9	44109578	44109559	+	7.176	33.9	>	6	27	63
954	chr11	108889358	108889339	+	7.15	8.016	>	6	27	63
955	chr7	138398615	138398596	+	7.117	4.707	>	6	27	63
956	chr5	32204842	32204823	+	7.11	6.15	>	6	27	63
957	chr8	14859581	14859562	+	7.1	5.27	>	6	27	63
958	chr11	95676507	95676488	-	7.09	14.555	>	6	27	63
959	chr6	85141186	85141167	+	7.08	33.56	>	6	27	63
960	chr14	20340404	20340385	-	7.04	15.81	>	6	27	63
961	chr1	193130339	193130320	-	7.023	5.71	>	6	27	63
962	chr9	98032882	98032863	+	6.992	4.73	>	6	27	63
963	chr7	143793289	143793270	+	6.98	21.42	>	6	27	63
964	chr12	32292312	32292293	-	6.895	8.26	>	6	27	63
965	chr17	45724453	45724434	-	6.89	12.125	>	6	27	63
966	chr14	102512314	102512295	+	6.89	1.602	>	6	27	63
967	chr8	11943038	11943019	+	6.88	5.47	>	6	27	63
968	chr7	83553561	83553542	+	6.867	8.27	>	6	27	63
969	chr9	64960779	64960760	-	6.85	16.31	>	6	27	63
970	chr9	30426996	30426977	+	6.832	15.31	>	6	27	63
971	chr11	119249183	119249164	+	6.785	23.48	>	6	27	63
972	chr8	90795542	90795523	+	6.77	10.67	>	6	27	63
973	chr2	113498926	113498907	-	6.766	9.86	>	6	27	63
974	chr13	62926662	62926643	+	6.75	4.73	>	6	27	63
975	chr1	127485025	127485006	+	6.715	16.44	>	6	27	63
976	chr17	78592615	78592596	+	6.715	8.945	>	6	27	63
977	chr2	118246134	118246115	-	6.668	13.72	>	6	27	63
978	chr2	92474875	92474856	-	6.652	13.95	>	6	27	63
979	chr7	17061423	17061404	+	6.645	15.1	>	6	27	63
980	chr10	122090678	122090659	+	6.63	8.38	>	6	27	63
981	chr13	64448147	64448128	+	6.594	17.92	>	6	27	63
982	chr2	34642611	34642592	-	6.562	14.51	>	6	27	63
983	chr5	117509743	117509724	+	6.54	26.92	>	6	27	63
984	chr7	131371109	131371090	+	6.516	4.71	>	6	27	63
985	chr6	94054143	94054124	-	6.5	13.34	>	6	27	63
986	chr14	20697228	20697209	+	6.465	17.88	>	6	27	63
987	chr10	122798121	122798102	+	6.46	15.23	>	6	27	63
988	chr13	14196604	14196585	+	6.45	1.613	>	6	27	63
989	chr3	118991976	118991957	+	6.438	8.26	>	6	27	63
990	chr9	107231295	107231276	-	6.434	7.414	>	6	27	63
991	chr15	24557016	24556997	-	6.418	3.371	>	6	27	63
992	chr2	178407758	178407739	+	6.414	11.43	>	6	27	63
993	chr9	90683476	90683457	-	6.38	1.322	>	6	27	63
994	chr6	22968335	22968316	-	6.34	6.418	>	6	27	63
995	chr12	67217811	67217792	+	6.336	1.95	>	6	27	63
996	chr10	82910438	82910419	+	6.277	10.99	>	6	27	63
997	chr7	49125716	49125697	+	6.258	16.88	>	6	27	63
998	chr11	119491305	119491286	-	6.215	10.81	>	6	27	63
999	chr11	32341308	32341289	-	6.21	14.555	>	6	27	63
1000	chr19	8713406	8713387	+	6.19	10.44	>	6	27	63
1001	chr4	48048044	48048025	+	6.152	6.21	>	6	27	63
1002	chr11	52764825	52764806	+	6.15	7.75	>	6	27	63
1003	chr13	20564636	20564617	-	6.145	4.82	>	6	27	63
1004	chr10	39105011	39104992	-	6.14	7.152	>	6	27	63
1005	chr11	98909856	98909837	-	6.117	18.95	>	6	27	63
1006	chr1	151025102	151025083	+	6.117	4.496	>	6	27	63
1007	chr5	98167777	98167758	-	6.113	9.555	>	6	27	63
1008	chr8	88118562	88118543	+	6.062	3.66	>	6	27	63
1009	chr16	92511934	92511915	+	6.035	16.34	>	6	27	63
1010	chr15	25792295	25792276	-	6.008	6.87	>	6	27	63
1011	chr13	92751194	92751175	+	5.938	12.68	>	6	27	63
1012	chr5	101688793	101688774	-	5.934	12.51	>	6	27	63
1013	chr7	112023252	112023233	+	5.93	8.26	>	6	27	63
1014	chr14	21854038	21854019	-	5.914	27.36	>	6	27	63
1015	chr8	32003733	32003714	-	5.9	2.012	>	6	27	63
1016	chr13	53095394	53095375	-	5.867	6.086	>	6	27	63
1017	chr1	182554179	182554160	+	5.836	10.15	>	6	27	63
1018	chr6	18381568	18381549	+	5.832	1.955	>	6	27	63
1019	chr9	77389590	77389571	+	5.832	5.68	>	6	27	63
1020	chr16	5254481	5254462	-	5.812	12.77	>	6	27	63
1021	chr2	93199625	93199606	+	5.797	14.08	>	6	27	63
1022	chr9	81631651	81631632	-	5.793	3.863	>	6	27	63
1023	chr2	152887412	152887393	-	5.78	4.652	>	6	27	63
1024	chr4	153481137	153481118	-	5.766	3.3	>	6	27	63
1025	chr8	72239706	72239687	-	5.754	5.32	>	6	27	63
1026	chr18	65750236	65750217	-	5.703	2.543	>	6	27	63
1027	chr6	61311882	61311863	-	5.68	7.43	>	6	27	63
1028	chr18	46143625	46143606	+	5.676	6.477	>	6	27	63
1029	chr6	120836118	120836099	+	5.64	7.797	>	6	27	63
1030	chr6	100563990	100563971	-	5.625	4.164	>	6	27	63
1031	chr3	13475098	13475079	-	5.61	1.948	>	6	27	63
1032	chr2	132262968	132262949	+	5.6	7.164	>	6	27	63
1033	chr11	103334169	103334150	+	5.594	12.02	>	6	27	63
1034	chr6	54255029	54255010	+	5.586	4.35	>	6	27	63
1035	chr13	101711018	101710999	+	5.543	9.15	>	6	27	63
1036	chr5	39644761	39644742	-	5.54	3.531	>	6	27	63
1037	chr8	90795201	90795182	-	5.516	4.996	>	6	27	63
1038	chr18	23162646	23162627	+	5.51	1.562	>	6	27	63
1039	chr16	78165563	78165544	+	5.477	7.39	>	6	27	63
1040	chr2	96584106	96584087	-	5.44	3.29	>	6	27	63
1041	chr12	72070473	72070454	+	5.426	11.336	>	6	27	63
1042	chr12	24708691	24708672	+	5.414	9.914	>	6	27	63
1043	chr8	92367135	92367116	-	5.406	6.984	>	6	27	63
1044	chr17	83866777	83866758	+	5.4	23.0	>	6	27	63
1045	chr13	55322636	55322617	-	5.4	7.0	>	6	27	63
1046	chr6	88893771	88893752	-	5.395	16.78	>	6	27	63
1047	chr19	8718731	8718712	-	5.383	8.6	>	6	27	63
1048	chr12	59220179	59220160	-	5.38	2.5	>	6	27	63
1049	chr14	60784526	60784507	+	5.367	16.06	>	6	27	63
1050	chr3	153658591	153658572	+	5.33	6.258	>	6	27	63
1051	chr9	77386949	77386930	-	5.312	12.24	>	6	27	63
1052	chr10	83219903	83219884	+	5.312	6.188	>	6	27	63
1053	chr6	15176967	15176948	-	5.31	2.947	>	6	27	63
1054	chr2	152604207	152604188	-	5.27	19.44	>	6	27	63
1055	chr2	39003369	39003350	-	5.26	1.671	>	6	27	63
1056	chr16	31425707	31425688	-	5.254	13.484	>	6	27	63
1057	chr5	137503018	137502999	-	5.227	3.691	>	6	27	63
1058	chr18	13973086	13973067	-	5.207	0.71	>	6	27	63
1059	chr17	68849016	68848997	-	5.2	1.891	>	6	27	63
1060	chr2	128408931	128408912	-	5.19	8.72	>	6	27	63
1061	chr14	97559790	97559771	-	5.16	2.041	>	6	27	63
1062	chr8	67903864	67903845	-	5.13	6.113	>	6	27	63
1063	chr14	56888181	56888162	-	5.125	3.316	>	6	27	63
1064	chr4	132198465	132198446	+	5.125	11.19	>	6	27	63
1065	chr2	39005861	39005842	-	5.12	3.883	>	6	27	63
1066	chr7	137471679	137471660	-	5.1	19.97	>	6	27	63
1067	chr6	64949075	64949056	+	5.09	5.168	>	6	27	63
1068	chr18	16821148	16821129	+	5.043	1.935	>	6	27	63
1069	chr2	93813566	93813547	+	5.04	13.086	>	6	27	63
1070	chr6	126481478	126481459	-	5.023	10.89	>	6	27	63
1071	chr1	181881093	181881074	-	4.984	10.19	>	6	27	63
1072	chr6	108065822	108065803	-	4.977	6.67	>	6	27	63
1073	chr4	88550373	88550354	+	4.938	4.04	>	6	27	63
1074	chr5	137502167	137502148	+	4.867	8.81	>	6	27	63
1075	chr8	77618148	77618129	-	4.86	4.188	>	6	27	63
1076	chr7	120098024	120098005	+	4.855	7.22	>	6	27	63
1077	chr2	75152706	75152687	-	4.824	10.55	>	6	27	63
1078	chr11	87950193	87950174	+	4.78	11.09	>	6	27	63
1079	chr11	94598936	94598917	-	4.746	10.49	>	6	27	63
1080	chr1	10229119	10229100	+	4.746	0.972	>	6	27	63
1081	chr7	143476888	143476869	+	4.746	8.89	>	6	27	63
1082	chr9	102607693	102607674	-	4.715	3.604	>	6	27	63
1083	chr8	32009749	32009730	+	4.71	6.785	>	6	27	63
1084	chr3	99262117	99262098	-	4.707	1.889	>	6	27	63
1085	chr18	75607987	75607968	+	4.664	23.11	>	6	27	63
1086	chr7	75380211	75380192	-	4.64	2.41	>	6	27	63
1087	chr3	135863108	135863089	+	4.64	3.164	>	6	27	63
1088	chr4	87369015	87368996	-	4.625	9.125	>	6	27	63
1089	chr8	84639535	84639516	+	4.605	13.88	>	6	27	63
1090	chr15	74524301	74524282	+	4.586	13.7	>	6	27	63
1091	chr17	57007316	57007297	-	4.582	9.42	>	6	27	63
1092	chr11	30893985	30893966	+	4.547	0.9004	>	6	27	63
1093	chr19	57360190	57360171	-	4.543	2.654	>	6	27	63
1094	chr8	110102657	110102638	-	4.53	9.24	>	6	27	63
1095	chr7	135389259	135389240	-	4.53	9.336	>	6	27	63
1096	chr4	152527530	152527511	+	4.516	13.99	>	6	27	63
1097	chr13	103710441	103710422	+	4.5	4.57	>	6	27	63
1098	chr10	120896053	120896034	+	4.5	2.322	>	6	27	63
1099	chr18	5155632	5155613	-	4.484	6.39	>	6	27	63
1100	chr12	80141693	80141674	-	4.45	17.05	>	6	27	63
1101	chr5	118763566	118763547	-	4.418	12.81	>	6	27	63
1102	chr12	14150175	14150156	+	4.406	3.688	>	6	27	63
1103	chr10	128990300	128990281	-	4.4	8.03	>	6	27	63
1104	chr10	30834038	30834019	-	4.37	4.473	>	6	27	63
1105	chr6	50618483	50618464	+	4.367	12.766	>	6	27	63
1106	chr15	9748972	9748953	-	4.36	3.496	>	6	27	63
1107	chr16	92308164	92308145	-	4.355	11.22	>	6	27	63
1108	chr2	9881964	9881945	-	4.355	2.918	>	6	27	63
1109	chr8	123106089	123106070	+	4.336	8.18	>	6	27	63
1110	chr5	98346264	98346245	+	4.324	2.342	>	6	27	63
1111	chr10	40249841	40249822	-	4.316	12.23	>	6	27	63
1112	chr3	141457685	141457666	+	4.312	4.707	>	6	27	63
1113	chr9	40192620	40192601	-	4.3	2.145	>	6	27	63
1114	chr9	72448248	72448229	+	4.29	7.78	>	6	27	63
1115	chr13	24316809	24316790	-	4.273	3.682	>	6	27	63
1116	chr1	50927249	50927230	+	4.258	4.5	>	6	27	63
1117	chr11	102690417	102690398	-	4.223	12.195	>	6	27	63
1118	chr4	116627141	116627122	+	4.207	6.52	>	6	27	63
1119	chr15	76198817	76198798	+	4.164	10.72	>	6	27	63
1120	chr15	12113620	12113601	-	4.156	3.312	>	6	27	63
1121	chr1	115675059	115675040	+	4.152	5.223	>	6	27	63
1122	chr2	34644807	34644788	-	4.15	8.266	>	6	27	63
1123	chr2	166084974	166084955	-	4.133	18.12	>	6	27	63
1124	chr11	21571906	21571887	-	4.13	2.105	>	6	27	63
1125	chr15	9449709	9449690	-	4.062	0.543	>	6	27	63
1126	chr5	92664520	92664501	-	4.055	3.326	>	6	27	63
1127	chr12	77001216	77001197	+	4.043	1.105	>	6	27	63
1128	chr6	93757507	93757488	-	4.01	5.273	>	6	27	63
1129	chr19	56302794	56302775	+	4.01	3.797	>	6	27	63
1130	chr13	71954038	71954019	-	4.008	1.19	>	6	27	63
1131	chr4	17852015	17851996	-	4.0	0.8535	>	6	27	63
1132	chr18	39136126	39136107	+	3.992	1.932	>	6	27	63
1133	chr1	153489234	153489215	-	3.99	7.715	>	6	27	63
1134	chr9	66136172	66136153	-	3.988	5.383	>	6	27	63
1135	chr11	109621431	109621412	-	3.979	11.484	>	6	27	63
1136	chr13	91723318	91723299	+	3.959	5.49	>	6	27	63
1137	chr13	3642291	3642272	-	3.959	4.75	>	6	27	63
1138	chr13	47304770	47304751	+	3.957	6.746	>	6	27	63
1139	chr2	121144456	121144437	+	3.953	4.504	>	6	27	63
1140	chr13	93772223	93772204	-	3.928	3.56	>	6	27	63
1141	chr10	70967079	70967060	+	3.916	4.88	>	6	27	63
1142	chr13	59417085	59417066	-	3.91	5.0	>	6	27	63
1143	chr7	102484972	102484953	-	3.883	7.0	>	6	27	63
1144	chr5	38235667	38235648	-	3.879	10.78	>	6	27	63
1145	chr14	56885401	56885382	+	3.87	2.412	>	6	27	63
1146	chr11	75170669	75170650	-	3.861	7.984	>	6	27	63
1147	chr11	77980417	77980398	+	3.846	9.5	>	6	27	63
1148	chr9	94738712	94738693	+	3.828	14.92	>	6	27	63
1149	chr6	140466500	140466481	-	3.816	3.785	>	6	27	63
1150	chr19	57361025	57361006	-	3.814	6.484	>	6	27	63
1151	chr12	58972459	58972440	+	3.777	2.135	>	6	27	63
1152	chr2	61490636	61490617	+	3.775	5.23	>	6	27	63
1153	chr4	44310651	44310632	+	3.762	4.973	>	6	27	63
1154	chr11	52766147	52766128	+	3.734	1.83	>	6	27	63
1155	chr13	72627587	72627568	-	3.717	4.066	>	6	27	63
1156	chr9	23012459	23012440	-	3.71	1.704	>	6	27	63
1157	chr16	31427924	31427905	-	3.705	3.383	>	6	27	63
1158	chr12	29895773	29895754	+	3.691	1.481	>	6	27	63
1159	chr9	73154557	73154538	+	3.666	9.1	>	6	27	63
1160	chr1	127484437	127484418	-	3.66	8.8	>	6	27	63
1161	chr9	107566236	107566217	+	3.656	7.098	>	6	27	63
1162	chr2	68118338	68118319	+	3.652	4.36	>	6	27	63
1163	chr11	11140836	11140817	-	3.629	13.69	>	6	27	63
1164	chr12	74014936	74014917	-	3.627	5.97	>	6	27	63
1165	chr7	138396301	138396282	-	3.621	0.934	>	6	27	63
1166	chr14	103534605	103534586	+	3.617	5.312	>	6	27	63
1167	chr10	115164112	115164093	-	3.613	3.031	>	6	27	63
1168	chr7	119019764	119019745	+	3.598	7.113	>	6	27	63
1169	chr13	96389525	96389506	-	3.588	1.339	>	6	27	63
1170	chr14	74723724	74723705	-	3.586	5.766	>	6	27	63
1171	chr14	55114114	55114095	-	3.57	7.387	>	6	27	63
1172	chr9	62784468	62784449	+	3.562	12.84	>	6	27	63
1173	chr10	127678167	127678148	-	3.541	2.129	>	6	27	63
1174	chr17	55948218	55948199	-	3.535	4.3	>	6	27	63
1175	chr11	78183263	78183244	-	3.525	12.305	>	6	27	63
1176	chr6	59207403	59207384	-	3.508	1.477	>	6	27	63
1177	chr6	135416919	135416900	+	3.498	4.027	>	6	27	63
1178	chr5	122104403	122104384	+	3.492	11.98	>	6	27	63
1179	chr13	37971068	37971049	-	3.482	3.088	>	6	27	63
1180	chr5	114612410	114612391	+	3.48	13.6	>	6	27	63
1181	chr10	114442226	114442207	+	3.46	2.104	>	6	27	63
1182	chr2	145655527	145655508	-	3.44	2.05	>	6	27	63
1183	chr7	109507351	109507332	-	3.418	1.832	>	6	27	63
1184	chr16	10009965	10009946	+	3.402	4.965	>	6	27	63
1185	chr14	67969032	67969013	-	3.385	5.523	>	6	27	63
1186	chr5	140744055	140744036	-	3.348	10.35	>	6	27	63
1187	chr1	56984334	56984315	+	3.338	2.584	>	6	27	63
1188	chr2	137110782	137110763	+	3.328	1.323	>	6	27	63
1189	chr16	22267525	22267506	+	3.322	1.262	>	6	27	63
1190	chr16	4884595	4884576	-	3.3	2.822	>	6	27	63
1191	chr5	19458406	19458387	-	3.291	6.625	>	6	27	63
1192	chr1	84697217	84697198	-	3.29	7.492	>	6	27	63
1193	chr14	122903088	122903069	-	3.29	2.205	>	6	27	63
1194	chr7	64056729	64056710	-	3.273	1.214	>	6	27	63
1195	chr9	71624061	71624042	-	3.273	15.39	>	6	27	63
1196	chr9	96885958	96885939	-	3.271	10.016	>	6	27	63
1197	chr18	46964733	46964714	-	3.266	8.555	>	6	27	63
1198	chr3	122638475	122638456	+	3.26	4.82	>	6	27	63
1199	chr9	94733848	94733829	+	3.256	3.768	>	6	27	63
1200	chr1	167938404	167938385	-	3.25	6.79	>	6	27	63
1201	chr1	180811841	180811822	+	3.244	6.383	>	6	27	63
1202	chr10	42760472	42760453	+	3.229	1.784	>	6	27	63
1203	chr18	20598347	20598328	+	3.213	4.758	>	6	27	63
1204	chr17	71909305	71909286	+	3.203	3.572	>	6	27	63
1205	chr1	34459898	34459879	+	3.193	3.389	>	6	27	63
1206	chr4	117202234	117202215	-	3.191	9.61	>	6	27	63
1207	chr15	101313974	101313955	-	3.178	2.96	>	6	27	63
1208	chr16	13438138	13438119	+	3.176	1.241	>	6	27	63
1209	chr7	114878499	114878480	+	3.174	1.604	>	6	27	63
1210	chr11	109866735	109866716	+	3.166	2.812	>	6	27	63
1211	chr3	123509329	123509310	+	3.162	5.67	>	6	27	63
1212	chr3	114085881	114085862	-	3.146	0.5283	>	6	27	63
1213	chr4	120149384	120149365	-	3.145	8.09	>	6	27	63
1214	chr16	4549594	4549575	-	3.137	11.12	>	6	27	63
1215	chr15	78872224	78872205	+	3.133	9.35	>	6	27	63
1216	chr12	57231261	57231242	-	3.127	3.32	>	6	27	63
1217	chr9	71624949	71624930	-	3.125	15.0	>	6	27	63
1218	chr4	18963859	18963840	-	3.12	4.01	>	6	27	63
1219	chr8	40913366	40913347	-	3.115	1.625	>	6	27	63
1220	chr5	21645240	21645221	-	3.11	1.259	>	6	27	63
1221	chr10	68357244	68357225	+	3.094	1.353	>	6	27	63
1222	chr2	93812077	93812058	-	3.06	11.82	>	6	27	63
1223	chr12	75669431	75669412	-	3.05	4.1	>	6	27	63
1224	chr1	12844023	12844004	+	3.033	4.33	>	6	27	63
1225	chr12	86697142	86697123	+	3.025	6.996	>	6	27	63
1226	chr9	98033678	98033659	+	3.021	1.525	>	6	27	63
1227	chr19	37946902	37946883	+	3.02	4.082	>	6	27	63
1228	chr9	75271676	75271657	+	3.01	4.42	>	6	27	63
1229	chr11	55162881	55162862	+	2.996	3.625	>	6	27	63
1230	chr17	25274339	25274320	-	2.984	4.45	>	6	27	63
1231	chr6	108065317	108065298	+	2.984	5.535	>	6	27	63
1232	chr7	5071749	5071730	-	2.928	2.754	>	6	27	63
1233	chr3	152477906	152477887	-	2.922	3.295	>	6	27	63
1234	chr5	28090770	28090751	-	2.922	2.412	>	6	27	63
1235	chr14	78282622	78282603	+	2.91	2.186	>	6	27	63
1236	chr14	88480122	88480103	-	2.906	3.236	>	6	27	63
1237	chr7	107569047	107569028	+	2.902	1.588	>	6	27	63
1238	chr3	83777088	83777069	-	2.879	3.992	>	6	27	63
1239	chr8	48550865	48550846	+	2.871	0.592	>	6	27	63
1240	chr7	132575955	132575936	-	2.855	4.473	>	6	27	63
1241	chr14	79769127	79769108	-	2.852	4.36	>	6	27	63
1242	chr17	69974245	69974226	-	2.799	1.284	>	6	27	63
1243	chr12	66284211	66284192	-	2.793	5.484	>	6	27	63
1244	chr6	83796902	83796883	-	2.785	3.35	>	6	27	63
1245	chr9	44108077	44108058	+	2.785	11.375	>	6	27	63
1246	chr11	116023924	116023905	+	2.777	6.906	>	6	27	63
1247	chr3	86779824	86779805	-	2.775	8.64	>	6	27	63
1248	chr19	46056202	46056183	+	2.77	5.27	>	6	27	63
1249	chr10	108210181	108210162	-	2.762	0.674	>	6	27	63
1250	chr8	27001386	27001367	+	0.4329	0.4077	>	6	27	63
1251	chr17	28338029	28338010	-	0.252	0.265	>	6	27	63
1252	chr11	76445826	76445807	-	0.2268	0.1863	>	6	27	63
1253	chr5	144244146	144244127	-	0.311	0.3691	>	6	27	63
1254	chr14	79768803	79768784	-	0.3076	0.2808	>	6	27	63
1255	chr9	26778623	26778604	-	1.299	0.6914	>	6	27	63
1256	chr7	25392052	25392033	+	0.2487	0.242	>	6	27	63
1257	chr3	101484879	101484860	-	0.3438	0.528	>	6	27	63
1258	chr2	69113988	69113969	+	0.2472	0.1981	>	6	27	63
1259	chr13	29852447	29852428	-	0.1781	0.1941	>	6	27	63
1260	chr2	60213231	60213212	-	0.1073	0.1628	>	6	27	63
1261	chr2	171418157	171418138	-	0.1407	0.2131	>	6	27	63
1262	chr7	64392050	64392031	-	0.514	0.2006	>	6	27	63
1263	chr15	36157434	36157415	-	0.7227	0.836	>	6	27	63
1264	chr4	49662357	49662338	-	0.4692	0.2915	>	6	27	63
1265	chr4	48422356	48422337	+	1.027	0.5225	>	6	27	63
1266	chr18	82720514	82720495	+	0.1605	0.1409	>	6	27	63
1267	chr1	172022686	172022667	+	0.1733	0.1764	>	6	27	63
1268	chr7	139595890	139595871	+	0.1575	0.2125	>	6	27	63
1269	chr12	73007842	73007823	-	0.345	0.2974	>	6	27	63
1270	chr17	27192928	27192909	-	0.1056	0.4468	>	6	27	63
1271	chr1	53698960	53698941	+	0.557	0.255	>	6	27	63
1272	chr18	12734380	12734361	+	0.207	0.1383	>	6	27	63
1273	chr6	126767488	126767469	-	0.2039	0.2483	>	6	27	63
1274	chr2	92856249	92856230	-	2.734	0.857	>	6	27	63
1275	chr11	74572851	74572832	+	0.2646	0.2705	>	6	27	63
1276	chr9	59675637	59675618	-	0.4082	0.744	>	6	27	63
1277	chr15	55025647	55025628	+	0.1847	0.1536	>	6	27	63
1278	chr4	120579150	120579131	-	0.33	0.264	>	6	27	63
1279	chr15	74525720	74525701	+	0.2172	0.2104	>	6	27	63
1280	chr1	88748095	88748076	+	0.1973	0.1881	>	6	27	63
1281	chr15	32239655	32239636	-	0.2822	0.1587	>	6	27	63
1282	chr7	36571183	36571164	+	0.1103	0.1942	>	6	27	63
1283	chr11	113855351	113855332	-	0.1613	0.1947	>	6	27	63
1284	chr6	90609163	90609144	+	2.127	1.159	>	6	27	63
1285	chr3	146181407	146181388	-	0.2034	0.3416	>	6	27	63
1286	chr10	69857222	69857203	-	0.3232	0.3599	>	6	27	63
1287	chr2	158361425	158361406	-	0.5625	0.2502	>	6	27	63
1288	chr5	136268179	136268160	-	0.1886	0.2153	>	6	27	63
1289	chr16	11983350	11983331	-	1.634	1.076	>	6	27	63
1290	chr2	84437773	84437754	+	0.2305	0.14	>	6	27	63
1291	chr18	24002018	24001999	-	0.133	0.1333	>	6	27	63
1292	chr1	130151533	130151514	-	0.4075	0.3347	>	6	27	63
1293	chr9	59675855	59675836	+	0.3367	0.2161	>	6	27	63
1294	chr11	116840251	116840232	-	0.3374	0.637	>	6	27	63
1295	chr2	155819963	155819944	+	0.07886	0.146	>	6	27	63
1296	chr14	105301632	105301613	+	0.206	0.2114	>	6	27	63
1297	chr12	9044592	9044573	+	0.1821	0.2019	>	6	27	63
1298	chr18	13971224	13971205	-	0.5337	0.3596	>	6	27	63
1299	chr5	136267600	136267581	-	0.2751	0.189	>	6	27	63
1300	chr5	33371430	33371411	+	0.3992	0.1644	>	6	27	63
1301	chr14	51090397	51090378	-	0.4153	0.243	>	6	27	63
1302	chr1	77935072	77935053	+	0.1814	0.1729	>	6	27	63
1303	chr11	119246049	119246030	-	0.204	0.3367	>	6	27	63
1304	chr17	50274949	50274930	-	0.441	0.1749	>	6	27	63
1305	chr8	108956442	108956423	+	0.5635	0.3044	>	6	27	63
1306	chr11	66885340	66885321	+	0.1636	0.169	>	6	27	63
1307	chr7	30099945	30099926	-	0.1979	0.1757	>	6	27	63
1308	chr15	99973159	99973140	-	0.1998	0.3345	>	6	27	63
1309	chr5	16308949	16308930	+	0.1567	0.1411	>	6	27	63
1310	chr6	119466578	119466559	-	0.9824	0.9795	>	6	27	63
1311	chr2	136886679	136886660	+	0.7764	0.2095	>	6	27	63
1312	chr14	79763594	79763575	-	0.2852	0.151	>	6	27	63
1313	chr2	170416012	170415993	+	0.1837	0.1256	>	6	27	63
1314	chr4	41015236	41015217	-	0.1882	0.1434	>	6	27	63
1315	chr11	70975109	70975090	+	0.713	0.3914	>	6	27	63
1316	chr5	122773202	122773183	+	0.11584	0.1375	>	6	27	63
1317	chr4	128588031	128588012	-	0.2659	0.1909	>	6	27	63
1318	chr8	122576186	122576167	-	0.11285	0.1545	>	6	27	63
1319	chr7	76383989	76383970	+	0.1553	0.154	>	6	27	63
1320	chr9	41467019	41467000	-	0.2223	0.1565	>	6	27	63
1321	chr1	32712246	32712227	-	0.05322	0.1516	>	6	27	63
1322	chr16	23974866	23974847	-	0.5283	0.3425	>	6	27	63
1323	chr15	84066194	84066175	-	0.6196	1.17	>	6	27	63
1324	chr11	40148920	40148901	-	1.272	0.642	>	6	27	63
1325	chr7	27166488	27166469	-	0.306	0.491	>	6	27	63
1326	chr11	30240273	30240254	+	0.4001	0.2556	>	6	27	63
1327	chr2	69115969	69115950	-	0.1754	0.1587	>	6	27	63
1328	chr9	113420569	113420550	-	0.2261	0.2178	>	6	27	63
1329	chr12	99882528	99882509	-	0.2617	0.1387	>	6	27	63
1330	chr5	77347648	77347629	-	0.3625	0.4211	>	6	27	63
1331	chr10	49780455	49780436	+	0.2179	0.1394	>	6	27	63
1332	chr5	75855263	75855244	-	0.6416	0.4326	>	6	27	63
1333	chr2	124087358	124087339	-	0.6436	0.2075	>	6	27	63
1334	chr14	49219056	49219037	+	0.678	0.694	>	6	27	63
1335	chr5	147938091	147938072	+	0.368	0.1842	>	6	27	63
1336	chr11	32340288	32340269	+	0.1792	0.1648	>	6	27	63
1337	chr16	50181579	50181560	+	0.2006	0.1838	>	6	27	63
1338	chr16	20496121	20496102	-	0.6714	0.1777	>	6	27	63
1339	chr8	76775680	76775661	+	0.135	0.1975	>	6	27	63
1340	chr14	65597676	65597657	+	0.6543	0.452	>	6	27	63
1341	chr7	64754771	64754752	+	0.1351	0.2295	>	6	27	63
1342	chr2	166083979	166083960	-	0.2964	0.2065	>	6	27	63
1343	chr16	44140440	44140421	+	0.4607	0.3381	>	6	27	63
1344	chr12	90524338	90524319	-	0.3223	0.2983	>	6	27	63
1345	chr5	89391716	89391697	+	0.1626	0.1418	>	6	27	63
1346	chr9	59675438	59675419	-	0.2104	0.1542	>	6	27	63
1347	chr19	16339103	16339084	-	0.1967	0.1177	>	6	27	63
1348	chr13	30545067	30545048	+	0.3672	0.2915	>	6	27	63
1349	chr1	92462681	92462662	+	0.3916	0.1832	>	6	27	63
1350	chr4	84066283	84066264	-	0.1898	0.1552	>	6	27	63
1351	chr9	83373922	83373903	-	0.2197	0.1434	>	6	27	63
1352	chr4	88773969	88773950	-	0.9507	8.01	>	6	27	63
1353	chr9	123132258	123132239	-	0.1687	0.1416	>	6	27	63
1354	chr17	34958843	34958824	-	0.2079	0.5464	>	6	27	63
1355	chr12	50946225	50946206	+	0.2341	0.157	>	6	27	63
1356	chr13	73647252	73647233	+	0.267	0.1704	>	6	27	63
1357	chr11	83279300	83279281	-	0.4434	0.2251	>	6	27	63
1358	chr17	8986048	8986029	-	0.3325	0.212	>	6	27	63
1359	chr4	14935721	14935702	-	0.7095	0.296	>	6	27	63
1360	chr4	75076699	75076680	+	0.09125	0.2014	>	6	27	63
1361	chr5	114610713	114610694	+	0.0985	0.1626	>	6	27	63
1362	chr9	83378273	83378254	-	0.471	0.2808	>	6	27	63
1363	chr9	107773182	107773163	-	0.1786	0.1414	>	6	27	63
1364	chr9	41218030	41218011	+	0.1323	0.1355	>	6	27	63
1365	chr9	105644718	105644699	+	0.4255	0.1808	>	6	27	63
1366	chr8	84264441	84264422	-	1.261	1.4795	>	6	27	63
1367	chr4	135959453	135959434	+	0.112	0.2223	>	6	27	63
1368	chr1	24684268	24684249	+	0.4001	0.1942	>	6	27	63
1369	chr3	87748577	87748558	-	0.7593	0.4382	>	6	27	63
1370	chr9	54690950	54690931	+	0.11566	0.136	>	6	27	63
1371	chr15	82277690	82277671	-	0.9043	0.4492	>	6	27	63
1372	chr5	115498528	115498509	-	0.2693	0.2164	>	6	27	63
1373	chr9	56621276	56621257	+	0.10846	0.253	>	6	27	63
1374	chr18	81956733	81956714	-	0.2815	0.2637	>	6	27	63
1375	chr10	22791401	22791382	-	0.1346	0.2358	>	6	27	63
1376	chr15	82271301	82271282	+	0.836	0.1838	>	6	27	63
1377	chr12	69946159	69946140	+	0.555	0.455	>	6	27	63
1378	chr14	101442800	101442781	+	0.2983	0.1344	>	6	27	63
1379	chr2	164777017	164776998	-	0.5176	0.361	>	6	27	63
1380	chr10	24631573	24631554	-	1.178	1.224	>	6	27	63
1381	chr1	136528510	136528491	-	1.761	0.7373	>	6	27	63
1382	chr10	19222118	19222099	-	1.411	0.8228	>	6	27	63
1383	chr14	56885508	56885489	-	2.348	4.004	>	6	27	63
1384	chr8	85060493	85060474	-	0.9688	0.437	>	6	27	63
1385	chr11	96075822	96075803	-	0.9316	0.4944	>	6	27	63
1386	chr11	77476535	77476516	+	0.1632	0.2383	>	6	27	63
1387	chr1	81294004	81293985	-	0.905	0.562	>	6	27	63
1388	chr12	15520954	15520935	+	0.7183	0.4033	>	6	27	63
1389	chr7	66397054	66397035	+	0.1594	0.2107	>	6	27	63
1390	chr12	74014582	74014563	-	0.2377	0.1973	>	6	27	63
1391	chr5	144242554	144242535	-	0.241	0.1987	>	6	27	63
1392	chr15	66894943	66894924	+	0.2703	0.2021	>	6	27	63
1393	chr6	126484995	126484976	-	0.4333	1.278	>	6	27	63
1394	chr4	48427148	48427129	+	0.678	0.3833	>	6	27	63
1395	chr15	71459211	71459192	+	0.252	0.1731	>	6	27	63
1396	chr3	19896435	19896416	-	0.2361	0.1467	>	6	27	63
1397	chr8	68268707	68268688	-	0.1398	0.1492	>	6	27	63
1398	chr1	182555580	182555561	-	0.1982	0.1915	>	6	27	63
1399	chr9	44413186	44413167	-	0.534	0.393	>	6	27	63
1400	chr14	70151716	70151697	+	0.3604	0.2382	>	6	27	63
1401	chr4	62478250	62478231	+	0.438	0.1328	>	6	27	63
1402	chr3	127561629	127561610	-	0.2183	0.12354	>	6	27	63
1403	chr3	69139614	69139595	-	0.397	0.2261	>	6	27	63
1404	chr17	17919616	17919597	+	0.1678	0.167	>	6	27	63
1405	chr4	139314214	139314195	-	0.2279	0.269	>	6	27	63
1406	chr18	61952763	61952744	-	0.2372	0.1731	>	6	27	63
1407	chr9	7599188	7599169	+	0.33	0.191	>	6	27	63
1408	chr10	120898341	120898322	-	0.3386	0.1467	>	6	27	63
1409	chr11	57469613	57469594	-	0.1846	0.2297	>	6	27	63
1410	chr18	58480198	58480179	-	0.2095	0.1665	>	6	27	63
1411	chr17	12380527	12380508	-	0.658	0.591	>	6	27	63
1412	chr2	107940173	107940154	+	0.11664	0.1351	>	6	27	63
1413	chr2	32580534	32580515	-	0.2605	0.4055	>	6	27	63
1414	chr15	98813480	98813461	+	0.3496	0.5376	>	6	27	63
1415	chr6	54253893	54253874	+	0.1663	0.1743	>	6	27	63
1416	chr1	135800865	135800846	+	0.1766	0.1665	>	6	27	63
1417	chr15	58426369	58426350	+	0.1996	0.1519	>	6	27	63
1418	chr4	87367775	87367756	+	0.3853	0.1472	>	6	27	63
1419	chr2	96583103	96583084	-	0.809	0.3242	>	6	27	63
1420	chr4	63366959	63366940	-	0.1979	0.1753	>	6	27	63
1421	chr4	59761293	59761274	-	0.3435	0.2113	>	6	27	63
1422	chr10	7832162	7832143	+	0.2646	0.1672	>	6	27	63
1423	chr7	89904213	89904194	-	0.2908	0.156	>	6	27	63
1424	chr1	30697342	30697323	+	0.1025	0.1263	>	6	27	63
1425	chr1	58987602	58987583	+	0.2202	0.1498	>	6	27	63
1426	chr15	7452190	7452171	+	0.1405	0.12085	>	6	27	63
1427	chr4	139877044	139877025	+	0.3875	0.2688	>	6	27	63
1428	chr3	83291887	83291868	-	0.0825	0.137	>	6	27	63
1429	chr15	68912907	68912888	-	0.5024	0.2024	>	6	27	63
1430	chr14	64593744	64593725	-	1.073	0.5703	>	6	27	63
1431	chr1	56980349	56980330	-	0.2778	0.2322	>	6	27	63
1432	chr14	75833620	75833601	-	0.6006	0.4543	>	6	27	63
1433	chr16	62904648	62904629	-	0.217	0.1924	>	6	27	63
1434	chr5	35991229	35991210	-	1.033	1.082	>	6	27	63
1435	chr5	44287418	44287399	-	0.248	0.155	>	6	27	63
1436	chr15	76199915	76199896	-	0.07776	0.3071	>	6	27	63
1437	chr4	131240262	131240243	-	0.241	0.206	>	6	27	63
1438	chr5	102147917	102147898	-	0.228	0.2458	>	6	27	63
1439	chr3	93086926	93086907	+	0.0978	0.1787	>	6	27	63
1440	chr6	126163382	126163363	+	2.373	1.376	>	6	27	63
1441	chr3	45375769	45375750	+	1.051	0.2544	>	6	27	63
1442	chr16	90306219	90306200	-	0.3647	0.3506	>	6	27	63
1443	chr17	3249270	3249251	-	0.1843	0.136	>	6	27	63
1444	chr4	143024421	143024402	-	0.087	0.1317	>	6	27	63
1445	chr19	47513892	47513873	-	0.2471	0.1393	>	6	27	63
1446	chr6	66534595	66534576	-	1.387	0.675	>	6	27	63
1447	chr6	134963172	134963153	-	0.6475	0.5996	>	6	27	63
1448	chr14	56369245	56369226	+	0.2401	0.1912	>	6	27	63
1449	chr18	53460219	53460200	+	0.1775	0.162	>	6	27	63
1450	chr7	89476922	89476903	-	0.2163	0.1522	>	6	27	63
1451	chr6	34273116	34273097	+	0.0673	0.1545	>	6	27	63
1452	chr7	142295608	142295589	-	1.062	6.32	>	6	27	63
1453	chr3	22302208	22302189	+	0.992	0.3848	>	6	27	63
1454	chr6	31045994	31045975	-	0.7534	0.959	>	6	27	63
1455	chr9	57143378	57143359	-	0.1816	0.2302	>	6	27	63
1456	chr6	101268340	101268321	+	0.2712	0.1924	>	6	27	63
1457	chr9	58897456	58897437	-	0.7163	0.4846	>	6	27	63
1458	chr17	79601068	79601049	+	0.2245	0.12476	>	6	27	63
1459	chr16	5254607	5254588	-	0.2883	0.22	>	6	27	63
1460	chr4	83595536	83595517	+	1.783	1.041	>	6	27	63
1461	chr9	51159881	51159862	-	0.6875	0.266	>	6	27	63
1462	chr14	66354429	66354410	+	0.1142	0.1388	>	6	27	63
1463	chr5	117090283	117090264	+	0.5806	0.4014	>	6	27	63
1464	chr2	168061425	168061406	-	0.1733	0.2051	>	6	27	63
1465	chr5	9169228	9169209	+	0.3306	0.1686	>	6	27	63
1466	chr6	28418701	28418682	-	0.4202	0.266	>	6	27	63
1467	chr12	105038443	105038424	-	0.1501	0.2063	>	6	27	63
1468	chr1	182558143	182558124	-	0.2264	0.1511	>	6	27	63
1469	chr8	47713300	47713281	-	1.078	1.646	>	6	27	63
1470	chr18	47357393	47357374	+	0.2007	0.1278	>	6	27	63
1471	chr1	118771083	118771064	-	0.1254	0.2006	>	6	27	63
1472	chr16	6493044	6493025	-	0.1927	0.1516	>	6	27	63
1473	chr9	42951005	42950986	-	0.3914	0.2078	>	6	27	63
1474	chr13	53430986	53430967	-	0.6504	0.3672	>	6	27	63
1475	chr13	67609268	67609249	+	2.162	0.826	>	6	27	63
1476	chr1	53035072	53035053	+	0.1465	0.1494	>	6	27	63
1477	chr7	99471824	99471805	-	0.3745	0.4907	>	6	27	63
1478	chr11	36543574	36543555	-	0.1156	0.1614	>	6	27	63
1479	chr5	124334258	124334239	-	0.3428	0.273	>	6	27	63
1480	chr10	76771414	76771395	-	0.1296	0.2047	>	6	27	63
1481	chr10	4386719	4386700	+	0.32	0.4492	>	6	27	63
1482	chr5	116554091	116554072	+	0.0876	0.1714	>	6	27	63
1483	chr10	41734858	41734839	+	0.1406	0.2605	>	6	27	63
1484	chr10	50906875	50906856	-	0.2361	0.1674	>	6	27	63
1485	chr11	31651668	31651649	+	0.07605	0.1534	>	6	27	63
1486	chr6	116193190	116193171	+	0.3687	0.372	>	6	27	63
1487	chr1	188976509	188976490	+	0.343	0.1833	>	6	27	63
1488	chr12	101976095	101976076	+	0.681	0.4116	>	6	27	63
1489	chr15	75925915	75925896	+	0.6084	0.9233	>	6	27	63
1490	chr1	4777287	4777268	-	0.9443	1.425	>	6	27	63
1491	chr18	86560230	86560211	+	0.7866	1.138	>	6	27	63
1492	chr7	43574878	43574859	+	1.292	1.347	>	6	27	63
1493	chr7	98200601	98200582	-	0.2927	0.1711	>	6	27	63
1494	chr4	143319849	143319830	+	0.2299	0.1525	>	6	27	63
1495	chr2	128601696	128601677	-	0.1208	0.207	>	6	27	63
1496	chr17	57004491	57004472	-	0.1467	0.2932	>	6	27	63
1497	chr2	35196541	35196522	-	1.081	0.3997	>	6	27	63
1498	chr5	29779371	29779352	+	0.1531	0.1671	>	6	27	63
1499	chr10	93038429	93038410	-	0.163	0.1875	>	6	27	63
0	chr4	87368268	87368249	+	90.56	65.75	>	6	28	62
1	chr11	109860827	109860808	-	89.2	47.97	>	6	28	62
2	chr3	22309188	22309169	+	81.5	60.4	>	6	28	62
3	chr10	5161770	5161751	-	79.2	55.88	>	6	28	62
4	chr16	71247702	71247683	+	68.56	43.2	>	6	28	62
5	chr16	72980067	72980048	-	68.3	56.7	>	6	28	62
6	chr6	60556001	60555982	+	67.7	40.38	>	6	28	62
7	chr5	7996919	7996900	-	66.06	59.4	>	6	28	62
8	chr14	12140114	12140095	-	65.1	51.62	>	6	28	62
9	chr13	81439574	81439555	+	64.94	46.94	>	6	28	62
10	chr9	103996726	103996707	-	64.9	51.25	>	6	28	62
11	chr15	56066340	56066321	+	63.97	42.94	>	6	28	62
12	chr10	106609250	106609231	+	63.97	42.62	>	6	28	62
13	chr1	144380222	144380203	-	63.4	48.44	>	6	28	62
14	chr10	8240468	8240449	-	62.34	45.88	>	6	28	62
15	chr12	77000269	77000250	+	62.22	54.97	>	6	28	62
16	chr1	44745882	44745863	+	62.12	40.25	>	6	28	62
17	chr4	81178889	81178870	+	62.03	50.0	>	6	28	62
18	chr9	10909768	10909749	+	61.12	47.94	>	6	28	62
19	chr6	64650119	64650100	-	60.56	60.88	>	6	28	62
20	chr15	32766485	32766466	-	60.56	46.62	>	6	28	62
21	chr4	9135983	9135964	+	60.03	34.12	>	6	28	62
22	chr7	118305013	118304994	+	59.5	47.62	>	6	28	62
23	chr10	39520570	39520551	-	58.34	40.5	>	6	28	62
24	chr1	78724658	78724639	+	58.25	47.28	>	6	28	62
25	chr2	160598038	160598019	+	57.94	55.8	>	6	28	62
26	chr18	33790258	33790239	-	57.72	56.3	>	6	28	62
27	chr12	40837750	40837731	+	57.5	46.25	>	6	28	62
28	chr8	41443763	41443744	+	57.34	56.06	>	6	28	62
29	chr14	68494314	68494295	-	56.94	24.97	>	6	28	62
30	chr1	11657910	11657891	+	56.8	43.62	>	6	28	62
31	chr11	77100337	77100318	+	55.88	49.25	>	6	28	62
32	chr16	41244935	41244916	-	55.72	48.0	>	6	28	62
33	chr14	87452291	87452272	-	55.72	63.0	>	6	28	62
34	chr18	16217050	16217031	+	54.9	26.8	>	6	28	62
35	chr11	53255133	53255114	-	54.8	39.5	>	6	28	62
36	chr9	7216447	7216428	+	54.56	27.64	>	6	28	62
37	chr8	35850598	35850579	-	54.5	50.94	>	6	28	62
38	chr8	102781131	102781112	-	54.44	41.34	>	6	28	62
39	chr5	49962010	49961991	-	54.16	50.88	>	6	28	62
40	chr7	90410162	90410143	-	54.06	39.75	>	6	28	62
41	chr4	15328717	15328698	+	54.03	40.72	>	6	28	62
42	chr11	31949616	31949597	-	54.0	41.44	>	6	28	62
43	chr1	120586671	120586652	+	53.8	57.06	>	6	28	62
44	chr13	19698921	19698902	+	53.16	40.8	>	6	28	62
45	chr12	57825950	57825931	+	53.03	34.38	>	6	28	62
46	chr16	72215933	72215914	-	52.7	45.56	>	6	28	62
47	chr9	15685402	15685383	+	52.62	45.03	>	6	28	62
48	chr10	10321327	10321308	-	52.47	23.97	>	6	28	62
49	chr9	49494135	49494116	+	52.4	51.5	>	6	28	62
50	chr3	50906169	50906150	-	52.12	57.06	>	6	28	62
51	chr11	57467973	57467954	-	52.03	54.47	>	6	28	62
52	chr11	113165316	113165297	-	51.88	57.94	>	6	28	62
53	chr9	51152608	51152589	-	51.8	48.22	>	6	28	62
54	chr16	58299658	58299639	+	51.56	30.08	>	6	28	62
55	chr16	22564783	22564764	+	51.44	49.16	>	6	28	62
56	chr8	36523135	36523116	-	51.4	44.44	>	6	28	62
57	chr14	34810941	34810922	+	51.3	52.97	>	6	28	62
58	chr6	101261740	101261721	-	51.0	49.47	>	6	28	62
59	chr7	132213694	132213675	-	50.8	38.62	>	6	28	62
60	chr2	48886271	48886252	-	50.28	44.53	>	6	28	62
61	chr12	54060974	54060955	-	50.12	27.78	>	6	28	62
62	chr1	5905019	5905000	-	50.06	44.22	>	6	28	62
63	chr9	26776375	26776356	-	50.0	53.88	>	6	28	62
64	chr1	103799519	103799500	+	49.53	56.44	>	6	28	62
65	chr9	88222188	88222169	-	49.5	40.1	>	6	28	62
66	chr18	58481884	58481865	-	49.28	39.28	>	6	28	62
67	chr13	100112788	100112769	+	49.16	37.22	>	6	28	62
68	chr3	14679394	14679375	+	49.06	29.97	>	6	28	62
69	chr16	37109459	37109440	+	48.75	19.0	>	6	28	62
70	chr3	153655318	153655299	-	48.72	48.28	>	6	28	62
71	chr16	89765698	89765679	-	48.38	54.0	>	6	28	62
72	chr13	89543228	89543209	-	48.3	56.84	>	6	28	62
73	chr11	40149509	40149490	-	48.28	36.34	>	6	28	62
74	chr3	113080940	113080921	-	48.2	53.4	>	6	28	62
75	chr10	70963797	70963778	-	47.53	51.97	>	6	28	62
76	chr6	66533480	66533461	-	47.34	41.22	>	6	28	62
77	chr18	57976815	57976796	+	47.28	41.3	>	6	28	62
78	chr12	92303388	92303369	+	47.12	48.12	>	6	28	62
79	chr6	43686140	43686121	+	47.1	34.0	>	6	28	62
80	chr15	11038687	11038668	+	47.06	40.16	>	6	28	62
81	chr6	13281064	13281045	-	47.06	44.4	>	6	28	62
82	chr4	25180081	25180062	-	46.94	22.34	>	6	28	62
83	chr2	110229883	110229864	+	46.8	37.2	>	6	28	62
84	chr2	118638293	118638274	+	46.34	48.4	>	6	28	62
85	chr14	67674858	67674839	-	46.2	40.62	>	6	28	62
86	chr1	179477262	179477243	-	45.97	54.9	>	6	28	62
87	chr12	78056191	78056172	+	45.84	48.03	>	6	28	62
88	chr15	44836402	44836383	+	45.7	45.75	>	6	28	62
89	chr9	80293262	80293243	+	45.3	48.66	>	6	28	62
90	chr1	21411405	21411386	+	45.28	35.97	>	6	28	62
91	chr8	80483379	80483360	-	45.28	32.34	>	6	28	62
92	chr16	55477026	55477007	-	44.9	60.88	>	6	28	62
93	chr9	122729759	122729740	-	44.72	40.56	>	6	28	62
94	chr2	17415581	17415562	-	44.56	38.03	>	6	28	62
95	chr4	13778049	13778030	-	44.5	20.47	>	6	28	62
96	chr16	64748455	64748436	-	44.47	52.25	>	6	28	62
97	chr6	57570627	57570608	-	44.28	34.06	>	6	28	62
98	chr16	13117421	13117402	+	44.28	48.25	>	6	28	62
99	chr1	54381475	54381456	-	44.12	34.1	>	6	28	62
100	chr15	40166896	40166877	+	44.03	40.53	>	6	28	62
101	chr17	83271696	83271677	+	44.0	39.2	>	6	28	62
102	chr9	63136063	63136044	+	43.94	32.22	>	6	28	62
103	chr3	68056550	68056531	+	43.88	35.0	>	6	28	62
104	chr3	25220822	25220803	-	43.8	23.62	>	6	28	62
105	chr7	118102455	118102436	-	43.53	59.94	>	6	28	62
106	chr9	51335485	51335466	+	43.47	26.75	>	6	28	62
107	chr16	96671807	96671788	-	43.4	27.66	>	6	28	62
108	chr2	113494904	113494885	+	43.34	43.28	>	6	28	62
109	chr1	55404561	55404542	+	43.25	39.06	>	6	28	62
110	chr3	80079969	80079950	+	43.0	35.7	>	6	28	62
111	chr11	25862989	25862970	-	42.66	37.9	>	6	28	62
112	chr13	109213188	109213169	-	42.6	60.5	>	6	28	62
113	chr8	58566283	58566264	+	42.56	33.8	>	6	28	62
114	chr16	72218227	72218208	+	42.38	47.1	>	6	28	62
115	chr14	102510640	102510621	-	42.34	35.9	>	6	28	62
116	chr7	143154010	143153991	+	42.16	43.66	>	6	28	62
117	chr6	143219585	143219566	+	42.1	41.62	>	6	28	62
118	chr17	86906334	86906315	-	41.97	47.25	>	6	28	62
119	chr8	62080400	62080381	+	41.97	30.6	>	6	28	62
120	chr3	57843985	57843966	+	41.94	43.75	>	6	28	62
121	chr18	3495634	3495615	+	41.62	36.03	>	6	28	62
122	chr7	125393847	125393828	-	41.56	47.0	>	6	28	62
123	chr7	86211564	86211545	-	41.56	46.4	>	6	28	62
124	chr9	60245127	60245108	+	41.38	43.16	>	6	28	62
125	chr6	131353859	131353840	-	41.3	15.89	>	6	28	62
126	chr15	98173991	98173972	-	41.25	24.88	>	6	28	62
127	chr17	88641249	88641230	-	41.12	34.25	>	6	28	62
128	chr9	87027908	87027889	+	41.1	38.34	>	6	28	62
129	chr4	70621553	70621534	-	40.97	48.38	>	6	28	62
130	chr12	41487236	41487217	-	40.88	35.94	>	6	28	62
131	chr4	127368548	127368529	+	40.8	49.72	>	6	28	62
132	chr8	50293750	50293731	-	40.75	48.2	>	6	28	62
133	chr16	27468981	27468962	+	40.75	34.62	>	6	28	62
134	chr7	121641354	121641335	-	40.7	30.69	>	6	28	62
135	chr3	29726795	29726776	-	40.7	30.42	>	6	28	62
136	chr14	29110872	29110853	-	40.66	51.22	>	6	28	62
137	chr13	116712427	116712408	-	40.62	33.1	>	6	28	62
138	chr18	19939562	19939543	-	40.47	45.7	>	6	28	62
139	chr15	80704533	80704514	-	40.28	46.53	>	6	28	62
140	chr18	50137074	50137055	+	40.28	37.62	>	6	28	62
141	chr13	15763212	15763193	-	40.25	29.53	>	6	28	62
142	chr19	50185486	50185467	+	40.22	44.2	>	6	28	62
143	chr12	74013965	74013946	-	40.22	40.8	>	6	28	62
144	chr1	138835543	138835524	+	40.06	20.81	>	6	28	62
145	chr15	55550924	55550905	-	40.06	37.12	>	6	28	62
146	chr1	61771439	61771420	-	40.06	23.55	>	6	28	62
147	chr12	34664961	34664942	+	40.0	19.7	>	6	28	62
148	chr14	78288101	78288082	-	39.8	38.8	>	6	28	62
149	chr2	4499416	4499397	+	39.78	33.88	>	6	28	62
150	chr13	30260132	30260113	-	39.75	32.75	>	6	28	62
151	chr9	68015271	68015252	+	39.2	39.0	>	6	28	62
152	chr1	126993502	126993483	-	39.06	47.2	>	6	28	62
153	chr16	25349824	25349805	-	39.0	41.2	>	6	28	62
154	chr1	14729249	14729230	-	38.94	39.3	>	6	28	62
155	chr15	59389427	59389408	+	38.7	46.34	>	6	28	62
156	chr6	100882590	100882571	+	38.66	49.44	>	6	28	62
157	chr3	9711121	9711102	+	38.62	35.47	>	6	28	62
158	chr6	21214019	21214000	-	38.47	24.2	>	6	28	62
159	chr17	42603617	42603598	-	38.47	42.5	>	6	28	62
160	chr4	80517548	80517529	-	38.47	41.4	>	6	28	62
161	chr9	85328584	85328565	-	38.28	30.06	>	6	28	62
162	chr17	44262001	44261982	+	38.22	44.16	>	6	28	62
163	chr10	102449665	102449646	+	38.2	48.84	>	6	28	62
164	chr17	14520745	14520726	-	38.12	30.45	>	6	28	62
165	chr13	51830925	51830906	+	38.0	56.0	>	6	28	62
166	chr12	83502436	83502417	-	37.97	34.4	>	6	28	62
167	chr5	75853265	75853246	-	37.94	27.88	>	6	28	62
168	chr13	110382742	110382723	+	37.88	61.84	>	6	28	62
169	chr5	62481159	62481140	-	37.8	35.4	>	6	28	62
170	chr7	49121503	49121484	-	37.7	29.61	>	6	28	62
171	chr15	11966575	11966556	-	37.66	34.72	>	6	28	62
172	chr3	31146135	31146116	+	37.53	44.5	>	6	28	62
173	chr2	37815879	37815860	+	37.47	39.2	>	6	28	62
174	chr5	33033442	33033423	-	37.44	48.28	>	6	28	62
175	chr9	7595466	7595447	-	37.4	28.72	>	6	28	62
176	chr5	21641153	21641134	-	37.3	33.66	>	6	28	62
177	chr14	48367302	48367283	-	37.12	39.88	>	6	28	62
178	chr17	14524624	14524605	+	37.1	38.88	>	6	28	62
179	chr4	84064835	84064816	+	37.06	23.38	>	6	28	62
180	chr4	63368786	63368767	+	37.06	51.6	>	6	28	62
181	chr5	102149680	102149661	+	37.03	38.97	>	6	28	62
182	chr12	32897684	32897665	-	36.88	40.9	>	6	28	62
183	chr16	91936532	91936513	+	36.72	43.06	>	6	28	62
184	chr6	37046379	37046360	-	36.72	47.7	>	6	28	62
185	chr18	59081896	59081877	+	36.7	37.34	>	6	28	62
186	chr6	103697552	103697533	-	36.3	43.6	>	6	28	62
187	chr18	19937930	19937911	+	36.3	37.56	>	6	28	62
188	chr6	93757594	93757575	+	36.28	18.31	>	6	28	62
189	chr17	9756371	9756352	+	36.28	21.2	>	6	28	62
190	chr2	96585854	96585835	+	36.25	26.84	>	6	28	62
191	chr11	82915176	82915157	+	36.2	36.34	>	6	28	62
192	chr6	6005837	6005818	+	36.03	35.2	>	6	28	62
193	chr1	98392238	98392219	-	36.03	38.97	>	6	28	62
194	chr7	48749384	48749365	+	35.94	38.3	>	6	28	62
195	chr11	105911812	105911793	-	35.9	37.8	>	6	28	62
196	chr10	45045486	45045467	-	35.8	35.22	>	6	28	62
197	chr2	4492748	4492729	-	35.75	19.97	>	6	28	62
198	chr6	18087397	18087378	+	35.75	40.84	>	6	28	62
199	chr5	90203341	90203322	+	35.7	41.12	>	6	28	62
200	chr7	136489148	136489129	+	35.62	28.06	>	6	28	62
201	chr9	109862620	109862601	-	35.6	34.12	>	6	28	62
202	chr15	59876355	59876336	+	35.3	32.16	>	6	28	62
203	chr14	76473612	76473593	-	35.25	45.66	>	6	28	62
204	chr3	128349320	128349301	+	35.03	41.75	>	6	28	62
205	chr3	45375963	45375944	+	35.03	23.92	>	6	28	62
206	chr3	133314669	133314650	+	34.97	39.0	>	6	28	62
207	chr1	96801850	96801831	-	34.84	30.55	>	6	28	62
208	chr7	115216958	115216939	+	34.62	30.45	>	6	28	62
209	chr9	59282577	59282558	-	34.62	26.88	>	6	28	62
210	chr2	148112135	148112116	-	34.5	31.5	>	6	28	62
211	chr18	52457916	52457897	-	34.47	28.2	>	6	28	62
212	chr6	56691454	56691435	-	34.34	42.2	>	6	28	62
213	chr13	20292580	20292561	-	34.3	38.5	>	6	28	62
214	chr13	57260119	57260100	-	34.25	52.66	>	6	28	62
215	chr13	113877615	113877596	+	34.25	36.75	>	6	28	62
216	chr13	116715029	116715010	-	34.1	31.72	>	6	28	62
217	chr4	83596692	83596673	-	34.1	52.75	>	6	28	62
218	chr8	64941619	64941600	-	34.06	33.75	>	6	28	62
219	chr3	51701488	51701469	+	34.03	22.56	>	6	28	62
220	chr14	120061322	120061303	-	33.84	29.2	>	6	28	62
221	chr7	75910166	75910147	+	33.8	57.6	>	6	28	62
222	chr4	98702698	98702679	-	33.78	31.62	>	6	28	62
223	chr3	146185137	146185118	+	33.62	52.6	>	6	28	62
224	chr4	151157152	151157133	+	33.53	59.38	>	6	28	62
225	chr5	43391861	43391842	-	33.5	21.5	>	6	28	62
226	chr11	93856511	93856492	-	33.47	26.19	>	6	28	62
227	chr14	59605843	59605824	+	33.47	40.3	>	6	28	62
228	chr14	84438580	84438561	+	33.44	23.31	>	6	28	62
229	chr12	50943824	50943805	-	33.28	38.56	>	6	28	62
230	chr7	83550335	83550316	-	33.2	30.12	>	6	28	62
231	chr6	117167008	117166989	+	33.03	30.3	>	6	28	62
232	chr4	12538791	12538772	+	33.0	21.84	>	6	28	62
233	chr18	47353079	47353060	+	32.84	24.58	>	6	28	62
234	chr5	12541496	12541477	-	32.72	22.56	>	6	28	62
235	chr2	60721127	60721108	+	32.72	22.53	>	6	28	62
236	chr11	78838251	78838232	+	32.72	51.5	>	6	28	62
237	chr8	73356225	73356206	+	32.62	23.39	>	6	28	62
238	chr12	10598567	10598548	+	32.5	41.56	>	6	28	62
239	chr19	20345158	20345139	-	32.25	47.94	>	6	28	62
240	chr17	58909486	58909467	-	32.16	39.4	>	6	28	62
241	chr10	69655037	69655018	-	32.12	36.56	>	6	28	62
242	chr4	3967733	3967714	-	32.12	41.75	>	6	28	62
243	chr16	21192795	21192776	-	32.06	38.78	>	6	28	62
244	chr11	12291593	12291574	-	32.0	15.54	>	6	28	62
245	chr11	117385082	117385063	+	31.83	36.6	>	6	28	62
246	chr12	32292095	32292076	+	31.73	20.83	>	6	28	62
247	chr4	64833096	64833077	+	31.69	34.34	>	6	28	62
248	chr13	47301245	47301226	+	31.67	43.9	>	6	28	62
249	chr1	89631957	89631938	-	31.56	45.38	>	6	28	62
250	chr9	69296601	69296582	-	31.53	38.66	>	6	28	62
251	chr3	53735364	53735345	+	31.28	24.5	>	6	28	62
252	chr10	45373471	45373452	-	31.2	37.7	>	6	28	62
253	chr8	91797725	91797706	+	31.19	30.23	>	6	28	62
254	chr4	88035662	88035643	+	31.06	19.66	>	6	28	62
255	chr2	75151187	75151168	-	31.05	37.9	>	6	28	62
256	chr14	66791971	66791952	-	31.02	32.1	>	6	28	62
257	chr2	93199062	93199043	-	30.9	51.25	>	6	28	62
258	chr2	73551006	73550987	+	30.86	53.72	>	6	28	62
259	chr12	89451144	89451125	-	30.81	40.1	>	6	28	62
260	chr16	66086729	66086710	-	30.81	33.7	>	6	28	62
261	chr14	114791647	114791628	-	30.72	37.2	>	6	28	62
262	chr4	43420547	43420528	-	30.61	34.5	>	6	28	62
263	chr1	87447687	87447668	+	30.56	32.53	>	6	28	62
264	chr15	55306471	55306452	+	30.56	24.06	>	6	28	62
265	chr15	97667578	97667559	+	30.52	37.12	>	6	28	62
266	chr2	16359548	16359529	+	30.47	16.92	>	6	28	62
267	chr14	8356099	8356080	+	30.42	51.06	>	6	28	62
268	chr3	19894816	19894797	-	30.38	33.66	>	6	28	62
269	chr12	43813750	43813731	-	30.34	24.06	>	6	28	62
270	chr2	27770378	27770359	+	30.12	46.8	>	6	28	62
271	chr16	48675836	48675817	-	30.12	28.97	>	6	28	62
272	chr10	13016733	13016714	+	30.1	53.44	>	6	28	62
273	chr2	76367359	76367340	+	30.05	30.6	>	6	28	62
274	chr2	115515230	115515211	+	30.05	12.29	>	6	28	62
275	chr19	16785108	16785089	-	30.03	27.4	>	6	28	62
276	chr3	78948444	78948425	+	30.03	29.16	>	6	28	62
277	chr1	37250876	37250857	-	29.94	25.45	>	6	28	62
278	chr18	74431409	74431390	+	29.94	28.48	>	6	28	62
279	chr1	38787652	38787633	-	29.89	46.22	>	6	28	62
280	chr3	14874584	14874565	+	29.88	22.88	>	6	28	62
281	chr9	69505778	69505759	+	29.88	30.58	>	6	28	62
282	chr10	84450913	84450894	-	29.77	31.7	>	6	28	62
283	chr2	172216047	172216028	-	29.77	65.06	>	6	28	62
284	chr10	97712895	97712876	+	29.72	22.83	>	6	28	62
285	chr1	4770074	4770055	+	29.72	39.66	>	6	28	62
286	chr12	50301580	50301561	-	29.69	16.55	>	6	28	62
287	chr15	85266923	85266904	+	29.69	42.06	>	6	28	62
288	chr4	85403030	85403011	+	29.62	27.23	>	6	28	62
289	chr6	97526370	97526351	-	29.53	31.17	>	6	28	62
290	chr8	112046096	112046077	+	29.5	62.6	>	6	28	62
291	chr12	96311368	96311349	-	29.48	23.8	>	6	28	62
292	chr1	93507239	93507220	-	29.45	32.5	>	6	28	62
293	chr13	21714927	21714908	+	29.4	37.72	>	6	28	62
294	chr6	49008180	49008161	+	29.38	27.1	>	6	28	62
295	chr17	17749545	17749526	-	29.36	32.88	>	6	28	62
296	chr6	145360253	145360234	+	29.34	33.62	>	6	28	62
297	chr7	17066630	17066611	-	29.27	41.75	>	6	28	62
298	chr12	81788850	81788831	-	29.25	32.47	>	6	28	62
299	chr7	129649172	129649153	+	29.19	42.88	>	6	28	62
300	chr14	104039053	104039034	+	29.17	41.16	>	6	28	62
301	chr13	41634744	41634725	-	29.08	40.84	>	6	28	62
302	chr7	138835232	138835213	-	29.02	47.88	>	6	28	62
303	chr15	97195797	97195778	+	28.92	38.5	>	6	28	62
304	chr1	119087737	119087718	+	28.89	50.28	>	6	28	62
305	chr4	85819373	85819354	-	28.86	29.28	>	6	28	62
306	chr11	30657307	30657288	-	28.86	6.477	>	6	28	62
307	chr5	49369245	49369226	+	28.66	27.94	>	6	28	62
308	chr6	106805067	106805048	+	28.61	20.38	>	6	28	62
309	chr6	31660958	31660939	+	28.53	52.9	>	6	28	62
310	chr12	8306749	8306730	-	28.48	47.94	>	6	28	62
311	chr13	42822785	42822766	-	28.47	44.4	>	6	28	62
312	chr15	34968778	34968759	+	28.4	27.94	>	6	28	62
313	chr7	68369859	68369840	+	28.38	58.97	>	6	28	62
314	chr15	80266443	80266424	+	28.33	34.62	>	6	28	62
315	chr6	102171110	102171091	+	28.19	24.06	>	6	28	62
316	chr16	72605273	72605254	-	28.11	17.7	>	6	28	62
317	chr18	65490506	65490487	+	28.06	33.94	>	6	28	62
318	chr3	55373775	55373756	+	28.0	19.75	>	6	28	62
319	chr1	53927814	53927795	-	27.97	28.48	>	6	28	62
320	chr2	160368066	160368047	-	27.95	21.97	>	6	28	62
321	chr10	42295232	42295213	-	27.94	37.8	>	6	28	62
322	chr7	116040411	116040392	-	27.9	26.19	>	6	28	62
323	chr10	116197535	116197516	-	27.81	28.58	>	6	28	62
324	chr5	20773533	20773514	-	27.81	20.77	>	6	28	62
325	chr12	80725012	80724993	-	27.73	38.97	>	6	28	62
326	chr15	66899881	66899862	-	27.6	21.5	>	6	28	62
327	chr18	16822208	16822189	-	27.56	13.28	>	6	28	62
328	chr18	14503254	14503235	-	27.55	19.48	>	6	28	62
329	chr5	98344786	98344767	+	27.44	28.3	>	6	28	62
330	chr10	77517236	77517217	+	27.39	30.44	>	6	28	62
331	chr1	44741472	44741453	-	27.38	6.344	>	6	28	62
332	chr6	127945983	127945964	-	27.28	24.97	>	6	28	62
333	chr16	42914955	42914936	-	27.27	20.78	>	6	28	62
334	chr18	39137558	39137539	+	27.11	15.805	>	6	28	62
335	chr13	42575907	42575888	+	27.11	22.34	>	6	28	62
336	chr2	13278209	13278190	+	27.06	48.53	>	6	28	62
337	chr18	43836585	43836566	-	27.06	22.66	>	6	28	62
338	chr4	114647896	114647877	+	27.05	26.58	>	6	28	62
339	chr16	44149214	44149195	-	27.03	37.28	>	6	28	62
340	chr13	109776299	109776280	+	27.02	27.47	>	6	28	62
341	chr19	30217515	30217496	+	27.0	44.25	>	6	28	62
342	chr6	61316075	61316056	+	26.94	38.16	>	6	28	62
343	chr17	78598832	78598813	+	26.92	37.16	>	6	28	62
344	chr2	117231457	117231438	-	26.88	23.62	>	6	28	62
345	chr4	115101816	115101797	+	26.84	34.88	>	6	28	62
346	chr10	57448131	57448112	-	26.8	44.97	>	6	28	62
347	chr13	113046665	113046646	+	26.77	22.72	>	6	28	62
348	chr4	110022447	110022428	-	26.58	43.47	>	6	28	62
349	chr7	101653829	101653810	+	26.5	47.97	>	6	28	62
350	chr5	67756338	67756319	+	26.5	26.55	>	6	28	62
351	chr3	62192717	62192698	-	26.5	17.1	>	6	28	62
352	chr10	17728146	17728127	-	26.45	14.96	>	6	28	62
353	chr5	37752557	37752538	-	26.33	30.73	>	6	28	62
354	chr1	60961316	60961297	-	26.3	26.22	>	6	28	62
355	chr17	68176981	68176962	+	26.27	18.84	>	6	28	62
356	chr7	37357871	37357852	-	26.2	67.6	>	6	28	62
357	chr4	32572316	32572297	-	26.16	44.75	>	6	28	62
358	chr4	96696741	96696722	+	26.12	32.22	>	6	28	62
359	chr4	109729491	109729472	-	26.06	50.3	>	6	28	62
360	chr10	111977780	111977761	+	25.78	32.1	>	6	28	62
361	chr5	45424489	45424470	-	25.73	30.9	>	6	28	62
362	chr2	61494577	61494558	-	25.72	22.25	>	6	28	62
363	chr6	13287046	13287027	+	25.69	21.62	>	6	28	62
364	chr9	116060829	116060810	+	25.66	36.5	>	6	28	62
365	chr8	17537753	17537734	-	25.64	36.44	>	6	28	62
366	chr9	77781636	77781617	-	25.62	27.94	>	6	28	62
367	chr15	5106460	5106441	-	25.56	29.45	>	6	28	62
368	chr17	93141334	93141315	-	25.53	33.03	>	6	28	62
369	chr6	97759520	97759501	+	25.52	17.88	>	6	28	62
370	chr8	119384750	119384731	-	25.47	45.94	>	6	28	62
371	chr6	88113322	88113303	+	25.38	41.75	>	6	28	62
372	chr15	101984527	101984508	-	25.38	56.7	>	6	28	62
373	chr8	54493335	54493316	-	25.34	39.7	>	6	28	62
374	chr9	24119622	24119603	+	25.33	14.83	>	6	28	62
375	chr3	50077169	50077150	-	25.31	24.22	>	6	28	62
376	chr4	47419767	47419748	+	25.23	44.03	>	6	28	62
377	chr2	76115910	76115891	+	25.22	28.97	>	6	28	62
378	chr15	67174759	67174740	+	25.2	12.74	>	6	28	62
379	chr8	125574509	125574490	+	25.17	12.85	>	6	28	62
380	chr1	161737065	161737046	-	25.11	39.75	>	6	28	62
381	chr3	85571455	85571436	-	25.1	9.7	>	6	28	62
382	chr18	19577078	19577059	-	25.02	27.28	>	6	28	62
383	chr19	36083087	36083068	-	25.0	29.4	>	6	28	62
384	chr8	115709616	115709597	-	24.98	9.14	>	6	28	62
385	chr10	126330794	126330775	-	24.84	24.02	>	6	28	62
386	chr15	25993551	25993532	+	24.81	33.28	>	6	28	62
387	chr5	131430355	131430336	-	24.78	45.44	>	6	28	62
388	chr1	9545352	9545333	-	24.78	38.06	>	6	28	62
389	chr19	28768445	28768426	-	24.75	36.44	>	6	28	62
390	chr10	24630876	24630857	+	24.72	22.94	>	6	28	62
391	chr17	54351102	54351083	+	24.53	15.79	>	6	28	62
392	chr16	20496806	20496787	+	24.47	28.86	>	6	28	62
393	chr12	109394024	109394005	-	24.44	15.02	>	6	28	62
394	chr13	21803288	21803269	-	24.42	40.1	>	6	28	62
395	chr3	103392995	103392976	+	24.38	33.9	>	6	28	62
396	chr15	25428758	25428739	+	24.31	24.08	>	6	28	62
397	chr3	135206860	135206841	-	24.3	9.21	>	6	28	62
398	chr8	65139261	65139242	+	24.3	33.56	>	6	28	62
399	chr9	29650850	29650831	-	24.23	35.72	>	6	28	62
400	chr3	127971093	127971074	+	24.2	46.1	>	6	28	62
401	chr2	104035038	104035019	+	24.16	33.7	>	6	28	62
402	chr9	81635302	81635283	+	24.11	12.08	>	6	28	62
403	chr6	95484597	95484578	+	24.03	13.41	>	6	28	62
404	chr14	72293991	72293972	-	23.83	34.2	>	6	28	62
405	chr18	65490035	65490016	-	23.72	29.94	>	6	28	62
406	chr12	38123788	38123769	-	23.66	16.0	>	6	28	62
407	chr18	70184838	70184819	-	23.66	11.39	>	6	28	62
408	chr3	152095252	152095233	-	23.53	23.67	>	6	28	62
409	chr8	32002994	32002975	-	23.5	23.94	>	6	28	62
410	chr11	22206830	22206811	-	23.48	11.1	>	6	28	62
411	chr5	76541051	76541032	-	23.44	19.22	>	6	28	62
412	chr10	52106337	52106318	+	23.38	22.61	>	6	28	62
413	chr1	84697462	84697443	-	23.38	25.22	>	6	28	62
414	chr1	67181385	67181366	+	23.34	35.0	>	6	28	62
415	chr6	101267027	101267008	+	23.31	12.77	>	6	28	62
416	chr6	129255175	129255156	-	23.25	41.8	>	6	28	62
417	chr4	115710017	115709998	-	23.19	25.83	>	6	28	62
418	chr2	118241614	118241595	-	23.19	37.16	>	6	28	62
419	chr8	71371784	71371765	+	23.11	28.11	>	6	28	62
420	chr7	73422670	73422651	-	23.11	37.7	>	6	28	62
421	chr5	33039602	33039583	+	23.05	27.48	>	6	28	62
422	chr2	153143004	153142985	-	23.02	20.31	>	6	28	62
423	chr14	98181824	98181805	-	23.0	7.93	>	6	28	62
424	chr2	136887058	136887039	-	22.97	12.49	>	6	28	62
425	chr1	135136701	135136682	-	22.88	42.44	>	6	28	62
426	chr5	4948481	4948462	-	22.86	27.0	>	6	28	62
427	chr10	71422814	71422795	+	22.81	51.25	>	6	28	62
428	chr8	64597251	64597232	-	22.66	30.06	>	6	28	62
429	chr1	162336834	162336815	-	22.45	14.914	>	6	28	62
430	chr9	94738996	94738977	+	22.42	42.94	>	6	28	62
431	chr17	53403136	53403117	+	22.4	18.28	>	6	28	62
432	chr2	155811920	155811901	-	22.36	51.28	>	6	28	62
433	chr12	52010769	52010750	+	22.33	16.6	>	6	28	62
434	chr3	44912870	44912851	-	22.31	11.58	>	6	28	62
435	chr5	98348848	98348829	+	22.25	34.97	>	6	28	62
436	chr15	80706301	80706282	+	22.25	25.52	>	6	28	62
437	chr1	167932285	167932266	-	22.22	36.66	>	6	28	62
438	chr14	121455709	121455690	-	22.2	25.7	>	6	28	62
439	chr4	98243714	98243695	-	22.16	26.34	>	6	28	62
440	chr4	143027468	143027449	+	22.14	29.11	>	6	28	62
441	chr2	153668926	153668907	+	22.14	25.36	>	6	28	62
442	chr9	41461929	41461910	-	22.14	12.42	>	6	28	62
443	chr4	109431143	109431124	-	22.1	22.34	>	6	28	62
444	chr5	44831505	44831486	-	22.08	22.05	>	6	28	62
445	chr8	119676601	119676582	-	22.03	33.06	>	6	28	62
446	chr17	40824060	40824041	-	22.02	34.28	>	6	28	62
447	chr15	37102366	37102347	-	22.0	13.84	>	6	28	62
448	chr1	119083862	119083843	-	21.92	45.47	>	6	28	62
449	chr5	41044703	41044684	-	21.78	28.61	>	6	28	62
450	chr19	24622032	24622013	+	21.77	22.19	>	6	28	62
451	chr3	58159626	58159607	-	21.75	32.1	>	6	28	62
452	chr1	38130140	38130121	-	21.75	23.66	>	6	28	62
453	chr2	129472129	129472110	-	21.73	30.17	>	6	28	62
454	chr9	15682043	15682024	-	21.73	11.22	>	6	28	62
455	chr9	69502720	69502701	-	21.7	34.7	>	6	28	62
456	chr14	21120676	21120657	+	21.69	43.16	>	6	28	62
457	chr7	110645588	110645569	-	21.69	43.56	>	6	28	62
458	chr16	78950579	78950560	-	21.64	3.295	>	6	28	62
459	chr7	131899517	131899498	+	21.56	16.44	>	6	28	62
460	chr8	106403484	106403465	-	21.53	20.23	>	6	28	62
461	chr17	73303429	73303410	+	21.48	50.6	>	6	28	62
462	chr1	83727325	83727306	+	21.48	26.81	>	6	28	62
463	chr13	29857603	29857584	+	21.42	9.836	>	6	28	62
464	chr14	104033786	104033767	+	21.34	21.16	>	6	28	62
465	chr7	119011391	119011372	+	21.31	35.56	>	6	28	62
466	chr1	69165377	69165358	+	21.31	25.0	>	6	28	62
467	chr1	192727176	192727157	+	21.28	21.9	>	6	28	62
468	chr9	50438293	50438274	-	21.2	27.17	>	6	28	62
469	chr15	46990407	46990388	-	21.14	10.516	>	6	28	62
470	chr13	73646874	73646855	+	21.14	37.5	>	6	28	62
471	chr16	67089956	67089937	+	21.12	15.94	>	6	28	62
472	chr2	83332995	83332976	-	21.02	18.14	>	6	28	62
473	chr8	10415030	10415011	+	21.0	37.3	>	6	28	62
474	chr1	35716149	35716130	-	20.89	18.69	>	6	28	62
475	chr7	43920039	43920020	-	20.83	34.3	>	6	28	62
476	chr8	15138726	15138707	+	20.81	41.03	>	6	28	62
477	chr13	6515705	6515686	+	20.8	28.08	>	6	28	62
478	chr2	64948996	64948977	-	20.72	23.2	>	6	28	62
479	chr19	20345737	20345718	+	20.7	55.44	>	6	28	62
480	chr5	33994851	33994832	+	20.64	14.97	>	6	28	62
481	chr14	76479953	76479934	+	20.62	37.16	>	6	28	62
482	chr3	144737048	144737029	+	20.58	28.33	>	6	28	62
483	chr2	13597223	13597204	-	20.5	12.72	>	6	28	62
484	chr9	118908437	118908418	-	20.5	27.45	>	6	28	62
485	chr4	153484615	153484596	-	20.39	17.89	>	6	28	62
486	chr19	12433211	12433192	+	20.36	28.34	>	6	28	62
487	chr15	31611224	31611205	+	20.34	11.17	>	6	28	62
488	chr3	107206198	107206179	+	20.34	39.22	>	6	28	62
489	chr17	86909946	86909927	+	20.31	22.38	>	6	28	62
490	chr7	89473669	89473650	-	20.22	24.19	>	6	28	62
491	chr6	35252603	35252584	+	20.22	32.56	>	6	28	62
492	chr6	126168001	126167982	-	20.17	8.76	>	6	28	62
493	chr16	42169942	42169923	+	20.12	43.34	>	6	28	62
494	chr6	90607354	90607335	+	20.11	24.86	>	6	28	62
495	chr6	31664664	31664645	+	20.11	41.5	>	6	28	62
496	chr13	100002039	100002020	+	20.02	21.73	>	6	28	62
497	chr6	97523337	97523318	-	19.97	25.72	>	6	28	62
498	chr4	123529452	123529433	-	19.95	17.69	>	6	28	62
499	chr18	53744741	53744722	-	19.94	29.1	>	6	28	62
500	chr9	13849232	13849213	+	19.9	15.484	>	6	28	62
501	chr15	14052128	14052109	-	19.89	12.375	>	6	28	62
502	chr3	68053761	68053742	-	19.88	27.33	>	6	28	62
503	chr14	50799990	50799971	+	19.83	30.28	>	6	28	62
504	chr8	50292348	50292329	+	19.83	31.36	>	6	28	62
505	chr19	52993242	52993223	-	19.81	45.25	>	6	28	62
506	chr8	24546435	24546416	-	19.8	56.1	>	6	28	62
507	chr2	166085186	166085167	+	19.78	40.2	>	6	28	62
508	chr15	80260893	80260874	-	19.75	33.7	>	6	28	62
509	chr18	75606699	75606680	+	19.72	50.94	>	6	28	62
510	chr2	135957961	135957942	-	19.69	27.1	>	6	28	62
511	chr11	75179118	75179099	+	19.67	22.83	>	6	28	62
512	chr6	77628987	77628968	+	19.66	40.56	>	6	28	62
513	chr4	82614384	82614365	-	19.62	15.836	>	6	28	62
514	chr17	27190013	27189994	+	19.5	26.89	>	6	28	62
515	chr14	121451301	121451282	-	19.45	26.11	>	6	28	62
516	chr9	69987821	69987802	-	19.44	12.234	>	6	28	62
517	chr6	40479902	40479883	+	19.42	24.72	>	6	28	62
518	chr4	82619779	82619760	-	19.42	11.22	>	6	28	62
519	chr2	160593235	160593216	-	19.4	45.8	>	6	28	62
520	chr4	48691990	48691971	+	19.4	34.88	>	6	28	62
521	chr1	11140123	11140104	-	19.39	7.324	>	6	28	62
522	chr6	67858160	67858141	+	19.36	18.55	>	6	28	62
523	chr1	91914028	91914009	+	19.36	22.06	>	6	28	62
524	chr15	76196896	76196877	+	19.33	35.8	>	6	28	62
525	chr11	43767011	43766992	+	19.27	27.44	>	6	28	62
526	chr17	8463677	8463658	+	19.23	31.38	>	6	28	62
527	chr2	60442102	60442083	-	19.22	10.555	>	6	28	62
528	chr10	8242562	8242543	+	19.2	18.4	>	6	28	62
529	chr15	8382407	8382388	+	19.16	11.64	>	6	28	62
530	chr19	11360302	11360283	+	19.14	15.06	>	6	28	62
531	chr12	79305335	79305316	+	19.11	29.94	>	6	28	62
532	chr13	38992697	38992678	+	19.03	12.445	>	6	28	62
533	chr8	91147955	91147936	-	19.0	26.05	>	6	28	62
534	chr13	64443476	64443457	+	19.0	35.6	>	6	28	62
535	chr8	117898214	117898195	+	18.92	34.16	>	6	28	62
536	chr11	42423473	42423454	-	18.77	18.48	>	6	28	62
537	chr9	114957195	114957176	-	18.77	27.38	>	6	28	62
538	chr5	149647926	149647907	+	18.72	23.06	>	6	28	62
539	chr5	128440068	128440049	-	18.69	40.7	>	6	28	62
540	chr6	90606762	90606743	-	18.67	32.6	>	6	28	62
541	chr10	58560031	58560012	+	18.67	23.25	>	6	28	62
542	chr18	25538443	25538424	+	18.66	23.94	>	6	28	62
543	chr11	22987510	22987491	+	18.56	23.83	>	6	28	62
544	chr13	57269837	57269818	-	18.55	36.6	>	6	28	62
545	chr13	53096854	53096835	-	18.55	32.88	>	6	28	62
546	chr7	124783020	124783001	-	18.55	23.44	>	6	28	62
547	chr7	40687242	40687223	-	18.52	26.28	>	6	28	62
548	chr4	109438113	109438094	+	18.45	31.61	>	6	28	62
549	chr13	46663777	46663758	-	18.45	5.215	>	6	28	62
550	chr2	21927862	21927843	-	18.45	17.72	>	6	28	62
551	chr11	72564476	72564457	-	18.39	17.95	>	6	28	62
552	chr14	57362951	57362932	-	18.3	10.125	>	6	28	62
553	chr13	54063511	54063492	-	18.3	12.516	>	6	28	62
554	chr8	127191530	127191511	+	18.27	39.03	>	6	28	62
555	chr4	24249781	24249762	+	18.25	8.38	>	6	28	62
556	chr1	175603551	175603532	-	18.2	12.0	>	6	28	62
557	chr7	131897479	131897460	+	18.19	16.34	>	6	28	62
558	chr2	125259455	125259436	-	18.17	32.72	>	6	28	62
559	chr8	11943262	11943243	-	18.0	20.05	>	6	28	62
560	chr13	74861814	74861795	+	17.98	11.664	>	6	28	62
561	chr3	37302880	37302861	-	17.98	17.84	>	6	28	62
562	chr2	165391753	165391734	+	17.95	20.97	>	6	28	62
563	chr1	167669968	167669949	-	17.94	39.3	>	6	28	62
564	chr14	24311319	24311300	+	17.89	24.48	>	6	28	62
565	chr6	125622660	125622641	+	17.86	24.67	>	6	28	62
566	chr16	91694897	91694878	+	17.83	21.03	>	6	28	62
567	chr7	100886752	100886733	-	17.8	33.3	>	6	28	62
568	chr2	165779092	165779073	+	17.7	43.9	>	6	28	62
569	chr4	118988734	118988715	-	17.7	12.37	>	6	28	62
570	chr9	111939788	111939769	+	17.64	16.92	>	6	28	62
571	chr9	40806571	40806552	+	17.64	39.78	>	6	28	62
572	chr19	21571392	21571373	+	17.64	11.9	>	6	28	62
573	chr10	49785057	49785038	-	17.56	2.498	>	6	28	62
574	chr3	84922220	84922201	+	17.47	28.94	>	6	28	62
575	chr12	7991018	7990999	+	17.47	17.66	>	6	28	62
576	chr8	106687694	106687675	+	17.45	42.0	>	6	28	62
577	chr19	15998346	15998327	+	17.33	27.56	>	6	28	62
578	chr10	30838389	30838370	+	17.3	7.543	>	6	28	62
579	chr2	6469364	6469345	-	17.28	15.65	>	6	28	62
580	chr9	59678540	59678521	-	17.28	29.06	>	6	28	62
581	chr18	60143536	60143517	-	17.25	6.348	>	6	28	62
582	chr2	76114972	76114953	-	17.25	26.88	>	6	28	62
583	chr1	192722361	192722342	-	17.23	36.0	>	6	28	62
584	chr13	6737153	6737134	+	17.23	24.25	>	6	28	62
585	chr10	116199232	116199213	+	17.23	24.89	>	6	28	62
586	chr18	6627309	6627290	+	17.06	30.4	>	6	28	62
587	chr7	117375969	117375950	-	17.03	13.42	>	6	28	62
588	chr11	7200225	7200206	+	17.03	39.34	>	6	28	62
589	chr3	152474817	152474798	+	16.98	9.51	>	6	28	62
590	chr12	4107565	4107546	+	16.97	22.11	>	6	28	62
591	chr18	78212287	78212268	-	16.83	18.31	>	6	28	62
592	chr2	17842170	17842151	-	16.81	6.844	>	6	28	62
593	chr5	112429191	112429172	-	16.78	14.19	>	6	28	62
594	chr9	54169687	54169668	+	16.73	16.64	>	6	28	62
595	chr9	78597063	78597044	+	16.73	17.98	>	6	28	62
596	chr2	125556029	125556010	+	16.69	19.19	>	6	28	62
597	chr4	86545837	86545818	-	16.69	26.34	>	6	28	62
598	chr11	34229190	34229171	+	16.55	19.56	>	6	28	62
599	chr13	60479163	60479144	+	16.52	1.697	>	6	28	62
600	chr11	57788119	57788100	+	16.36	29.88	>	6	28	62
601	chr5	117504639	117504620	+	16.36	53.34	>	6	28	62
602	chr1	128368923	128368904	+	16.28	14.01	>	6	28	62
603	chr14	51098507	51098488	-	16.28	41.22	>	6	28	62
604	chr10	14404268	14404249	+	16.23	20.66	>	6	28	62
605	chr18	65752297	65752278	-	16.1	16.11	>	6	28	62
606	chr3	59077498	59077479	+	16.1	40.72	>	6	28	62
607	chr1	119919473	119919454	+	16.06	20.62	>	6	28	62
608	chr1	86598699	86598680	+	16.03	48.72	>	6	28	62
609	chr1	80178208	80178189	-	16.0	17.12	>	6	28	62
610	chr15	64132164	64132145	+	15.96	15.336	>	6	28	62
611	chr2	4652218	4652199	-	15.91	22.83	>	6	28	62
612	chr9	40805489	40805470	-	15.86	35.53	>	6	28	62
613	chr13	30549079	30549060	-	15.805	25.34	>	6	28	62
614	chr3	82350530	82350511	-	15.805	7.78	>	6	28	62
615	chr7	81155234	81155215	-	15.805	19.0	>	6	28	62
616	chr4	107701325	107701306	-	15.8	18.55	>	6	28	62
617	chr11	76655250	76655231	+	15.8	25.19	>	6	28	62
618	chr7	122945377	122945358	+	15.72	20.64	>	6	28	62
619	chr16	32697312	32697293	+	15.695	24.02	>	6	28	62
620	chr13	114460825	114460806	-	15.65	8.25	>	6	28	62
621	chr19	59389409	59389390	+	15.65	31.4	>	6	28	62
622	chr7	45451495	45451476	+	15.64	35.4	>	6	28	62
623	chr15	85599066	85599047	+	15.625	30.86	>	6	28	62
624	chr10	9012998	9012979	+	15.6	21.77	>	6	28	62
625	chr13	24318872	24318853	-	15.58	11.58	>	6	28	62
626	chr3	123506917	123506898	-	15.53	17.17	>	6	28	62
627	chr13	101719731	101719712	-	15.48	25.34	>	6	28	62
628	chr12	12412898	12412879	-	15.43	30.47	>	6	28	62
629	chr10	127342496	127342477	-	15.4	29.73	>	6	28	62
630	chr7	28972871	28972852	+	15.39	21.2	>	6	28	62
631	chr5	130862481	130862462	+	15.33	29.22	>	6	28	62
632	chr13	53779354	53779335	+	15.31	23.8	>	6	28	62
633	chr11	51582940	51582921	-	15.305	26.1	>	6	28	62
634	chr3	34150257	34150238	+	15.3	17.19	>	6	28	62
635	chr9	30423156	30423137	-	15.29	30.31	>	6	28	62
636	chr1	55886585	55886566	+	15.29	16.73	>	6	28	62
637	chr8	121104251	121104232	+	15.28	31.56	>	6	28	62
638	chr2	31683894	31683875	+	15.27	30.73	>	6	28	62
639	chr9	121458682	121458663	+	15.27	42.72	>	6	28	62
640	chr13	111421545	111421526	+	15.22	27.25	>	6	28	62
641	chr18	56572965	56572946	+	15.22	32.7	>	6	28	62
642	chr18	42593315	42593296	+	15.2	8.75	>	6	28	62
643	chr8	118287683	118287664	+	15.2	7.145	>	6	28	62
644	chr14	47742843	47742824	+	15.18	9.65	>	6	28	62
645	chr1	184791312	184791293	-	15.164	27.39	>	6	28	62
646	chr6	106800166	106800147	-	15.1	18.75	>	6	28	62
647	chr11	12025880	12025861	+	15.06	18.02	>	6	28	62
648	chr5	129594341	129594322	-	15.03	29.4	>	6	28	62
649	chr13	16005724	16005705	+	15.016	13.71	>	6	28	62
650	chr14	65597230	65597211	+	15.016	14.01	>	6	28	62
651	chr5	99900280	99900261	-	14.95	10.75	>	6	28	62
652	chr8	11421350	11421331	-	14.945	26.12	>	6	28	62
653	chr19	4755748	4755729	+	14.93	24.55	>	6	28	62
654	chr10	110733540	110733521	-	14.914	16.5	>	6	28	62
655	chr5	67752088	67752069	+	14.89	18.31	>	6	28	62
656	chr9	77381774	77381755	-	14.85	26.45	>	6	28	62
657	chr18	81951830	81951811	-	14.76	34.06	>	6	28	62
658	chr1	86059644	86059625	+	14.734	30.22	>	6	28	62
659	chr1	52630636	52630617	-	14.734	9.89	>	6	28	62
660	chr2	174308107	174308088	+	14.69	14.67	>	6	28	62
661	chr11	99364649	99364630	-	14.6	16.03	>	6	28	62
662	chr13	109558424	109558405	+	14.49	16.98	>	6	28	62
663	chr12	58201405	58201386	-	14.48	6.883	>	6	28	62
664	chr7	137471937	137471918	+	14.445	28.83	>	6	28	62
665	chr17	26916803	26916784	+	14.414	25.05	>	6	28	62
666	chr5	87871626	87871607	-	14.414	20.39	>	6	28	62
667	chr2	125252443	125252424	+	14.414	25.9	>	6	28	62
668	chr1	9549185	9549166	+	14.414	19.5	>	6	28	62
669	chr11	11788608	11788589	-	14.38	31.97	>	6	28	62
670	chr7	43928727	43928708	+	14.36	11.45	>	6	28	62
671	chr10	60760656	60760637	-	14.31	36.9	>	6	28	62
672	chr6	17362958	17362939	+	14.31	3.076	>	6	28	62
673	chr1	136521528	136521509	-	14.305	21.69	>	6	28	62
674	chr2	153147934	153147915	+	14.28	18.94	>	6	28	62
675	chr8	61522313	61522294	+	14.266	28.28	>	6	28	62
676	chr18	56759303	56759284	+	14.266	12.61	>	6	28	62
677	chr14	115451146	115451127	-	14.234	4.215	>	6	28	62
678	chr1	176218428	176218409	+	14.195	14.99	>	6	28	62
679	chr15	97665520	97665501	-	14.18	30.02	>	6	28	62
680	chr13	20299620	20299601	+	14.18	33.25	>	6	28	62
681	chr9	59969601	59969582	-	14.14	17.69	>	6	28	62
682	chr16	57611975	57611956	+	14.055	18.66	>	6	28	62
683	chr12	15816144	15816125	+	13.984	8.52	>	6	28	62
684	chr15	82271381	82271362	-	13.95	28.55	>	6	28	62
685	chr7	74363644	74363625	-	13.95	40.8	>	6	28	62
686	chr3	73066293	73066274	+	13.95	16.86	>	6	28	62
687	chr1	118772515	118772496	-	13.945	30.34	>	6	28	62
688	chr4	110020493	110020474	-	13.94	26.28	>	6	28	62
689	chr3	34639420	34639401	-	13.94	14.87	>	6	28	62
690	chr2	131530224	131530205	-	13.92	25.86	>	6	28	62
691	chr4	20024128	20024109	+	13.91	12.516	>	6	28	62
692	chr8	74980870	74980851	-	13.81	30.2	>	6	28	62
693	chr18	75757719	75757700	+	13.734	18.78	>	6	28	62
694	chr7	89908147	89908128	-	13.72	13.79	>	6	28	62
695	chr4	150257406	150257387	+	13.72	23.58	>	6	28	62
696	chr2	55022781	55022762	-	13.664	7.77	>	6	28	62
697	chr18	64506771	64506752	-	13.63	18.4	>	6	28	62
698	chr14	123353156	123353137	-	13.61	11.6	>	6	28	62
699	chr4	139872794	139872775	+	13.59	35.75	>	6	28	62
700	chr13	51839869	51839850	+	13.586	21.19	>	6	28	62
701	chr5	146162789	146162770	+	13.516	23.42	>	6	28	62
702	chr9	83785201	83785182	+	13.49	14.66	>	6	28	62
703	chr3	59079480	59079461	+	13.44	28.77	>	6	28	62
704	chr10	11345312	11345293	-	13.375	5.086	>	6	28	62
705	chr11	46252188	46252169	-	13.34	28.12	>	6	28	62
706	chr4	85404971	85404952	+	13.32	14.11	>	6	28	62
707	chr4	130738774	130738755	+	13.31	16.47	>	6	28	62
708	chr5	86432914	86432895	+	13.305	16.02	>	6	28	62
709	chr3	22306829	22306810	+	13.266	18.6	>	6	28	62
710	chr2	91930225	91930206	-	13.25	19.55	>	6	28	62
711	chr6	108417714	108417695	+	13.234	10.66	>	6	28	62
712	chr12	17011790	17011771	-	13.16	20.73	>	6	28	62
713	chr5	87551137	87551118	-	13.15	21.52	>	6	28	62
714	chr4	106227683	106227664	-	13.14	14.38	>	6	28	62
715	chr4	139877472	139877453	+	13.1	27.4	>	6	28	62
716	chr1	88742593	88742574	-	13.086	17.75	>	6	28	62
717	chr3	52254088	52254069	+	13.02	34.16	>	6	28	62
718	chr9	73159469	73159450	+	12.99	27.5	>	6	28	62
719	chr7	29297253	29297234	-	12.984	28.8	>	6	28	62
720	chr13	116312336	116312317	-	12.93	10.21	>	6	28	62
721	chr2	157117146	157117127	-	12.91	21.92	>	6	28	62
722	chr9	60243712	60243693	+	12.89	13.59	>	6	28	62
723	chr1	179845066	179845047	-	12.88	17.89	>	6	28	62
724	chr11	103332754	103332735	+	12.875	24.97	>	6	28	62
725	chr1	53032774	53032755	-	12.87	13.05	>	6	28	62
726	chr8	45345197	45345178	+	12.81	16.72	>	6	28	62
727	chr12	113216133	113216114	+	12.74	53.7	>	6	28	62
728	chr15	36152194	36152175	-	12.72	16.9	>	6	28	62
729	chr1	72876274	72876255	+	12.69	17.11	>	6	28	62
730	chr9	14774009	14773990	+	12.664	9.0	>	6	28	62
731	chr12	74317197	74317178	-	12.664	11.76	>	6	28	62
732	chr7	107819649	107819630	-	12.64	16.3	>	6	28	62
733	chr13	55327907	55327888	+	12.64	17.61	>	6	28	62
734	chr3	54796015	54795996	+	12.63	22.77	>	6	28	62
735	chr6	60963937	60963918	+	12.61	7.094	>	6	28	62
736	chr8	21981891	21981872	-	12.61	17.33	>	6	28	62
737	chr10	38269349	38269330	-	12.52	19.28	>	6	28	62
738	chr6	51170619	51170600	-	12.5	20.02	>	6	28	62
739	chr2	148110356	148110337	-	12.43	16.03	>	6	28	62
740	chr1	88301823	88301804	-	12.42	19.61	>	6	28	62
741	chr6	115037959	115037940	-	12.33	15.375	>	6	28	62
742	chr16	11980974	11980955	+	12.33	3.668	>	6	28	62
743	chr15	44832771	44832752	-	12.31	24.2	>	6	28	62
744	chr19	26193888	26193869	-	12.29	7.65	>	6	28	62
745	chr17	8988263	8988244	-	12.29	10.71	>	6	28	62
746	chr14	66358860	66358841	+	12.28	18.22	>	6	28	62
747	chr12	40832432	40832413	-	12.26	13.56	>	6	28	62
748	chr2	53206958	53206939	-	12.18	12.55	>	6	28	62
749	chr16	42914617	42914598	+	12.16	7.133	>	6	28	62
750	chr11	111523686	111523667	-	12.14	23.53	>	6	28	62
751	chr6	121556678	121556659	+	12.11	18.8	>	6	28	62
752	chr7	43926199	43926180	-	12.1	21.69	>	6	28	62
753	chr3	3311028	3311009	+	12.09	10.74	>	6	28	62
754	chr12	17018680	17018661	+	12.04	21.19	>	6	28	62
755	chr18	33794794	33794775	+	11.97	24.89	>	6	28	62
756	chr15	73791915	73791896	+	11.96	24.61	>	6	28	62
757	chr12	82489256	82489237	+	11.945	11.805	>	6	28	62
758	chr19	37559803	37559784	+	11.91	21.4	>	6	28	62
759	chr12	36195155	36195136	-	11.91	7.07	>	6	28	62
760	chr3	30515246	30515227	-	11.875	11.664	>	6	28	62
761	chr19	27426681	27426662	-	11.81	11.945	>	6	28	62
762	chr2	75590427	75590408	-	11.75	21.66	>	6	28	62
763	chr2	17849498	17849479	+	11.75	6.633	>	6	28	62
764	chr9	83371155	83371136	-	11.75	6.18	>	6	28	62
765	chr9	30936846	30936827	-	11.734	17.67	>	6	28	62
766	chr15	94690037	94690018	+	11.73	23.03	>	6	28	62
767	chr2	147379133	147379114	+	11.69	9.875	>	6	28	62
768	chr4	121232314	121232295	-	11.664	7.945	>	6	28	62
769	chr18	56333219	56333200	-	11.64	4.934	>	6	28	62
770	chr16	25952209	25952190	-	11.64	6.688	>	6	28	62
771	chr13	94976326	94976307	+	11.63	16.62	>	6	28	62
772	chr2	30942898	30942879	-	11.57	22.28	>	6	28	62
773	chr6	104479441	104479422	+	11.55	10.57	>	6	28	62
774	chr5	113080039	113080020	-	11.52	26.94	>	6	28	62
775	chr16	30550607	30550588	-	11.52	17.62	>	6	28	62
776	chr1	160194976	160194957	+	11.51	18.28	>	6	28	62
777	chr11	56116782	56116763	-	11.48	30.47	>	6	28	62
778	chr6	112484521	112484502	-	11.48	12.14	>	6	28	62
779	chr14	21853546	21853527	-	11.445	30.66	>	6	28	62
780	chr9	58534993	58534974	+	11.414	20.97	>	6	28	62
781	chr17	73302318	73302299	+	11.414	39.62	>	6	28	62
782	chr1	85842459	85842440	-	11.41	14.02	>	6	28	62
783	chr17	16926410	16926391	-	11.35	2.584	>	6	28	62
784	chr12	29894861	29894842	+	11.31	16.72	>	6	28	62
785	chr2	127832989	127832970	+	11.22	7.293	>	6	28	62
786	chr16	20724653	20724634	+	11.18	15.11	>	6	28	62
787	chr1	180811112	180811093	-	11.164	28.33	>	6	28	62
788	chr13	109210611	109210592	-	11.16	17.5	>	6	28	62
789	chr18	5990207	5990188	-	11.14	3.14	>	6	28	62
790	chr18	12102268	12102249	-	11.125	23.38	>	6	28	62
791	chr19	59380193	59380174	+	11.08	23.9	>	6	28	62
792	chr2	101665476	101665457	+	11.055	26.06	>	6	28	62
793	chr12	108541242	108541223	-	11.02	27.9	>	6	28	62
794	chr2	32583648	32583629	+	11.016	30.19	>	6	28	62
795	chr1	181881807	181881788	-	10.98	11.91	>	6	28	62
796	chr5	117506576	117506557	+	10.94	40.06	>	6	28	62
797	chr1	38789153	38789134	+	10.89	22.95	>	6	28	62
798	chr10	102445139	102445120	-	10.875	19.4	>	6	28	62
799	chr12	81788941	81788922	+	10.87	12.51	>	6	28	62
800	chr9	78233462	78233443	-	10.86	15.93	>	6	28	62
801	chr10	96618527	96618508	+	10.86	3.014	>	6	28	62
802	chr8	84639419	84639400	-	10.85	34.7	>	6	28	62
803	chr17	8468905	8468886	+	10.85	20.27	>	6	28	62
804	chr2	67535551	67535532	+	10.83	7.83	>	6	28	62
805	chr18	52947340	52947321	+	10.82	10.15	>	6	28	62
806	chr13	72625410	72625391	-	10.78	6.715	>	6	28	62
807	chr11	31942449	31942430	+	10.69	22.72	>	6	28	62
808	chr1	6190743	6190724	-	10.63	7.344	>	6	28	62
809	chr7	74367549	74367530	+	10.6	15.16	>	6	28	62
810	chr4	22482970	22482951	+	10.58	4.45	>	6	28	62
811	chr13	20298018	20297999	+	10.56	24.86	>	6	28	62
812	chr16	75325511	75325492	-	10.484	5.44	>	6	28	62
813	chr6	54586377	54586358	+	10.44	8.14	>	6	28	62
814	chr14	59604211	59604192	-	10.375	15.664	>	6	28	62
815	chr2	107946040	107946021	-	10.31	11.08	>	6	28	62
816	chr1	62701219	62701200	-	10.3	12.74	>	6	28	62
817	chr7	75914120	75914101	+	10.266	24.1	>	6	28	62
818	chr5	98167679	98167660	+	10.26	12.875	>	6	28	62
819	chr9	99671799	99671780	+	10.23	22.52	>	6	28	62
820	chr1	179847901	179847882	+	10.16	11.88	>	6	28	62
821	chr15	80080817	80080798	-	10.15	32.28	>	6	28	62
822	chr6	137747756	137747737	-	10.09	27.12	>	6	28	62
823	chr6	77249625	77249606	-	10.09	6.945	>	6	28	62
824	chr5	149049190	149049171	-	10.08	15.81	>	6	28	62
825	chr18	32814407	32814388	-	10.07	2.566	>	6	28	62
826	chr11	46258405	46258386	-	10.06	20.3	>	6	28	62
827	chr11	81974830	81974811	-	10.01	5.44	>	6	28	62
828	chr19	48414047	48414028	+	9.99	12.77	>	6	28	62
829	chr11	34836484	34836465	+	9.86	20.75	>	6	28	62
830	chr17	24437345	24437326	-	9.81	19.33	>	6	28	62
831	chr6	59208753	59208734	-	9.734	12.92	>	6	28	62
832	chr13	37325694	37325675	-	9.734	20.84	>	6	28	62
833	chr11	43412967	43412948	-	9.72	22.2	>	6	28	62
834	chr13	49651342	49651323	-	9.71	2.496	>	6	28	62
835	chr7	143151380	143151361	+	9.69	18.05	>	6	28	62
836	chr16	4285478	4285459	-	9.67	7.94	>	6	28	62
837	chr11	29715017	29714998	-	9.664	9.12	>	6	28	62
838	chr3	134654263	134654244	+	9.62	3.898	>	6	28	62
839	chr8	28978824	28978805	-	9.57	7.504	>	6	28	62
840	chr13	54062269	54062250	-	9.55	10.02	>	6	28	62
841	chr9	32585514	32585495	+	9.516	12.72	>	6	28	62
842	chr7	73648212	73648193	-	9.484	13.375	>	6	28	62
843	chr19	27425889	27425870	-	9.44	11.26	>	6	28	62
844	chr13	100854377	100854358	-	9.42	17.78	>	6	28	62
845	chr5	140749784	140749765	-	9.414	22.17	>	6	28	62
846	chr4	127027444	127027425	+	9.4	22.48	>	6	28	62
847	chr11	109221866	109221847	-	9.3	9.67	>	6	28	62
848	chr16	16596794	16596775	+	9.28	5.977	>	6	28	62
849	chr2	128605294	128605275	-	9.25	9.07	>	6	28	62
850	chr2	61492265	61492246	+	9.25	6.99	>	6	28	62
851	chr10	74217479	74217460	+	9.22	7.7	>	6	28	62
852	chr9	68016722	68016703	+	9.2	8.305	>	6	28	62
853	chr6	144248136	144248117	+	9.19	7.742	>	6	28	62
854	chr13	51191948	51191929	+	9.17	5.492	>	6	28	62
855	chr2	103424848	103424829	-	9.164	12.29	>	6	28	62
856	chr7	64751734	64751715	-	9.13	16.66	>	6	28	62
857	chr7	27160004	27159985	+	9.125	14.17	>	6	28	62
858	chr13	95986545	95986526	+	9.08	13.76	>	6	28	62
859	chr5	135118653	135118634	+	9.08	29.22	>	6	28	62
860	chr10	49786914	49786895	-	9.07	0.785	>	6	28	62
861	chr1	51639072	51639053	+	9.02	3.22	>	6	28	62
862	chr14	105307894	105307875	+	8.95	2.453	>	6	28	62
863	chr19	40231990	40231971	-	8.95	19.89	>	6	28	62
864	chr10	69656526	69656507	+	8.95	12.99	>	6	28	62
865	chr7	142714879	142714860	-	8.945	27.2	>	6	28	62
866	chr6	129256260	129256241	-	8.93	14.53	>	6	28	62
867	chr5	138199783	138199764	+	8.9	8.414	>	6	28	62
868	chr8	36193738	36193719	+	8.89	10.43	>	6	28	62
869	chr11	49597354	49597335	+	8.87	6.92	>	6	28	62
870	chr1	139405977	139405958	-	8.86	4.043	>	6	28	62
871	chr3	124289118	124289099	-	8.84	12.69	>	6	28	62
872	chr9	13196005	13195986	-	8.83	30.6	>	6	28	62
873	chr14	115819240	115819221	+	8.83	10.71	>	6	28	62
874	chr5	146914595	146914576	+	8.82	39.7	>	6	28	62
875	chr4	119223866	119223847	-	8.766	16.34	>	6	28	62
876	chr15	85879204	85879185	-	8.76	17.27	>	6	28	62
877	chr4	124682485	124682466	+	8.7	17.45	>	6	28	62
878	chr17	34956526	34956507	+	8.695	22.17	>	6	28	62
879	chr12	39494054	39494035	-	8.65	2.455	>	6	28	62
880	chr9	34485824	34485805	-	8.625	10.6	>	6	28	62
881	chr2	180786948	180786929	+	8.57	17.27	>	6	28	62
882	chr4	62230989	62230970	+	8.57	12.25	>	6	28	62
883	chr2	16357480	16357461	+	8.55	2.205	>	6	28	62
884	chr17	9759516	9759497	+	8.54	11.53	>	6	28	62
885	chr10	13018670	13018651	+	8.54	19.64	>	6	28	62
886	chr4	32570820	32570801	-	8.52	6.645	>	6	28	62
887	chr9	86451919	86451900	-	8.49	16.77	>	6	28	62
888	chr7	139590495	139590476	+	8.49	20.39	>	6	28	62
889	chr16	31944169	31944150	+	8.445	14.11	>	6	28	62
890	chr3	104701211	104701192	-	8.44	24.84	>	6	28	62
891	chr2	160955546	160955527	-	8.414	14.05	>	6	28	62
892	chr18	32811889	32811870	+	8.4	4.918	>	6	28	62
893	chr14	115042240	115042221	-	8.4	14.734	>	6	28	62
894	chr2	28464119	28464100	-	8.33	19.16	>	6	28	62
895	chr2	76369931	76369912	+	8.28	9.1	>	6	28	62
896	chr3	107605512	107605493	+	8.28	12.57	>	6	28	62
897	chr14	121220891	121220872	-	8.23	10.8	>	6	28	62
898	chr1	103796539	103796520	+	8.22	10.74	>	6	28	62
899	chr16	23151589	23151570	+	8.21	3.11	>	6	28	62
900	chr5	33371346	33371327	-	8.19	15.74	>	6	28	62
901	chr13	103121088	103121069	-	8.18	6.016	>	6	28	62
902	chr10	60760529	60760510	+	8.14	24.72	>	6	28	62
903	chr1	169921787	169921768	+	8.12	12.62	>	6	28	62
904	chr13	42826816	42826797	-	8.11	17.0	>	6	28	62
905	chr6	72601930	72601911	+	8.11	24.06	>	6	28	62
906	chr7	81345319	81345300	-	7.99	7.87	>	6	28	62
907	chr11	33934471	33934452	+	7.98	18.27	>	6	28	62
908	chr18	77044808	77044789	-	7.97	11.42	>	6	28	62
909	chr7	67217278	67217259	+	7.926	7.28	>	6	28	62
910	chr2	164074027	164074008	+	7.906	10.22	>	6	28	62
911	chr3	45373410	45373391	+	7.855	1.438	>	6	28	62
912	chr1	152768355	152768336	-	7.84	9.35	>	6	28	62
913	chr11	102267665	102267646	-	7.81	17.44	>	6	28	62
914	chr11	43411664	43411645	-	7.81	21.72	>	6	28	62
915	chr2	129880054	129880035	+	7.805	6.484	>	6	28	62
916	chr11	81972241	81972222	+	7.797	9.07	>	6	28	62
917	chr9	65581143	65581124	-	7.793	11.17	>	6	28	62
918	chr4	106228720	106228701	+	7.727	13.9	>	6	28	62
919	chr6	119467876	119467857	+	7.703	18.1	>	6	28	62
920	chr10	122794511	122794492	+	7.695	15.734	>	6	28	62
921	chr14	34813484	34813465	-	7.69	11.805	>	6	28	62
922	chr15	19280629	19280610	+	7.68	3.066	>	6	28	62
923	chr13	38235597	38235578	-	7.676	11.836	>	6	28	62
924	chr13	21710105	21710086	+	7.67	14.95	>	6	28	62
925	chr11	104231353	104231334	-	7.67	18.38	>	6	28	62
926	chr6	86401304	86401285	-	7.64	23.28	>	6	28	62
927	chr4	24245320	24245301	-	7.633	3.027	>	6	28	62
928	chr9	29655082	29655063	+	7.613	20.11	>	6	28	62
929	chr9	58535957	58535938	-	7.605	16.9	>	6	28	62
930	chr5	112427478	112427459	-	7.598	9.93	>	6	28	62
931	chr4	140539353	140539334	-	7.58	22.9	>	6	28	62
932	chr14	105302910	105302891	+	7.57	4.605	>	6	28	62
933	chr7	19713404	19713385	-	7.543	26.19	>	6	28	62
934	chr1	127487367	127487348	-	7.52	14.33	>	6	28	62
935	chr19	56806125	56806106	-	7.504	5.934	>	6	28	62
936	chr19	47175662	47175643	-	7.46	21.67	>	6	28	62
937	chr2	150795624	150795605	-	7.44	6.633	>	6	28	62
938	chr2	137114826	137114807	+	7.438	4.08	>	6	28	62
939	chr10	119244230	119244211	+	7.434	4.305	>	6	28	62
940	chr5	117094622	117094603	+	7.42	22.22	>	6	28	62
941	chr11	67100384	67100365	-	7.42	22.83	>	6	28	62
942	chr5	30686988	30686969	+	7.41	18.64	>	6	28	62
943	chr8	105291139	105291120	-	7.41	11.78	>	6	28	62
944	chr7	143470174	143470155	-	7.39	17.94	>	6	28	62
945	chr15	8099290	8099271	-	7.35	8.336	>	6	28	62
946	chr7	119015949	119015930	+	7.34	17.75	>	6	28	62
947	chr17	56306039	56306020	-	7.305	16.48	>	6	28	62
948	chr1	134636895	134636876	+	7.3	5.97	>	6	28	62
949	chr17	65541217	65541198	+	7.258	9.125	>	6	28	62
950	chr14	49218880	49218861	+	7.25	8.47	>	6	28	62
951	chr1	25527154	25527135	+	7.2	7.453	>	6	28	62
952	chr1	146515575	146515556	+	7.18	3.11	>	6	28	62
953	chr9	44109578	44109559	+	7.176	33.9	>	6	28	62
954	chr11	108889358	108889339	+	7.15	8.016	>	6	28	62
955	chr7	138398615	138398596	+	7.117	4.707	>	6	28	62
956	chr5	32204842	32204823	+	7.11	6.15	>	6	28	62
957	chr8	14859581	14859562	+	7.1	5.27	>	6	28	62
958	chr11	95676507	95676488	-	7.09	14.555	>	6	28	62
959	chr6	85141186	85141167	+	7.08	33.56	>	6	28	62
960	chr14	20340404	20340385	-	7.04	15.81	>	6	28	62
961	chr1	193130339	193130320	-	7.023	5.71	>	6	28	62
962	chr9	98032882	98032863	+	6.992	4.73	>	6	28	62
963	chr7	143793289	143793270	+	6.98	21.42	>	6	28	62
964	chr12	32292312	32292293	-	6.895	8.26	>	6	28	62
965	chr17	45724453	45724434	-	6.89	12.125	>	6	28	62
966	chr14	102512314	102512295	+	6.89	1.602	>	6	28	62
967	chr8	11943038	11943019	+	6.88	5.47	>	6	28	62
968	chr7	83553561	83553542	+	6.867	8.27	>	6	28	62
969	chr9	64960779	64960760	-	6.85	16.31	>	6	28	62
970	chr9	30426996	30426977	+	6.832	15.31	>	6	28	62
971	chr11	119249183	119249164	+	6.785	23.48	>	6	28	62
972	chr8	90795542	90795523	+	6.77	10.67	>	6	28	62
973	chr2	113498926	113498907	-	6.766	9.86	>	6	28	62
974	chr13	62926662	62926643	+	6.75	4.73	>	6	28	62
975	chr1	127485025	127485006	+	6.715	16.44	>	6	28	62
976	chr17	78592615	78592596	+	6.715	8.945	>	6	28	62
977	chr2	118246134	118246115	-	6.668	13.72	>	6	28	62
978	chr2	92474875	92474856	-	6.652	13.95	>	6	28	62
979	chr7	17061423	17061404	+	6.645	15.1	>	6	28	62
980	chr10	122090678	122090659	+	6.63	8.38	>	6	28	62
981	chr13	64448147	64448128	+	6.594	17.92	>	6	28	62
982	chr2	34642611	34642592	-	6.562	14.51	>	6	28	62
983	chr5	117509743	117509724	+	6.54	26.92	>	6	28	62
984	chr7	131371109	131371090	+	6.516	4.71	>	6	28	62
985	chr6	94054143	94054124	-	6.5	13.34	>	6	28	62
986	chr14	20697228	20697209	+	6.465	17.88	>	6	28	62
987	chr10	122798121	122798102	+	6.46	15.23	>	6	28	62
988	chr13	14196604	14196585	+	6.45	1.613	>	6	28	62
989	chr3	118991976	118991957	+	6.438	8.26	>	6	28	62
990	chr9	107231295	107231276	-	6.434	7.414	>	6	28	62
991	chr15	24557016	24556997	-	6.418	3.371	>	6	28	62
992	chr2	178407758	178407739	+	6.414	11.43	>	6	28	62
993	chr9	90683476	90683457	-	6.38	1.322	>	6	28	62
994	chr6	22968335	22968316	-	6.34	6.418	>	6	28	62
995	chr12	67217811	67217792	+	6.336	1.95	>	6	28	62
996	chr10	82910438	82910419	+	6.277	10.99	>	6	28	62
997	chr7	49125716	49125697	+	6.258	16.88	>	6	28	62
998	chr11	119491305	119491286	-	6.215	10.81	>	6	28	62
999	chr11	32341308	32341289	-	6.21	14.555	>	6	28	62
1000	chr19	8713406	8713387	+	6.19	10.44	>	6	28	62
1001	chr4	48048044	48048025	+	6.152	6.21	>	6	28	62
1002	chr11	52764825	52764806	+	6.15	7.75	>	6	28	62
1003	chr13	20564636	20564617	-	6.145	4.82	>	6	28	62
1004	chr10	39105011	39104992	-	6.14	7.152	>	6	28	62
1005	chr11	98909856	98909837	-	6.117	18.95	>	6	28	62
1006	chr1	151025102	151025083	+	6.117	4.496	>	6	28	62
1007	chr5	98167777	98167758	-	6.113	9.555	>	6	28	62
1008	chr8	88118562	88118543	+	6.062	3.66	>	6	28	62
1009	chr16	92511934	92511915	+	6.035	16.34	>	6	28	62
1010	chr15	25792295	25792276	-	6.008	6.87	>	6	28	62
1011	chr13	92751194	92751175	+	5.938	12.68	>	6	28	62
1012	chr5	101688793	101688774	-	5.934	12.51	>	6	28	62
1013	chr7	112023252	112023233	+	5.93	8.26	>	6	28	62
1014	chr14	21854038	21854019	-	5.914	27.36	>	6	28	62
1015	chr8	32003733	32003714	-	5.9	2.012	>	6	28	62
1016	chr13	53095394	53095375	-	5.867	6.086	>	6	28	62
1017	chr1	182554179	182554160	+	5.836	10.15	>	6	28	62
1018	chr6	18381568	18381549	+	5.832	1.955	>	6	28	62
1019	chr9	77389590	77389571	+	5.832	5.68	>	6	28	62
1020	chr16	5254481	5254462	-	5.812	12.77	>	6	28	62
1021	chr2	93199625	93199606	+	5.797	14.08	>	6	28	62
1022	chr9	81631651	81631632	-	5.793	3.863	>	6	28	62
1023	chr2	152887412	152887393	-	5.78	4.652	>	6	28	62
1024	chr4	153481137	153481118	-	5.766	3.3	>	6	28	62
1025	chr8	72239706	72239687	-	5.754	5.32	>	6	28	62
1026	chr18	65750236	65750217	-	5.703	2.543	>	6	28	62
1027	chr6	61311882	61311863	-	5.68	7.43	>	6	28	62
1028	chr18	46143625	46143606	+	5.676	6.477	>	6	28	62
1029	chr6	120836118	120836099	+	5.64	7.797	>	6	28	62
1030	chr6	100563990	100563971	-	5.625	4.164	>	6	28	62
1031	chr3	13475098	13475079	-	5.61	1.948	>	6	28	62
1032	chr2	132262968	132262949	+	5.6	7.164	>	6	28	62
1033	chr11	103334169	103334150	+	5.594	12.02	>	6	28	62
1034	chr6	54255029	54255010	+	5.586	4.35	>	6	28	62
1035	chr13	101711018	101710999	+	5.543	9.15	>	6	28	62
1036	chr5	39644761	39644742	-	5.54	3.531	>	6	28	62
1037	chr8	90795201	90795182	-	5.516	4.996	>	6	28	62
1038	chr18	23162646	23162627	+	5.51	1.562	>	6	28	62
1039	chr16	78165563	78165544	+	5.477	7.39	>	6	28	62
1040	chr2	96584106	96584087	-	5.44	3.29	>	6	28	62
1041	chr12	72070473	72070454	+	5.426	11.336	>	6	28	62
1042	chr12	24708691	24708672	+	5.414	9.914	>	6	28	62
1043	chr8	92367135	92367116	-	5.406	6.984	>	6	28	62
1044	chr17	83866777	83866758	+	5.4	23.0	>	6	28	62
1045	chr13	55322636	55322617	-	5.4	7.0	>	6	28	62
1046	chr6	88893771	88893752	-	5.395	16.78	>	6	28	62
1047	chr19	8718731	8718712	-	5.383	8.6	>	6	28	62
1048	chr12	59220179	59220160	-	5.38	2.5	>	6	28	62
1049	chr14	60784526	60784507	+	5.367	16.06	>	6	28	62
1050	chr3	153658591	153658572	+	5.33	6.258	>	6	28	62
1051	chr9	77386949	77386930	-	5.312	12.24	>	6	28	62
1052	chr10	83219903	83219884	+	5.312	6.188	>	6	28	62
1053	chr6	15176967	15176948	-	5.31	2.947	>	6	28	62
1054	chr2	152604207	152604188	-	5.27	19.44	>	6	28	62
1055	chr2	39003369	39003350	-	5.26	1.671	>	6	28	62
1056	chr16	31425707	31425688	-	5.254	13.484	>	6	28	62
1057	chr5	137503018	137502999	-	5.227	3.691	>	6	28	62
1058	chr18	13973086	13973067	-	5.207	0.71	>	6	28	62
1059	chr17	68849016	68848997	-	5.2	1.891	>	6	28	62
1060	chr2	128408931	128408912	-	5.19	8.72	>	6	28	62
1061	chr14	97559790	97559771	-	5.16	2.041	>	6	28	62
1062	chr8	67903864	67903845	-	5.13	6.113	>	6	28	62
1063	chr14	56888181	56888162	-	5.125	3.316	>	6	28	62
1064	chr4	132198465	132198446	+	5.125	11.19	>	6	28	62
1065	chr2	39005861	39005842	-	5.12	3.883	>	6	28	62
1066	chr7	137471679	137471660	-	5.1	19.97	>	6	28	62
1067	chr6	64949075	64949056	+	5.09	5.168	>	6	28	62
1068	chr18	16821148	16821129	+	5.043	1.935	>	6	28	62
1069	chr2	93813566	93813547	+	5.04	13.086	>	6	28	62
1070	chr6	126481478	126481459	-	5.023	10.89	>	6	28	62
1071	chr1	181881093	181881074	-	4.984	10.19	>	6	28	62
1072	chr6	108065822	108065803	-	4.977	6.67	>	6	28	62
1073	chr4	88550373	88550354	+	4.938	4.04	>	6	28	62
1074	chr5	137502167	137502148	+	4.867	8.81	>	6	28	62
1075	chr8	77618148	77618129	-	4.86	4.188	>	6	28	62
1076	chr7	120098024	120098005	+	4.855	7.22	>	6	28	62
1077	chr2	75152706	75152687	-	4.824	10.55	>	6	28	62
1078	chr11	87950193	87950174	+	4.78	11.09	>	6	28	62
1079	chr11	94598936	94598917	-	4.746	10.49	>	6	28	62
1080	chr1	10229119	10229100	+	4.746	0.972	>	6	28	62
1081	chr7	143476888	143476869	+	4.746	8.89	>	6	28	62
1082	chr9	102607693	102607674	-	4.715	3.604	>	6	28	62
1083	chr8	32009749	32009730	+	4.71	6.785	>	6	28	62
1084	chr3	99262117	99262098	-	4.707	1.889	>	6	28	62
1085	chr18	75607987	75607968	+	4.664	23.11	>	6	28	62
1086	chr7	75380211	75380192	-	4.64	2.41	>	6	28	62
1087	chr3	135863108	135863089	+	4.64	3.164	>	6	28	62
1088	chr4	87369015	87368996	-	4.625	9.125	>	6	28	62
1089	chr8	84639535	84639516	+	4.605	13.88	>	6	28	62
1090	chr15	74524301	74524282	+	4.586	13.7	>	6	28	62
1091	chr17	57007316	57007297	-	4.582	9.42	>	6	28	62
1092	chr11	30893985	30893966	+	4.547	0.9004	>	6	28	62
1093	chr19	57360190	57360171	-	4.543	2.654	>	6	28	62
1094	chr8	110102657	110102638	-	4.53	9.24	>	6	28	62
1095	chr7	135389259	135389240	-	4.53	9.336	>	6	28	62
1096	chr4	152527530	152527511	+	4.516	13.99	>	6	28	62
1097	chr13	103710441	103710422	+	4.5	4.57	>	6	28	62
1098	chr10	120896053	120896034	+	4.5	2.322	>	6	28	62
1099	chr18	5155632	5155613	-	4.484	6.39	>	6	28	62
1100	chr12	80141693	80141674	-	4.45	17.05	>	6	28	62
1101	chr5	118763566	118763547	-	4.418	12.81	>	6	28	62
1102	chr12	14150175	14150156	+	4.406	3.688	>	6	28	62
1103	chr10	128990300	128990281	-	4.4	8.03	>	6	28	62
1104	chr10	30834038	30834019	-	4.37	4.473	>	6	28	62
1105	chr6	50618483	50618464	+	4.367	12.766	>	6	28	62
1106	chr15	9748972	9748953	-	4.36	3.496	>	6	28	62
1107	chr16	92308164	92308145	-	4.355	11.22	>	6	28	62
1108	chr2	9881964	9881945	-	4.355	2.918	>	6	28	62
1109	chr8	123106089	123106070	+	4.336	8.18	>	6	28	62
1110	chr5	98346264	98346245	+	4.324	2.342	>	6	28	62
1111	chr10	40249841	40249822	-	4.316	12.23	>	6	28	62
1112	chr3	141457685	141457666	+	4.312	4.707	>	6	28	62
1113	chr9	40192620	40192601	-	4.3	2.145	>	6	28	62
1114	chr9	72448248	72448229	+	4.29	7.78	>	6	28	62
1115	chr13	24316809	24316790	-	4.273	3.682	>	6	28	62
1116	chr1	50927249	50927230	+	4.258	4.5	>	6	28	62
1117	chr11	102690417	102690398	-	4.223	12.195	>	6	28	62
1118	chr4	116627141	116627122	+	4.207	6.52	>	6	28	62
1119	chr15	76198817	76198798	+	4.164	10.72	>	6	28	62
1120	chr15	12113620	12113601	-	4.156	3.312	>	6	28	62
1121	chr1	115675059	115675040	+	4.152	5.223	>	6	28	62
1122	chr2	34644807	34644788	-	4.15	8.266	>	6	28	62
1123	chr2	166084974	166084955	-	4.133	18.12	>	6	28	62
1124	chr11	21571906	21571887	-	4.13	2.105	>	6	28	62
1125	chr15	9449709	9449690	-	4.062	0.543	>	6	28	62
1126	chr5	92664520	92664501	-	4.055	3.326	>	6	28	62
1127	chr12	77001216	77001197	+	4.043	1.105	>	6	28	62
1128	chr6	93757507	93757488	-	4.01	5.273	>	6	28	62
1129	chr19	56302794	56302775	+	4.01	3.797	>	6	28	62
1130	chr13	71954038	71954019	-	4.008	1.19	>	6	28	62
1131	chr4	17852015	17851996	-	4.0	0.8535	>	6	28	62
1132	chr18	39136126	39136107	+	3.992	1.932	>	6	28	62
1133	chr1	153489234	153489215	-	3.99	7.715	>	6	28	62
1134	chr9	66136172	66136153	-	3.988	5.383	>	6	28	62
1135	chr11	109621431	109621412	-	3.979	11.484	>	6	28	62
1136	chr13	91723318	91723299	+	3.959	5.49	>	6	28	62
1137	chr13	3642291	3642272	-	3.959	4.75	>	6	28	62
1138	chr13	47304770	47304751	+	3.957	6.746	>	6	28	62
1139	chr2	121144456	121144437	+	3.953	4.504	>	6	28	62
1140	chr13	93772223	93772204	-	3.928	3.56	>	6	28	62
1141	chr10	70967079	70967060	+	3.916	4.88	>	6	28	62
1142	chr13	59417085	59417066	-	3.91	5.0	>	6	28	62
1143	chr7	102484972	102484953	-	3.883	7.0	>	6	28	62
1144	chr5	38235667	38235648	-	3.879	10.78	>	6	28	62
1145	chr14	56885401	56885382	+	3.87	2.412	>	6	28	62
1146	chr11	75170669	75170650	-	3.861	7.984	>	6	28	62
1147	chr11	77980417	77980398	+	3.846	9.5	>	6	28	62
1148	chr9	94738712	94738693	+	3.828	14.92	>	6	28	62
1149	chr6	140466500	140466481	-	3.816	3.785	>	6	28	62
1150	chr19	57361025	57361006	-	3.814	6.484	>	6	28	62
1151	chr12	58972459	58972440	+	3.777	2.135	>	6	28	62
1152	chr2	61490636	61490617	+	3.775	5.23	>	6	28	62
1153	chr4	44310651	44310632	+	3.762	4.973	>	6	28	62
1154	chr11	52766147	52766128	+	3.734	1.83	>	6	28	62
1155	chr13	72627587	72627568	-	3.717	4.066	>	6	28	62
1156	chr9	23012459	23012440	-	3.71	1.704	>	6	28	62
1157	chr16	31427924	31427905	-	3.705	3.383	>	6	28	62
1158	chr12	29895773	29895754	+	3.691	1.481	>	6	28	62
1159	chr9	73154557	73154538	+	3.666	9.1	>	6	28	62
1160	chr1	127484437	127484418	-	3.66	8.8	>	6	28	62
1161	chr9	107566236	107566217	+	3.656	7.098	>	6	28	62
1162	chr2	68118338	68118319	+	3.652	4.36	>	6	28	62
1163	chr11	11140836	11140817	-	3.629	13.69	>	6	28	62
1164	chr12	74014936	74014917	-	3.627	5.97	>	6	28	62
1165	chr7	138396301	138396282	-	3.621	0.934	>	6	28	62
1166	chr14	103534605	103534586	+	3.617	5.312	>	6	28	62
1167	chr10	115164112	115164093	-	3.613	3.031	>	6	28	62
1168	chr7	119019764	119019745	+	3.598	7.113	>	6	28	62
1169	chr13	96389525	96389506	-	3.588	1.339	>	6	28	62
1170	chr14	74723724	74723705	-	3.586	5.766	>	6	28	62
1171	chr14	55114114	55114095	-	3.57	7.387	>	6	28	62
1172	chr9	62784468	62784449	+	3.562	12.84	>	6	28	62
1173	chr10	127678167	127678148	-	3.541	2.129	>	6	28	62
1174	chr17	55948218	55948199	-	3.535	4.3	>	6	28	62
1175	chr11	78183263	78183244	-	3.525	12.305	>	6	28	62
1176	chr6	59207403	59207384	-	3.508	1.477	>	6	28	62
1177	chr6	135416919	135416900	+	3.498	4.027	>	6	28	62
1178	chr5	122104403	122104384	+	3.492	11.98	>	6	28	62
1179	chr13	37971068	37971049	-	3.482	3.088	>	6	28	62
1180	chr5	114612410	114612391	+	3.48	13.6	>	6	28	62
1181	chr10	114442226	114442207	+	3.46	2.104	>	6	28	62
1182	chr2	145655527	145655508	-	3.44	2.05	>	6	28	62
1183	chr7	109507351	109507332	-	3.418	1.832	>	6	28	62
1184	chr16	10009965	10009946	+	3.402	4.965	>	6	28	62
1185	chr14	67969032	67969013	-	3.385	5.523	>	6	28	62
1186	chr5	140744055	140744036	-	3.348	10.35	>	6	28	62
1187	chr1	56984334	56984315	+	3.338	2.584	>	6	28	62
1188	chr2	137110782	137110763	+	3.328	1.323	>	6	28	62
1189	chr16	22267525	22267506	+	3.322	1.262	>	6	28	62
1190	chr16	4884595	4884576	-	3.3	2.822	>	6	28	62
1191	chr5	19458406	19458387	-	3.291	6.625	>	6	28	62
1192	chr1	84697217	84697198	-	3.29	7.492	>	6	28	62
1193	chr14	122903088	122903069	-	3.29	2.205	>	6	28	62
1194	chr7	64056729	64056710	-	3.273	1.214	>	6	28	62
1195	chr9	71624061	71624042	-	3.273	15.39	>	6	28	62
1196	chr9	96885958	96885939	-	3.271	10.016	>	6	28	62
1197	chr18	46964733	46964714	-	3.266	8.555	>	6	28	62
1198	chr3	122638475	122638456	+	3.26	4.82	>	6	28	62
1199	chr9	94733848	94733829	+	3.256	3.768	>	6	28	62
1200	chr1	167938404	167938385	-	3.25	6.79	>	6	28	62
1201	chr1	180811841	180811822	+	3.244	6.383	>	6	28	62
1202	chr10	42760472	42760453	+	3.229	1.784	>	6	28	62
1203	chr18	20598347	20598328	+	3.213	4.758	>	6	28	62
1204	chr17	71909305	71909286	+	3.203	3.572	>	6	28	62
1205	chr1	34459898	34459879	+	3.193	3.389	>	6	28	62
1206	chr4	117202234	117202215	-	3.191	9.61	>	6	28	62
1207	chr15	101313974	101313955	-	3.178	2.96	>	6	28	62
1208	chr16	13438138	13438119	+	3.176	1.241	>	6	28	62
1209	chr7	114878499	114878480	+	3.174	1.604	>	6	28	62
1210	chr11	109866735	109866716	+	3.166	2.812	>	6	28	62
1211	chr3	123509329	123509310	+	3.162	5.67	>	6	28	62
1212	chr3	114085881	114085862	-	3.146	0.5283	>	6	28	62
1213	chr4	120149384	120149365	-	3.145	8.09	>	6	28	62
1214	chr16	4549594	4549575	-	3.137	11.12	>	6	28	62
1215	chr15	78872224	78872205	+	3.133	9.35	>	6	28	62
1216	chr12	57231261	57231242	-	3.127	3.32	>	6	28	62
1217	chr9	71624949	71624930	-	3.125	15.0	>	6	28	62
1218	chr4	18963859	18963840	-	3.12	4.01	>	6	28	62
1219	chr8	40913366	40913347	-	3.115	1.625	>	6	28	62
1220	chr5	21645240	21645221	-	3.11	1.259	>	6	28	62
1221	chr10	68357244	68357225	+	3.094	1.353	>	6	28	62
1222	chr2	93812077	93812058	-	3.06	11.82	>	6	28	62
1223	chr12	75669431	75669412	-	3.05	4.1	>	6	28	62
1224	chr1	12844023	12844004	+	3.033	4.33	>	6	28	62
1225	chr12	86697142	86697123	+	3.025	6.996	>	6	28	62
1226	chr9	98033678	98033659	+	3.021	1.525	>	6	28	62
1227	chr19	37946902	37946883	+	3.02	4.082	>	6	28	62
1228	chr9	75271676	75271657	+	3.01	4.42	>	6	28	62
1229	chr11	55162881	55162862	+	2.996	3.625	>	6	28	62
1230	chr17	25274339	25274320	-	2.984	4.45	>	6	28	62
1231	chr6	108065317	108065298	+	2.984	5.535	>	6	28	62
1232	chr7	5071749	5071730	-	2.928	2.754	>	6	28	62
1233	chr3	152477906	152477887	-	2.922	3.295	>	6	28	62
1234	chr5	28090770	28090751	-	2.922	2.412	>	6	28	62
1235	chr14	78282622	78282603	+	2.91	2.186	>	6	28	62
1236	chr14	88480122	88480103	-	2.906	3.236	>	6	28	62
1237	chr7	107569047	107569028	+	2.902	1.588	>	6	28	62
1238	chr3	83777088	83777069	-	2.879	3.992	>	6	28	62
1239	chr8	48550865	48550846	+	2.871	0.592	>	6	28	62
1240	chr7	132575955	132575936	-	2.855	4.473	>	6	28	62
1241	chr14	79769127	79769108	-	2.852	4.36	>	6	28	62
1242	chr17	69974245	69974226	-	2.799	1.284	>	6	28	62
1243	chr12	66284211	66284192	-	2.793	5.484	>	6	28	62
1244	chr6	83796902	83796883	-	2.785	3.35	>	6	28	62
1245	chr9	44108077	44108058	+	2.785	11.375	>	6	28	62
1246	chr11	116023924	116023905	+	2.777	6.906	>	6	28	62
1247	chr3	86779824	86779805	-	2.775	8.64	>	6	28	62
1248	chr19	46056202	46056183	+	2.77	5.27	>	6	28	62
1249	chr10	108210181	108210162	-	2.762	0.674	>	6	28	62
1250	chr8	27001386	27001367	+	0.4329	0.4077	>	6	28	62
1251	chr17	28338029	28338010	-	0.252	0.265	>	6	28	62
1252	chr11	76445826	76445807	-	0.2268	0.1863	>	6	28	62
1253	chr5	144244146	144244127	-	0.311	0.3691	>	6	28	62
1254	chr14	79768803	79768784	-	0.3076	0.2808	>	6	28	62
1255	chr9	26778623	26778604	-	1.299	0.6914	>	6	28	62
1256	chr7	25392052	25392033	+	0.2487	0.242	>	6	28	62
1257	chr3	101484879	101484860	-	0.3438	0.528	>	6	28	62
1258	chr2	69113988	69113969	+	0.2472	0.1981	>	6	28	62
1259	chr13	29852447	29852428	-	0.1781	0.1941	>	6	28	62
1260	chr2	60213231	60213212	-	0.1073	0.1628	>	6	28	62
1261	chr2	171418157	171418138	-	0.1407	0.2131	>	6	28	62
1262	chr7	64392050	64392031	-	0.514	0.2006	>	6	28	62
1263	chr15	36157434	36157415	-	0.7227	0.836	>	6	28	62
1264	chr4	49662357	49662338	-	0.4692	0.2915	>	6	28	62
1265	chr4	48422356	48422337	+	1.027	0.5225	>	6	28	62
1266	chr18	82720514	82720495	+	0.1605	0.1409	>	6	28	62
1267	chr1	172022686	172022667	+	0.1733	0.1764	>	6	28	62
1268	chr7	139595890	139595871	+	0.1575	0.2125	>	6	28	62
1269	chr12	73007842	73007823	-	0.345	0.2974	>	6	28	62
1270	chr17	27192928	27192909	-	0.1056	0.4468	>	6	28	62
1271	chr1	53698960	53698941	+	0.557	0.255	>	6	28	62
1272	chr18	12734380	12734361	+	0.207	0.1383	>	6	28	62
1273	chr6	126767488	126767469	-	0.2039	0.2483	>	6	28	62
1274	chr2	92856249	92856230	-	2.734	0.857	>	6	28	62
1275	chr11	74572851	74572832	+	0.2646	0.2705	>	6	28	62
1276	chr9	59675637	59675618	-	0.4082	0.744	>	6	28	62
1277	chr15	55025647	55025628	+	0.1847	0.1536	>	6	28	62
1278	chr4	120579150	120579131	-	0.33	0.264	>	6	28	62
1279	chr15	74525720	74525701	+	0.2172	0.2104	>	6	28	62
1280	chr1	88748095	88748076	+	0.1973	0.1881	>	6	28	62
1281	chr15	32239655	32239636	-	0.2822	0.1587	>	6	28	62
1282	chr7	36571183	36571164	+	0.1103	0.1942	>	6	28	62
1283	chr11	113855351	113855332	-	0.1613	0.1947	>	6	28	62
1284	chr6	90609163	90609144	+	2.127	1.159	>	6	28	62
1285	chr3	146181407	146181388	-	0.2034	0.3416	>	6	28	62
1286	chr10	69857222	69857203	-	0.3232	0.3599	>	6	28	62
1287	chr2	158361425	158361406	-	0.5625	0.2502	>	6	28	62
1288	chr5	136268179	136268160	-	0.1886	0.2153	>	6	28	62
1289	chr16	11983350	11983331	-	1.634	1.076	>	6	28	62
1290	chr2	84437773	84437754	+	0.2305	0.14	>	6	28	62
1291	chr18	24002018	24001999	-	0.133	0.1333	>	6	28	62
1292	chr1	130151533	130151514	-	0.4075	0.3347	>	6	28	62
1293	chr9	59675855	59675836	+	0.3367	0.2161	>	6	28	62
1294	chr11	116840251	116840232	-	0.3374	0.637	>	6	28	62
1295	chr2	155819963	155819944	+	0.07886	0.146	>	6	28	62
1296	chr14	105301632	105301613	+	0.206	0.2114	>	6	28	62
1297	chr12	9044592	9044573	+	0.1821	0.2019	>	6	28	62
1298	chr18	13971224	13971205	-	0.5337	0.3596	>	6	28	62
1299	chr5	136267600	136267581	-	0.2751	0.189	>	6	28	62
1300	chr5	33371430	33371411	+	0.3992	0.1644	>	6	28	62
1301	chr14	51090397	51090378	-	0.4153	0.243	>	6	28	62
1302	chr1	77935072	77935053	+	0.1814	0.1729	>	6	28	62
1303	chr11	119246049	119246030	-	0.204	0.3367	>	6	28	62
1304	chr17	50274949	50274930	-	0.441	0.1749	>	6	28	62
1305	chr8	108956442	108956423	+	0.5635	0.3044	>	6	28	62
1306	chr11	66885340	66885321	+	0.1636	0.169	>	6	28	62
1307	chr7	30099945	30099926	-	0.1979	0.1757	>	6	28	62
1308	chr15	99973159	99973140	-	0.1998	0.3345	>	6	28	62
1309	chr5	16308949	16308930	+	0.1567	0.1411	>	6	28	62
1310	chr6	119466578	119466559	-	0.9824	0.9795	>	6	28	62
1311	chr2	136886679	136886660	+	0.7764	0.2095	>	6	28	62
1312	chr14	79763594	79763575	-	0.2852	0.151	>	6	28	62
1313	chr2	170416012	170415993	+	0.1837	0.1256	>	6	28	62
1314	chr4	41015236	41015217	-	0.1882	0.1434	>	6	28	62
1315	chr11	70975109	70975090	+	0.713	0.3914	>	6	28	62
1316	chr5	122773202	122773183	+	0.11584	0.1375	>	6	28	62
1317	chr4	128588031	128588012	-	0.2659	0.1909	>	6	28	62
1318	chr8	122576186	122576167	-	0.11285	0.1545	>	6	28	62
1319	chr7	76383989	76383970	+	0.1553	0.154	>	6	28	62
1320	chr9	41467019	41467000	-	0.2223	0.1565	>	6	28	62
1321	chr1	32712246	32712227	-	0.05322	0.1516	>	6	28	62
1322	chr16	23974866	23974847	-	0.5283	0.3425	>	6	28	62
1323	chr15	84066194	84066175	-	0.6196	1.17	>	6	28	62
1324	chr11	40148920	40148901	-	1.272	0.642	>	6	28	62
1325	chr7	27166488	27166469	-	0.306	0.491	>	6	28	62
1326	chr11	30240273	30240254	+	0.4001	0.2556	>	6	28	62
1327	chr2	69115969	69115950	-	0.1754	0.1587	>	6	28	62
1328	chr9	113420569	113420550	-	0.2261	0.2178	>	6	28	62
1329	chr12	99882528	99882509	-	0.2617	0.1387	>	6	28	62
1330	chr5	77347648	77347629	-	0.3625	0.4211	>	6	28	62
1331	chr10	49780455	49780436	+	0.2179	0.1394	>	6	28	62
1332	chr5	75855263	75855244	-	0.6416	0.4326	>	6	28	62
1333	chr2	124087358	124087339	-	0.6436	0.2075	>	6	28	62
1334	chr14	49219056	49219037	+	0.678	0.694	>	6	28	62
1335	chr5	147938091	147938072	+	0.368	0.1842	>	6	28	62
1336	chr11	32340288	32340269	+	0.1792	0.1648	>	6	28	62
1337	chr16	50181579	50181560	+	0.2006	0.1838	>	6	28	62
1338	chr16	20496121	20496102	-	0.6714	0.1777	>	6	28	62
1339	chr8	76775680	76775661	+	0.135	0.1975	>	6	28	62
1340	chr14	65597676	65597657	+	0.6543	0.452	>	6	28	62
1341	chr7	64754771	64754752	+	0.1351	0.2295	>	6	28	62
1342	chr2	166083979	166083960	-	0.2964	0.2065	>	6	28	62
1343	chr16	44140440	44140421	+	0.4607	0.3381	>	6	28	62
1344	chr12	90524338	90524319	-	0.3223	0.2983	>	6	28	62
1345	chr5	89391716	89391697	+	0.1626	0.1418	>	6	28	62
1346	chr9	59675438	59675419	-	0.2104	0.1542	>	6	28	62
1347	chr19	16339103	16339084	-	0.1967	0.1177	>	6	28	62
1348	chr13	30545067	30545048	+	0.3672	0.2915	>	6	28	62
1349	chr1	92462681	92462662	+	0.3916	0.1832	>	6	28	62
1350	chr4	84066283	84066264	-	0.1898	0.1552	>	6	28	62
1351	chr9	83373922	83373903	-	0.2197	0.1434	>	6	28	62
1352	chr4	88773969	88773950	-	0.9507	8.01	>	6	28	62
1353	chr9	123132258	123132239	-	0.1687	0.1416	>	6	28	62
1354	chr17	34958843	34958824	-	0.2079	0.5464	>	6	28	62
1355	chr12	50946225	50946206	+	0.2341	0.157	>	6	28	62
1356	chr13	73647252	73647233	+	0.267	0.1704	>	6	28	62
1357	chr11	83279300	83279281	-	0.4434	0.2251	>	6	28	62
1358	chr17	8986048	8986029	-	0.3325	0.212	>	6	28	62
1359	chr4	14935721	14935702	-	0.7095	0.296	>	6	28	62
1360	chr4	75076699	75076680	+	0.09125	0.2014	>	6	28	62
1361	chr5	114610713	114610694	+	0.0985	0.1626	>	6	28	62
1362	chr9	83378273	83378254	-	0.471	0.2808	>	6	28	62
1363	chr9	107773182	107773163	-	0.1786	0.1414	>	6	28	62
1364	chr9	41218030	41218011	+	0.1323	0.1355	>	6	28	62
1365	chr9	105644718	105644699	+	0.4255	0.1808	>	6	28	62
1366	chr8	84264441	84264422	-	1.261	1.4795	>	6	28	62
1367	chr4	135959453	135959434	+	0.112	0.2223	>	6	28	62
1368	chr1	24684268	24684249	+	0.4001	0.1942	>	6	28	62
1369	chr3	87748577	87748558	-	0.7593	0.4382	>	6	28	62
1370	chr9	54690950	54690931	+	0.11566	0.136	>	6	28	62
1371	chr15	82277690	82277671	-	0.9043	0.4492	>	6	28	62
1372	chr5	115498528	115498509	-	0.2693	0.2164	>	6	28	62
1373	chr9	56621276	56621257	+	0.10846	0.253	>	6	28	62
1374	chr18	81956733	81956714	-	0.2815	0.2637	>	6	28	62
1375	chr10	22791401	22791382	-	0.1346	0.2358	>	6	28	62
1376	chr15	82271301	82271282	+	0.836	0.1838	>	6	28	62
1377	chr12	69946159	69946140	+	0.555	0.455	>	6	28	62
1378	chr14	101442800	101442781	+	0.2983	0.1344	>	6	28	62
1379	chr2	164777017	164776998	-	0.5176	0.361	>	6	28	62
1380	chr10	24631573	24631554	-	1.178	1.224	>	6	28	62
1381	chr1	136528510	136528491	-	1.761	0.7373	>	6	28	62
1382	chr10	19222118	19222099	-	1.411	0.8228	>	6	28	62
1383	chr14	56885508	56885489	-	2.348	4.004	>	6	28	62
1384	chr8	85060493	85060474	-	0.9688	0.437	>	6	28	62
1385	chr11	96075822	96075803	-	0.9316	0.4944	>	6	28	62
1386	chr11	77476535	77476516	+	0.1632	0.2383	>	6	28	62
1387	chr1	81294004	81293985	-	0.905	0.562	>	6	28	62
1388	chr12	15520954	15520935	+	0.7183	0.4033	>	6	28	62
1389	chr7	66397054	66397035	+	0.1594	0.2107	>	6	28	62
1390	chr12	74014582	74014563	-	0.2377	0.1973	>	6	28	62
1391	chr5	144242554	144242535	-	0.241	0.1987	>	6	28	62
1392	chr15	66894943	66894924	+	0.2703	0.2021	>	6	28	62
1393	chr6	126484995	126484976	-	0.4333	1.278	>	6	28	62
1394	chr4	48427148	48427129	+	0.678	0.3833	>	6	28	62
1395	chr15	71459211	71459192	+	0.252	0.1731	>	6	28	62
1396	chr3	19896435	19896416	-	0.2361	0.1467	>	6	28	62
1397	chr8	68268707	68268688	-	0.1398	0.1492	>	6	28	62
1398	chr1	182555580	182555561	-	0.1982	0.1915	>	6	28	62
1399	chr9	44413186	44413167	-	0.534	0.393	>	6	28	62
1400	chr14	70151716	70151697	+	0.3604	0.2382	>	6	28	62
1401	chr4	62478250	62478231	+	0.438	0.1328	>	6	28	62
1402	chr3	127561629	127561610	-	0.2183	0.12354	>	6	28	62
1403	chr3	69139614	69139595	-	0.397	0.2261	>	6	28	62
1404	chr17	17919616	17919597	+	0.1678	0.167	>	6	28	62
1405	chr4	139314214	139314195	-	0.2279	0.269	>	6	28	62
1406	chr18	61952763	61952744	-	0.2372	0.1731	>	6	28	62
1407	chr9	7599188	7599169	+	0.33	0.191	>	6	28	62
1408	chr10	120898341	120898322	-	0.3386	0.1467	>	6	28	62
1409	chr11	57469613	57469594	-	0.1846	0.2297	>	6	28	62
1410	chr18	58480198	58480179	-	0.2095	0.1665	>	6	28	62
1411	chr17	12380527	12380508	-	0.658	0.591	>	6	28	62
1412	chr2	107940173	107940154	+	0.11664	0.1351	>	6	28	62
1413	chr2	32580534	32580515	-	0.2605	0.4055	>	6	28	62
1414	chr15	98813480	98813461	+	0.3496	0.5376	>	6	28	62
1415	chr6	54253893	54253874	+	0.1663	0.1743	>	6	28	62
1416	chr1	135800865	135800846	+	0.1766	0.1665	>	6	28	62
1417	chr15	58426369	58426350	+	0.1996	0.1519	>	6	28	62
1418	chr4	87367775	87367756	+	0.3853	0.1472	>	6	28	62
1419	chr2	96583103	96583084	-	0.809	0.3242	>	6	28	62
1420	chr4	63366959	63366940	-	0.1979	0.1753	>	6	28	62
1421	chr4	59761293	59761274	-	0.3435	0.2113	>	6	28	62
1422	chr10	7832162	7832143	+	0.2646	0.1672	>	6	28	62
1423	chr7	89904213	89904194	-	0.2908	0.156	>	6	28	62
1424	chr1	30697342	30697323	+	0.1025	0.1263	>	6	28	62
1425	chr1	58987602	58987583	+	0.2202	0.1498	>	6	28	62
1426	chr15	7452190	7452171	+	0.1405	0.12085	>	6	28	62
1427	chr4	139877044	139877025	+	0.3875	0.2688	>	6	28	62
1428	chr3	83291887	83291868	-	0.0825	0.137	>	6	28	62
1429	chr15	68912907	68912888	-	0.5024	0.2024	>	6	28	62
1430	chr14	64593744	64593725	-	1.073	0.5703	>	6	28	62
1431	chr1	56980349	56980330	-	0.2778	0.2322	>	6	28	62
1432	chr14	75833620	75833601	-	0.6006	0.4543	>	6	28	62
1433	chr16	62904648	62904629	-	0.217	0.1924	>	6	28	62
1434	chr5	35991229	35991210	-	1.033	1.082	>	6	28	62
1435	chr5	44287418	44287399	-	0.248	0.155	>	6	28	62
1436	chr15	76199915	76199896	-	0.07776	0.3071	>	6	28	62
1437	chr4	131240262	131240243	-	0.241	0.206	>	6	28	62
1438	chr5	102147917	102147898	-	0.228	0.2458	>	6	28	62
1439	chr3	93086926	93086907	+	0.0978	0.1787	>	6	28	62
1440	chr6	126163382	126163363	+	2.373	1.376	>	6	28	62
1441	chr3	45375769	45375750	+	1.051	0.2544	>	6	28	62
1442	chr16	90306219	90306200	-	0.3647	0.3506	>	6	28	62
1443	chr17	3249270	3249251	-	0.1843	0.136	>	6	28	62
1444	chr4	143024421	143024402	-	0.087	0.1317	>	6	28	62
1445	chr19	47513892	47513873	-	0.2471	0.1393	>	6	28	62
1446	chr6	66534595	66534576	-	1.387	0.675	>	6	28	62
1447	chr6	134963172	134963153	-	0.6475	0.5996	>	6	28	62
1448	chr14	56369245	56369226	+	0.2401	0.1912	>	6	28	62
1449	chr18	53460219	53460200	+	0.1775	0.162	>	6	28	62
1450	chr7	89476922	89476903	-	0.2163	0.1522	>	6	28	62
1451	chr6	34273116	34273097	+	0.0673	0.1545	>	6	28	62
1452	chr7	142295608	142295589	-	1.062	6.32	>	6	28	62
1453	chr3	22302208	22302189	+	0.992	0.3848	>	6	28	62
1454	chr6	31045994	31045975	-	0.7534	0.959	>	6	28	62
1455	chr9	57143378	57143359	-	0.1816	0.2302	>	6	28	62
1456	chr6	101268340	101268321	+	0.2712	0.1924	>	6	28	62
1457	chr9	58897456	58897437	-	0.7163	0.4846	>	6	28	62
1458	chr17	79601068	79601049	+	0.2245	0.12476	>	6	28	62
1459	chr16	5254607	5254588	-	0.2883	0.22	>	6	28	62
1460	chr4	83595536	83595517	+	1.783	1.041	>	6	28	62
1461	chr9	51159881	51159862	-	0.6875	0.266	>	6	28	62
1462	chr14	66354429	66354410	+	0.1142	0.1388	>	6	28	62
1463	chr5	117090283	117090264	+	0.5806	0.4014	>	6	28	62
1464	chr2	168061425	168061406	-	0.1733	0.2051	>	6	28	62
1465	chr5	9169228	9169209	+	0.3306	0.1686	>	6	28	62
1466	chr6	28418701	28418682	-	0.4202	0.266	>	6	28	62
1467	chr12	105038443	105038424	-	0.1501	0.2063	>	6	28	62
1468	chr1	182558143	182558124	-	0.2264	0.1511	>	6	28	62
1469	chr8	47713300	47713281	-	1.078	1.646	>	6	28	62
1470	chr18	47357393	47357374	+	0.2007	0.1278	>	6	28	62
1471	chr1	118771083	118771064	-	0.1254	0.2006	>	6	28	62
1472	chr16	6493044	6493025	-	0.1927	0.1516	>	6	28	62
1473	chr9	42951005	42950986	-	0.3914	0.2078	>	6	28	62
1474	chr13	53430986	53430967	-	0.6504	0.3672	>	6	28	62
1475	chr13	67609268	67609249	+	2.162	0.826	>	6	28	62
1476	chr1	53035072	53035053	+	0.1465	0.1494	>	6	28	62
1477	chr7	99471824	99471805	-	0.3745	0.4907	>	6	28	62
1478	chr11	36543574	36543555	-	0.1156	0.1614	>	6	28	62
1479	chr5	124334258	124334239	-	0.3428	0.273	>	6	28	62
1480	chr10	76771414	76771395	-	0.1296	0.2047	>	6	28	62
1481	chr10	4386719	4386700	+	0.32	0.4492	>	6	28	62
1482	chr5	116554091	116554072	+	0.0876	0.1714	>	6	28	62
1483	chr10	41734858	41734839	+	0.1406	0.2605	>	6	28	62
1484	chr10	50906875	50906856	-	0.2361	0.1674	>	6	28	62
1485	chr11	31651668	31651649	+	0.07605	0.1534	>	6	28	62
1486	chr6	116193190	116193171	+	0.3687	0.372	>	6	28	62
1487	chr1	188976509	188976490	+	0.343	0.1833	>	6	28	62
1488	chr12	101976095	101976076	+	0.681	0.4116	>	6	28	62
1489	chr15	75925915	75925896	+	0.6084	0.9233	>	6	28	62
1490	chr1	4777287	4777268	-	0.9443	1.425	>	6	28	62
1491	chr18	86560230	86560211	+	0.7866	1.138	>	6	28	62
1492	chr7	43574878	43574859	+	1.292	1.347	>	6	28	62
1493	chr7	98200601	98200582	-	0.2927	0.1711	>	6	28	62
1494	chr4	143319849	143319830	+	0.2299	0.1525	>	6	28	62
1495	chr2	128601696	128601677	-	0.1208	0.207	>	6	28	62
1496	chr17	57004491	57004472	-	0.1467	0.2932	>	6	28	62
1497	chr2	35196541	35196522	-	1.081	0.3997	>	6	28	62
1498	chr5	29779371	29779352	+	0.1531	0.1671	>	6	28	62
1499	chr10	93038429	93038410	-	0.163	0.1875	>	6	28	62
0	chr4	87368268	87368249	+	90.56	65.75	>	6	29	61
1	chr11	109860827	109860808	-	89.2	47.97	>	6	29	61
2	chr3	22309188	22309169	+	81.5	60.4	>	6	29	61
3	chr10	5161770	5161751	-	79.2	55.88	>	6	29	61
4	chr16	71247702	71247683	+	68.56	43.2	>	6	29	61
5	chr16	72980067	72980048	-	68.3	56.7	>	6	29	61
6	chr6	60556001	60555982	+	67.7	40.38	>	6	29	61
7	chr5	7996919	7996900	-	66.06	59.4	>	6	29	61
8	chr14	12140114	12140095	-	65.1	51.62	>	6	29	61
9	chr13	81439574	81439555	+	64.94	46.94	>	6	29	61
10	chr9	103996726	103996707	-	64.9	51.25	>	6	29	61
11	chr15	56066340	56066321	+	63.97	42.94	>	6	29	61
12	chr10	106609250	106609231	+	63.97	42.62	>	6	29	61
13	chr1	144380222	144380203	-	63.4	48.44	>	6	29	61
14	chr10	8240468	8240449	-	62.34	45.88	>	6	29	61
15	chr12	77000269	77000250	+	62.22	54.97	>	6	29	61
16	chr1	44745882	44745863	+	62.12	40.25	>	6	29	61
17	chr4	81178889	81178870	+	62.03	50.0	>	6	29	61
18	chr9	10909768	10909749	+	61.12	47.94	>	6	29	61
19	chr6	64650119	64650100	-	60.56	60.88	>	6	29	61
20	chr15	32766485	32766466	-	60.56	46.62	>	6	29	61
21	chr4	9135983	9135964	+	60.03	34.12	>	6	29	61
22	chr7	118305013	118304994	+	59.5	47.62	>	6	29	61
23	chr10	39520570	39520551	-	58.34	40.5	>	6	29	61
24	chr1	78724658	78724639	+	58.25	47.28	>	6	29	61
25	chr2	160598038	160598019	+	57.94	55.8	>	6	29	61
26	chr18	33790258	33790239	-	57.72	56.3	>	6	29	61
27	chr12	40837750	40837731	+	57.5	46.25	>	6	29	61
28	chr8	41443763	41443744	+	57.34	56.06	>	6	29	61
29	chr14	68494314	68494295	-	56.94	24.97	>	6	29	61
30	chr1	11657910	11657891	+	56.8	43.62	>	6	29	61
31	chr11	77100337	77100318	+	55.88	49.25	>	6	29	61
32	chr16	41244935	41244916	-	55.72	48.0	>	6	29	61
33	chr14	87452291	87452272	-	55.72	63.0	>	6	29	61
34	chr18	16217050	16217031	+	54.9	26.8	>	6	29	61
35	chr11	53255133	53255114	-	54.8	39.5	>	6	29	61
36	chr9	7216447	7216428	+	54.56	27.64	>	6	29	61
37	chr8	35850598	35850579	-	54.5	50.94	>	6	29	61
38	chr8	102781131	102781112	-	54.44	41.34	>	6	29	61
39	chr5	49962010	49961991	-	54.16	50.88	>	6	29	61
40	chr7	90410162	90410143	-	54.06	39.75	>	6	29	61
41	chr4	15328717	15328698	+	54.03	40.72	>	6	29	61
42	chr11	31949616	31949597	-	54.0	41.44	>	6	29	61
43	chr1	120586671	120586652	+	53.8	57.06	>	6	29	61
44	chr13	19698921	19698902	+	53.16	40.8	>	6	29	61
45	chr12	57825950	57825931	+	53.03	34.38	>	6	29	61
46	chr16	72215933	72215914	-	52.7	45.56	>	6	29	61
47	chr9	15685402	15685383	+	52.62	45.03	>	6	29	61
48	chr10	10321327	10321308	-	52.47	23.97	>	6	29	61
49	chr9	49494135	49494116	+	52.4	51.5	>	6	29	61
50	chr3	50906169	50906150	-	52.12	57.06	>	6	29	61
51	chr11	57467973	57467954	-	52.03	54.47	>	6	29	61
52	chr11	113165316	113165297	-	51.88	57.94	>	6	29	61
53	chr9	51152608	51152589	-	51.8	48.22	>	6	29	61
54	chr16	58299658	58299639	+	51.56	30.08	>	6	29	61
55	chr16	22564783	22564764	+	51.44	49.16	>	6	29	61
56	chr8	36523135	36523116	-	51.4	44.44	>	6	29	61
57	chr14	34810941	34810922	+	51.3	52.97	>	6	29	61
58	chr6	101261740	101261721	-	51.0	49.47	>	6	29	61
59	chr7	132213694	132213675	-	50.8	38.62	>	6	29	61
60	chr2	48886271	48886252	-	50.28	44.53	>	6	29	61
61	chr12	54060974	54060955	-	50.12	27.78	>	6	29	61
62	chr1	5905019	5905000	-	50.06	44.22	>	6	29	61
63	chr9	26776375	26776356	-	50.0	53.88	>	6	29	61
64	chr1	103799519	103799500	+	49.53	56.44	>	6	29	61
65	chr9	88222188	88222169	-	49.5	40.1	>	6	29	61
66	chr18	58481884	58481865	-	49.28	39.28	>	6	29	61
67	chr13	100112788	100112769	+	49.16	37.22	>	6	29	61
68	chr3	14679394	14679375	+	49.06	29.97	>	6	29	61
69	chr16	37109459	37109440	+	48.75	19.0	>	6	29	61
70	chr3	153655318	153655299	-	48.72	48.28	>	6	29	61
71	chr16	89765698	89765679	-	48.38	54.0	>	6	29	61
72	chr13	89543228	89543209	-	48.3	56.84	>	6	29	61
73	chr11	40149509	40149490	-	48.28	36.34	>	6	29	61
74	chr3	113080940	113080921	-	48.2	53.4	>	6	29	61
75	chr10	70963797	70963778	-	47.53	51.97	>	6	29	61
76	chr6	66533480	66533461	-	47.34	41.22	>	6	29	61
77	chr18	57976815	57976796	+	47.28	41.3	>	6	29	61
78	chr12	92303388	92303369	+	47.12	48.12	>	6	29	61
79	chr6	43686140	43686121	+	47.1	34.0	>	6	29	61
80	chr15	11038687	11038668	+	47.06	40.16	>	6	29	61
81	chr6	13281064	13281045	-	47.06	44.4	>	6	29	61
82	chr4	25180081	25180062	-	46.94	22.34	>	6	29	61
83	chr2	110229883	110229864	+	46.8	37.2	>	6	29	61
84	chr2	118638293	118638274	+	46.34	48.4	>	6	29	61
85	chr14	67674858	67674839	-	46.2	40.62	>	6	29	61
86	chr1	179477262	179477243	-	45.97	54.9	>	6	29	61
87	chr12	78056191	78056172	+	45.84	48.03	>	6	29	61
88	chr15	44836402	44836383	+	45.7	45.75	>	6	29	61
89	chr9	80293262	80293243	+	45.3	48.66	>	6	29	61
90	chr1	21411405	21411386	+	45.28	35.97	>	6	29	61
91	chr8	80483379	80483360	-	45.28	32.34	>	6	29	61
92	chr16	55477026	55477007	-	44.9	60.88	>	6	29	61
93	chr9	122729759	122729740	-	44.72	40.56	>	6	29	61
94	chr2	17415581	17415562	-	44.56	38.03	>	6	29	61
95	chr4	13778049	13778030	-	44.5	20.47	>	6	29	61
96	chr16	64748455	64748436	-	44.47	52.25	>	6	29	61
97	chr6	57570627	57570608	-	44.28	34.06	>	6	29	61
98	chr16	13117421	13117402	+	44.28	48.25	>	6	29	61
99	chr1	54381475	54381456	-	44.12	34.1	>	6	29	61
100	chr15	40166896	40166877	+	44.03	40.53	>	6	29	61
101	chr17	83271696	83271677	+	44.0	39.2	>	6	29	61
102	chr9	63136063	63136044	+	43.94	32.22	>	6	29	61
103	chr3	68056550	68056531	+	43.88	35.0	>	6	29	61
104	chr3	25220822	25220803	-	43.8	23.62	>	6	29	61
105	chr7	118102455	118102436	-	43.53	59.94	>	6	29	61
106	chr9	51335485	51335466	+	43.47	26.75	>	6	29	61
107	chr16	96671807	96671788	-	43.4	27.66	>	6	29	61
108	chr2	113494904	113494885	+	43.34	43.28	>	6	29	61
109	chr1	55404561	55404542	+	43.25	39.06	>	6	29	61
110	chr3	80079969	80079950	+	43.0	35.7	>	6	29	61
111	chr11	25862989	25862970	-	42.66	37.9	>	6	29	61
112	chr13	109213188	109213169	-	42.6	60.5	>	6	29	61
113	chr8	58566283	58566264	+	42.56	33.8	>	6	29	61
114	chr16	72218227	72218208	+	42.38	47.1	>	6	29	61
115	chr14	102510640	102510621	-	42.34	35.9	>	6	29	61
116	chr7	143154010	143153991	+	42.16	43.66	>	6	29	61
117	chr6	143219585	143219566	+	42.1	41.62	>	6	29	61
118	chr17	86906334	86906315	-	41.97	47.25	>	6	29	61
119	chr8	62080400	62080381	+	41.97	30.6	>	6	29	61
120	chr3	57843985	57843966	+	41.94	43.75	>	6	29	61
121	chr18	3495634	3495615	+	41.62	36.03	>	6	29	61
122	chr7	125393847	125393828	-	41.56	47.0	>	6	29	61
123	chr7	86211564	86211545	-	41.56	46.4	>	6	29	61
124	chr9	60245127	60245108	+	41.38	43.16	>	6	29	61
125	chr6	131353859	131353840	-	41.3	15.89	>	6	29	61
126	chr15	98173991	98173972	-	41.25	24.88	>	6	29	61
127	chr17	88641249	88641230	-	41.12	34.25	>	6	29	61
128	chr9	87027908	87027889	+	41.1	38.34	>	6	29	61
129	chr4	70621553	70621534	-	40.97	48.38	>	6	29	61
130	chr12	41487236	41487217	-	40.88	35.94	>	6	29	61
131	chr4	127368548	127368529	+	40.8	49.72	>	6	29	61
132	chr8	50293750	50293731	-	40.75	48.2	>	6	29	61
133	chr16	27468981	27468962	+	40.75	34.62	>	6	29	61
134	chr7	121641354	121641335	-	40.7	30.69	>	6	29	61
135	chr3	29726795	29726776	-	40.7	30.42	>	6	29	61
136	chr14	29110872	29110853	-	40.66	51.22	>	6	29	61
137	chr13	116712427	116712408	-	40.62	33.1	>	6	29	61
138	chr18	19939562	19939543	-	40.47	45.7	>	6	29	61
139	chr15	80704533	80704514	-	40.28	46.53	>	6	29	61
140	chr18	50137074	50137055	+	40.28	37.62	>	6	29	61
141	chr13	15763212	15763193	-	40.25	29.53	>	6	29	61
142	chr19	50185486	50185467	+	40.22	44.2	>	6	29	61
143	chr12	74013965	74013946	-	40.22	40.8	>	6	29	61
144	chr1	138835543	138835524	+	40.06	20.81	>	6	29	61
145	chr15	55550924	55550905	-	40.06	37.12	>	6	29	61
146	chr1	61771439	61771420	-	40.06	23.55	>	6	29	61
147	chr12	34664961	34664942	+	40.0	19.7	>	6	29	61
148	chr14	78288101	78288082	-	39.8	38.8	>	6	29	61
149	chr2	4499416	4499397	+	39.78	33.88	>	6	29	61
150	chr13	30260132	30260113	-	39.75	32.75	>	6	29	61
151	chr9	68015271	68015252	+	39.2	39.0	>	6	29	61
152	chr1	126993502	126993483	-	39.06	47.2	>	6	29	61
153	chr16	25349824	25349805	-	39.0	41.2	>	6	29	61
154	chr1	14729249	14729230	-	38.94	39.3	>	6	29	61
155	chr15	59389427	59389408	+	38.7	46.34	>	6	29	61
156	chr6	100882590	100882571	+	38.66	49.44	>	6	29	61
157	chr3	9711121	9711102	+	38.62	35.47	>	6	29	61
158	chr6	21214019	21214000	-	38.47	24.2	>	6	29	61
159	chr17	42603617	42603598	-	38.47	42.5	>	6	29	61
160	chr4	80517548	80517529	-	38.47	41.4	>	6	29	61
161	chr9	85328584	85328565	-	38.28	30.06	>	6	29	61
162	chr17	44262001	44261982	+	38.22	44.16	>	6	29	61
163	chr10	102449665	102449646	+	38.2	48.84	>	6	29	61
164	chr17	14520745	14520726	-	38.12	30.45	>	6	29	61
165	chr13	51830925	51830906	+	38.0	56.0	>	6	29	61
166	chr12	83502436	83502417	-	37.97	34.4	>	6	29	61
167	chr5	75853265	75853246	-	37.94	27.88	>	6	29	61
168	chr13	110382742	110382723	+	37.88	61.84	>	6	29	61
169	chr5	62481159	62481140	-	37.8	35.4	>	6	29	61
170	chr7	49121503	49121484	-	37.7	29.61	>	6	29	61
171	chr15	11966575	11966556	-	37.66	34.72	>	6	29	61
172	chr3	31146135	31146116	+	37.53	44.5	>	6	29	61
173	chr2	37815879	37815860	+	37.47	39.2	>	6	29	61
174	chr5	33033442	33033423	-	37.44	48.28	>	6	29	61
175	chr9	7595466	7595447	-	37.4	28.72	>	6	29	61
176	chr5	21641153	21641134	-	37.3	33.66	>	6	29	61
177	chr14	48367302	48367283	-	37.12	39.88	>	6	29	61
178	chr17	14524624	14524605	+	37.1	38.88	>	6	29	61
179	chr4	84064835	84064816	+	37.06	23.38	>	6	29	61
180	chr4	63368786	63368767	+	37.06	51.6	>	6	29	61
181	chr5	102149680	102149661	+	37.03	38.97	>	6	29	61
182	chr12	32897684	32897665	-	36.88	40.9	>	6	29	61
183	chr16	91936532	91936513	+	36.72	43.06	>	6	29	61
184	chr6	37046379	37046360	-	36.72	47.7	>	6	29	61
185	chr18	59081896	59081877	+	36.7	37.34	>	6	29	61
186	chr6	103697552	103697533	-	36.3	43.6	>	6	29	61
187	chr18	19937930	19937911	+	36.3	37.56	>	6	29	61
188	chr6	93757594	93757575	+	36.28	18.31	>	6	29	61
189	chr17	9756371	9756352	+	36.28	21.2	>	6	29	61
190	chr2	96585854	96585835	+	36.25	26.84	>	6	29	61
191	chr11	82915176	82915157	+	36.2	36.34	>	6	29	61
192	chr6	6005837	6005818	+	36.03	35.2	>	6	29	61
193	chr1	98392238	98392219	-	36.03	38.97	>	6	29	61
194	chr7	48749384	48749365	+	35.94	38.3	>	6	29	61
195	chr11	105911812	105911793	-	35.9	37.8	>	6	29	61
196	chr10	45045486	45045467	-	35.8	35.22	>	6	29	61
197	chr2	4492748	4492729	-	35.75	19.97	>	6	29	61
198	chr6	18087397	18087378	+	35.75	40.84	>	6	29	61
199	chr5	90203341	90203322	+	35.7	41.12	>	6	29	61
200	chr7	136489148	136489129	+	35.62	28.06	>	6	29	61
201	chr9	109862620	109862601	-	35.6	34.12	>	6	29	61
202	chr15	59876355	59876336	+	35.3	32.16	>	6	29	61
203	chr14	76473612	76473593	-	35.25	45.66	>	6	29	61
204	chr3	128349320	128349301	+	35.03	41.75	>	6	29	61
205	chr3	45375963	45375944	+	35.03	23.92	>	6	29	61
206	chr3	133314669	133314650	+	34.97	39.0	>	6	29	61
207	chr1	96801850	96801831	-	34.84	30.55	>	6	29	61
208	chr7	115216958	115216939	+	34.62	30.45	>	6	29	61
209	chr9	59282577	59282558	-	34.62	26.88	>	6	29	61
210	chr2	148112135	148112116	-	34.5	31.5	>	6	29	61
211	chr18	52457916	52457897	-	34.47	28.2	>	6	29	61
212	chr6	56691454	56691435	-	34.34	42.2	>	6	29	61
213	chr13	20292580	20292561	-	34.3	38.5	>	6	29	61
214	chr13	57260119	57260100	-	34.25	52.66	>	6	29	61
215	chr13	113877615	113877596	+	34.25	36.75	>	6	29	61
216	chr13	116715029	116715010	-	34.1	31.72	>	6	29	61
217	chr4	83596692	83596673	-	34.1	52.75	>	6	29	61
218	chr8	64941619	64941600	-	34.06	33.75	>	6	29	61
219	chr3	51701488	51701469	+	34.03	22.56	>	6	29	61
220	chr14	120061322	120061303	-	33.84	29.2	>	6	29	61
221	chr7	75910166	75910147	+	33.8	57.6	>	6	29	61
222	chr4	98702698	98702679	-	33.78	31.62	>	6	29	61
223	chr3	146185137	146185118	+	33.62	52.6	>	6	29	61
224	chr4	151157152	151157133	+	33.53	59.38	>	6	29	61
225	chr5	43391861	43391842	-	33.5	21.5	>	6	29	61
226	chr11	93856511	93856492	-	33.47	26.19	>	6	29	61
227	chr14	59605843	59605824	+	33.47	40.3	>	6	29	61
228	chr14	84438580	84438561	+	33.44	23.31	>	6	29	61
229	chr12	50943824	50943805	-	33.28	38.56	>	6	29	61
230	chr7	83550335	83550316	-	33.2	30.12	>	6	29	61
231	chr6	117167008	117166989	+	33.03	30.3	>	6	29	61
232	chr4	12538791	12538772	+	33.0	21.84	>	6	29	61
233	chr18	47353079	47353060	+	32.84	24.58	>	6	29	61
234	chr5	12541496	12541477	-	32.72	22.56	>	6	29	61
235	chr2	60721127	60721108	+	32.72	22.53	>	6	29	61
236	chr11	78838251	78838232	+	32.72	51.5	>	6	29	61
237	chr8	73356225	73356206	+	32.62	23.39	>	6	29	61
238	chr12	10598567	10598548	+	32.5	41.56	>	6	29	61
239	chr19	20345158	20345139	-	32.25	47.94	>	6	29	61
240	chr17	58909486	58909467	-	32.16	39.4	>	6	29	61
241	chr10	69655037	69655018	-	32.12	36.56	>	6	29	61
242	chr4	3967733	3967714	-	32.12	41.75	>	6	29	61
243	chr16	21192795	21192776	-	32.06	38.78	>	6	29	61
244	chr11	12291593	12291574	-	32.0	15.54	>	6	29	61
245	chr11	117385082	117385063	+	31.83	36.6	>	6	29	61
246	chr12	32292095	32292076	+	31.73	20.83	>	6	29	61
247	chr4	64833096	64833077	+	31.69	34.34	>	6	29	61
248	chr13	47301245	47301226	+	31.67	43.9	>	6	29	61
249	chr1	89631957	89631938	-	31.56	45.38	>	6	29	61
250	chr9	69296601	69296582	-	31.53	38.66	>	6	29	61
251	chr3	53735364	53735345	+	31.28	24.5	>	6	29	61
252	chr10	45373471	45373452	-	31.2	37.7	>	6	29	61
253	chr8	91797725	91797706	+	31.19	30.23	>	6	29	61
254	chr4	88035662	88035643	+	31.06	19.66	>	6	29	61
255	chr2	75151187	75151168	-	31.05	37.9	>	6	29	61
256	chr14	66791971	66791952	-	31.02	32.1	>	6	29	61
257	chr2	93199062	93199043	-	30.9	51.25	>	6	29	61
258	chr2	73551006	73550987	+	30.86	53.72	>	6	29	61
259	chr12	89451144	89451125	-	30.81	40.1	>	6	29	61
260	chr16	66086729	66086710	-	30.81	33.7	>	6	29	61
261	chr14	114791647	114791628	-	30.72	37.2	>	6	29	61
262	chr4	43420547	43420528	-	30.61	34.5	>	6	29	61
263	chr1	87447687	87447668	+	30.56	32.53	>	6	29	61
264	chr15	55306471	55306452	+	30.56	24.06	>	6	29	61
265	chr15	97667578	97667559	+	30.52	37.12	>	6	29	61
266	chr2	16359548	16359529	+	30.47	16.92	>	6	29	61
267	chr14	8356099	8356080	+	30.42	51.06	>	6	29	61
268	chr3	19894816	19894797	-	30.38	33.66	>	6	29	61
269	chr12	43813750	43813731	-	30.34	24.06	>	6	29	61
270	chr2	27770378	27770359	+	30.12	46.8	>	6	29	61
271	chr16	48675836	48675817	-	30.12	28.97	>	6	29	61
272	chr10	13016733	13016714	+	30.1	53.44	>	6	29	61
273	chr2	76367359	76367340	+	30.05	30.6	>	6	29	61
274	chr2	115515230	115515211	+	30.05	12.29	>	6	29	61
275	chr19	16785108	16785089	-	30.03	27.4	>	6	29	61
276	chr3	78948444	78948425	+	30.03	29.16	>	6	29	61
277	chr1	37250876	37250857	-	29.94	25.45	>	6	29	61
278	chr18	74431409	74431390	+	29.94	28.48	>	6	29	61
279	chr1	38787652	38787633	-	29.89	46.22	>	6	29	61
280	chr3	14874584	14874565	+	29.88	22.88	>	6	29	61
281	chr9	69505778	69505759	+	29.88	30.58	>	6	29	61
282	chr10	84450913	84450894	-	29.77	31.7	>	6	29	61
283	chr2	172216047	172216028	-	29.77	65.06	>	6	29	61
284	chr10	97712895	97712876	+	29.72	22.83	>	6	29	61
285	chr1	4770074	4770055	+	29.72	39.66	>	6	29	61
286	chr12	50301580	50301561	-	29.69	16.55	>	6	29	61
287	chr15	85266923	85266904	+	29.69	42.06	>	6	29	61
288	chr4	85403030	85403011	+	29.62	27.23	>	6	29	61
289	chr6	97526370	97526351	-	29.53	31.17	>	6	29	61
290	chr8	112046096	112046077	+	29.5	62.6	>	6	29	61
291	chr12	96311368	96311349	-	29.48	23.8	>	6	29	61
292	chr1	93507239	93507220	-	29.45	32.5	>	6	29	61
293	chr13	21714927	21714908	+	29.4	37.72	>	6	29	61
294	chr6	49008180	49008161	+	29.38	27.1	>	6	29	61
295	chr17	17749545	17749526	-	29.36	32.88	>	6	29	61
296	chr6	145360253	145360234	+	29.34	33.62	>	6	29	61
297	chr7	17066630	17066611	-	29.27	41.75	>	6	29	61
298	chr12	81788850	81788831	-	29.25	32.47	>	6	29	61
299	chr7	129649172	129649153	+	29.19	42.88	>	6	29	61
300	chr14	104039053	104039034	+	29.17	41.16	>	6	29	61
301	chr13	41634744	41634725	-	29.08	40.84	>	6	29	61
302	chr7	138835232	138835213	-	29.02	47.88	>	6	29	61
303	chr15	97195797	97195778	+	28.92	38.5	>	6	29	61
304	chr1	119087737	119087718	+	28.89	50.28	>	6	29	61
305	chr4	85819373	85819354	-	28.86	29.28	>	6	29	61
306	chr11	30657307	30657288	-	28.86	6.477	>	6	29	61
307	chr5	49369245	49369226	+	28.66	27.94	>	6	29	61
308	chr6	106805067	106805048	+	28.61	20.38	>	6	29	61
309	chr6	31660958	31660939	+	28.53	52.9	>	6	29	61
310	chr12	8306749	8306730	-	28.48	47.94	>	6	29	61
311	chr13	42822785	42822766	-	28.47	44.4	>	6	29	61
312	chr15	34968778	34968759	+	28.4	27.94	>	6	29	61
313	chr7	68369859	68369840	+	28.38	58.97	>	6	29	61
314	chr15	80266443	80266424	+	28.33	34.62	>	6	29	61
315	chr6	102171110	102171091	+	28.19	24.06	>	6	29	61
316	chr16	72605273	72605254	-	28.11	17.7	>	6	29	61
317	chr18	65490506	65490487	+	28.06	33.94	>	6	29	61
318	chr3	55373775	55373756	+	28.0	19.75	>	6	29	61
319	chr1	53927814	53927795	-	27.97	28.48	>	6	29	61
320	chr2	160368066	160368047	-	27.95	21.97	>	6	29	61
321	chr10	42295232	42295213	-	27.94	37.8	>	6	29	61
322	chr7	116040411	116040392	-	27.9	26.19	>	6	29	61
323	chr10	116197535	116197516	-	27.81	28.58	>	6	29	61
324	chr5	20773533	20773514	-	27.81	20.77	>	6	29	61
325	chr12	80725012	80724993	-	27.73	38.97	>	6	29	61
326	chr15	66899881	66899862	-	27.6	21.5	>	6	29	61
327	chr18	16822208	16822189	-	27.56	13.28	>	6	29	61
328	chr18	14503254	14503235	-	27.55	19.48	>	6	29	61
329	chr5	98344786	98344767	+	27.44	28.3	>	6	29	61
330	chr10	77517236	77517217	+	27.39	30.44	>	6	29	61
331	chr1	44741472	44741453	-	27.38	6.344	>	6	29	61
332	chr6	127945983	127945964	-	27.28	24.97	>	6	29	61
333	chr16	42914955	42914936	-	27.27	20.78	>	6	29	61
334	chr18	39137558	39137539	+	27.11	15.805	>	6	29	61
335	chr13	42575907	42575888	+	27.11	22.34	>	6	29	61
336	chr2	13278209	13278190	+	27.06	48.53	>	6	29	61
337	chr18	43836585	43836566	-	27.06	22.66	>	6	29	61
338	chr4	114647896	114647877	+	27.05	26.58	>	6	29	61
339	chr16	44149214	44149195	-	27.03	37.28	>	6	29	61
340	chr13	109776299	109776280	+	27.02	27.47	>	6	29	61
341	chr19	30217515	30217496	+	27.0	44.25	>	6	29	61
342	chr6	61316075	61316056	+	26.94	38.16	>	6	29	61
343	chr17	78598832	78598813	+	26.92	37.16	>	6	29	61
344	chr2	117231457	117231438	-	26.88	23.62	>	6	29	61
345	chr4	115101816	115101797	+	26.84	34.88	>	6	29	61
346	chr10	57448131	57448112	-	26.8	44.97	>	6	29	61
347	chr13	113046665	113046646	+	26.77	22.72	>	6	29	61
348	chr4	110022447	110022428	-	26.58	43.47	>	6	29	61
349	chr7	101653829	101653810	+	26.5	47.97	>	6	29	61
350	chr5	67756338	67756319	+	26.5	26.55	>	6	29	61
351	chr3	62192717	62192698	-	26.5	17.1	>	6	29	61
352	chr10	17728146	17728127	-	26.45	14.96	>	6	29	61
353	chr5	37752557	37752538	-	26.33	30.73	>	6	29	61
354	chr1	60961316	60961297	-	26.3	26.22	>	6	29	61
355	chr17	68176981	68176962	+	26.27	18.84	>	6	29	61
356	chr7	37357871	37357852	-	26.2	67.6	>	6	29	61
357	chr4	32572316	32572297	-	26.16	44.75	>	6	29	61
358	chr4	96696741	96696722	+	26.12	32.22	>	6	29	61
359	chr4	109729491	109729472	-	26.06	50.3	>	6	29	61
360	chr10	111977780	111977761	+	25.78	32.1	>	6	29	61
361	chr5	45424489	45424470	-	25.73	30.9	>	6	29	61
362	chr2	61494577	61494558	-	25.72	22.25	>	6	29	61
363	chr6	13287046	13287027	+	25.69	21.62	>	6	29	61
364	chr9	116060829	116060810	+	25.66	36.5	>	6	29	61
365	chr8	17537753	17537734	-	25.64	36.44	>	6	29	61
366	chr9	77781636	77781617	-	25.62	27.94	>	6	29	61
367	chr15	5106460	5106441	-	25.56	29.45	>	6	29	61
368	chr17	93141334	93141315	-	25.53	33.03	>	6	29	61
369	chr6	97759520	97759501	+	25.52	17.88	>	6	29	61
370	chr8	119384750	119384731	-	25.47	45.94	>	6	29	61
371	chr6	88113322	88113303	+	25.38	41.75	>	6	29	61
372	chr15	101984527	101984508	-	25.38	56.7	>	6	29	61
373	chr8	54493335	54493316	-	25.34	39.7	>	6	29	61
374	chr9	24119622	24119603	+	25.33	14.83	>	6	29	61
375	chr3	50077169	50077150	-	25.31	24.22	>	6	29	61
376	chr4	47419767	47419748	+	25.23	44.03	>	6	29	61
377	chr2	76115910	76115891	+	25.22	28.97	>	6	29	61
378	chr15	67174759	67174740	+	25.2	12.74	>	6	29	61
379	chr8	125574509	125574490	+	25.17	12.85	>	6	29	61
380	chr1	161737065	161737046	-	25.11	39.75	>	6	29	61
381	chr3	85571455	85571436	-	25.1	9.7	>	6	29	61
382	chr18	19577078	19577059	-	25.02	27.28	>	6	29	61
383	chr19	36083087	36083068	-	25.0	29.4	>	6	29	61
384	chr8	115709616	115709597	-	24.98	9.14	>	6	29	61
385	chr10	126330794	126330775	-	24.84	24.02	>	6	29	61
386	chr15	25993551	25993532	+	24.81	33.28	>	6	29	61
387	chr5	131430355	131430336	-	24.78	45.44	>	6	29	61
388	chr1	9545352	9545333	-	24.78	38.06	>	6	29	61
389	chr19	28768445	28768426	-	24.75	36.44	>	6	29	61
390	chr10	24630876	24630857	+	24.72	22.94	>	6	29	61
391	chr17	54351102	54351083	+	24.53	15.79	>	6	29	61
392	chr16	20496806	20496787	+	24.47	28.86	>	6	29	61
393	chr12	109394024	109394005	-	24.44	15.02	>	6	29	61
394	chr13	21803288	21803269	-	24.42	40.1	>	6	29	61
395	chr3	103392995	103392976	+	24.38	33.9	>	6	29	61
396	chr15	25428758	25428739	+	24.31	24.08	>	6	29	61
397	chr3	135206860	135206841	-	24.3	9.21	>	6	29	61
398	chr8	65139261	65139242	+	24.3	33.56	>	6	29	61
399	chr9	29650850	29650831	-	24.23	35.72	>	6	29	61
400	chr3	127971093	127971074	+	24.2	46.1	>	6	29	61
401	chr2	104035038	104035019	+	24.16	33.7	>	6	29	61
402	chr9	81635302	81635283	+	24.11	12.08	>	6	29	61
403	chr6	95484597	95484578	+	24.03	13.41	>	6	29	61
404	chr14	72293991	72293972	-	23.83	34.2	>	6	29	61
405	chr18	65490035	65490016	-	23.72	29.94	>	6	29	61
406	chr12	38123788	38123769	-	23.66	16.0	>	6	29	61
407	chr18	70184838	70184819	-	23.66	11.39	>	6	29	61
408	chr3	152095252	152095233	-	23.53	23.67	>	6	29	61
409	chr8	32002994	32002975	-	23.5	23.94	>	6	29	61
410	chr11	22206830	22206811	-	23.48	11.1	>	6	29	61
411	chr5	76541051	76541032	-	23.44	19.22	>	6	29	61
412	chr10	52106337	52106318	+	23.38	22.61	>	6	29	61
413	chr1	84697462	84697443	-	23.38	25.22	>	6	29	61
414	chr1	67181385	67181366	+	23.34	35.0	>	6	29	61
415	chr6	101267027	101267008	+	23.31	12.77	>	6	29	61
416	chr6	129255175	129255156	-	23.25	41.8	>	6	29	61
417	chr4	115710017	115709998	-	23.19	25.83	>	6	29	61
418	chr2	118241614	118241595	-	23.19	37.16	>	6	29	61
419	chr8	71371784	71371765	+	23.11	28.11	>	6	29	61
420	chr7	73422670	73422651	-	23.11	37.7	>	6	29	61
421	chr5	33039602	33039583	+	23.05	27.48	>	6	29	61
422	chr2	153143004	153142985	-	23.02	20.31	>	6	29	61
423	chr14	98181824	98181805	-	23.0	7.93	>	6	29	61
424	chr2	136887058	136887039	-	22.97	12.49	>	6	29	61
425	chr1	135136701	135136682	-	22.88	42.44	>	6	29	61
426	chr5	4948481	4948462	-	22.86	27.0	>	6	29	61
427	chr10	71422814	71422795	+	22.81	51.25	>	6	29	61
428	chr8	64597251	64597232	-	22.66	30.06	>	6	29	61
429	chr1	162336834	162336815	-	22.45	14.914	>	6	29	61
430	chr9	94738996	94738977	+	22.42	42.94	>	6	29	61
431	chr17	53403136	53403117	+	22.4	18.28	>	6	29	61
432	chr2	155811920	155811901	-	22.36	51.28	>	6	29	61
433	chr12	52010769	52010750	+	22.33	16.6	>	6	29	61
434	chr3	44912870	44912851	-	22.31	11.58	>	6	29	61
435	chr5	98348848	98348829	+	22.25	34.97	>	6	29	61
436	chr15	80706301	80706282	+	22.25	25.52	>	6	29	61
437	chr1	167932285	167932266	-	22.22	36.66	>	6	29	61
438	chr14	121455709	121455690	-	22.2	25.7	>	6	29	61
439	chr4	98243714	98243695	-	22.16	26.34	>	6	29	61
440	chr4	143027468	143027449	+	22.14	29.11	>	6	29	61
441	chr2	153668926	153668907	+	22.14	25.36	>	6	29	61
442	chr9	41461929	41461910	-	22.14	12.42	>	6	29	61
443	chr4	109431143	109431124	-	22.1	22.34	>	6	29	61
444	chr5	44831505	44831486	-	22.08	22.05	>	6	29	61
445	chr8	119676601	119676582	-	22.03	33.06	>	6	29	61
446	chr17	40824060	40824041	-	22.02	34.28	>	6	29	61
447	chr15	37102366	37102347	-	22.0	13.84	>	6	29	61
448	chr1	119083862	119083843	-	21.92	45.47	>	6	29	61
449	chr5	41044703	41044684	-	21.78	28.61	>	6	29	61
450	chr19	24622032	24622013	+	21.77	22.19	>	6	29	61
451	chr3	58159626	58159607	-	21.75	32.1	>	6	29	61
452	chr1	38130140	38130121	-	21.75	23.66	>	6	29	61
453	chr2	129472129	129472110	-	21.73	30.17	>	6	29	61
454	chr9	15682043	15682024	-	21.73	11.22	>	6	29	61
455	chr9	69502720	69502701	-	21.7	34.7	>	6	29	61
456	chr14	21120676	21120657	+	21.69	43.16	>	6	29	61
457	chr7	110645588	110645569	-	21.69	43.56	>	6	29	61
458	chr16	78950579	78950560	-	21.64	3.295	>	6	29	61
459	chr7	131899517	131899498	+	21.56	16.44	>	6	29	61
460	chr8	106403484	106403465	-	21.53	20.23	>	6	29	61
461	chr17	73303429	73303410	+	21.48	50.6	>	6	29	61
462	chr1	83727325	83727306	+	21.48	26.81	>	6	29	61
463	chr13	29857603	29857584	+	21.42	9.836	>	6	29	61
464	chr14	104033786	104033767	+	21.34	21.16	>	6	29	61
465	chr7	119011391	119011372	+	21.31	35.56	>	6	29	61
466	chr1	69165377	69165358	+	21.31	25.0	>	6	29	61
467	chr1	192727176	192727157	+	21.28	21.9	>	6	29	61
468	chr9	50438293	50438274	-	21.2	27.17	>	6	29	61
469	chr15	46990407	46990388	-	21.14	10.516	>	6	29	61
470	chr13	73646874	73646855	+	21.14	37.5	>	6	29	61
471	chr16	67089956	67089937	+	21.12	15.94	>	6	29	61
472	chr2	83332995	83332976	-	21.02	18.14	>	6	29	61
473	chr8	10415030	10415011	+	21.0	37.3	>	6	29	61
474	chr1	35716149	35716130	-	20.89	18.69	>	6	29	61
475	chr7	43920039	43920020	-	20.83	34.3	>	6	29	61
476	chr8	15138726	15138707	+	20.81	41.03	>	6	29	61
477	chr13	6515705	6515686	+	20.8	28.08	>	6	29	61
478	chr2	64948996	64948977	-	20.72	23.2	>	6	29	61
479	chr19	20345737	20345718	+	20.7	55.44	>	6	29	61
480	chr5	33994851	33994832	+	20.64	14.97	>	6	29	61
481	chr14	76479953	76479934	+	20.62	37.16	>	6	29	61
482	chr3	144737048	144737029	+	20.58	28.33	>	6	29	61
483	chr2	13597223	13597204	-	20.5	12.72	>	6	29	61
484	chr9	118908437	118908418	-	20.5	27.45	>	6	29	61
485	chr4	153484615	153484596	-	20.39	17.89	>	6	29	61
486	chr19	12433211	12433192	+	20.36	28.34	>	6	29	61
487	chr15	31611224	31611205	+	20.34	11.17	>	6	29	61
488	chr3	107206198	107206179	+	20.34	39.22	>	6	29	61
489	chr17	86909946	86909927	+	20.31	22.38	>	6	29	61
490	chr7	89473669	89473650	-	20.22	24.19	>	6	29	61
491	chr6	35252603	35252584	+	20.22	32.56	>	6	29	61
492	chr6	126168001	126167982	-	20.17	8.76	>	6	29	61
493	chr16	42169942	42169923	+	20.12	43.34	>	6	29	61
494	chr6	90607354	90607335	+	20.11	24.86	>	6	29	61
495	chr6	31664664	31664645	+	20.11	41.5	>	6	29	61
496	chr13	100002039	100002020	+	20.02	21.73	>	6	29	61
497	chr6	97523337	97523318	-	19.97	25.72	>	6	29	61
498	chr4	123529452	123529433	-	19.95	17.69	>	6	29	61
499	chr18	53744741	53744722	-	19.94	29.1	>	6	29	61
500	chr9	13849232	13849213	+	19.9	15.484	>	6	29	61
501	chr15	14052128	14052109	-	19.89	12.375	>	6	29	61
502	chr3	68053761	68053742	-	19.88	27.33	>	6	29	61
503	chr14	50799990	50799971	+	19.83	30.28	>	6	29	61
504	chr8	50292348	50292329	+	19.83	31.36	>	6	29	61
505	chr19	52993242	52993223	-	19.81	45.25	>	6	29	61
506	chr8	24546435	24546416	-	19.8	56.1	>	6	29	61
507	chr2	166085186	166085167	+	19.78	40.2	>	6	29	61
508	chr15	80260893	80260874	-	19.75	33.7	>	6	29	61
509	chr18	75606699	75606680	+	19.72	50.94	>	6	29	61
510	chr2	135957961	135957942	-	19.69	27.1	>	6	29	61
511	chr11	75179118	75179099	+	19.67	22.83	>	6	29	61
512	chr6	77628987	77628968	+	19.66	40.56	>	6	29	61
513	chr4	82614384	82614365	-	19.62	15.836	>	6	29	61
514	chr17	27190013	27189994	+	19.5	26.89	>	6	29	61
515	chr14	121451301	121451282	-	19.45	26.11	>	6	29	61
516	chr9	69987821	69987802	-	19.44	12.234	>	6	29	61
517	chr6	40479902	40479883	+	19.42	24.72	>	6	29	61
518	chr4	82619779	82619760	-	19.42	11.22	>	6	29	61
519	chr2	160593235	160593216	-	19.4	45.8	>	6	29	61
520	chr4	48691990	48691971	+	19.4	34.88	>	6	29	61
521	chr1	11140123	11140104	-	19.39	7.324	>	6	29	61
522	chr6	67858160	67858141	+	19.36	18.55	>	6	29	61
523	chr1	91914028	91914009	+	19.36	22.06	>	6	29	61
524	chr15	76196896	76196877	+	19.33	35.8	>	6	29	61
525	chr11	43767011	43766992	+	19.27	27.44	>	6	29	61
526	chr17	8463677	8463658	+	19.23	31.38	>	6	29	61
527	chr2	60442102	60442083	-	19.22	10.555	>	6	29	61
528	chr10	8242562	8242543	+	19.2	18.4	>	6	29	61
529	chr15	8382407	8382388	+	19.16	11.64	>	6	29	61
530	chr19	11360302	11360283	+	19.14	15.06	>	6	29	61
531	chr12	79305335	79305316	+	19.11	29.94	>	6	29	61
532	chr13	38992697	38992678	+	19.03	12.445	>	6	29	61
533	chr8	91147955	91147936	-	19.0	26.05	>	6	29	61
534	chr13	64443476	64443457	+	19.0	35.6	>	6	29	61
535	chr8	117898214	117898195	+	18.92	34.16	>	6	29	61
536	chr11	42423473	42423454	-	18.77	18.48	>	6	29	61
537	chr9	114957195	114957176	-	18.77	27.38	>	6	29	61
538	chr5	149647926	149647907	+	18.72	23.06	>	6	29	61
539	chr5	128440068	128440049	-	18.69	40.7	>	6	29	61
540	chr6	90606762	90606743	-	18.67	32.6	>	6	29	61
541	chr10	58560031	58560012	+	18.67	23.25	>	6	29	61
542	chr18	25538443	25538424	+	18.66	23.94	>	6	29	61
543	chr11	22987510	22987491	+	18.56	23.83	>	6	29	61
544	chr13	57269837	57269818	-	18.55	36.6	>	6	29	61
545	chr13	53096854	53096835	-	18.55	32.88	>	6	29	61
546	chr7	124783020	124783001	-	18.55	23.44	>	6	29	61
547	chr7	40687242	40687223	-	18.52	26.28	>	6	29	61
548	chr4	109438113	109438094	+	18.45	31.61	>	6	29	61
549	chr13	46663777	46663758	-	18.45	5.215	>	6	29	61
550	chr2	21927862	21927843	-	18.45	17.72	>	6	29	61
551	chr11	72564476	72564457	-	18.39	17.95	>	6	29	61
552	chr14	57362951	57362932	-	18.3	10.125	>	6	29	61
553	chr13	54063511	54063492	-	18.3	12.516	>	6	29	61
554	chr8	127191530	127191511	+	18.27	39.03	>	6	29	61
555	chr4	24249781	24249762	+	18.25	8.38	>	6	29	61
556	chr1	175603551	175603532	-	18.2	12.0	>	6	29	61
557	chr7	131897479	131897460	+	18.19	16.34	>	6	29	61
558	chr2	125259455	125259436	-	18.17	32.72	>	6	29	61
559	chr8	11943262	11943243	-	18.0	20.05	>	6	29	61
560	chr13	74861814	74861795	+	17.98	11.664	>	6	29	61
561	chr3	37302880	37302861	-	17.98	17.84	>	6	29	61
562	chr2	165391753	165391734	+	17.95	20.97	>	6	29	61
563	chr1	167669968	167669949	-	17.94	39.3	>	6	29	61
564	chr14	24311319	24311300	+	17.89	24.48	>	6	29	61
565	chr6	125622660	125622641	+	17.86	24.67	>	6	29	61
566	chr16	91694897	91694878	+	17.83	21.03	>	6	29	61
567	chr7	100886752	100886733	-	17.8	33.3	>	6	29	61
568	chr2	165779092	165779073	+	17.7	43.9	>	6	29	61
569	chr4	118988734	118988715	-	17.7	12.37	>	6	29	61
570	chr9	111939788	111939769	+	17.64	16.92	>	6	29	61
571	chr9	40806571	40806552	+	17.64	39.78	>	6	29	61
572	chr19	21571392	21571373	+	17.64	11.9	>	6	29	61
573	chr10	49785057	49785038	-	17.56	2.498	>	6	29	61
574	chr3	84922220	84922201	+	17.47	28.94	>	6	29	61
575	chr12	7991018	7990999	+	17.47	17.66	>	6	29	61
576	chr8	106687694	106687675	+	17.45	42.0	>	6	29	61
577	chr19	15998346	15998327	+	17.33	27.56	>	6	29	61
578	chr10	30838389	30838370	+	17.3	7.543	>	6	29	61
579	chr2	6469364	6469345	-	17.28	15.65	>	6	29	61
580	chr9	59678540	59678521	-	17.28	29.06	>	6	29	61
581	chr18	60143536	60143517	-	17.25	6.348	>	6	29	61
582	chr2	76114972	76114953	-	17.25	26.88	>	6	29	61
583	chr1	192722361	192722342	-	17.23	36.0	>	6	29	61
584	chr13	6737153	6737134	+	17.23	24.25	>	6	29	61
585	chr10	116199232	116199213	+	17.23	24.89	>	6	29	61
586	chr18	6627309	6627290	+	17.06	30.4	>	6	29	61
587	chr7	117375969	117375950	-	17.03	13.42	>	6	29	61
588	chr11	7200225	7200206	+	17.03	39.34	>	6	29	61
589	chr3	152474817	152474798	+	16.98	9.51	>	6	29	61
590	chr12	4107565	4107546	+	16.97	22.11	>	6	29	61
591	chr18	78212287	78212268	-	16.83	18.31	>	6	29	61
592	chr2	17842170	17842151	-	16.81	6.844	>	6	29	61
593	chr5	112429191	112429172	-	16.78	14.19	>	6	29	61
594	chr9	54169687	54169668	+	16.73	16.64	>	6	29	61
595	chr9	78597063	78597044	+	16.73	17.98	>	6	29	61
596	chr2	125556029	125556010	+	16.69	19.19	>	6	29	61
597	chr4	86545837	86545818	-	16.69	26.34	>	6	29	61
598	chr11	34229190	34229171	+	16.55	19.56	>	6	29	61
599	chr13	60479163	60479144	+	16.52	1.697	>	6	29	61
600	chr11	57788119	57788100	+	16.36	29.88	>	6	29	61
601	chr5	117504639	117504620	+	16.36	53.34	>	6	29	61
602	chr1	128368923	128368904	+	16.28	14.01	>	6	29	61
603	chr14	51098507	51098488	-	16.28	41.22	>	6	29	61
604	chr10	14404268	14404249	+	16.23	20.66	>	6	29	61
605	chr18	65752297	65752278	-	16.1	16.11	>	6	29	61
606	chr3	59077498	59077479	+	16.1	40.72	>	6	29	61
607	chr1	119919473	119919454	+	16.06	20.62	>	6	29	61
608	chr1	86598699	86598680	+	16.03	48.72	>	6	29	61
609	chr1	80178208	80178189	-	16.0	17.12	>	6	29	61
610	chr15	64132164	64132145	+	15.96	15.336	>	6	29	61
611	chr2	4652218	4652199	-	15.91	22.83	>	6	29	61
612	chr9	40805489	40805470	-	15.86	35.53	>	6	29	61
613	chr13	30549079	30549060	-	15.805	25.34	>	6	29	61
614	chr3	82350530	82350511	-	15.805	7.78	>	6	29	61
615	chr7	81155234	81155215	-	15.805	19.0	>	6	29	61
616	chr4	107701325	107701306	-	15.8	18.55	>	6	29	61
617	chr11	76655250	76655231	+	15.8	25.19	>	6	29	61
618	chr7	122945377	122945358	+	15.72	20.64	>	6	29	61
619	chr16	32697312	32697293	+	15.695	24.02	>	6	29	61
620	chr13	114460825	114460806	-	15.65	8.25	>	6	29	61
621	chr19	59389409	59389390	+	15.65	31.4	>	6	29	61
622	chr7	45451495	45451476	+	15.64	35.4	>	6	29	61
623	chr15	85599066	85599047	+	15.625	30.86	>	6	29	61
624	chr10	9012998	9012979	+	15.6	21.77	>	6	29	61
625	chr13	24318872	24318853	-	15.58	11.58	>	6	29	61
626	chr3	123506917	123506898	-	15.53	17.17	>	6	29	61
627	chr13	101719731	101719712	-	15.48	25.34	>	6	29	61
628	chr12	12412898	12412879	-	15.43	30.47	>	6	29	61
629	chr10	127342496	127342477	-	15.4	29.73	>	6	29	61
630	chr7	28972871	28972852	+	15.39	21.2	>	6	29	61
631	chr5	130862481	130862462	+	15.33	29.22	>	6	29	61
632	chr13	53779354	53779335	+	15.31	23.8	>	6	29	61
633	chr11	51582940	51582921	-	15.305	26.1	>	6	29	61
634	chr3	34150257	34150238	+	15.3	17.19	>	6	29	61
635	chr9	30423156	30423137	-	15.29	30.31	>	6	29	61
636	chr1	55886585	55886566	+	15.29	16.73	>	6	29	61
637	chr8	121104251	121104232	+	15.28	31.56	>	6	29	61
638	chr2	31683894	31683875	+	15.27	30.73	>	6	29	61
639	chr9	121458682	121458663	+	15.27	42.72	>	6	29	61
640	chr13	111421545	111421526	+	15.22	27.25	>	6	29	61
641	chr18	56572965	56572946	+	15.22	32.7	>	6	29	61
642	chr18	42593315	42593296	+	15.2	8.75	>	6	29	61
643	chr8	118287683	118287664	+	15.2	7.145	>	6	29	61
644	chr14	47742843	47742824	+	15.18	9.65	>	6	29	61
645	chr1	184791312	184791293	-	15.164	27.39	>	6	29	61
646	chr6	106800166	106800147	-	15.1	18.75	>	6	29	61
647	chr11	12025880	12025861	+	15.06	18.02	>	6	29	61
648	chr5	129594341	129594322	-	15.03	29.4	>	6	29	61
649	chr13	16005724	16005705	+	15.016	13.71	>	6	29	61
650	chr14	65597230	65597211	+	15.016	14.01	>	6	29	61
651	chr5	99900280	99900261	-	14.95	10.75	>	6	29	61
652	chr8	11421350	11421331	-	14.945	26.12	>	6	29	61
653	chr19	4755748	4755729	+	14.93	24.55	>	6	29	61
654	chr10	110733540	110733521	-	14.914	16.5	>	6	29	61
655	chr5	67752088	67752069	+	14.89	18.31	>	6	29	61
656	chr9	77381774	77381755	-	14.85	26.45	>	6	29	61
657	chr18	81951830	81951811	-	14.76	34.06	>	6	29	61
658	chr1	86059644	86059625	+	14.734	30.22	>	6	29	61
659	chr1	52630636	52630617	-	14.734	9.89	>	6	29	61
660	chr2	174308107	174308088	+	14.69	14.67	>	6	29	61
661	chr11	99364649	99364630	-	14.6	16.03	>	6	29	61
662	chr13	109558424	109558405	+	14.49	16.98	>	6	29	61
663	chr12	58201405	58201386	-	14.48	6.883	>	6	29	61
664	chr7	137471937	137471918	+	14.445	28.83	>	6	29	61
665	chr17	26916803	26916784	+	14.414	25.05	>	6	29	61
666	chr5	87871626	87871607	-	14.414	20.39	>	6	29	61
667	chr2	125252443	125252424	+	14.414	25.9	>	6	29	61
668	chr1	9549185	9549166	+	14.414	19.5	>	6	29	61
669	chr11	11788608	11788589	-	14.38	31.97	>	6	29	61
670	chr7	43928727	43928708	+	14.36	11.45	>	6	29	61
671	chr10	60760656	60760637	-	14.31	36.9	>	6	29	61
672	chr6	17362958	17362939	+	14.31	3.076	>	6	29	61
673	chr1	136521528	136521509	-	14.305	21.69	>	6	29	61
674	chr2	153147934	153147915	+	14.28	18.94	>	6	29	61
675	chr8	61522313	61522294	+	14.266	28.28	>	6	29	61
676	chr18	56759303	56759284	+	14.266	12.61	>	6	29	61
677	chr14	115451146	115451127	-	14.234	4.215	>	6	29	61
678	chr1	176218428	176218409	+	14.195	14.99	>	6	29	61
679	chr15	97665520	97665501	-	14.18	30.02	>	6	29	61
680	chr13	20299620	20299601	+	14.18	33.25	>	6	29	61
681	chr9	59969601	59969582	-	14.14	17.69	>	6	29	61
682	chr16	57611975	57611956	+	14.055	18.66	>	6	29	61
683	chr12	15816144	15816125	+	13.984	8.52	>	6	29	61
684	chr15	82271381	82271362	-	13.95	28.55	>	6	29	61
685	chr7	74363644	74363625	-	13.95	40.8	>	6	29	61
686	chr3	73066293	73066274	+	13.95	16.86	>	6	29	61
687	chr1	118772515	118772496	-	13.945	30.34	>	6	29	61
688	chr4	110020493	110020474	-	13.94	26.28	>	6	29	61
689	chr3	34639420	34639401	-	13.94	14.87	>	6	29	61
690	chr2	131530224	131530205	-	13.92	25.86	>	6	29	61
691	chr4	20024128	20024109	+	13.91	12.516	>	6	29	61
692	chr8	74980870	74980851	-	13.81	30.2	>	6	29	61
693	chr18	75757719	75757700	+	13.734	18.78	>	6	29	61
694	chr7	89908147	89908128	-	13.72	13.79	>	6	29	61
695	chr4	150257406	150257387	+	13.72	23.58	>	6	29	61
696	chr2	55022781	55022762	-	13.664	7.77	>	6	29	61
697	chr18	64506771	64506752	-	13.63	18.4	>	6	29	61
698	chr14	123353156	123353137	-	13.61	11.6	>	6	29	61
699	chr4	139872794	139872775	+	13.59	35.75	>	6	29	61
700	chr13	51839869	51839850	+	13.586	21.19	>	6	29	61
701	chr5	146162789	146162770	+	13.516	23.42	>	6	29	61
702	chr9	83785201	83785182	+	13.49	14.66	>	6	29	61
703	chr3	59079480	59079461	+	13.44	28.77	>	6	29	61
704	chr10	11345312	11345293	-	13.375	5.086	>	6	29	61
705	chr11	46252188	46252169	-	13.34	28.12	>	6	29	61
706	chr4	85404971	85404952	+	13.32	14.11	>	6	29	61
707	chr4	130738774	130738755	+	13.31	16.47	>	6	29	61
708	chr5	86432914	86432895	+	13.305	16.02	>	6	29	61
709	chr3	22306829	22306810	+	13.266	18.6	>	6	29	61
710	chr2	91930225	91930206	-	13.25	19.55	>	6	29	61
711	chr6	108417714	108417695	+	13.234	10.66	>	6	29	61
712	chr12	17011790	17011771	-	13.16	20.73	>	6	29	61
713	chr5	87551137	87551118	-	13.15	21.52	>	6	29	61
714	chr4	106227683	106227664	-	13.14	14.38	>	6	29	61
715	chr4	139877472	139877453	+	13.1	27.4	>	6	29	61
716	chr1	88742593	88742574	-	13.086	17.75	>	6	29	61
717	chr3	52254088	52254069	+	13.02	34.16	>	6	29	61
718	chr9	73159469	73159450	+	12.99	27.5	>	6	29	61
719	chr7	29297253	29297234	-	12.984	28.8	>	6	29	61
720	chr13	116312336	116312317	-	12.93	10.21	>	6	29	61
721	chr2	157117146	157117127	-	12.91	21.92	>	6	29	61
722	chr9	60243712	60243693	+	12.89	13.59	>	6	29	61
723	chr1	179845066	179845047	-	12.88	17.89	>	6	29	61
724	chr11	103332754	103332735	+	12.875	24.97	>	6	29	61
725	chr1	53032774	53032755	-	12.87	13.05	>	6	29	61
726	chr8	45345197	45345178	+	12.81	16.72	>	6	29	61
727	chr12	113216133	113216114	+	12.74	53.7	>	6	29	61
728	chr15	36152194	36152175	-	12.72	16.9	>	6	29	61
729	chr1	72876274	72876255	+	12.69	17.11	>	6	29	61
730	chr9	14774009	14773990	+	12.664	9.0	>	6	29	61
731	chr12	74317197	74317178	-	12.664	11.76	>	6	29	61
732	chr7	107819649	107819630	-	12.64	16.3	>	6	29	61
733	chr13	55327907	55327888	+	12.64	17.61	>	6	29	61
734	chr3	54796015	54795996	+	12.63	22.77	>	6	29	61
735	chr6	60963937	60963918	+	12.61	7.094	>	6	29	61
736	chr8	21981891	21981872	-	12.61	17.33	>	6	29	61
737	chr10	38269349	38269330	-	12.52	19.28	>	6	29	61
738	chr6	51170619	51170600	-	12.5	20.02	>	6	29	61
739	chr2	148110356	148110337	-	12.43	16.03	>	6	29	61
740	chr1	88301823	88301804	-	12.42	19.61	>	6	29	61
741	chr6	115037959	115037940	-	12.33	15.375	>	6	29	61
742	chr16	11980974	11980955	+	12.33	3.668	>	6	29	61
743	chr15	44832771	44832752	-	12.31	24.2	>	6	29	61
744	chr19	26193888	26193869	-	12.29	7.65	>	6	29	61
745	chr17	8988263	8988244	-	12.29	10.71	>	6	29	61
746	chr14	66358860	66358841	+	12.28	18.22	>	6	29	61
747	chr12	40832432	40832413	-	12.26	13.56	>	6	29	61
748	chr2	53206958	53206939	-	12.18	12.55	>	6	29	61
749	chr16	42914617	42914598	+	12.16	7.133	>	6	29	61
750	chr11	111523686	111523667	-	12.14	23.53	>	6	29	61
751	chr6	121556678	121556659	+	12.11	18.8	>	6	29	61
752	chr7	43926199	43926180	-	12.1	21.69	>	6	29	61
753	chr3	3311028	3311009	+	12.09	10.74	>	6	29	61
754	chr12	17018680	17018661	+	12.04	21.19	>	6	29	61
755	chr18	33794794	33794775	+	11.97	24.89	>	6	29	61
756	chr15	73791915	73791896	+	11.96	24.61	>	6	29	61
757	chr12	82489256	82489237	+	11.945	11.805	>	6	29	61
758	chr19	37559803	37559784	+	11.91	21.4	>	6	29	61
759	chr12	36195155	36195136	-	11.91	7.07	>	6	29	61
760	chr3	30515246	30515227	-	11.875	11.664	>	6	29	61
761	chr19	27426681	27426662	-	11.81	11.945	>	6	29	61
762	chr2	75590427	75590408	-	11.75	21.66	>	6	29	61
763	chr2	17849498	17849479	+	11.75	6.633	>	6	29	61
764	chr9	83371155	83371136	-	11.75	6.18	>	6	29	61
765	chr9	30936846	30936827	-	11.734	17.67	>	6	29	61
766	chr15	94690037	94690018	+	11.73	23.03	>	6	29	61
767	chr2	147379133	147379114	+	11.69	9.875	>	6	29	61
768	chr4	121232314	121232295	-	11.664	7.945	>	6	29	61
769	chr18	56333219	56333200	-	11.64	4.934	>	6	29	61
770	chr16	25952209	25952190	-	11.64	6.688	>	6	29	61
771	chr13	94976326	94976307	+	11.63	16.62	>	6	29	61
772	chr2	30942898	30942879	-	11.57	22.28	>	6	29	61
773	chr6	104479441	104479422	+	11.55	10.57	>	6	29	61
774	chr5	113080039	113080020	-	11.52	26.94	>	6	29	61
775	chr16	30550607	30550588	-	11.52	17.62	>	6	29	61
776	chr1	160194976	160194957	+	11.51	18.28	>	6	29	61
777	chr11	56116782	56116763	-	11.48	30.47	>	6	29	61
778	chr6	112484521	112484502	-	11.48	12.14	>	6	29	61
779	chr14	21853546	21853527	-	11.445	30.66	>	6	29	61
780	chr9	58534993	58534974	+	11.414	20.97	>	6	29	61
781	chr17	73302318	73302299	+	11.414	39.62	>	6	29	61
782	chr1	85842459	85842440	-	11.41	14.02	>	6	29	61
783	chr17	16926410	16926391	-	11.35	2.584	>	6	29	61
784	chr12	29894861	29894842	+	11.31	16.72	>	6	29	61
785	chr2	127832989	127832970	+	11.22	7.293	>	6	29	61
786	chr16	20724653	20724634	+	11.18	15.11	>	6	29	61
787	chr1	180811112	180811093	-	11.164	28.33	>	6	29	61
788	chr13	109210611	109210592	-	11.16	17.5	>	6	29	61
789	chr18	5990207	5990188	-	11.14	3.14	>	6	29	61
790	chr18	12102268	12102249	-	11.125	23.38	>	6	29	61
791	chr19	59380193	59380174	+	11.08	23.9	>	6	29	61
792	chr2	101665476	101665457	+	11.055	26.06	>	6	29	61
793	chr12	108541242	108541223	-	11.02	27.9	>	6	29	61
794	chr2	32583648	32583629	+	11.016	30.19	>	6	29	61
795	chr1	181881807	181881788	-	10.98	11.91	>	6	29	61
796	chr5	117506576	117506557	+	10.94	40.06	>	6	29	61
797	chr1	38789153	38789134	+	10.89	22.95	>	6	29	61
798	chr10	102445139	102445120	-	10.875	19.4	>	6	29	61
799	chr12	81788941	81788922	+	10.87	12.51	>	6	29	61
800	chr9	78233462	78233443	-	10.86	15.93	>	6	29	61
801	chr10	96618527	96618508	+	10.86	3.014	>	6	29	61
802	chr8	84639419	84639400	-	10.85	34.7	>	6	29	61
803	chr17	8468905	8468886	+	10.85	20.27	>	6	29	61
804	chr2	67535551	67535532	+	10.83	7.83	>	6	29	61
805	chr18	52947340	52947321	+	10.82	10.15	>	6	29	61
806	chr13	72625410	72625391	-	10.78	6.715	>	6	29	61
807	chr11	31942449	31942430	+	10.69	22.72	>	6	29	61
808	chr1	6190743	6190724	-	10.63	7.344	>	6	29	61
809	chr7	74367549	74367530	+	10.6	15.16	>	6	29	61
810	chr4	22482970	22482951	+	10.58	4.45	>	6	29	61
811	chr13	20298018	20297999	+	10.56	24.86	>	6	29	61
812	chr16	75325511	75325492	-	10.484	5.44	>	6	29	61
813	chr6	54586377	54586358	+	10.44	8.14	>	6	29	61
814	chr14	59604211	59604192	-	10.375	15.664	>	6	29	61
815	chr2	107946040	107946021	-	10.31	11.08	>	6	29	61
816	chr1	62701219	62701200	-	10.3	12.74	>	6	29	61
817	chr7	75914120	75914101	+	10.266	24.1	>	6	29	61
818	chr5	98167679	98167660	+	10.26	12.875	>	6	29	61
819	chr9	99671799	99671780	+	10.23	22.52	>	6	29	61
820	chr1	179847901	179847882	+	10.16	11.88	>	6	29	61
821	chr15	80080817	80080798	-	10.15	32.28	>	6	29	61
822	chr6	137747756	137747737	-	10.09	27.12	>	6	29	61
823	chr6	77249625	77249606	-	10.09	6.945	>	6	29	61
824	chr5	149049190	149049171	-	10.08	15.81	>	6	29	61
825	chr18	32814407	32814388	-	10.07	2.566	>	6	29	61
826	chr11	46258405	46258386	-	10.06	20.3	>	6	29	61
827	chr11	81974830	81974811	-	10.01	5.44	>	6	29	61
828	chr19	48414047	48414028	+	9.99	12.77	>	6	29	61
829	chr11	34836484	34836465	+	9.86	20.75	>	6	29	61
830	chr17	24437345	24437326	-	9.81	19.33	>	6	29	61
831	chr6	59208753	59208734	-	9.734	12.92	>	6	29	61
832	chr13	37325694	37325675	-	9.734	20.84	>	6	29	61
833	chr11	43412967	43412948	-	9.72	22.2	>	6	29	61
834	chr13	49651342	49651323	-	9.71	2.496	>	6	29	61
835	chr7	143151380	143151361	+	9.69	18.05	>	6	29	61
836	chr16	4285478	4285459	-	9.67	7.94	>	6	29	61
837	chr11	29715017	29714998	-	9.664	9.12	>	6	29	61
838	chr3	134654263	134654244	+	9.62	3.898	>	6	29	61
839	chr8	28978824	28978805	-	9.57	7.504	>	6	29	61
840	chr13	54062269	54062250	-	9.55	10.02	>	6	29	61
841	chr9	32585514	32585495	+	9.516	12.72	>	6	29	61
842	chr7	73648212	73648193	-	9.484	13.375	>	6	29	61
843	chr19	27425889	27425870	-	9.44	11.26	>	6	29	61
844	chr13	100854377	100854358	-	9.42	17.78	>	6	29	61
845	chr5	140749784	140749765	-	9.414	22.17	>	6	29	61
846	chr4	127027444	127027425	+	9.4	22.48	>	6	29	61
847	chr11	109221866	109221847	-	9.3	9.67	>	6	29	61
848	chr16	16596794	16596775	+	9.28	5.977	>	6	29	61
849	chr2	128605294	128605275	-	9.25	9.07	>	6	29	61
850	chr2	61492265	61492246	+	9.25	6.99	>	6	29	61
851	chr10	74217479	74217460	+	9.22	7.7	>	6	29	61
852	chr9	68016722	68016703	+	9.2	8.305	>	6	29	61
853	chr6	144248136	144248117	+	9.19	7.742	>	6	29	61
854	chr13	51191948	51191929	+	9.17	5.492	>	6	29	61
855	chr2	103424848	103424829	-	9.164	12.29	>	6	29	61
856	chr7	64751734	64751715	-	9.13	16.66	>	6	29	61
857	chr7	27160004	27159985	+	9.125	14.17	>	6	29	61
858	chr13	95986545	95986526	+	9.08	13.76	>	6	29	61
859	chr5	135118653	135118634	+	9.08	29.22	>	6	29	61
860	chr10	49786914	49786895	-	9.07	0.785	>	6	29	61
861	chr1	51639072	51639053	+	9.02	3.22	>	6	29	61
862	chr14	105307894	105307875	+	8.95	2.453	>	6	29	61
863	chr19	40231990	40231971	-	8.95	19.89	>	6	29	61
864	chr10	69656526	69656507	+	8.95	12.99	>	6	29	61
865	chr7	142714879	142714860	-	8.945	27.2	>	6	29	61
866	chr6	129256260	129256241	-	8.93	14.53	>	6	29	61
867	chr5	138199783	138199764	+	8.9	8.414	>	6	29	61
868	chr8	36193738	36193719	+	8.89	10.43	>	6	29	61
869	chr11	49597354	49597335	+	8.87	6.92	>	6	29	61
870	chr1	139405977	139405958	-	8.86	4.043	>	6	29	61
871	chr3	124289118	124289099	-	8.84	12.69	>	6	29	61
872	chr9	13196005	13195986	-	8.83	30.6	>	6	29	61
873	chr14	115819240	115819221	+	8.83	10.71	>	6	29	61
874	chr5	146914595	146914576	+	8.82	39.7	>	6	29	61
875	chr4	119223866	119223847	-	8.766	16.34	>	6	29	61
876	chr15	85879204	85879185	-	8.76	17.27	>	6	29	61
877	chr4	124682485	124682466	+	8.7	17.45	>	6	29	61
878	chr17	34956526	34956507	+	8.695	22.17	>	6	29	61
879	chr12	39494054	39494035	-	8.65	2.455	>	6	29	61
880	chr9	34485824	34485805	-	8.625	10.6	>	6	29	61
881	chr2	180786948	180786929	+	8.57	17.27	>	6	29	61
882	chr4	62230989	62230970	+	8.57	12.25	>	6	29	61
883	chr2	16357480	16357461	+	8.55	2.205	>	6	29	61
884	chr17	9759516	9759497	+	8.54	11.53	>	6	29	61
885	chr10	13018670	13018651	+	8.54	19.64	>	6	29	61
886	chr4	32570820	32570801	-	8.52	6.645	>	6	29	61
887	chr9	86451919	86451900	-	8.49	16.77	>	6	29	61
888	chr7	139590495	139590476	+	8.49	20.39	>	6	29	61
889	chr16	31944169	31944150	+	8.445	14.11	>	6	29	61
890	chr3	104701211	104701192	-	8.44	24.84	>	6	29	61
891	chr2	160955546	160955527	-	8.414	14.05	>	6	29	61
892	chr18	32811889	32811870	+	8.4	4.918	>	6	29	61
893	chr14	115042240	115042221	-	8.4	14.734	>	6	29	61
894	chr2	28464119	28464100	-	8.33	19.16	>	6	29	61
895	chr2	76369931	76369912	+	8.28	9.1	>	6	29	61
896	chr3	107605512	107605493	+	8.28	12.57	>	6	29	61
897	chr14	121220891	121220872	-	8.23	10.8	>	6	29	61
898	chr1	103796539	103796520	+	8.22	10.74	>	6	29	61
899	chr16	23151589	23151570	+	8.21	3.11	>	6	29	61
900	chr5	33371346	33371327	-	8.19	15.74	>	6	29	61
901	chr13	103121088	103121069	-	8.18	6.016	>	6	29	61
902	chr10	60760529	60760510	+	8.14	24.72	>	6	29	61
903	chr1	169921787	169921768	+	8.12	12.62	>	6	29	61
904	chr13	42826816	42826797	-	8.11	17.0	>	6	29	61
905	chr6	72601930	72601911	+	8.11	24.06	>	6	29	61
906	chr7	81345319	81345300	-	7.99	7.87	>	6	29	61
907	chr11	33934471	33934452	+	7.98	18.27	>	6	29	61
908	chr18	77044808	77044789	-	7.97	11.42	>	6	29	61
909	chr7	67217278	67217259	+	7.926	7.28	>	6	29	61
910	chr2	164074027	164074008	+	7.906	10.22	>	6	29	61
911	chr3	45373410	45373391	+	7.855	1.438	>	6	29	61
912	chr1	152768355	152768336	-	7.84	9.35	>	6	29	61
913	chr11	102267665	102267646	-	7.81	17.44	>	6	29	61
914	chr11	43411664	43411645	-	7.81	21.72	>	6	29	61
915	chr2	129880054	129880035	+	7.805	6.484	>	6	29	61
916	chr11	81972241	81972222	+	7.797	9.07	>	6	29	61
917	chr9	65581143	65581124	-	7.793	11.17	>	6	29	61
918	chr4	106228720	106228701	+	7.727	13.9	>	6	29	61
919	chr6	119467876	119467857	+	7.703	18.1	>	6	29	61
920	chr10	122794511	122794492	+	7.695	15.734	>	6	29	61
921	chr14	34813484	34813465	-	7.69	11.805	>	6	29	61
922	chr15	19280629	19280610	+	7.68	3.066	>	6	29	61
923	chr13	38235597	38235578	-	7.676	11.836	>	6	29	61
924	chr13	21710105	21710086	+	7.67	14.95	>	6	29	61
925	chr11	104231353	104231334	-	7.67	18.38	>	6	29	61
926	chr6	86401304	86401285	-	7.64	23.28	>	6	29	61
927	chr4	24245320	24245301	-	7.633	3.027	>	6	29	61
928	chr9	29655082	29655063	+	7.613	20.11	>	6	29	61
929	chr9	58535957	58535938	-	7.605	16.9	>	6	29	61
930	chr5	112427478	112427459	-	7.598	9.93	>	6	29	61
931	chr4	140539353	140539334	-	7.58	22.9	>	6	29	61
932	chr14	105302910	105302891	+	7.57	4.605	>	6	29	61
933	chr7	19713404	19713385	-	7.543	26.19	>	6	29	61
934	chr1	127487367	127487348	-	7.52	14.33	>	6	29	61
935	chr19	56806125	56806106	-	7.504	5.934	>	6	29	61
936	chr19	47175662	47175643	-	7.46	21.67	>	6	29	61
937	chr2	150795624	150795605	-	7.44	6.633	>	6	29	61
938	chr2	137114826	137114807	+	7.438	4.08	>	6	29	61
939	chr10	119244230	119244211	+	7.434	4.305	>	6	29	61
940	chr5	117094622	117094603	+	7.42	22.22	>	6	29	61
941	chr11	67100384	67100365	-	7.42	22.83	>	6	29	61
942	chr5	30686988	30686969	+	7.41	18.64	>	6	29	61
943	chr8	105291139	105291120	-	7.41	11.78	>	6	29	61
944	chr7	143470174	143470155	-	7.39	17.94	>	6	29	61
945	chr15	8099290	8099271	-	7.35	8.336	>	6	29	61
946	chr7	119015949	119015930	+	7.34	17.75	>	6	29	61
947	chr17	56306039	56306020	-	7.305	16.48	>	6	29	61
948	chr1	134636895	134636876	+	7.3	5.97	>	6	29	61
949	chr17	65541217	65541198	+	7.258	9.125	>	6	29	61
950	chr14	49218880	49218861	+	7.25	8.47	>	6	29	61
951	chr1	25527154	25527135	+	7.2	7.453	>	6	29	61
952	chr1	146515575	146515556	+	7.18	3.11	>	6	29	61
953	chr9	44109578	44109559	+	7.176	33.9	>	6	29	61
954	chr11	108889358	108889339	+	7.15	8.016	>	6	29	61
955	chr7	138398615	138398596	+	7.117	4.707	>	6	29	61
956	chr5	32204842	32204823	+	7.11	6.15	>	6	29	61
957	chr8	14859581	14859562	+	7.1	5.27	>	6	29	61
958	chr11	95676507	95676488	-	7.09	14.555	>	6	29	61
959	chr6	85141186	85141167	+	7.08	33.56	>	6	29	61
960	chr14	20340404	20340385	-	7.04	15.81	>	6	29	61
961	chr1	193130339	193130320	-	7.023	5.71	>	6	29	61
962	chr9	98032882	98032863	+	6.992	4.73	>	6	29	61
963	chr7	143793289	143793270	+	6.98	21.42	>	6	29	61
964	chr12	32292312	32292293	-	6.895	8.26	>	6	29	61
965	chr17	45724453	45724434	-	6.89	12.125	>	6	29	61
966	chr14	102512314	102512295	+	6.89	1.602	>	6	29	61
967	chr8	11943038	11943019	+	6.88	5.47	>	6	29	61
968	chr7	83553561	83553542	+	6.867	8.27	>	6	29	61
969	chr9	64960779	64960760	-	6.85	16.31	>	6	29	61
970	chr9	30426996	30426977	+	6.832	15.31	>	6	29	61
971	chr11	119249183	119249164	+	6.785	23.48	>	6	29	61
972	chr8	90795542	90795523	+	6.77	10.67	>	6	29	61
973	chr2	113498926	113498907	-	6.766	9.86	>	6	29	61
974	chr13	62926662	62926643	+	6.75	4.73	>	6	29	61
975	chr1	127485025	127485006	+	6.715	16.44	>	6	29	61
976	chr17	78592615	78592596	+	6.715	8.945	>	6	29	61
977	chr2	118246134	118246115	-	6.668	13.72	>	6	29	61
978	chr2	92474875	92474856	-	6.652	13.95	>	6	29	61
979	chr7	17061423	17061404	+	6.645	15.1	>	6	29	61
980	chr10	122090678	122090659	+	6.63	8.38	>	6	29	61
981	chr13	64448147	64448128	+	6.594	17.92	>	6	29	61
982	chr2	34642611	34642592	-	6.562	14.51	>	6	29	61
983	chr5	117509743	117509724	+	6.54	26.92	>	6	29	61
984	chr7	131371109	131371090	+	6.516	4.71	>	6	29	61
985	chr6	94054143	94054124	-	6.5	13.34	>	6	29	61
986	chr14	20697228	20697209	+	6.465	17.88	>	6	29	61
987	chr10	122798121	122798102	+	6.46	15.23	>	6	29	61
988	chr13	14196604	14196585	+	6.45	1.613	>	6	29	61
989	chr3	118991976	118991957	+	6.438	8.26	>	6	29	61
990	chr9	107231295	107231276	-	6.434	7.414	>	6	29	61
991	chr15	24557016	24556997	-	6.418	3.371	>	6	29	61
992	chr2	178407758	178407739	+	6.414	11.43	>	6	29	61
993	chr9	90683476	90683457	-	6.38	1.322	>	6	29	61
994	chr6	22968335	22968316	-	6.34	6.418	>	6	29	61
995	chr12	67217811	67217792	+	6.336	1.95	>	6	29	61
996	chr10	82910438	82910419	+	6.277	10.99	>	6	29	61
997	chr7	49125716	49125697	+	6.258	16.88	>	6	29	61
998	chr11	119491305	119491286	-	6.215	10.81	>	6	29	61
999	chr11	32341308	32341289	-	6.21	14.555	>	6	29	61
1000	chr19	8713406	8713387	+	6.19	10.44	>	6	29	61
1001	chr4	48048044	48048025	+	6.152	6.21	>	6	29	61
1002	chr11	52764825	52764806	+	6.15	7.75	>	6	29	61
1003	chr13	20564636	20564617	-	6.145	4.82	>	6	29	61
1004	chr10	39105011	39104992	-	6.14	7.152	>	6	29	61
1005	chr11	98909856	98909837	-	6.117	18.95	>	6	29	61
1006	chr1	151025102	151025083	+	6.117	4.496	>	6	29	61
1007	chr5	98167777	98167758	-	6.113	9.555	>	6	29	61
1008	chr8	88118562	88118543	+	6.062	3.66	>	6	29	61
1009	chr16	92511934	92511915	+	6.035	16.34	>	6	29	61
1010	chr15	25792295	25792276	-	6.008	6.87	>	6	29	61
1011	chr13	92751194	92751175	+	5.938	12.68	>	6	29	61
1012	chr5	101688793	101688774	-	5.934	12.51	>	6	29	61
1013	chr7	112023252	112023233	+	5.93	8.26	>	6	29	61
1014	chr14	21854038	21854019	-	5.914	27.36	>	6	29	61
1015	chr8	32003733	32003714	-	5.9	2.012	>	6	29	61
1016	chr13	53095394	53095375	-	5.867	6.086	>	6	29	61
1017	chr1	182554179	182554160	+	5.836	10.15	>	6	29	61
1018	chr6	18381568	18381549	+	5.832	1.955	>	6	29	61
1019	chr9	77389590	77389571	+	5.832	5.68	>	6	29	61
1020	chr16	5254481	5254462	-	5.812	12.77	>	6	29	61
1021	chr2	93199625	93199606	+	5.797	14.08	>	6	29	61
1022	chr9	81631651	81631632	-	5.793	3.863	>	6	29	61
1023	chr2	152887412	152887393	-	5.78	4.652	>	6	29	61
1024	chr4	153481137	153481118	-	5.766	3.3	>	6	29	61
1025	chr8	72239706	72239687	-	5.754	5.32	>	6	29	61
1026	chr18	65750236	65750217	-	5.703	2.543	>	6	29	61
1027	chr6	61311882	61311863	-	5.68	7.43	>	6	29	61
1028	chr18	46143625	46143606	+	5.676	6.477	>	6	29	61
1029	chr6	120836118	120836099	+	5.64	7.797	>	6	29	61
1030	chr6	100563990	100563971	-	5.625	4.164	>	6	29	61
1031	chr3	13475098	13475079	-	5.61	1.948	>	6	29	61
1032	chr2	132262968	132262949	+	5.6	7.164	>	6	29	61
1033	chr11	103334169	103334150	+	5.594	12.02	>	6	29	61
1034	chr6	54255029	54255010	+	5.586	4.35	>	6	29	61
1035	chr13	101711018	101710999	+	5.543	9.15	>	6	29	61
1036	chr5	39644761	39644742	-	5.54	3.531	>	6	29	61
1037	chr8	90795201	90795182	-	5.516	4.996	>	6	29	61
1038	chr18	23162646	23162627	+	5.51	1.562	>	6	29	61
1039	chr16	78165563	78165544	+	5.477	7.39	>	6	29	61
1040	chr2	96584106	96584087	-	5.44	3.29	>	6	29	61
1041	chr12	72070473	72070454	+	5.426	11.336	>	6	29	61
1042	chr12	24708691	24708672	+	5.414	9.914	>	6	29	61
1043	chr8	92367135	92367116	-	5.406	6.984	>	6	29	61
1044	chr17	83866777	83866758	+	5.4	23.0	>	6	29	61
1045	chr13	55322636	55322617	-	5.4	7.0	>	6	29	61
1046	chr6	88893771	88893752	-	5.395	16.78	>	6	29	61
1047	chr19	8718731	8718712	-	5.383	8.6	>	6	29	61
1048	chr12	59220179	59220160	-	5.38	2.5	>	6	29	61
1049	chr14	60784526	60784507	+	5.367	16.06	>	6	29	61
1050	chr3	153658591	153658572	+	5.33	6.258	>	6	29	61
1051	chr9	77386949	77386930	-	5.312	12.24	>	6	29	61
1052	chr10	83219903	83219884	+	5.312	6.188	>	6	29	61
1053	chr6	15176967	15176948	-	5.31	2.947	>	6	29	61
1054	chr2	152604207	152604188	-	5.27	19.44	>	6	29	61
1055	chr2	39003369	39003350	-	5.26	1.671	>	6	29	61
1056	chr16	31425707	31425688	-	5.254	13.484	>	6	29	61
1057	chr5	137503018	137502999	-	5.227	3.691	>	6	29	61
1058	chr18	13973086	13973067	-	5.207	0.71	>	6	29	61
1059	chr17	68849016	68848997	-	5.2	1.891	>	6	29	61
1060	chr2	128408931	128408912	-	5.19	8.72	>	6	29	61
1061	chr14	97559790	97559771	-	5.16	2.041	>	6	29	61
1062	chr8	67903864	67903845	-	5.13	6.113	>	6	29	61
1063	chr14	56888181	56888162	-	5.125	3.316	>	6	29	61
1064	chr4	132198465	132198446	+	5.125	11.19	>	6	29	61
1065	chr2	39005861	39005842	-	5.12	3.883	>	6	29	61
1066	chr7	137471679	137471660	-	5.1	19.97	>	6	29	61
1067	chr6	64949075	64949056	+	5.09	5.168	>	6	29	61
1068	chr18	16821148	16821129	+	5.043	1.935	>	6	29	61
1069	chr2	93813566	93813547	+	5.04	13.086	>	6	29	61
1070	chr6	126481478	126481459	-	5.023	10.89	>	6	29	61
1071	chr1	181881093	181881074	-	4.984	10.19	>	6	29	61
1072	chr6	108065822	108065803	-	4.977	6.67	>	6	29	61
1073	chr4	88550373	88550354	+	4.938	4.04	>	6	29	61
1074	chr5	137502167	137502148	+	4.867	8.81	>	6	29	61
1075	chr8	77618148	77618129	-	4.86	4.188	>	6	29	61
1076	chr7	120098024	120098005	+	4.855	7.22	>	6	29	61
1077	chr2	75152706	75152687	-	4.824	10.55	>	6	29	61
1078	chr11	87950193	87950174	+	4.78	11.09	>	6	29	61
1079	chr11	94598936	94598917	-	4.746	10.49	>	6	29	61
1080	chr1	10229119	10229100	+	4.746	0.972	>	6	29	61
1081	chr7	143476888	143476869	+	4.746	8.89	>	6	29	61
1082	chr9	102607693	102607674	-	4.715	3.604	>	6	29	61
1083	chr8	32009749	32009730	+	4.71	6.785	>	6	29	61
1084	chr3	99262117	99262098	-	4.707	1.889	>	6	29	61
1085	chr18	75607987	75607968	+	4.664	23.11	>	6	29	61
1086	chr7	75380211	75380192	-	4.64	2.41	>	6	29	61
1087	chr3	135863108	135863089	+	4.64	3.164	>	6	29	61
1088	chr4	87369015	87368996	-	4.625	9.125	>	6	29	61
1089	chr8	84639535	84639516	+	4.605	13.88	>	6	29	61
1090	chr15	74524301	74524282	+	4.586	13.7	>	6	29	61
1091	chr17	57007316	57007297	-	4.582	9.42	>	6	29	61
1092	chr11	30893985	30893966	+	4.547	0.9004	>	6	29	61
1093	chr19	57360190	57360171	-	4.543	2.654	>	6	29	61
1094	chr8	110102657	110102638	-	4.53	9.24	>	6	29	61
1095	chr7	135389259	135389240	-	4.53	9.336	>	6	29	61
1096	chr4	152527530	152527511	+	4.516	13.99	>	6	29	61
1097	chr13	103710441	103710422	+	4.5	4.57	>	6	29	61
1098	chr10	120896053	120896034	+	4.5	2.322	>	6	29	61
1099	chr18	5155632	5155613	-	4.484	6.39	>	6	29	61
1100	chr12	80141693	80141674	-	4.45	17.05	>	6	29	61
1101	chr5	118763566	118763547	-	4.418	12.81	>	6	29	61
1102	chr12	14150175	14150156	+	4.406	3.688	>	6	29	61
1103	chr10	128990300	128990281	-	4.4	8.03	>	6	29	61
1104	chr10	30834038	30834019	-	4.37	4.473	>	6	29	61
1105	chr6	50618483	50618464	+	4.367	12.766	>	6	29	61
1106	chr15	9748972	9748953	-	4.36	3.496	>	6	29	61
1107	chr16	92308164	92308145	-	4.355	11.22	>	6	29	61
1108	chr2	9881964	9881945	-	4.355	2.918	>	6	29	61
1109	chr8	123106089	123106070	+	4.336	8.18	>	6	29	61
1110	chr5	98346264	98346245	+	4.324	2.342	>	6	29	61
1111	chr10	40249841	40249822	-	4.316	12.23	>	6	29	61
1112	chr3	141457685	141457666	+	4.312	4.707	>	6	29	61
1113	chr9	40192620	40192601	-	4.3	2.145	>	6	29	61
1114	chr9	72448248	72448229	+	4.29	7.78	>	6	29	61
1115	chr13	24316809	24316790	-	4.273	3.682	>	6	29	61
1116	chr1	50927249	50927230	+	4.258	4.5	>	6	29	61
1117	chr11	102690417	102690398	-	4.223	12.195	>	6	29	61
1118	chr4	116627141	116627122	+	4.207	6.52	>	6	29	61
1119	chr15	76198817	76198798	+	4.164	10.72	>	6	29	61
1120	chr15	12113620	12113601	-	4.156	3.312	>	6	29	61
1121	chr1	115675059	115675040	+	4.152	5.223	>	6	29	61
1122	chr2	34644807	34644788	-	4.15	8.266	>	6	29	61
1123	chr2	166084974	166084955	-	4.133	18.12	>	6	29	61
1124	chr11	21571906	21571887	-	4.13	2.105	>	6	29	61
1125	chr15	9449709	9449690	-	4.062	0.543	>	6	29	61
1126	chr5	92664520	92664501	-	4.055	3.326	>	6	29	61
1127	chr12	77001216	77001197	+	4.043	1.105	>	6	29	61
1128	chr6	93757507	93757488	-	4.01	5.273	>	6	29	61
1129	chr19	56302794	56302775	+	4.01	3.797	>	6	29	61
1130	chr13	71954038	71954019	-	4.008	1.19	>	6	29	61
1131	chr4	17852015	17851996	-	4.0	0.8535	>	6	29	61
1132	chr18	39136126	39136107	+	3.992	1.932	>	6	29	61
1133	chr1	153489234	153489215	-	3.99	7.715	>	6	29	61
1134	chr9	66136172	66136153	-	3.988	5.383	>	6	29	61
1135	chr11	109621431	109621412	-	3.979	11.484	>	6	29	61
1136	chr13	91723318	91723299	+	3.959	5.49	>	6	29	61
1137	chr13	3642291	3642272	-	3.959	4.75	>	6	29	61
1138	chr13	47304770	47304751	+	3.957	6.746	>	6	29	61
1139	chr2	121144456	121144437	+	3.953	4.504	>	6	29	61
1140	chr13	93772223	93772204	-	3.928	3.56	>	6	29	61
1141	chr10	70967079	70967060	+	3.916	4.88	>	6	29	61
1142	chr13	59417085	59417066	-	3.91	5.0	>	6	29	61
1143	chr7	102484972	102484953	-	3.883	7.0	>	6	29	61
1144	chr5	38235667	38235648	-	3.879	10.78	>	6	29	61
1145	chr14	56885401	56885382	+	3.87	2.412	>	6	29	61
1146	chr11	75170669	75170650	-	3.861	7.984	>	6	29	61
1147	chr11	77980417	77980398	+	3.846	9.5	>	6	29	61
1148	chr9	94738712	94738693	+	3.828	14.92	>	6	29	61
1149	chr6	140466500	140466481	-	3.816	3.785	>	6	29	61
1150	chr19	57361025	57361006	-	3.814	6.484	>	6	29	61
1151	chr12	58972459	58972440	+	3.777	2.135	>	6	29	61
1152	chr2	61490636	61490617	+	3.775	5.23	>	6	29	61
1153	chr4	44310651	44310632	+	3.762	4.973	>	6	29	61
1154	chr11	52766147	52766128	+	3.734	1.83	>	6	29	61
1155	chr13	72627587	72627568	-	3.717	4.066	>	6	29	61
1156	chr9	23012459	23012440	-	3.71	1.704	>	6	29	61
1157	chr16	31427924	31427905	-	3.705	3.383	>	6	29	61
1158	chr12	29895773	29895754	+	3.691	1.481	>	6	29	61
1159	chr9	73154557	73154538	+	3.666	9.1	>	6	29	61
1160	chr1	127484437	127484418	-	3.66	8.8	>	6	29	61
1161	chr9	107566236	107566217	+	3.656	7.098	>	6	29	61
1162	chr2	68118338	68118319	+	3.652	4.36	>	6	29	61
1163	chr11	11140836	11140817	-	3.629	13.69	>	6	29	61
1164	chr12	74014936	74014917	-	3.627	5.97	>	6	29	61
1165	chr7	138396301	138396282	-	3.621	0.934	>	6	29	61
1166	chr14	103534605	103534586	+	3.617	5.312	>	6	29	61
1167	chr10	115164112	115164093	-	3.613	3.031	>	6	29	61
1168	chr7	119019764	119019745	+	3.598	7.113	>	6	29	61
1169	chr13	96389525	96389506	-	3.588	1.339	>	6	29	61
1170	chr14	74723724	74723705	-	3.586	5.766	>	6	29	61
1171	chr14	55114114	55114095	-	3.57	7.387	>	6	29	61
1172	chr9	62784468	62784449	+	3.562	12.84	>	6	29	61
1173	chr10	127678167	127678148	-	3.541	2.129	>	6	29	61
1174	chr17	55948218	55948199	-	3.535	4.3	>	6	29	61
1175	chr11	78183263	78183244	-	3.525	12.305	>	6	29	61
1176	chr6	59207403	59207384	-	3.508	1.477	>	6	29	61
1177	chr6	135416919	135416900	+	3.498	4.027	>	6	29	61
1178	chr5	122104403	122104384	+	3.492	11.98	>	6	29	61
1179	chr13	37971068	37971049	-	3.482	3.088	>	6	29	61
1180	chr5	114612410	114612391	+	3.48	13.6	>	6	29	61
1181	chr10	114442226	114442207	+	3.46	2.104	>	6	29	61
1182	chr2	145655527	145655508	-	3.44	2.05	>	6	29	61
1183	chr7	109507351	109507332	-	3.418	1.832	>	6	29	61
1184	chr16	10009965	10009946	+	3.402	4.965	>	6	29	61
1185	chr14	67969032	67969013	-	3.385	5.523	>	6	29	61
1186	chr5	140744055	140744036	-	3.348	10.35	>	6	29	61
1187	chr1	56984334	56984315	+	3.338	2.584	>	6	29	61
1188	chr2	137110782	137110763	+	3.328	1.323	>	6	29	61
1189	chr16	22267525	22267506	+	3.322	1.262	>	6	29	61
1190	chr16	4884595	4884576	-	3.3	2.822	>	6	29	61
1191	chr5	19458406	19458387	-	3.291	6.625	>	6	29	61
1192	chr1	84697217	84697198	-	3.29	7.492	>	6	29	61
1193	chr14	122903088	122903069	-	3.29	2.205	>	6	29	61
1194	chr7	64056729	64056710	-	3.273	1.214	>	6	29	61
1195	chr9	71624061	71624042	-	3.273	15.39	>	6	29	61
1196	chr9	96885958	96885939	-	3.271	10.016	>	6	29	61
1197	chr18	46964733	46964714	-	3.266	8.555	>	6	29	61
1198	chr3	122638475	122638456	+	3.26	4.82	>	6	29	61
1199	chr9	94733848	94733829	+	3.256	3.768	>	6	29	61
1200	chr1	167938404	167938385	-	3.25	6.79	>	6	29	61
1201	chr1	180811841	180811822	+	3.244	6.383	>	6	29	61
1202	chr10	42760472	42760453	+	3.229	1.784	>	6	29	61
1203	chr18	20598347	20598328	+	3.213	4.758	>	6	29	61
1204	chr17	71909305	71909286	+	3.203	3.572	>	6	29	61
1205	chr1	34459898	34459879	+	3.193	3.389	>	6	29	61
1206	chr4	117202234	117202215	-	3.191	9.61	>	6	29	61
1207	chr15	101313974	101313955	-	3.178	2.96	>	6	29	61
1208	chr16	13438138	13438119	+	3.176	1.241	>	6	29	61
1209	chr7	114878499	114878480	+	3.174	1.604	>	6	29	61
1210	chr11	109866735	109866716	+	3.166	2.812	>	6	29	61
1211	chr3	123509329	123509310	+	3.162	5.67	>	6	29	61
1212	chr3	114085881	114085862	-	3.146	0.5283	>	6	29	61
1213	chr4	120149384	120149365	-	3.145	8.09	>	6	29	61
1214	chr16	4549594	4549575	-	3.137	11.12	>	6	29	61
1215	chr15	78872224	78872205	+	3.133	9.35	>	6	29	61
1216	chr12	57231261	57231242	-	3.127	3.32	>	6	29	61
1217	chr9	71624949	71624930	-	3.125	15.0	>	6	29	61
1218	chr4	18963859	18963840	-	3.12	4.01	>	6	29	61
1219	chr8	40913366	40913347	-	3.115	1.625	>	6	29	61
1220	chr5	21645240	21645221	-	3.11	1.259	>	6	29	61
1221	chr10	68357244	68357225	+	3.094	1.353	>	6	29	61
1222	chr2	93812077	93812058	-	3.06	11.82	>	6	29	61
1223	chr12	75669431	75669412	-	3.05	4.1	>	6	29	61
1224	chr1	12844023	12844004	+	3.033	4.33	>	6	29	61
1225	chr12	86697142	86697123	+	3.025	6.996	>	6	29	61
1226	chr9	98033678	98033659	+	3.021	1.525	>	6	29	61
1227	chr19	37946902	37946883	+	3.02	4.082	>	6	29	61
1228	chr9	75271676	75271657	+	3.01	4.42	>	6	29	61
1229	chr11	55162881	55162862	+	2.996	3.625	>	6	29	61
1230	chr17	25274339	25274320	-	2.984	4.45	>	6	29	61
1231	chr6	108065317	108065298	+	2.984	5.535	>	6	29	61
1232	chr7	5071749	5071730	-	2.928	2.754	>	6	29	61
1233	chr3	152477906	152477887	-	2.922	3.295	>	6	29	61
1234	chr5	28090770	28090751	-	2.922	2.412	>	6	29	61
1235	chr14	78282622	78282603	+	2.91	2.186	>	6	29	61
1236	chr14	88480122	88480103	-	2.906	3.236	>	6	29	61
1237	chr7	107569047	107569028	+	2.902	1.588	>	6	29	61
1238	chr3	83777088	83777069	-	2.879	3.992	>	6	29	61
1239	chr8	48550865	48550846	+	2.871	0.592	>	6	29	61
1240	chr7	132575955	132575936	-	2.855	4.473	>	6	29	61
1241	chr14	79769127	79769108	-	2.852	4.36	>	6	29	61
1242	chr17	69974245	69974226	-	2.799	1.284	>	6	29	61
1243	chr12	66284211	66284192	-	2.793	5.484	>	6	29	61
1244	chr6	83796902	83796883	-	2.785	3.35	>	6	29	61
1245	chr9	44108077	44108058	+	2.785	11.375	>	6	29	61
1246	chr11	116023924	116023905	+	2.777	6.906	>	6	29	61
1247	chr3	86779824	86779805	-	2.775	8.64	>	6	29	61
1248	chr19	46056202	46056183	+	2.77	5.27	>	6	29	61
1249	chr10	108210181	108210162	-	2.762	0.674	>	6	29	61
1250	chr8	27001386	27001367	+	0.4329	0.4077	>	6	29	61
1251	chr17	28338029	28338010	-	0.252	0.265	>	6	29	61
1252	chr11	76445826	76445807	-	0.2268	0.1863	>	6	29	61
1253	chr5	144244146	144244127	-	0.311	0.3691	>	6	29	61
1254	chr14	79768803	79768784	-	0.3076	0.2808	>	6	29	61
1255	chr9	26778623	26778604	-	1.299	0.6914	>	6	29	61
1256	chr7	25392052	25392033	+	0.2487	0.242	>	6	29	61
1257	chr3	101484879	101484860	-	0.3438	0.528	>	6	29	61
1258	chr2	69113988	69113969	+	0.2472	0.1981	>	6	29	61
1259	chr13	29852447	29852428	-	0.1781	0.1941	>	6	29	61
1260	chr2	60213231	60213212	-	0.1073	0.1628	>	6	29	61
1261	chr2	171418157	171418138	-	0.1407	0.2131	>	6	29	61
1262	chr7	64392050	64392031	-	0.514	0.2006	>	6	29	61
1263	chr15	36157434	36157415	-	0.7227	0.836	>	6	29	61
1264	chr4	49662357	49662338	-	0.4692	0.2915	>	6	29	61
1265	chr4	48422356	48422337	+	1.027	0.5225	>	6	29	61
1266	chr18	82720514	82720495	+	0.1605	0.1409	>	6	29	61
1267	chr1	172022686	172022667	+	0.1733	0.1764	>	6	29	61
1268	chr7	139595890	139595871	+	0.1575	0.2125	>	6	29	61
1269	chr12	73007842	73007823	-	0.345	0.2974	>	6	29	61
1270	chr17	27192928	27192909	-	0.1056	0.4468	>	6	29	61
1271	chr1	53698960	53698941	+	0.557	0.255	>	6	29	61
1272	chr18	12734380	12734361	+	0.207	0.1383	>	6	29	61
1273	chr6	126767488	126767469	-	0.2039	0.2483	>	6	29	61
1274	chr2	92856249	92856230	-	2.734	0.857	>	6	29	61
1275	chr11	74572851	74572832	+	0.2646	0.2705	>	6	29	61
1276	chr9	59675637	59675618	-	0.4082	0.744	>	6	29	61
1277	chr15	55025647	55025628	+	0.1847	0.1536	>	6	29	61
1278	chr4	120579150	120579131	-	0.33	0.264	>	6	29	61
1279	chr15	74525720	74525701	+	0.2172	0.2104	>	6	29	61
1280	chr1	88748095	88748076	+	0.1973	0.1881	>	6	29	61
1281	chr15	32239655	32239636	-	0.2822	0.1587	>	6	29	61
1282	chr7	36571183	36571164	+	0.1103	0.1942	>	6	29	61
1283	chr11	113855351	113855332	-	0.1613	0.1947	>	6	29	61
1284	chr6	90609163	90609144	+	2.127	1.159	>	6	29	61
1285	chr3	146181407	146181388	-	0.2034	0.3416	>	6	29	61
1286	chr10	69857222	69857203	-	0.3232	0.3599	>	6	29	61
1287	chr2	158361425	158361406	-	0.5625	0.2502	>	6	29	61
1288	chr5	136268179	136268160	-	0.1886	0.2153	>	6	29	61
1289	chr16	11983350	11983331	-	1.634	1.076	>	6	29	61
1290	chr2	84437773	84437754	+	0.2305	0.14	>	6	29	61
1291	chr18	24002018	24001999	-	0.133	0.1333	>	6	29	61
1292	chr1	130151533	130151514	-	0.4075	0.3347	>	6	29	61
1293	chr9	59675855	59675836	+	0.3367	0.2161	>	6	29	61
1294	chr11	116840251	116840232	-	0.3374	0.637	>	6	29	61
1295	chr2	155819963	155819944	+	0.07886	0.146	>	6	29	61
1296	chr14	105301632	105301613	+	0.206	0.2114	>	6	29	61
1297	chr12	9044592	9044573	+	0.1821	0.2019	>	6	29	61
1298	chr18	13971224	13971205	-	0.5337	0.3596	>	6	29	61
1299	chr5	136267600	136267581	-	0.2751	0.189	>	6	29	61
1300	chr5	33371430	33371411	+	0.3992	0.1644	>	6	29	61
1301	chr14	51090397	51090378	-	0.4153	0.243	>	6	29	61
1302	chr1	77935072	77935053	+	0.1814	0.1729	>	6	29	61
1303	chr11	119246049	119246030	-	0.204	0.3367	>	6	29	61
1304	chr17	50274949	50274930	-	0.441	0.1749	>	6	29	61
1305	chr8	108956442	108956423	+	0.5635	0.3044	>	6	29	61
1306	chr11	66885340	66885321	+	0.1636	0.169	>	6	29	61
1307	chr7	30099945	30099926	-	0.1979	0.1757	>	6	29	61
1308	chr15	99973159	99973140	-	0.1998	0.3345	>	6	29	61
1309	chr5	16308949	16308930	+	0.1567	0.1411	>	6	29	61
1310	chr6	119466578	119466559	-	0.9824	0.9795	>	6	29	61
1311	chr2	136886679	136886660	+	0.7764	0.2095	>	6	29	61
1312	chr14	79763594	79763575	-	0.2852	0.151	>	6	29	61
1313	chr2	170416012	170415993	+	0.1837	0.1256	>	6	29	61
1314	chr4	41015236	41015217	-	0.1882	0.1434	>	6	29	61
1315	chr11	70975109	70975090	+	0.713	0.3914	>	6	29	61
1316	chr5	122773202	122773183	+	0.11584	0.1375	>	6	29	61
1317	chr4	128588031	128588012	-	0.2659	0.1909	>	6	29	61
1318	chr8	122576186	122576167	-	0.11285	0.1545	>	6	29	61
1319	chr7	76383989	76383970	+	0.1553	0.154	>	6	29	61
1320	chr9	41467019	41467000	-	0.2223	0.1565	>	6	29	61
1321	chr1	32712246	32712227	-	0.05322	0.1516	>	6	29	61
1322	chr16	23974866	23974847	-	0.5283	0.3425	>	6	29	61
1323	chr15	84066194	84066175	-	0.6196	1.17	>	6	29	61
1324	chr11	40148920	40148901	-	1.272	0.642	>	6	29	61
1325	chr7	27166488	27166469	-	0.306	0.491	>	6	29	61
1326	chr11	30240273	30240254	+	0.4001	0.2556	>	6	29	61
1327	chr2	69115969	69115950	-	0.1754	0.1587	>	6	29	61
1328	chr9	113420569	113420550	-	0.2261	0.2178	>	6	29	61
1329	chr12	99882528	99882509	-	0.2617	0.1387	>	6	29	61
1330	chr5	77347648	77347629	-	0.3625	0.4211	>	6	29	61
1331	chr10	49780455	49780436	+	0.2179	0.1394	>	6	29	61
1332	chr5	75855263	75855244	-	0.6416	0.4326	>	6	29	61
1333	chr2	124087358	124087339	-	0.6436	0.2075	>	6	29	61
1334	chr14	49219056	49219037	+	0.678	0.694	>	6	29	61
1335	chr5	147938091	147938072	+	0.368	0.1842	>	6	29	61
1336	chr11	32340288	32340269	+	0.1792	0.1648	>	6	29	61
1337	chr16	50181579	50181560	+	0.2006	0.1838	>	6	29	61
1338	chr16	20496121	20496102	-	0.6714	0.1777	>	6	29	61
1339	chr8	76775680	76775661	+	0.135	0.1975	>	6	29	61
1340	chr14	65597676	65597657	+	0.6543	0.452	>	6	29	61
1341	chr7	64754771	64754752	+	0.1351	0.2295	>	6	29	61
1342	chr2	166083979	166083960	-	0.2964	0.2065	>	6	29	61
1343	chr16	44140440	44140421	+	0.4607	0.3381	>	6	29	61
1344	chr12	90524338	90524319	-	0.3223	0.2983	>	6	29	61
1345	chr5	89391716	89391697	+	0.1626	0.1418	>	6	29	61
1346	chr9	59675438	59675419	-	0.2104	0.1542	>	6	29	61
1347	chr19	16339103	16339084	-	0.1967	0.1177	>	6	29	61
1348	chr13	30545067	30545048	+	0.3672	0.2915	>	6	29	61
1349	chr1	92462681	92462662	+	0.3916	0.1832	>	6	29	61
1350	chr4	84066283	84066264	-	0.1898	0.1552	>	6	29	61
1351	chr9	83373922	83373903	-	0.2197	0.1434	>	6	29	61
1352	chr4	88773969	88773950	-	0.9507	8.01	>	6	29	61
1353	chr9	123132258	123132239	-	0.1687	0.1416	>	6	29	61
1354	chr17	34958843	34958824	-	0.2079	0.5464	>	6	29	61
1355	chr12	50946225	50946206	+	0.2341	0.157	>	6	29	61
1356	chr13	73647252	73647233	+	0.267	0.1704	>	6	29	61
1357	chr11	83279300	83279281	-	0.4434	0.2251	>	6	29	61
1358	chr17	8986048	8986029	-	0.3325	0.212	>	6	29	61
1359	chr4	14935721	14935702	-	0.7095	0.296	>	6	29	61
1360	chr4	75076699	75076680	+	0.09125	0.2014	>	6	29	61
1361	chr5	114610713	114610694	+	0.0985	0.1626	>	6	29	61
1362	chr9	83378273	83378254	-	0.471	0.2808	>	6	29	61
1363	chr9	107773182	107773163	-	0.1786	0.1414	>	6	29	61
1364	chr9	41218030	41218011	+	0.1323	0.1355	>	6	29	61
1365	chr9	105644718	105644699	+	0.4255	0.1808	>	6	29	61
1366	chr8	84264441	84264422	-	1.261	1.4795	>	6	29	61
1367	chr4	135959453	135959434	+	0.112	0.2223	>	6	29	61
1368	chr1	24684268	24684249	+	0.4001	0.1942	>	6	29	61
1369	chr3	87748577	87748558	-	0.7593	0.4382	>	6	29	61
1370	chr9	54690950	54690931	+	0.11566	0.136	>	6	29	61
1371	chr15	82277690	82277671	-	0.9043	0.4492	>	6	29	61
1372	chr5	115498528	115498509	-	0.2693	0.2164	>	6	29	61
1373	chr9	56621276	56621257	+	0.10846	0.253	>	6	29	61
1374	chr18	81956733	81956714	-	0.2815	0.2637	>	6	29	61
1375	chr10	22791401	22791382	-	0.1346	0.2358	>	6	29	61
1376	chr15	82271301	82271282	+	0.836	0.1838	>	6	29	61
1377	chr12	69946159	69946140	+	0.555	0.455	>	6	29	61
1378	chr14	101442800	101442781	+	0.2983	0.1344	>	6	29	61
1379	chr2	164777017	164776998	-	0.5176	0.361	>	6	29	61
1380	chr10	24631573	24631554	-	1.178	1.224	>	6	29	61
1381	chr1	136528510	136528491	-	1.761	0.7373	>	6	29	61
1382	chr10	19222118	19222099	-	1.411	0.8228	>	6	29	61
1383	chr14	56885508	56885489	-	2.348	4.004	>	6	29	61
1384	chr8	85060493	85060474	-	0.9688	0.437	>	6	29	61
1385	chr11	96075822	96075803	-	0.9316	0.4944	>	6	29	61
1386	chr11	77476535	77476516	+	0.1632	0.2383	>	6	29	61
1387	chr1	81294004	81293985	-	0.905	0.562	>	6	29	61
1388	chr12	15520954	15520935	+	0.7183	0.4033	>	6	29	61
1389	chr7	66397054	66397035	+	0.1594	0.2107	>	6	29	61
1390	chr12	74014582	74014563	-	0.2377	0.1973	>	6	29	61
1391	chr5	144242554	144242535	-	0.241	0.1987	>	6	29	61
1392	chr15	66894943	66894924	+	0.2703	0.2021	>	6	29	61
1393	chr6	126484995	126484976	-	0.4333	1.278	>	6	29	61
1394	chr4	48427148	48427129	+	0.678	0.3833	>	6	29	61
1395	chr15	71459211	71459192	+	0.252	0.1731	>	6	29	61
1396	chr3	19896435	19896416	-	0.2361	0.1467	>	6	29	61
1397	chr8	68268707	68268688	-	0.1398	0.1492	>	6	29	61
1398	chr1	182555580	182555561	-	0.1982	0.1915	>	6	29	61
1399	chr9	44413186	44413167	-	0.534	0.393	>	6	29	61
1400	chr14	70151716	70151697	+	0.3604	0.2382	>	6	29	61
1401	chr4	62478250	62478231	+	0.438	0.1328	>	6	29	61
1402	chr3	127561629	127561610	-	0.2183	0.12354	>	6	29	61
1403	chr3	69139614	69139595	-	0.397	0.2261	>	6	29	61
1404	chr17	17919616	17919597	+	0.1678	0.167	>	6	29	61
1405	chr4	139314214	139314195	-	0.2279	0.269	>	6	29	61
1406	chr18	61952763	61952744	-	0.2372	0.1731	>	6	29	61
1407	chr9	7599188	7599169	+	0.33	0.191	>	6	29	61
1408	chr10	120898341	120898322	-	0.3386	0.1467	>	6	29	61
1409	chr11	57469613	57469594	-	0.1846	0.2297	>	6	29	61
1410	chr18	58480198	58480179	-	0.2095	0.1665	>	6	29	61
1411	chr17	12380527	12380508	-	0.658	0.591	>	6	29	61
1412	chr2	107940173	107940154	+	0.11664	0.1351	>	6	29	61
1413	chr2	32580534	32580515	-	0.2605	0.4055	>	6	29	61
1414	chr15	98813480	98813461	+	0.3496	0.5376	>	6	29	61
1415	chr6	54253893	54253874	+	0.1663	0.1743	>	6	29	61
1416	chr1	135800865	135800846	+	0.1766	0.1665	>	6	29	61
1417	chr15	58426369	58426350	+	0.1996	0.1519	>	6	29	61
1418	chr4	87367775	87367756	+	0.3853	0.1472	>	6	29	61
1419	chr2	96583103	96583084	-	0.809	0.3242	>	6	29	61
1420	chr4	63366959	63366940	-	0.1979	0.1753	>	6	29	61
1421	chr4	59761293	59761274	-	0.3435	0.2113	>	6	29	61
1422	chr10	7832162	7832143	+	0.2646	0.1672	>	6	29	61
1423	chr7	89904213	89904194	-	0.2908	0.156	>	6	29	61
1424	chr1	30697342	30697323	+	0.1025	0.1263	>	6	29	61
1425	chr1	58987602	58987583	+	0.2202	0.1498	>	6	29	61
1426	chr15	7452190	7452171	+	0.1405	0.12085	>	6	29	61
1427	chr4	139877044	139877025	+	0.3875	0.2688	>	6	29	61
1428	chr3	83291887	83291868	-	0.0825	0.137	>	6	29	61
1429	chr15	68912907	68912888	-	0.5024	0.2024	>	6	29	61
1430	chr14	64593744	64593725	-	1.073	0.5703	>	6	29	61
1431	chr1	56980349	56980330	-	0.2778	0.2322	>	6	29	61
1432	chr14	75833620	75833601	-	0.6006	0.4543	>	6	29	61
1433	chr16	62904648	62904629	-	0.217	0.1924	>	6	29	61
1434	chr5	35991229	35991210	-	1.033	1.082	>	6	29	61
1435	chr5	44287418	44287399	-	0.248	0.155	>	6	29	61
1436	chr15	76199915	76199896	-	0.07776	0.3071	>	6	29	61
1437	chr4	131240262	131240243	-	0.241	0.206	>	6	29	61
1438	chr5	102147917	102147898	-	0.228	0.2458	>	6	29	61
1439	chr3	93086926	93086907	+	0.0978	0.1787	>	6	29	61
1440	chr6	126163382	126163363	+	2.373	1.376	>	6	29	61
1441	chr3	45375769	45375750	+	1.051	0.2544	>	6	29	61
1442	chr16	90306219	90306200	-	0.3647	0.3506	>	6	29	61
1443	chr17	3249270	3249251	-	0.1843	0.136	>	6	29	61
1444	chr4	143024421	143024402	-	0.087	0.1317	>	6	29	61
1445	chr19	47513892	47513873	-	0.2471	0.1393	>	6	29	61
1446	chr6	66534595	66534576	-	1.387	0.675	>	6	29	61
1447	chr6	134963172	134963153	-	0.6475	0.5996	>	6	29	61
1448	chr14	56369245	56369226	+	0.2401	0.1912	>	6	29	61
1449	chr18	53460219	53460200	+	0.1775	0.162	>	6	29	61
1450	chr7	89476922	89476903	-	0.2163	0.1522	>	6	29	61
1451	chr6	34273116	34273097	+	0.0673	0.1545	>	6	29	61
1452	chr7	142295608	142295589	-	1.062	6.32	>	6	29	61
1453	chr3	22302208	22302189	+	0.992	0.3848	>	6	29	61
1454	chr6	31045994	31045975	-	0.7534	0.959	>	6	29	61
1455	chr9	57143378	57143359	-	0.1816	0.2302	>	6	29	61
1456	chr6	101268340	101268321	+	0.2712	0.1924	>	6	29	61
1457	chr9	58897456	58897437	-	0.7163	0.4846	>	6	29	61
1458	chr17	79601068	79601049	+	0.2245	0.12476	>	6	29	61
1459	chr16	5254607	5254588	-	0.2883	0.22	>	6	29	61
1460	chr4	83595536	83595517	+	1.783	1.041	>	6	29	61
1461	chr9	51159881	51159862	-	0.6875	0.266	>	6	29	61
1462	chr14	66354429	66354410	+	0.1142	0.1388	>	6	29	61
1463	chr5	117090283	117090264	+	0.5806	0.4014	>	6	29	61
1464	chr2	168061425	168061406	-	0.1733	0.2051	>	6	29	61
1465	chr5	9169228	9169209	+	0.3306	0.1686	>	6	29	61
1466	chr6	28418701	28418682	-	0.4202	0.266	>	6	29	61
1467	chr12	105038443	105038424	-	0.1501	0.2063	>	6	29	61
1468	chr1	182558143	182558124	-	0.2264	0.1511	>	6	29	61
1469	chr8	47713300	47713281	-	1.078	1.646	>	6	29	61
1470	chr18	47357393	47357374	+	0.2007	0.1278	>	6	29	61
1471	chr1	118771083	118771064	-	0.1254	0.2006	>	6	29	61
1472	chr16	6493044	6493025	-	0.1927	0.1516	>	6	29	61
1473	chr9	42951005	42950986	-	0.3914	0.2078	>	6	29	61
1474	chr13	53430986	53430967	-	0.6504	0.3672	>	6	29	61
1475	chr13	67609268	67609249	+	2.162	0.826	>	6	29	61
1476	chr1	53035072	53035053	+	0.1465	0.1494	>	6	29	61
1477	chr7	99471824	99471805	-	0.3745	0.4907	>	6	29	61
1478	chr11	36543574	36543555	-	0.1156	0.1614	>	6	29	61
1479	chr5	124334258	124334239	-	0.3428	0.273	>	6	29	61
1480	chr10	76771414	76771395	-	0.1296	0.2047	>	6	29	61
1481	chr10	4386719	4386700	+	0.32	0.4492	>	6	29	61
1482	chr5	116554091	116554072	+	0.0876	0.1714	>	6	29	61
1483	chr10	41734858	41734839	+	0.1406	0.2605	>	6	29	61
1484	chr10	50906875	50906856	-	0.2361	0.1674	>	6	29	61
1485	chr11	31651668	31651649	+	0.07605	0.1534	>	6	29	61
1486	chr6	116193190	116193171	+	0.3687	0.372	>	6	29	61
1487	chr1	188976509	188976490	+	0.343	0.1833	>	6	29	61
1488	chr12	101976095	101976076	+	0.681	0.4116	>	6	29	61
1489	chr15	75925915	75925896	+	0.6084	0.9233	>	6	29	61
1490	chr1	4777287	4777268	-	0.9443	1.425	>	6	29	61
1491	chr18	86560230	86560211	+	0.7866	1.138	>	6	29	61
1492	chr7	43574878	43574859	+	1.292	1.347	>	6	29	61
1493	chr7	98200601	98200582	-	0.2927	0.1711	>	6	29	61
1494	chr4	143319849	143319830	+	0.2299	0.1525	>	6	29	61
1495	chr2	128601696	128601677	-	0.1208	0.207	>	6	29	61
1496	chr17	57004491	57004472	-	0.1467	0.2932	>	6	29	61
1497	chr2	35196541	35196522	-	1.081	0.3997	>	6	29	61
1498	chr5	29779371	29779352	+	0.1531	0.1671	>	6	29	61
1499	chr10	93038429	93038410	-	0.163	0.1875	>	6	29	61
0	chr4	87368268	87368249	+	90.56	65.75	>	6	30	60
1	chr11	109860827	109860808	-	89.2	47.97	>	6	30	60
2	chr3	22309188	22309169	+	81.5	60.4	>	6	30	60
3	chr10	5161770	5161751	-	79.2	55.88	>	6	30	60
4	chr16	71247702	71247683	+	68.56	43.2	>	6	30	60
5	chr16	72980067	72980048	-	68.3	56.7	>	6	30	60
6	chr6	60556001	60555982	+	67.7	40.38	>	6	30	60
7	chr5	7996919	7996900	-	66.06	59.4	>	6	30	60
8	chr14	12140114	12140095	-	65.1	51.62	>	6	30	60
9	chr13	81439574	81439555	+	64.94	46.94	>	6	30	60
10	chr9	103996726	103996707	-	64.9	51.25	>	6	30	60
11	chr15	56066340	56066321	+	63.97	42.94	>	6	30	60
12	chr10	106609250	106609231	+	63.97	42.62	>	6	30	60
13	chr1	144380222	144380203	-	63.4	48.44	>	6	30	60
14	chr10	8240468	8240449	-	62.34	45.88	>	6	30	60
15	chr12	77000269	77000250	+	62.22	54.97	>	6	30	60
16	chr1	44745882	44745863	+	62.12	40.25	>	6	30	60
17	chr4	81178889	81178870	+	62.03	50.0	>	6	30	60
18	chr9	10909768	10909749	+	61.12	47.94	>	6	30	60
19	chr6	64650119	64650100	-	60.56	60.88	>	6	30	60
20	chr15	32766485	32766466	-	60.56	46.62	>	6	30	60
21	chr4	9135983	9135964	+	60.03	34.12	>	6	30	60
22	chr7	118305013	118304994	+	59.5	47.62	>	6	30	60
23	chr10	39520570	39520551	-	58.34	40.5	>	6	30	60
24	chr1	78724658	78724639	+	58.25	47.28	>	6	30	60
25	chr2	160598038	160598019	+	57.94	55.8	>	6	30	60
26	chr18	33790258	33790239	-	57.72	56.3	>	6	30	60
27	chr12	40837750	40837731	+	57.5	46.25	>	6	30	60
28	chr8	41443763	41443744	+	57.34	56.06	>	6	30	60
29	chr14	68494314	68494295	-	56.94	24.97	>	6	30	60
30	chr1	11657910	11657891	+	56.8	43.62	>	6	30	60
31	chr11	77100337	77100318	+	55.88	49.25	>	6	30	60
32	chr16	41244935	41244916	-	55.72	48.0	>	6	30	60
33	chr14	87452291	87452272	-	55.72	63.0	>	6	30	60
34	chr18	16217050	16217031	+	54.9	26.8	>	6	30	60
35	chr11	53255133	53255114	-	54.8	39.5	>	6	30	60
36	chr9	7216447	7216428	+	54.56	27.64	>	6	30	60
37	chr8	35850598	35850579	-	54.5	50.94	>	6	30	60
38	chr8	102781131	102781112	-	54.44	41.34	>	6	30	60
39	chr5	49962010	49961991	-	54.16	50.88	>	6	30	60
40	chr7	90410162	90410143	-	54.06	39.75	>	6	30	60
41	chr4	15328717	15328698	+	54.03	40.72	>	6	30	60
42	chr11	31949616	31949597	-	54.0	41.44	>	6	30	60
43	chr1	120586671	120586652	+	53.8	57.06	>	6	30	60
44	chr13	19698921	19698902	+	53.16	40.8	>	6	30	60
45	chr12	57825950	57825931	+	53.03	34.38	>	6	30	60
46	chr16	72215933	72215914	-	52.7	45.56	>	6	30	60
47	chr9	15685402	15685383	+	52.62	45.03	>	6	30	60
48	chr10	10321327	10321308	-	52.47	23.97	>	6	30	60
49	chr9	49494135	49494116	+	52.4	51.5	>	6	30	60
50	chr3	50906169	50906150	-	52.12	57.06	>	6	30	60
51	chr11	57467973	57467954	-	52.03	54.47	>	6	30	60
52	chr11	113165316	113165297	-	51.88	57.94	>	6	30	60
53	chr9	51152608	51152589	-	51.8	48.22	>	6	30	60
54	chr16	58299658	58299639	+	51.56	30.08	>	6	30	60
55	chr16	22564783	22564764	+	51.44	49.16	>	6	30	60
56	chr8	36523135	36523116	-	51.4	44.44	>	6	30	60
57	chr14	34810941	34810922	+	51.3	52.97	>	6	30	60
58	chr6	101261740	101261721	-	51.0	49.47	>	6	30	60
59	chr7	132213694	132213675	-	50.8	38.62	>	6	30	60
60	chr2	48886271	48886252	-	50.28	44.53	>	6	30	60
61	chr12	54060974	54060955	-	50.12	27.78	>	6	30	60
62	chr1	5905019	5905000	-	50.06	44.22	>	6	30	60
63	chr9	26776375	26776356	-	50.0	53.88	>	6	30	60
64	chr1	103799519	103799500	+	49.53	56.44	>	6	30	60
65	chr9	88222188	88222169	-	49.5	40.1	>	6	30	60
66	chr18	58481884	58481865	-	49.28	39.28	>	6	30	60
67	chr13	100112788	100112769	+	49.16	37.22	>	6	30	60
68	chr3	14679394	14679375	+	49.06	29.97	>	6	30	60
69	chr16	37109459	37109440	+	48.75	19.0	>	6	30	60
70	chr3	153655318	153655299	-	48.72	48.28	>	6	30	60
71	chr16	89765698	89765679	-	48.38	54.0	>	6	30	60
72	chr13	89543228	89543209	-	48.3	56.84	>	6	30	60
73	chr11	40149509	40149490	-	48.28	36.34	>	6	30	60
74	chr3	113080940	113080921	-	48.2	53.4	>	6	30	60
75	chr10	70963797	70963778	-	47.53	51.97	>	6	30	60
76	chr6	66533480	66533461	-	47.34	41.22	>	6	30	60
77	chr18	57976815	57976796	+	47.28	41.3	>	6	30	60
78	chr12	92303388	92303369	+	47.12	48.12	>	6	30	60
79	chr6	43686140	43686121	+	47.1	34.0	>	6	30	60
80	chr15	11038687	11038668	+	47.06	40.16	>	6	30	60
81	chr6	13281064	13281045	-	47.06	44.4	>	6	30	60
82	chr4	25180081	25180062	-	46.94	22.34	>	6	30	60
83	chr2	110229883	110229864	+	46.8	37.2	>	6	30	60
84	chr2	118638293	118638274	+	46.34	48.4	>	6	30	60
85	chr14	67674858	67674839	-	46.2	40.62	>	6	30	60
86	chr1	179477262	179477243	-	45.97	54.9	>	6	30	60
87	chr12	78056191	78056172	+	45.84	48.03	>	6	30	60
88	chr15	44836402	44836383	+	45.7	45.75	>	6	30	60
89	chr9	80293262	80293243	+	45.3	48.66	>	6	30	60
90	chr1	21411405	21411386	+	45.28	35.97	>	6	30	60
91	chr8	80483379	80483360	-	45.28	32.34	>	6	30	60
92	chr16	55477026	55477007	-	44.9	60.88	>	6	30	60
93	chr9	122729759	122729740	-	44.72	40.56	>	6	30	60
94	chr2	17415581	17415562	-	44.56	38.03	>	6	30	60
95	chr4	13778049	13778030	-	44.5	20.47	>	6	30	60
96	chr16	64748455	64748436	-	44.47	52.25	>	6	30	60
97	chr6	57570627	57570608	-	44.28	34.06	>	6	30	60
98	chr16	13117421	13117402	+	44.28	48.25	>	6	30	60
99	chr1	54381475	54381456	-	44.12	34.1	>	6	30	60
100	chr15	40166896	40166877	+	44.03	40.53	>	6	30	60
101	chr17	83271696	83271677	+	44.0	39.2	>	6	30	60
102	chr9	63136063	63136044	+	43.94	32.22	>	6	30	60
103	chr3	68056550	68056531	+	43.88	35.0	>	6	30	60
104	chr3	25220822	25220803	-	43.8	23.62	>	6	30	60
105	chr7	118102455	118102436	-	43.53	59.94	>	6	30	60
106	chr9	51335485	51335466	+	43.47	26.75	>	6	30	60
107	chr16	96671807	96671788	-	43.4	27.66	>	6	30	60
108	chr2	113494904	113494885	+	43.34	43.28	>	6	30	60
109	chr1	55404561	55404542	+	43.25	39.06	>	6	30	60
110	chr3	80079969	80079950	+	43.0	35.7	>	6	30	60
111	chr11	25862989	25862970	-	42.66	37.9	>	6	30	60
112	chr13	109213188	109213169	-	42.6	60.5	>	6	30	60
113	chr8	58566283	58566264	+	42.56	33.8	>	6	30	60
114	chr16	72218227	72218208	+	42.38	47.1	>	6	30	60
115	chr14	102510640	102510621	-	42.34	35.9	>	6	30	60
116	chr7	143154010	143153991	+	42.16	43.66	>	6	30	60
117	chr6	143219585	143219566	+	42.1	41.62	>	6	30	60
118	chr17	86906334	86906315	-	41.97	47.25	>	6	30	60
119	chr8	62080400	62080381	+	41.97	30.6	>	6	30	60
120	chr3	57843985	57843966	+	41.94	43.75	>	6	30	60
121	chr18	3495634	3495615	+	41.62	36.03	>	6	30	60
122	chr7	125393847	125393828	-	41.56	47.0	>	6	30	60
123	chr7	86211564	86211545	-	41.56	46.4	>	6	30	60
124	chr9	60245127	60245108	+	41.38	43.16	>	6	30	60
125	chr6	131353859	131353840	-	41.3	15.89	>	6	30	60
126	chr15	98173991	98173972	-	41.25	24.88	>	6	30	60
127	chr17	88641249	88641230	-	41.12	34.25	>	6	30	60
128	chr9	87027908	87027889	+	41.1	38.34	>	6	30	60
129	chr4	70621553	70621534	-	40.97	48.38	>	6	30	60
130	chr12	41487236	41487217	-	40.88	35.94	>	6	30	60
131	chr4	127368548	127368529	+	40.8	49.72	>	6	30	60
132	chr8	50293750	50293731	-	40.75	48.2	>	6	30	60
133	chr16	27468981	27468962	+	40.75	34.62	>	6	30	60
134	chr7	121641354	121641335	-	40.7	30.69	>	6	30	60
135	chr3	29726795	29726776	-	40.7	30.42	>	6	30	60
136	chr14	29110872	29110853	-	40.66	51.22	>	6	30	60
137	chr13	116712427	116712408	-	40.62	33.1	>	6	30	60
138	chr18	19939562	19939543	-	40.47	45.7	>	6	30	60
139	chr15	80704533	80704514	-	40.28	46.53	>	6	30	60
140	chr18	50137074	50137055	+	40.28	37.62	>	6	30	60
141	chr13	15763212	15763193	-	40.25	29.53	>	6	30	60
142	chr19	50185486	50185467	+	40.22	44.2	>	6	30	60
143	chr12	74013965	74013946	-	40.22	40.8	>	6	30	60
144	chr1	138835543	138835524	+	40.06	20.81	>	6	30	60
145	chr15	55550924	55550905	-	40.06	37.12	>	6	30	60
146	chr1	61771439	61771420	-	40.06	23.55	>	6	30	60
147	chr12	34664961	34664942	+	40.0	19.7	>	6	30	60
148	chr14	78288101	78288082	-	39.8	38.8	>	6	30	60
149	chr2	4499416	4499397	+	39.78	33.88	>	6	30	60
150	chr13	30260132	30260113	-	39.75	32.75	>	6	30	60
151	chr9	68015271	68015252	+	39.2	39.0	>	6	30	60
152	chr1	126993502	126993483	-	39.06	47.2	>	6	30	60
153	chr16	25349824	25349805	-	39.0	41.2	>	6	30	60
154	chr1	14729249	14729230	-	38.94	39.3	>	6	30	60
155	chr15	59389427	59389408	+	38.7	46.34	>	6	30	60
156	chr6	100882590	100882571	+	38.66	49.44	>	6	30	60
157	chr3	9711121	9711102	+	38.62	35.47	>	6	30	60
158	chr6	21214019	21214000	-	38.47	24.2	>	6	30	60
159	chr17	42603617	42603598	-	38.47	42.5	>	6	30	60
160	chr4	80517548	80517529	-	38.47	41.4	>	6	30	60
161	chr9	85328584	85328565	-	38.28	30.06	>	6	30	60
162	chr17	44262001	44261982	+	38.22	44.16	>	6	30	60
163	chr10	102449665	102449646	+	38.2	48.84	>	6	30	60
164	chr17	14520745	14520726	-	38.12	30.45	>	6	30	60
165	chr13	51830925	51830906	+	38.0	56.0	>	6	30	60
166	chr12	83502436	83502417	-	37.97	34.4	>	6	30	60
167	chr5	75853265	75853246	-	37.94	27.88	>	6	30	60
168	chr13	110382742	110382723	+	37.88	61.84	>	6	30	60
169	chr5	62481159	62481140	-	37.8	35.4	>	6	30	60
170	chr7	49121503	49121484	-	37.7	29.61	>	6	30	60
171	chr15	11966575	11966556	-	37.66	34.72	>	6	30	60
172	chr3	31146135	31146116	+	37.53	44.5	>	6	30	60
173	chr2	37815879	37815860	+	37.47	39.2	>	6	30	60
174	chr5	33033442	33033423	-	37.44	48.28	>	6	30	60
175	chr9	7595466	7595447	-	37.4	28.72	>	6	30	60
176	chr5	21641153	21641134	-	37.3	33.66	>	6	30	60
177	chr14	48367302	48367283	-	37.12	39.88	>	6	30	60
178	chr17	14524624	14524605	+	37.1	38.88	>	6	30	60
179	chr4	84064835	84064816	+	37.06	23.38	>	6	30	60
180	chr4	63368786	63368767	+	37.06	51.6	>	6	30	60
181	chr5	102149680	102149661	+	37.03	38.97	>	6	30	60
182	chr12	32897684	32897665	-	36.88	40.9	>	6	30	60
183	chr16	91936532	91936513	+	36.72	43.06	>	6	30	60
184	chr6	37046379	37046360	-	36.72	47.7	>	6	30	60
185	chr18	59081896	59081877	+	36.7	37.34	>	6	30	60
186	chr6	103697552	103697533	-	36.3	43.6	>	6	30	60
187	chr18	19937930	19937911	+	36.3	37.56	>	6	30	60
188	chr6	93757594	93757575	+	36.28	18.31	>	6	30	60
189	chr17	9756371	9756352	+	36.28	21.2	>	6	30	60
190	chr2	96585854	96585835	+	36.25	26.84	>	6	30	60
191	chr11	82915176	82915157	+	36.2	36.34	>	6	30	60
192	chr6	6005837	6005818	+	36.03	35.2	>	6	30	60
193	chr1	98392238	98392219	-	36.03	38.97	>	6	30	60
194	chr7	48749384	48749365	+	35.94	38.3	>	6	30	60
195	chr11	105911812	105911793	-	35.9	37.8	>	6	30	60
196	chr10	45045486	45045467	-	35.8	35.22	>	6	30	60
197	chr2	4492748	4492729	-	35.75	19.97	>	6	30	60
198	chr6	18087397	18087378	+	35.75	40.84	>	6	30	60
199	chr5	90203341	90203322	+	35.7	41.12	>	6	30	60
200	chr7	136489148	136489129	+	35.62	28.06	>	6	30	60
201	chr9	109862620	109862601	-	35.6	34.12	>	6	30	60
202	chr15	59876355	59876336	+	35.3	32.16	>	6	30	60
203	chr14	76473612	76473593	-	35.25	45.66	>	6	30	60
204	chr3	128349320	128349301	+	35.03	41.75	>	6	30	60
205	chr3	45375963	45375944	+	35.03	23.92	>	6	30	60
206	chr3	133314669	133314650	+	34.97	39.0	>	6	30	60
207	chr1	96801850	96801831	-	34.84	30.55	>	6	30	60
208	chr7	115216958	115216939	+	34.62	30.45	>	6	30	60
209	chr9	59282577	59282558	-	34.62	26.88	>	6	30	60
210	chr2	148112135	148112116	-	34.5	31.5	>	6	30	60
211	chr18	52457916	52457897	-	34.47	28.2	>	6	30	60
212	chr6	56691454	56691435	-	34.34	42.2	>	6	30	60
213	chr13	20292580	20292561	-	34.3	38.5	>	6	30	60
214	chr13	57260119	57260100	-	34.25	52.66	>	6	30	60
215	chr13	113877615	113877596	+	34.25	36.75	>	6	30	60
216	chr13	116715029	116715010	-	34.1	31.72	>	6	30	60
217	chr4	83596692	83596673	-	34.1	52.75	>	6	30	60
218	chr8	64941619	64941600	-	34.06	33.75	>	6	30	60
219	chr3	51701488	51701469	+	34.03	22.56	>	6	30	60
220	chr14	120061322	120061303	-	33.84	29.2	>	6	30	60
221	chr7	75910166	75910147	+	33.8	57.6	>	6	30	60
222	chr4	98702698	98702679	-	33.78	31.62	>	6	30	60
223	chr3	146185137	146185118	+	33.62	52.6	>	6	30	60
224	chr4	151157152	151157133	+	33.53	59.38	>	6	30	60
225	chr5	43391861	43391842	-	33.5	21.5	>	6	30	60
226	chr11	93856511	93856492	-	33.47	26.19	>	6	30	60
227	chr14	59605843	59605824	+	33.47	40.3	>	6	30	60
228	chr14	84438580	84438561	+	33.44	23.31	>	6	30	60
229	chr12	50943824	50943805	-	33.28	38.56	>	6	30	60
230	chr7	83550335	83550316	-	33.2	30.12	>	6	30	60
231	chr6	117167008	117166989	+	33.03	30.3	>	6	30	60
232	chr4	12538791	12538772	+	33.0	21.84	>	6	30	60
233	chr18	47353079	47353060	+	32.84	24.58	>	6	30	60
234	chr5	12541496	12541477	-	32.72	22.56	>	6	30	60
235	chr2	60721127	60721108	+	32.72	22.53	>	6	30	60
236	chr11	78838251	78838232	+	32.72	51.5	>	6	30	60
237	chr8	73356225	73356206	+	32.62	23.39	>	6	30	60
238	chr12	10598567	10598548	+	32.5	41.56	>	6	30	60
239	chr19	20345158	20345139	-	32.25	47.94	>	6	30	60
240	chr17	58909486	58909467	-	32.16	39.4	>	6	30	60
241	chr10	69655037	69655018	-	32.12	36.56	>	6	30	60
242	chr4	3967733	3967714	-	32.12	41.75	>	6	30	60
243	chr16	21192795	21192776	-	32.06	38.78	>	6	30	60
244	chr11	12291593	12291574	-	32.0	15.54	>	6	30	60
245	chr11	117385082	117385063	+	31.83	36.6	>	6	30	60
246	chr12	32292095	32292076	+	31.73	20.83	>	6	30	60
247	chr4	64833096	64833077	+	31.69	34.34	>	6	30	60
248	chr13	47301245	47301226	+	31.67	43.9	>	6	30	60
249	chr1	89631957	89631938	-	31.56	45.38	>	6	30	60
250	chr9	69296601	69296582	-	31.53	38.66	>	6	30	60
251	chr3	53735364	53735345	+	31.28	24.5	>	6	30	60
252	chr10	45373471	45373452	-	31.2	37.7	>	6	30	60
253	chr8	91797725	91797706	+	31.19	30.23	>	6	30	60
254	chr4	88035662	88035643	+	31.06	19.66	>	6	30	60
255	chr2	75151187	75151168	-	31.05	37.9	>	6	30	60
256	chr14	66791971	66791952	-	31.02	32.1	>	6	30	60
257	chr2	93199062	93199043	-	30.9	51.25	>	6	30	60
258	chr2	73551006	73550987	+	30.86	53.72	>	6	30	60
259	chr12	89451144	89451125	-	30.81	40.1	>	6	30	60
260	chr16	66086729	66086710	-	30.81	33.7	>	6	30	60
261	chr14	114791647	114791628	-	30.72	37.2	>	6	30	60
262	chr4	43420547	43420528	-	30.61	34.5	>	6	30	60
263	chr1	87447687	87447668	+	30.56	32.53	>	6	30	60
264	chr15	55306471	55306452	+	30.56	24.06	>	6	30	60
265	chr15	97667578	97667559	+	30.52	37.12	>	6	30	60
266	chr2	16359548	16359529	+	30.47	16.92	>	6	30	60
267	chr14	8356099	8356080	+	30.42	51.06	>	6	30	60
268	chr3	19894816	19894797	-	30.38	33.66	>	6	30	60
269	chr12	43813750	43813731	-	30.34	24.06	>	6	30	60
270	chr2	27770378	27770359	+	30.12	46.8	>	6	30	60
271	chr16	48675836	48675817	-	30.12	28.97	>	6	30	60
272	chr10	13016733	13016714	+	30.1	53.44	>	6	30	60
273	chr2	76367359	76367340	+	30.05	30.6	>	6	30	60
274	chr2	115515230	115515211	+	30.05	12.29	>	6	30	60
275	chr19	16785108	16785089	-	30.03	27.4	>	6	30	60
276	chr3	78948444	78948425	+	30.03	29.16	>	6	30	60
277	chr1	37250876	37250857	-	29.94	25.45	>	6	30	60
278	chr18	74431409	74431390	+	29.94	28.48	>	6	30	60
279	chr1	38787652	38787633	-	29.89	46.22	>	6	30	60
280	chr3	14874584	14874565	+	29.88	22.88	>	6	30	60
281	chr9	69505778	69505759	+	29.88	30.58	>	6	30	60
282	chr10	84450913	84450894	-	29.77	31.7	>	6	30	60
283	chr2	172216047	172216028	-	29.77	65.06	>	6	30	60
284	chr10	97712895	97712876	+	29.72	22.83	>	6	30	60
285	chr1	4770074	4770055	+	29.72	39.66	>	6	30	60
286	chr12	50301580	50301561	-	29.69	16.55	>	6	30	60
287	chr15	85266923	85266904	+	29.69	42.06	>	6	30	60
288	chr4	85403030	85403011	+	29.62	27.23	>	6	30	60
289	chr6	97526370	97526351	-	29.53	31.17	>	6	30	60
290	chr8	112046096	112046077	+	29.5	62.6	>	6	30	60
291	chr12	96311368	96311349	-	29.48	23.8	>	6	30	60
292	chr1	93507239	93507220	-	29.45	32.5	>	6	30	60
293	chr13	21714927	21714908	+	29.4	37.72	>	6	30	60
294	chr6	49008180	49008161	+	29.38	27.1	>	6	30	60
295	chr17	17749545	17749526	-	29.36	32.88	>	6	30	60
296	chr6	145360253	145360234	+	29.34	33.62	>	6	30	60
297	chr7	17066630	17066611	-	29.27	41.75	>	6	30	60
298	chr12	81788850	81788831	-	29.25	32.47	>	6	30	60
299	chr7	129649172	129649153	+	29.19	42.88	>	6	30	60
300	chr14	104039053	104039034	+	29.17	41.16	>	6	30	60
301	chr13	41634744	41634725	-	29.08	40.84	>	6	30	60
302	chr7	138835232	138835213	-	29.02	47.88	>	6	30	60
303	chr15	97195797	97195778	+	28.92	38.5	>	6	30	60
304	chr1	119087737	119087718	+	28.89	50.28	>	6	30	60
305	chr4	85819373	85819354	-	28.86	29.28	>	6	30	60
306	chr11	30657307	30657288	-	28.86	6.477	>	6	30	60
307	chr5	49369245	49369226	+	28.66	27.94	>	6	30	60
308	chr6	106805067	106805048	+	28.61	20.38	>	6	30	60
309	chr6	31660958	31660939	+	28.53	52.9	>	6	30	60
310	chr12	8306749	8306730	-	28.48	47.94	>	6	30	60
311	chr13	42822785	42822766	-	28.47	44.4	>	6	30	60
312	chr15	34968778	34968759	+	28.4	27.94	>	6	30	60
313	chr7	68369859	68369840	+	28.38	58.97	>	6	30	60
314	chr15	80266443	80266424	+	28.33	34.62	>	6	30	60
315	chr6	102171110	102171091	+	28.19	24.06	>	6	30	60
316	chr16	72605273	72605254	-	28.11	17.7	>	6	30	60
317	chr18	65490506	65490487	+	28.06	33.94	>	6	30	60
318	chr3	55373775	55373756	+	28.0	19.75	>	6	30	60
319	chr1	53927814	53927795	-	27.97	28.48	>	6	30	60
320	chr2	160368066	160368047	-	27.95	21.97	>	6	30	60
321	chr10	42295232	42295213	-	27.94	37.8	>	6	30	60
322	chr7	116040411	116040392	-	27.9	26.19	>	6	30	60
323	chr10	116197535	116197516	-	27.81	28.58	>	6	30	60
324	chr5	20773533	20773514	-	27.81	20.77	>	6	30	60
325	chr12	80725012	80724993	-	27.73	38.97	>	6	30	60
326	chr15	66899881	66899862	-	27.6	21.5	>	6	30	60
327	chr18	16822208	16822189	-	27.56	13.28	>	6	30	60
328	chr18	14503254	14503235	-	27.55	19.48	>	6	30	60
329	chr5	98344786	98344767	+	27.44	28.3	>	6	30	60
330	chr10	77517236	77517217	+	27.39	30.44	>	6	30	60
331	chr1	44741472	44741453	-	27.38	6.344	>	6	30	60
332	chr6	127945983	127945964	-	27.28	24.97	>	6	30	60
333	chr16	42914955	42914936	-	27.27	20.78	>	6	30	60
334	chr18	39137558	39137539	+	27.11	15.805	>	6	30	60
335	chr13	42575907	42575888	+	27.11	22.34	>	6	30	60
336	chr2	13278209	13278190	+	27.06	48.53	>	6	30	60
337	chr18	43836585	43836566	-	27.06	22.66	>	6	30	60
338	chr4	114647896	114647877	+	27.05	26.58	>	6	30	60
339	chr16	44149214	44149195	-	27.03	37.28	>	6	30	60
340	chr13	109776299	109776280	+	27.02	27.47	>	6	30	60
341	chr19	30217515	30217496	+	27.0	44.25	>	6	30	60
342	chr6	61316075	61316056	+	26.94	38.16	>	6	30	60
343	chr17	78598832	78598813	+	26.92	37.16	>	6	30	60
344	chr2	117231457	117231438	-	26.88	23.62	>	6	30	60
345	chr4	115101816	115101797	+	26.84	34.88	>	6	30	60
346	chr10	57448131	57448112	-	26.8	44.97	>	6	30	60
347	chr13	113046665	113046646	+	26.77	22.72	>	6	30	60
348	chr4	110022447	110022428	-	26.58	43.47	>	6	30	60
349	chr7	101653829	101653810	+	26.5	47.97	>	6	30	60
350	chr5	67756338	67756319	+	26.5	26.55	>	6	30	60
351	chr3	62192717	62192698	-	26.5	17.1	>	6	30	60
352	chr10	17728146	17728127	-	26.45	14.96	>	6	30	60
353	chr5	37752557	37752538	-	26.33	30.73	>	6	30	60
354	chr1	60961316	60961297	-	26.3	26.22	>	6	30	60
355	chr17	68176981	68176962	+	26.27	18.84	>	6	30	60
356	chr7	37357871	37357852	-	26.2	67.6	>	6	30	60
357	chr4	32572316	32572297	-	26.16	44.75	>	6	30	60
358	chr4	96696741	96696722	+	26.12	32.22	>	6	30	60
359	chr4	109729491	109729472	-	26.06	50.3	>	6	30	60
360	chr10	111977780	111977761	+	25.78	32.1	>	6	30	60
361	chr5	45424489	45424470	-	25.73	30.9	>	6	30	60
362	chr2	61494577	61494558	-	25.72	22.25	>	6	30	60
363	chr6	13287046	13287027	+	25.69	21.62	>	6	30	60
364	chr9	116060829	116060810	+	25.66	36.5	>	6	30	60
365	chr8	17537753	17537734	-	25.64	36.44	>	6	30	60
366	chr9	77781636	77781617	-	25.62	27.94	>	6	30	60
367	chr15	5106460	5106441	-	25.56	29.45	>	6	30	60
368	chr17	93141334	93141315	-	25.53	33.03	>	6	30	60
369	chr6	97759520	97759501	+	25.52	17.88	>	6	30	60
370	chr8	119384750	119384731	-	25.47	45.94	>	6	30	60
371	chr6	88113322	88113303	+	25.38	41.75	>	6	30	60
372	chr15	101984527	101984508	-	25.38	56.7	>	6	30	60
373	chr8	54493335	54493316	-	25.34	39.7	>	6	30	60
374	chr9	24119622	24119603	+	25.33	14.83	>	6	30	60
375	chr3	50077169	50077150	-	25.31	24.22	>	6	30	60
376	chr4	47419767	47419748	+	25.23	44.03	>	6	30	60
377	chr2	76115910	76115891	+	25.22	28.97	>	6	30	60
378	chr15	67174759	67174740	+	25.2	12.74	>	6	30	60
379	chr8	125574509	125574490	+	25.17	12.85	>	6	30	60
380	chr1	161737065	161737046	-	25.11	39.75	>	6	30	60
381	chr3	85571455	85571436	-	25.1	9.7	>	6	30	60
382	chr18	19577078	19577059	-	25.02	27.28	>	6	30	60
383	chr19	36083087	36083068	-	25.0	29.4	>	6	30	60
384	chr8	115709616	115709597	-	24.98	9.14	>	6	30	60
385	chr10	126330794	126330775	-	24.84	24.02	>	6	30	60
386	chr15	25993551	25993532	+	24.81	33.28	>	6	30	60
387	chr5	131430355	131430336	-	24.78	45.44	>	6	30	60
388	chr1	9545352	9545333	-	24.78	38.06	>	6	30	60
389	chr19	28768445	28768426	-	24.75	36.44	>	6	30	60
390	chr10	24630876	24630857	+	24.72	22.94	>	6	30	60
391	chr17	54351102	54351083	+	24.53	15.79	>	6	30	60
392	chr16	20496806	20496787	+	24.47	28.86	>	6	30	60
393	chr12	109394024	109394005	-	24.44	15.02	>	6	30	60
394	chr13	21803288	21803269	-	24.42	40.1	>	6	30	60
395	chr3	103392995	103392976	+	24.38	33.9	>	6	30	60
396	chr15	25428758	25428739	+	24.31	24.08	>	6	30	60
397	chr3	135206860	135206841	-	24.3	9.21	>	6	30	60
398	chr8	65139261	65139242	+	24.3	33.56	>	6	30	60
399	chr9	29650850	29650831	-	24.23	35.72	>	6	30	60
400	chr3	127971093	127971074	+	24.2	46.1	>	6	30	60
401	chr2	104035038	104035019	+	24.16	33.7	>	6	30	60
402	chr9	81635302	81635283	+	24.11	12.08	>	6	30	60
403	chr6	95484597	95484578	+	24.03	13.41	>	6	30	60
404	chr14	72293991	72293972	-	23.83	34.2	>	6	30	60
405	chr18	65490035	65490016	-	23.72	29.94	>	6	30	60
406	chr12	38123788	38123769	-	23.66	16.0	>	6	30	60
407	chr18	70184838	70184819	-	23.66	11.39	>	6	30	60
408	chr3	152095252	152095233	-	23.53	23.67	>	6	30	60
409	chr8	32002994	32002975	-	23.5	23.94	>	6	30	60
410	chr11	22206830	22206811	-	23.48	11.1	>	6	30	60
411	chr5	76541051	76541032	-	23.44	19.22	>	6	30	60
412	chr10	52106337	52106318	+	23.38	22.61	>	6	30	60
413	chr1	84697462	84697443	-	23.38	25.22	>	6	30	60
414	chr1	67181385	67181366	+	23.34	35.0	>	6	30	60
415	chr6	101267027	101267008	+	23.31	12.77	>	6	30	60
416	chr6	129255175	129255156	-	23.25	41.8	>	6	30	60
417	chr4	115710017	115709998	-	23.19	25.83	>	6	30	60
418	chr2	118241614	118241595	-	23.19	37.16	>	6	30	60
419	chr8	71371784	71371765	+	23.11	28.11	>	6	30	60
420	chr7	73422670	73422651	-	23.11	37.7	>	6	30	60
421	chr5	33039602	33039583	+	23.05	27.48	>	6	30	60
422	chr2	153143004	153142985	-	23.02	20.31	>	6	30	60
423	chr14	98181824	98181805	-	23.0	7.93	>	6	30	60
424	chr2	136887058	136887039	-	22.97	12.49	>	6	30	60
425	chr1	135136701	135136682	-	22.88	42.44	>	6	30	60
426	chr5	4948481	4948462	-	22.86	27.0	>	6	30	60
427	chr10	71422814	71422795	+	22.81	51.25	>	6	30	60
428	chr8	64597251	64597232	-	22.66	30.06	>	6	30	60
429	chr1	162336834	162336815	-	22.45	14.914	>	6	30	60
430	chr9	94738996	94738977	+	22.42	42.94	>	6	30	60
431	chr17	53403136	53403117	+	22.4	18.28	>	6	30	60
432	chr2	155811920	155811901	-	22.36	51.28	>	6	30	60
433	chr12	52010769	52010750	+	22.33	16.6	>	6	30	60
434	chr3	44912870	44912851	-	22.31	11.58	>	6	30	60
435	chr5	98348848	98348829	+	22.25	34.97	>	6	30	60
436	chr15	80706301	80706282	+	22.25	25.52	>	6	30	60
437	chr1	167932285	167932266	-	22.22	36.66	>	6	30	60
438	chr14	121455709	121455690	-	22.2	25.7	>	6	30	60
439	chr4	98243714	98243695	-	22.16	26.34	>	6	30	60
440	chr4	143027468	143027449	+	22.14	29.11	>	6	30	60
441	chr2	153668926	153668907	+	22.14	25.36	>	6	30	60
442	chr9	41461929	41461910	-	22.14	12.42	>	6	30	60
443	chr4	109431143	109431124	-	22.1	22.34	>	6	30	60
444	chr5	44831505	44831486	-	22.08	22.05	>	6	30	60
445	chr8	119676601	119676582	-	22.03	33.06	>	6	30	60
446	chr17	40824060	40824041	-	22.02	34.28	>	6	30	60
447	chr15	37102366	37102347	-	22.0	13.84	>	6	30	60
448	chr1	119083862	119083843	-	21.92	45.47	>	6	30	60
449	chr5	41044703	41044684	-	21.78	28.61	>	6	30	60
450	chr19	24622032	24622013	+	21.77	22.19	>	6	30	60
451	chr3	58159626	58159607	-	21.75	32.1	>	6	30	60
452	chr1	38130140	38130121	-	21.75	23.66	>	6	30	60
453	chr2	129472129	129472110	-	21.73	30.17	>	6	30	60
454	chr9	15682043	15682024	-	21.73	11.22	>	6	30	60
455	chr9	69502720	69502701	-	21.7	34.7	>	6	30	60
456	chr14	21120676	21120657	+	21.69	43.16	>	6	30	60
457	chr7	110645588	110645569	-	21.69	43.56	>	6	30	60
458	chr16	78950579	78950560	-	21.64	3.295	>	6	30	60
459	chr7	131899517	131899498	+	21.56	16.44	>	6	30	60
460	chr8	106403484	106403465	-	21.53	20.23	>	6	30	60
461	chr17	73303429	73303410	+	21.48	50.6	>	6	30	60
462	chr1	83727325	83727306	+	21.48	26.81	>	6	30	60
463	chr13	29857603	29857584	+	21.42	9.836	>	6	30	60
464	chr14	104033786	104033767	+	21.34	21.16	>	6	30	60
465	chr7	119011391	119011372	+	21.31	35.56	>	6	30	60
466	chr1	69165377	69165358	+	21.31	25.0	>	6	30	60
467	chr1	192727176	192727157	+	21.28	21.9	>	6	30	60
468	chr9	50438293	50438274	-	21.2	27.17	>	6	30	60
469	chr15	46990407	46990388	-	21.14	10.516	>	6	30	60
470	chr13	73646874	73646855	+	21.14	37.5	>	6	30	60
471	chr16	67089956	67089937	+	21.12	15.94	>	6	30	60
472	chr2	83332995	83332976	-	21.02	18.14	>	6	30	60
473	chr8	10415030	10415011	+	21.0	37.3	>	6	30	60
474	chr1	35716149	35716130	-	20.89	18.69	>	6	30	60
475	chr7	43920039	43920020	-	20.83	34.3	>	6	30	60
476	chr8	15138726	15138707	+	20.81	41.03	>	6	30	60
477	chr13	6515705	6515686	+	20.8	28.08	>	6	30	60
478	chr2	64948996	64948977	-	20.72	23.2	>	6	30	60
479	chr19	20345737	20345718	+	20.7	55.44	>	6	30	60
480	chr5	33994851	33994832	+	20.64	14.97	>	6	30	60
481	chr14	76479953	76479934	+	20.62	37.16	>	6	30	60
482	chr3	144737048	144737029	+	20.58	28.33	>	6	30	60
483	chr2	13597223	13597204	-	20.5	12.72	>	6	30	60
484	chr9	118908437	118908418	-	20.5	27.45	>	6	30	60
485	chr4	153484615	153484596	-	20.39	17.89	>	6	30	60
486	chr19	12433211	12433192	+	20.36	28.34	>	6	30	60
487	chr15	31611224	31611205	+	20.34	11.17	>	6	30	60
488	chr3	107206198	107206179	+	20.34	39.22	>	6	30	60
489	chr17	86909946	86909927	+	20.31	22.38	>	6	30	60
490	chr7	89473669	89473650	-	20.22	24.19	>	6	30	60
491	chr6	35252603	35252584	+	20.22	32.56	>	6	30	60
492	chr6	126168001	126167982	-	20.17	8.76	>	6	30	60
493	chr16	42169942	42169923	+	20.12	43.34	>	6	30	60
494	chr6	90607354	90607335	+	20.11	24.86	>	6	30	60
495	chr6	31664664	31664645	+	20.11	41.5	>	6	30	60
496	chr13	100002039	100002020	+	20.02	21.73	>	6	30	60
497	chr6	97523337	97523318	-	19.97	25.72	>	6	30	60
498	chr4	123529452	123529433	-	19.95	17.69	>	6	30	60
499	chr18	53744741	53744722	-	19.94	29.1	>	6	30	60
500	chr9	13849232	13849213	+	19.9	15.484	>	6	30	60
501	chr15	14052128	14052109	-	19.89	12.375	>	6	30	60
502	chr3	68053761	68053742	-	19.88	27.33	>	6	30	60
503	chr14	50799990	50799971	+	19.83	30.28	>	6	30	60
504	chr8	50292348	50292329	+	19.83	31.36	>	6	30	60
505	chr19	52993242	52993223	-	19.81	45.25	>	6	30	60
506	chr8	24546435	24546416	-	19.8	56.1	>	6	30	60
507	chr2	166085186	166085167	+	19.78	40.2	>	6	30	60
508	chr15	80260893	80260874	-	19.75	33.7	>	6	30	60
509	chr18	75606699	75606680	+	19.72	50.94	>	6	30	60
510	chr2	135957961	135957942	-	19.69	27.1	>	6	30	60
511	chr11	75179118	75179099	+	19.67	22.83	>	6	30	60
512	chr6	77628987	77628968	+	19.66	40.56	>	6	30	60
513	chr4	82614384	82614365	-	19.62	15.836	>	6	30	60
514	chr17	27190013	27189994	+	19.5	26.89	>	6	30	60
515	chr14	121451301	121451282	-	19.45	26.11	>	6	30	60
516	chr9	69987821	69987802	-	19.44	12.234	>	6	30	60
517	chr6	40479902	40479883	+	19.42	24.72	>	6	30	60
518	chr4	82619779	82619760	-	19.42	11.22	>	6	30	60
519	chr2	160593235	160593216	-	19.4	45.8	>	6	30	60
520	chr4	48691990	48691971	+	19.4	34.88	>	6	30	60
521	chr1	11140123	11140104	-	19.39	7.324	>	6	30	60
522	chr6	67858160	67858141	+	19.36	18.55	>	6	30	60
523	chr1	91914028	91914009	+	19.36	22.06	>	6	30	60
524	chr15	76196896	76196877	+	19.33	35.8	>	6	30	60
525	chr11	43767011	43766992	+	19.27	27.44	>	6	30	60
526	chr17	8463677	8463658	+	19.23	31.38	>	6	30	60
527	chr2	60442102	60442083	-	19.22	10.555	>	6	30	60
528	chr10	8242562	8242543	+	19.2	18.4	>	6	30	60
529	chr15	8382407	8382388	+	19.16	11.64	>	6	30	60
530	chr19	11360302	11360283	+	19.14	15.06	>	6	30	60
531	chr12	79305335	79305316	+	19.11	29.94	>	6	30	60
532	chr13	38992697	38992678	+	19.03	12.445	>	6	30	60
533	chr8	91147955	91147936	-	19.0	26.05	>	6	30	60
534	chr13	64443476	64443457	+	19.0	35.6	>	6	30	60
535	chr8	117898214	117898195	+	18.92	34.16	>	6	30	60
536	chr11	42423473	42423454	-	18.77	18.48	>	6	30	60
537	chr9	114957195	114957176	-	18.77	27.38	>	6	30	60
538	chr5	149647926	149647907	+	18.72	23.06	>	6	30	60
539	chr5	128440068	128440049	-	18.69	40.7	>	6	30	60
540	chr6	90606762	90606743	-	18.67	32.6	>	6	30	60
541	chr10	58560031	58560012	+	18.67	23.25	>	6	30	60
542	chr18	25538443	25538424	+	18.66	23.94	>	6	30	60
543	chr11	22987510	22987491	+	18.56	23.83	>	6	30	60
544	chr13	57269837	57269818	-	18.55	36.6	>	6	30	60
545	chr13	53096854	53096835	-	18.55	32.88	>	6	30	60
546	chr7	124783020	124783001	-	18.55	23.44	>	6	30	60
547	chr7	40687242	40687223	-	18.52	26.28	>	6	30	60
548	chr4	109438113	109438094	+	18.45	31.61	>	6	30	60
549	chr13	46663777	46663758	-	18.45	5.215	>	6	30	60
550	chr2	21927862	21927843	-	18.45	17.72	>	6	30	60
551	chr11	72564476	72564457	-	18.39	17.95	>	6	30	60
552	chr14	57362951	57362932	-	18.3	10.125	>	6	30	60
553	chr13	54063511	54063492	-	18.3	12.516	>	6	30	60
554	chr8	127191530	127191511	+	18.27	39.03	>	6	30	60
555	chr4	24249781	24249762	+	18.25	8.38	>	6	30	60
556	chr1	175603551	175603532	-	18.2	12.0	>	6	30	60
557	chr7	131897479	131897460	+	18.19	16.34	>	6	30	60
558	chr2	125259455	125259436	-	18.17	32.72	>	6	30	60
559	chr8	11943262	11943243	-	18.0	20.05	>	6	30	60
560	chr13	74861814	74861795	+	17.98	11.664	>	6	30	60
561	chr3	37302880	37302861	-	17.98	17.84	>	6	30	60
562	chr2	165391753	165391734	+	17.95	20.97	>	6	30	60
563	chr1	167669968	167669949	-	17.94	39.3	>	6	30	60
564	chr14	24311319	24311300	+	17.89	24.48	>	6	30	60
565	chr6	125622660	125622641	+	17.86	24.67	>	6	30	60
566	chr16	91694897	91694878	+	17.83	21.03	>	6	30	60
567	chr7	100886752	100886733	-	17.8	33.3	>	6	30	60
568	chr2	165779092	165779073	+	17.7	43.9	>	6	30	60
569	chr4	118988734	118988715	-	17.7	12.37	>	6	30	60
570	chr9	111939788	111939769	+	17.64	16.92	>	6	30	60
571	chr9	40806571	40806552	+	17.64	39.78	>	6	30	60
572	chr19	21571392	21571373	+	17.64	11.9	>	6	30	60
573	chr10	49785057	49785038	-	17.56	2.498	>	6	30	60
574	chr3	84922220	84922201	+	17.47	28.94	>	6	30	60
575	chr12	7991018	7990999	+	17.47	17.66	>	6	30	60
576	chr8	106687694	106687675	+	17.45	42.0	>	6	30	60
577	chr19	15998346	15998327	+	17.33	27.56	>	6	30	60
578	chr10	30838389	30838370	+	17.3	7.543	>	6	30	60
579	chr2	6469364	6469345	-	17.28	15.65	>	6	30	60
580	chr9	59678540	59678521	-	17.28	29.06	>	6	30	60
581	chr18	60143536	60143517	-	17.25	6.348	>	6	30	60
582	chr2	76114972	76114953	-	17.25	26.88	>	6	30	60
583	chr1	192722361	192722342	-	17.23	36.0	>	6	30	60
584	chr13	6737153	6737134	+	17.23	24.25	>	6	30	60
585	chr10	116199232	116199213	+	17.23	24.89	>	6	30	60
586	chr18	6627309	6627290	+	17.06	30.4	>	6	30	60
587	chr7	117375969	117375950	-	17.03	13.42	>	6	30	60
588	chr11	7200225	7200206	+	17.03	39.34	>	6	30	60
589	chr3	152474817	152474798	+	16.98	9.51	>	6	30	60
590	chr12	4107565	4107546	+	16.97	22.11	>	6	30	60
591	chr18	78212287	78212268	-	16.83	18.31	>	6	30	60
592	chr2	17842170	17842151	-	16.81	6.844	>	6	30	60
593	chr5	112429191	112429172	-	16.78	14.19	>	6	30	60
594	chr9	54169687	54169668	+	16.73	16.64	>	6	30	60
595	chr9	78597063	78597044	+	16.73	17.98	>	6	30	60
596	chr2	125556029	125556010	+	16.69	19.19	>	6	30	60
597	chr4	86545837	86545818	-	16.69	26.34	>	6	30	60
598	chr11	34229190	34229171	+	16.55	19.56	>	6	30	60
599	chr13	60479163	60479144	+	16.52	1.697	>	6	30	60
600	chr11	57788119	57788100	+	16.36	29.88	>	6	30	60
601	chr5	117504639	117504620	+	16.36	53.34	>	6	30	60
602	chr1	128368923	128368904	+	16.28	14.01	>	6	30	60
603	chr14	51098507	51098488	-	16.28	41.22	>	6	30	60
604	chr10	14404268	14404249	+	16.23	20.66	>	6	30	60
605	chr18	65752297	65752278	-	16.1	16.11	>	6	30	60
606	chr3	59077498	59077479	+	16.1	40.72	>	6	30	60
607	chr1	119919473	119919454	+	16.06	20.62	>	6	30	60
608	chr1	86598699	86598680	+	16.03	48.72	>	6	30	60
609	chr1	80178208	80178189	-	16.0	17.12	>	6	30	60
610	chr15	64132164	64132145	+	15.96	15.336	>	6	30	60
611	chr2	4652218	4652199	-	15.91	22.83	>	6	30	60
612	chr9	40805489	40805470	-	15.86	35.53	>	6	30	60
613	chr13	30549079	30549060	-	15.805	25.34	>	6	30	60
614	chr3	82350530	82350511	-	15.805	7.78	>	6	30	60
615	chr7	81155234	81155215	-	15.805	19.0	>	6	30	60
616	chr4	107701325	107701306	-	15.8	18.55	>	6	30	60
617	chr11	76655250	76655231	+	15.8	25.19	>	6	30	60
618	chr7	122945377	122945358	+	15.72	20.64	>	6	30	60
619	chr16	32697312	32697293	+	15.695	24.02	>	6	30	60
620	chr13	114460825	114460806	-	15.65	8.25	>	6	30	60
621	chr19	59389409	59389390	+	15.65	31.4	>	6	30	60
622	chr7	45451495	45451476	+	15.64	35.4	>	6	30	60
623	chr15	85599066	85599047	+	15.625	30.86	>	6	30	60
624	chr10	9012998	9012979	+	15.6	21.77	>	6	30	60
625	chr13	24318872	24318853	-	15.58	11.58	>	6	30	60
626	chr3	123506917	123506898	-	15.53	17.17	>	6	30	60
627	chr13	101719731	101719712	-	15.48	25.34	>	6	30	60
628	chr12	12412898	12412879	-	15.43	30.47	>	6	30	60
629	chr10	127342496	127342477	-	15.4	29.73	>	6	30	60
630	chr7	28972871	28972852	+	15.39	21.2	>	6	30	60
631	chr5	130862481	130862462	+	15.33	29.22	>	6	30	60
632	chr13	53779354	53779335	+	15.31	23.8	>	6	30	60
633	chr11	51582940	51582921	-	15.305	26.1	>	6	30	60
634	chr3	34150257	34150238	+	15.3	17.19	>	6	30	60
635	chr9	30423156	30423137	-	15.29	30.31	>	6	30	60
636	chr1	55886585	55886566	+	15.29	16.73	>	6	30	60
637	chr8	121104251	121104232	+	15.28	31.56	>	6	30	60
638	chr2	31683894	31683875	+	15.27	30.73	>	6	30	60
639	chr9	121458682	121458663	+	15.27	42.72	>	6	30	60
640	chr13	111421545	111421526	+	15.22	27.25	>	6	30	60
641	chr18	56572965	56572946	+	15.22	32.7	>	6	30	60
642	chr18	42593315	42593296	+	15.2	8.75	>	6	30	60
643	chr8	118287683	118287664	+	15.2	7.145	>	6	30	60
644	chr14	47742843	47742824	+	15.18	9.65	>	6	30	60
645	chr1	184791312	184791293	-	15.164	27.39	>	6	30	60
646	chr6	106800166	106800147	-	15.1	18.75	>	6	30	60
647	chr11	12025880	12025861	+	15.06	18.02	>	6	30	60
648	chr5	129594341	129594322	-	15.03	29.4	>	6	30	60
649	chr13	16005724	16005705	+	15.016	13.71	>	6	30	60
650	chr14	65597230	65597211	+	15.016	14.01	>	6	30	60
651	chr5	99900280	99900261	-	14.95	10.75	>	6	30	60
652	chr8	11421350	11421331	-	14.945	26.12	>	6	30	60
653	chr19	4755748	4755729	+	14.93	24.55	>	6	30	60
654	chr10	110733540	110733521	-	14.914	16.5	>	6	30	60
655	chr5	67752088	67752069	+	14.89	18.31	>	6	30	60
656	chr9	77381774	77381755	-	14.85	26.45	>	6	30	60
657	chr18	81951830	81951811	-	14.76	34.06	>	6	30	60
658	chr1	86059644	86059625	+	14.734	30.22	>	6	30	60
659	chr1	52630636	52630617	-	14.734	9.89	>	6	30	60
660	chr2	174308107	174308088	+	14.69	14.67	>	6	30	60
661	chr11	99364649	99364630	-	14.6	16.03	>	6	30	60
662	chr13	109558424	109558405	+	14.49	16.98	>	6	30	60
663	chr12	58201405	58201386	-	14.48	6.883	>	6	30	60
664	chr7	137471937	137471918	+	14.445	28.83	>	6	30	60
665	chr17	26916803	26916784	+	14.414	25.05	>	6	30	60
666	chr5	87871626	87871607	-	14.414	20.39	>	6	30	60
667	chr2	125252443	125252424	+	14.414	25.9	>	6	30	60
668	chr1	9549185	9549166	+	14.414	19.5	>	6	30	60
669	chr11	11788608	11788589	-	14.38	31.97	>	6	30	60
670	chr7	43928727	43928708	+	14.36	11.45	>	6	30	60
671	chr10	60760656	60760637	-	14.31	36.9	>	6	30	60
672	chr6	17362958	17362939	+	14.31	3.076	>	6	30	60
673	chr1	136521528	136521509	-	14.305	21.69	>	6	30	60
674	chr2	153147934	153147915	+	14.28	18.94	>	6	30	60
675	chr8	61522313	61522294	+	14.266	28.28	>	6	30	60
676	chr18	56759303	56759284	+	14.266	12.61	>	6	30	60
677	chr14	115451146	115451127	-	14.234	4.215	>	6	30	60
678	chr1	176218428	176218409	+	14.195	14.99	>	6	30	60
679	chr15	97665520	97665501	-	14.18	30.02	>	6	30	60
680	chr13	20299620	20299601	+	14.18	33.25	>	6	30	60
681	chr9	59969601	59969582	-	14.14	17.69	>	6	30	60
682	chr16	57611975	57611956	+	14.055	18.66	>	6	30	60
683	chr12	15816144	15816125	+	13.984	8.52	>	6	30	60
684	chr15	82271381	82271362	-	13.95	28.55	>	6	30	60
685	chr7	74363644	74363625	-	13.95	40.8	>	6	30	60
686	chr3	73066293	73066274	+	13.95	16.86	>	6	30	60
687	chr1	118772515	118772496	-	13.945	30.34	>	6	30	60
688	chr4	110020493	110020474	-	13.94	26.28	>	6	30	60
689	chr3	34639420	34639401	-	13.94	14.87	>	6	30	60
690	chr2	131530224	131530205	-	13.92	25.86	>	6	30	60
691	chr4	20024128	20024109	+	13.91	12.516	>	6	30	60
692	chr8	74980870	74980851	-	13.81	30.2	>	6	30	60
693	chr18	75757719	75757700	+	13.734	18.78	>	6	30	60
694	chr7	89908147	89908128	-	13.72	13.79	>	6	30	60
695	chr4	150257406	150257387	+	13.72	23.58	>	6	30	60
696	chr2	55022781	55022762	-	13.664	7.77	>	6	30	60
697	chr18	64506771	64506752	-	13.63	18.4	>	6	30	60
698	chr14	123353156	123353137	-	13.61	11.6	>	6	30	60
699	chr4	139872794	139872775	+	13.59	35.75	>	6	30	60
700	chr13	51839869	51839850	+	13.586	21.19	>	6	30	60
701	chr5	146162789	146162770	+	13.516	23.42	>	6	30	60
702	chr9	83785201	83785182	+	13.49	14.66	>	6	30	60
703	chr3	59079480	59079461	+	13.44	28.77	>	6	30	60
704	chr10	11345312	11345293	-	13.375	5.086	>	6	30	60
705	chr11	46252188	46252169	-	13.34	28.12	>	6	30	60
706	chr4	85404971	85404952	+	13.32	14.11	>	6	30	60
707	chr4	130738774	130738755	+	13.31	16.47	>	6	30	60
708	chr5	86432914	86432895	+	13.305	16.02	>	6	30	60
709	chr3	22306829	22306810	+	13.266	18.6	>	6	30	60
710	chr2	91930225	91930206	-	13.25	19.55	>	6	30	60
711	chr6	108417714	108417695	+	13.234	10.66	>	6	30	60
712	chr12	17011790	17011771	-	13.16	20.73	>	6	30	60
713	chr5	87551137	87551118	-	13.15	21.52	>	6	30	60
714	chr4	106227683	106227664	-	13.14	14.38	>	6	30	60
715	chr4	139877472	139877453	+	13.1	27.4	>	6	30	60
716	chr1	88742593	88742574	-	13.086	17.75	>	6	30	60
717	chr3	52254088	52254069	+	13.02	34.16	>	6	30	60
718	chr9	73159469	73159450	+	12.99	27.5	>	6	30	60
719	chr7	29297253	29297234	-	12.984	28.8	>	6	30	60
720	chr13	116312336	116312317	-	12.93	10.21	>	6	30	60
721	chr2	157117146	157117127	-	12.91	21.92	>	6	30	60
722	chr9	60243712	60243693	+	12.89	13.59	>	6	30	60
723	chr1	179845066	179845047	-	12.88	17.89	>	6	30	60
724	chr11	103332754	103332735	+	12.875	24.97	>	6	30	60
725	chr1	53032774	53032755	-	12.87	13.05	>	6	30	60
726	chr8	45345197	45345178	+	12.81	16.72	>	6	30	60
727	chr12	113216133	113216114	+	12.74	53.7	>	6	30	60
728	chr15	36152194	36152175	-	12.72	16.9	>	6	30	60
729	chr1	72876274	72876255	+	12.69	17.11	>	6	30	60
730	chr9	14774009	14773990	+	12.664	9.0	>	6	30	60
731	chr12	74317197	74317178	-	12.664	11.76	>	6	30	60
732	chr7	107819649	107819630	-	12.64	16.3	>	6	30	60
733	chr13	55327907	55327888	+	12.64	17.61	>	6	30	60
734	chr3	54796015	54795996	+	12.63	22.77	>	6	30	60
735	chr6	60963937	60963918	+	12.61	7.094	>	6	30	60
736	chr8	21981891	21981872	-	12.61	17.33	>	6	30	60
737	chr10	38269349	38269330	-	12.52	19.28	>	6	30	60
738	chr6	51170619	51170600	-	12.5	20.02	>	6	30	60
739	chr2	148110356	148110337	-	12.43	16.03	>	6	30	60
740	chr1	88301823	88301804	-	12.42	19.61	>	6	30	60
741	chr6	115037959	115037940	-	12.33	15.375	>	6	30	60
742	chr16	11980974	11980955	+	12.33	3.668	>	6	30	60
743	chr15	44832771	44832752	-	12.31	24.2	>	6	30	60
744	chr19	26193888	26193869	-	12.29	7.65	>	6	30	60
745	chr17	8988263	8988244	-	12.29	10.71	>	6	30	60
746	chr14	66358860	66358841	+	12.28	18.22	>	6	30	60
747	chr12	40832432	40832413	-	12.26	13.56	>	6	30	60
748	chr2	53206958	53206939	-	12.18	12.55	>	6	30	60
749	chr16	42914617	42914598	+	12.16	7.133	>	6	30	60
750	chr11	111523686	111523667	-	12.14	23.53	>	6	30	60
751	chr6	121556678	121556659	+	12.11	18.8	>	6	30	60
752	chr7	43926199	43926180	-	12.1	21.69	>	6	30	60
753	chr3	3311028	3311009	+	12.09	10.74	>	6	30	60
754	chr12	17018680	17018661	+	12.04	21.19	>	6	30	60
755	chr18	33794794	33794775	+	11.97	24.89	>	6	30	60
756	chr15	73791915	73791896	+	11.96	24.61	>	6	30	60
757	chr12	82489256	82489237	+	11.945	11.805	>	6	30	60
758	chr19	37559803	37559784	+	11.91	21.4	>	6	30	60
759	chr12	36195155	36195136	-	11.91	7.07	>	6	30	60
760	chr3	30515246	30515227	-	11.875	11.664	>	6	30	60
761	chr19	27426681	27426662	-	11.81	11.945	>	6	30	60
762	chr2	75590427	75590408	-	11.75	21.66	>	6	30	60
763	chr2	17849498	17849479	+	11.75	6.633	>	6	30	60
764	chr9	83371155	83371136	-	11.75	6.18	>	6	30	60
765	chr9	30936846	30936827	-	11.734	17.67	>	6	30	60
766	chr15	94690037	94690018	+	11.73	23.03	>	6	30	60
767	chr2	147379133	147379114	+	11.69	9.875	>	6	30	60
768	chr4	121232314	121232295	-	11.664	7.945	>	6	30	60
769	chr18	56333219	56333200	-	11.64	4.934	>	6	30	60
770	chr16	25952209	25952190	-	11.64	6.688	>	6	30	60
771	chr13	94976326	94976307	+	11.63	16.62	>	6	30	60
772	chr2	30942898	30942879	-	11.57	22.28	>	6	30	60
773	chr6	104479441	104479422	+	11.55	10.57	>	6	30	60
774	chr5	113080039	113080020	-	11.52	26.94	>	6	30	60
775	chr16	30550607	30550588	-	11.52	17.62	>	6	30	60
776	chr1	160194976	160194957	+	11.51	18.28	>	6	30	60
777	chr11	56116782	56116763	-	11.48	30.47	>	6	30	60
778	chr6	112484521	112484502	-	11.48	12.14	>	6	30	60
779	chr14	21853546	21853527	-	11.445	30.66	>	6	30	60
780	chr9	58534993	58534974	+	11.414	20.97	>	6	30	60
781	chr17	73302318	73302299	+	11.414	39.62	>	6	30	60
782	chr1	85842459	85842440	-	11.41	14.02	>	6	30	60
783	chr17	16926410	16926391	-	11.35	2.584	>	6	30	60
784	chr12	29894861	29894842	+	11.31	16.72	>	6	30	60
785	chr2	127832989	127832970	+	11.22	7.293	>	6	30	60
786	chr16	20724653	20724634	+	11.18	15.11	>	6	30	60
787	chr1	180811112	180811093	-	11.164	28.33	>	6	30	60
788	chr13	109210611	109210592	-	11.16	17.5	>	6	30	60
789	chr18	5990207	5990188	-	11.14	3.14	>	6	30	60
790	chr18	12102268	12102249	-	11.125	23.38	>	6	30	60
791	chr19	59380193	59380174	+	11.08	23.9	>	6	30	60
792	chr2	101665476	101665457	+	11.055	26.06	>	6	30	60
793	chr12	108541242	108541223	-	11.02	27.9	>	6	30	60
794	chr2	32583648	32583629	+	11.016	30.19	>	6	30	60
795	chr1	181881807	181881788	-	10.98	11.91	>	6	30	60
796	chr5	117506576	117506557	+	10.94	40.06	>	6	30	60
797	chr1	38789153	38789134	+	10.89	22.95	>	6	30	60
798	chr10	102445139	102445120	-	10.875	19.4	>	6	30	60
799	chr12	81788941	81788922	+	10.87	12.51	>	6	30	60
800	chr9	78233462	78233443	-	10.86	15.93	>	6	30	60
801	chr10	96618527	96618508	+	10.86	3.014	>	6	30	60
802	chr8	84639419	84639400	-	10.85	34.7	>	6	30	60
803	chr17	8468905	8468886	+	10.85	20.27	>	6	30	60
804	chr2	67535551	67535532	+	10.83	7.83	>	6	30	60
805	chr18	52947340	52947321	+	10.82	10.15	>	6	30	60
806	chr13	72625410	72625391	-	10.78	6.715	>	6	30	60
807	chr11	31942449	31942430	+	10.69	22.72	>	6	30	60
808	chr1	6190743	6190724	-	10.63	7.344	>	6	30	60
809	chr7	74367549	74367530	+	10.6	15.16	>	6	30	60
810	chr4	22482970	22482951	+	10.58	4.45	>	6	30	60
811	chr13	20298018	20297999	+	10.56	24.86	>	6	30	60
812	chr16	75325511	75325492	-	10.484	5.44	>	6	30	60
813	chr6	54586377	54586358	+	10.44	8.14	>	6	30	60
814	chr14	59604211	59604192	-	10.375	15.664	>	6	30	60
815	chr2	107946040	107946021	-	10.31	11.08	>	6	30	60
816	chr1	62701219	62701200	-	10.3	12.74	>	6	30	60
817	chr7	75914120	75914101	+	10.266	24.1	>	6	30	60
818	chr5	98167679	98167660	+	10.26	12.875	>	6	30	60
819	chr9	99671799	99671780	+	10.23	22.52	>	6	30	60
820	chr1	179847901	179847882	+	10.16	11.88	>	6	30	60
821	chr15	80080817	80080798	-	10.15	32.28	>	6	30	60
822	chr6	137747756	137747737	-	10.09	27.12	>	6	30	60
823	chr6	77249625	77249606	-	10.09	6.945	>	6	30	60
824	chr5	149049190	149049171	-	10.08	15.81	>	6	30	60
825	chr18	32814407	32814388	-	10.07	2.566	>	6	30	60
826	chr11	46258405	46258386	-	10.06	20.3	>	6	30	60
827	chr11	81974830	81974811	-	10.01	5.44	>	6	30	60
828	chr19	48414047	48414028	+	9.99	12.77	>	6	30	60
829	chr11	34836484	34836465	+	9.86	20.75	>	6	30	60
830	chr17	24437345	24437326	-	9.81	19.33	>	6	30	60
831	chr6	59208753	59208734	-	9.734	12.92	>	6	30	60
832	chr13	37325694	37325675	-	9.734	20.84	>	6	30	60
833	chr11	43412967	43412948	-	9.72	22.2	>	6	30	60
834	chr13	49651342	49651323	-	9.71	2.496	>	6	30	60
835	chr7	143151380	143151361	+	9.69	18.05	>	6	30	60
836	chr16	4285478	4285459	-	9.67	7.94	>	6	30	60
837	chr11	29715017	29714998	-	9.664	9.12	>	6	30	60
838	chr3	134654263	134654244	+	9.62	3.898	>	6	30	60
839	chr8	28978824	28978805	-	9.57	7.504	>	6	30	60
840	chr13	54062269	54062250	-	9.55	10.02	>	6	30	60
841	chr9	32585514	32585495	+	9.516	12.72	>	6	30	60
842	chr7	73648212	73648193	-	9.484	13.375	>	6	30	60
843	chr19	27425889	27425870	-	9.44	11.26	>	6	30	60
844	chr13	100854377	100854358	-	9.42	17.78	>	6	30	60
845	chr5	140749784	140749765	-	9.414	22.17	>	6	30	60
846	chr4	127027444	127027425	+	9.4	22.48	>	6	30	60
847	chr11	109221866	109221847	-	9.3	9.67	>	6	30	60
848	chr16	16596794	16596775	+	9.28	5.977	>	6	30	60
849	chr2	128605294	128605275	-	9.25	9.07	>	6	30	60
850	chr2	61492265	61492246	+	9.25	6.99	>	6	30	60
851	chr10	74217479	74217460	+	9.22	7.7	>	6	30	60
852	chr9	68016722	68016703	+	9.2	8.305	>	6	30	60
853	chr6	144248136	144248117	+	9.19	7.742	>	6	30	60
854	chr13	51191948	51191929	+	9.17	5.492	>	6	30	60
855	chr2	103424848	103424829	-	9.164	12.29	>	6	30	60
856	chr7	64751734	64751715	-	9.13	16.66	>	6	30	60
857	chr7	27160004	27159985	+	9.125	14.17	>	6	30	60
858	chr13	95986545	95986526	+	9.08	13.76	>	6	30	60
859	chr5	135118653	135118634	+	9.08	29.22	>	6	30	60
860	chr10	49786914	49786895	-	9.07	0.785	>	6	30	60
861	chr1	51639072	51639053	+	9.02	3.22	>	6	30	60
862	chr14	105307894	105307875	+	8.95	2.453	>	6	30	60
863	chr19	40231990	40231971	-	8.95	19.89	>	6	30	60
864	chr10	69656526	69656507	+	8.95	12.99	>	6	30	60
865	chr7	142714879	142714860	-	8.945	27.2	>	6	30	60
866	chr6	129256260	129256241	-	8.93	14.53	>	6	30	60
867	chr5	138199783	138199764	+	8.9	8.414	>	6	30	60
868	chr8	36193738	36193719	+	8.89	10.43	>	6	30	60
869	chr11	49597354	49597335	+	8.87	6.92	>	6	30	60
870	chr1	139405977	139405958	-	8.86	4.043	>	6	30	60
871	chr3	124289118	124289099	-	8.84	12.69	>	6	30	60
872	chr9	13196005	13195986	-	8.83	30.6	>	6	30	60
873	chr14	115819240	115819221	+	8.83	10.71	>	6	30	60
874	chr5	146914595	146914576	+	8.82	39.7	>	6	30	60
875	chr4	119223866	119223847	-	8.766	16.34	>	6	30	60
876	chr15	85879204	85879185	-	8.76	17.27	>	6	30	60
877	chr4	124682485	124682466	+	8.7	17.45	>	6	30	60
878	chr17	34956526	34956507	+	8.695	22.17	>	6	30	60
879	chr12	39494054	39494035	-	8.65	2.455	>	6	30	60
880	chr9	34485824	34485805	-	8.625	10.6	>	6	30	60
881	chr2	180786948	180786929	+	8.57	17.27	>	6	30	60
882	chr4	62230989	62230970	+	8.57	12.25	>	6	30	60
883	chr2	16357480	16357461	+	8.55	2.205	>	6	30	60
884	chr17	9759516	9759497	+	8.54	11.53	>	6	30	60
885	chr10	13018670	13018651	+	8.54	19.64	>	6	30	60
886	chr4	32570820	32570801	-	8.52	6.645	>	6	30	60
887	chr9	86451919	86451900	-	8.49	16.77	>	6	30	60
888	chr7	139590495	139590476	+	8.49	20.39	>	6	30	60
889	chr16	31944169	31944150	+	8.445	14.11	>	6	30	60
890	chr3	104701211	104701192	-	8.44	24.84	>	6	30	60
891	chr2	160955546	160955527	-	8.414	14.05	>	6	30	60
892	chr18	32811889	32811870	+	8.4	4.918	>	6	30	60
893	chr14	115042240	115042221	-	8.4	14.734	>	6	30	60
894	chr2	28464119	28464100	-	8.33	19.16	>	6	30	60
895	chr2	76369931	76369912	+	8.28	9.1	>	6	30	60
896	chr3	107605512	107605493	+	8.28	12.57	>	6	30	60
897	chr14	121220891	121220872	-	8.23	10.8	>	6	30	60
898	chr1	103796539	103796520	+	8.22	10.74	>	6	30	60
899	chr16	23151589	23151570	+	8.21	3.11	>	6	30	60
900	chr5	33371346	33371327	-	8.19	15.74	>	6	30	60
901	chr13	103121088	103121069	-	8.18	6.016	>	6	30	60
902	chr10	60760529	60760510	+	8.14	24.72	>	6	30	60
903	chr1	169921787	169921768	+	8.12	12.62	>	6	30	60
904	chr13	42826816	42826797	-	8.11	17.0	>	6	30	60
905	chr6	72601930	72601911	+	8.11	24.06	>	6	30	60
906	chr7	81345319	81345300	-	7.99	7.87	>	6	30	60
907	chr11	33934471	33934452	+	7.98	18.27	>	6	30	60
908	chr18	77044808	77044789	-	7.97	11.42	>	6	30	60
909	chr7	67217278	67217259	+	7.926	7.28	>	6	30	60
910	chr2	164074027	164074008	+	7.906	10.22	>	6	30	60
911	chr3	45373410	45373391	+	7.855	1.438	>	6	30	60
912	chr1	152768355	152768336	-	7.84	9.35	>	6	30	60
913	chr11	102267665	102267646	-	7.81	17.44	>	6	30	60
914	chr11	43411664	43411645	-	7.81	21.72	>	6	30	60
915	chr2	129880054	129880035	+	7.805	6.484	>	6	30	60
916	chr11	81972241	81972222	+	7.797	9.07	>	6	30	60
917	chr9	65581143	65581124	-	7.793	11.17	>	6	30	60
918	chr4	106228720	106228701	+	7.727	13.9	>	6	30	60
919	chr6	119467876	119467857	+	7.703	18.1	>	6	30	60
920	chr10	122794511	122794492	+	7.695	15.734	>	6	30	60
921	chr14	34813484	34813465	-	7.69	11.805	>	6	30	60
922	chr15	19280629	19280610	+	7.68	3.066	>	6	30	60
923	chr13	38235597	38235578	-	7.676	11.836	>	6	30	60
924	chr13	21710105	21710086	+	7.67	14.95	>	6	30	60
925	chr11	104231353	104231334	-	7.67	18.38	>	6	30	60
926	chr6	86401304	86401285	-	7.64	23.28	>	6	30	60
927	chr4	24245320	24245301	-	7.633	3.027	>	6	30	60
928	chr9	29655082	29655063	+	7.613	20.11	>	6	30	60
929	chr9	58535957	58535938	-	7.605	16.9	>	6	30	60
930	chr5	112427478	112427459	-	7.598	9.93	>	6	30	60
931	chr4	140539353	140539334	-	7.58	22.9	>	6	30	60
932	chr14	105302910	105302891	+	7.57	4.605	>	6	30	60
933	chr7	19713404	19713385	-	7.543	26.19	>	6	30	60
934	chr1	127487367	127487348	-	7.52	14.33	>	6	30	60
935	chr19	56806125	56806106	-	7.504	5.934	>	6	30	60
936	chr19	47175662	47175643	-	7.46	21.67	>	6	30	60
937	chr2	150795624	150795605	-	7.44	6.633	>	6	30	60
938	chr2	137114826	137114807	+	7.438	4.08	>	6	30	60
939	chr10	119244230	119244211	+	7.434	4.305	>	6	30	60
940	chr5	117094622	117094603	+	7.42	22.22	>	6	30	60
941	chr11	67100384	67100365	-	7.42	22.83	>	6	30	60
942	chr5	30686988	30686969	+	7.41	18.64	>	6	30	60
943	chr8	105291139	105291120	-	7.41	11.78	>	6	30	60
944	chr7	143470174	143470155	-	7.39	17.94	>	6	30	60
945	chr15	8099290	8099271	-	7.35	8.336	>	6	30	60
946	chr7	119015949	119015930	+	7.34	17.75	>	6	30	60
947	chr17	56306039	56306020	-	7.305	16.48	>	6	30	60
948	chr1	134636895	134636876	+	7.3	5.97	>	6	30	60
949	chr17	65541217	65541198	+	7.258	9.125	>	6	30	60
950	chr14	49218880	49218861	+	7.25	8.47	>	6	30	60
951	chr1	25527154	25527135	+	7.2	7.453	>	6	30	60
952	chr1	146515575	146515556	+	7.18	3.11	>	6	30	60
953	chr9	44109578	44109559	+	7.176	33.9	>	6	30	60
954	chr11	108889358	108889339	+	7.15	8.016	>	6	30	60
955	chr7	138398615	138398596	+	7.117	4.707	>	6	30	60
956	chr5	32204842	32204823	+	7.11	6.15	>	6	30	60
957	chr8	14859581	14859562	+	7.1	5.27	>	6	30	60
958	chr11	95676507	95676488	-	7.09	14.555	>	6	30	60
959	chr6	85141186	85141167	+	7.08	33.56	>	6	30	60
960	chr14	20340404	20340385	-	7.04	15.81	>	6	30	60
961	chr1	193130339	193130320	-	7.023	5.71	>	6	30	60
962	chr9	98032882	98032863	+	6.992	4.73	>	6	30	60
963	chr7	143793289	143793270	+	6.98	21.42	>	6	30	60
964	chr12	32292312	32292293	-	6.895	8.26	>	6	30	60
965	chr17	45724453	45724434	-	6.89	12.125	>	6	30	60
966	chr14	102512314	102512295	+	6.89	1.602	>	6	30	60
967	chr8	11943038	11943019	+	6.88	5.47	>	6	30	60
968	chr7	83553561	83553542	+	6.867	8.27	>	6	30	60
969	chr9	64960779	64960760	-	6.85	16.31	>	6	30	60
970	chr9	30426996	30426977	+	6.832	15.31	>	6	30	60
971	chr11	119249183	119249164	+	6.785	23.48	>	6	30	60
972	chr8	90795542	90795523	+	6.77	10.67	>	6	30	60
973	chr2	113498926	113498907	-	6.766	9.86	>	6	30	60
974	chr13	62926662	62926643	+	6.75	4.73	>	6	30	60
975	chr1	127485025	127485006	+	6.715	16.44	>	6	30	60
976	chr17	78592615	78592596	+	6.715	8.945	>	6	30	60
977	chr2	118246134	118246115	-	6.668	13.72	>	6	30	60
978	chr2	92474875	92474856	-	6.652	13.95	>	6	30	60
979	chr7	17061423	17061404	+	6.645	15.1	>	6	30	60
980	chr10	122090678	122090659	+	6.63	8.38	>	6	30	60
981	chr13	64448147	64448128	+	6.594	17.92	>	6	30	60
982	chr2	34642611	34642592	-	6.562	14.51	>	6	30	60
983	chr5	117509743	117509724	+	6.54	26.92	>	6	30	60
984	chr7	131371109	131371090	+	6.516	4.71	>	6	30	60
985	chr6	94054143	94054124	-	6.5	13.34	>	6	30	60
986	chr14	20697228	20697209	+	6.465	17.88	>	6	30	60
987	chr10	122798121	122798102	+	6.46	15.23	>	6	30	60
988	chr13	14196604	14196585	+	6.45	1.613	>	6	30	60
989	chr3	118991976	118991957	+	6.438	8.26	>	6	30	60
990	chr9	107231295	107231276	-	6.434	7.414	>	6	30	60
991	chr15	24557016	24556997	-	6.418	3.371	>	6	30	60
992	chr2	178407758	178407739	+	6.414	11.43	>	6	30	60
993	chr9	90683476	90683457	-	6.38	1.322	>	6	30	60
994	chr6	22968335	22968316	-	6.34	6.418	>	6	30	60
995	chr12	67217811	67217792	+	6.336	1.95	>	6	30	60
996	chr10	82910438	82910419	+	6.277	10.99	>	6	30	60
997	chr7	49125716	49125697	+	6.258	16.88	>	6	30	60
998	chr11	119491305	119491286	-	6.215	10.81	>	6	30	60
999	chr11	32341308	32341289	-	6.21	14.555	>	6	30	60
1000	chr19	8713406	8713387	+	6.19	10.44	>	6	30	60
1001	chr4	48048044	48048025	+	6.152	6.21	>	6	30	60
1002	chr11	52764825	52764806	+	6.15	7.75	>	6	30	60
1003	chr13	20564636	20564617	-	6.145	4.82	>	6	30	60
1004	chr10	39105011	39104992	-	6.14	7.152	>	6	30	60
1005	chr11	98909856	98909837	-	6.117	18.95	>	6	30	60
1006	chr1	151025102	151025083	+	6.117	4.496	>	6	30	60
1007	chr5	98167777	98167758	-	6.113	9.555	>	6	30	60
1008	chr8	88118562	88118543	+	6.062	3.66	>	6	30	60
1009	chr16	92511934	92511915	+	6.035	16.34	>	6	30	60
1010	chr15	25792295	25792276	-	6.008	6.87	>	6	30	60
1011	chr13	92751194	92751175	+	5.938	12.68	>	6	30	60
1012	chr5	101688793	101688774	-	5.934	12.51	>	6	30	60
1013	chr7	112023252	112023233	+	5.93	8.26	>	6	30	60
1014	chr14	21854038	21854019	-	5.914	27.36	>	6	30	60
1015	chr8	32003733	32003714	-	5.9	2.012	>	6	30	60
1016	chr13	53095394	53095375	-	5.867	6.086	>	6	30	60
1017	chr1	182554179	182554160	+	5.836	10.15	>	6	30	60
1018	chr6	18381568	18381549	+	5.832	1.955	>	6	30	60
1019	chr9	77389590	77389571	+	5.832	5.68	>	6	30	60
1020	chr16	5254481	5254462	-	5.812	12.77	>	6	30	60
1021	chr2	93199625	93199606	+	5.797	14.08	>	6	30	60
1022	chr9	81631651	81631632	-	5.793	3.863	>	6	30	60
1023	chr2	152887412	152887393	-	5.78	4.652	>	6	30	60
1024	chr4	153481137	153481118	-	5.766	3.3	>	6	30	60
1025	chr8	72239706	72239687	-	5.754	5.32	>	6	30	60
1026	chr18	65750236	65750217	-	5.703	2.543	>	6	30	60
1027	chr6	61311882	61311863	-	5.68	7.43	>	6	30	60
1028	chr18	46143625	46143606	+	5.676	6.477	>	6	30	60
1029	chr6	120836118	120836099	+	5.64	7.797	>	6	30	60
1030	chr6	100563990	100563971	-	5.625	4.164	>	6	30	60
1031	chr3	13475098	13475079	-	5.61	1.948	>	6	30	60
1032	chr2	132262968	132262949	+	5.6	7.164	>	6	30	60
1033	chr11	103334169	103334150	+	5.594	12.02	>	6	30	60
1034	chr6	54255029	54255010	+	5.586	4.35	>	6	30	60
1035	chr13	101711018	101710999	+	5.543	9.15	>	6	30	60
1036	chr5	39644761	39644742	-	5.54	3.531	>	6	30	60
1037	chr8	90795201	90795182	-	5.516	4.996	>	6	30	60
1038	chr18	23162646	23162627	+	5.51	1.562	>	6	30	60
1039	chr16	78165563	78165544	+	5.477	7.39	>	6	30	60
1040	chr2	96584106	96584087	-	5.44	3.29	>	6	30	60
1041	chr12	72070473	72070454	+	5.426	11.336	>	6	30	60
1042	chr12	24708691	24708672	+	5.414	9.914	>	6	30	60
1043	chr8	92367135	92367116	-	5.406	6.984	>	6	30	60
1044	chr17	83866777	83866758	+	5.4	23.0	>	6	30	60
1045	chr13	55322636	55322617	-	5.4	7.0	>	6	30	60
1046	chr6	88893771	88893752	-	5.395	16.78	>	6	30	60
1047	chr19	8718731	8718712	-	5.383	8.6	>	6	30	60
1048	chr12	59220179	59220160	-	5.38	2.5	>	6	30	60
1049	chr14	60784526	60784507	+	5.367	16.06	>	6	30	60
1050	chr3	153658591	153658572	+	5.33	6.258	>	6	30	60
1051	chr9	77386949	77386930	-	5.312	12.24	>	6	30	60
1052	chr10	83219903	83219884	+	5.312	6.188	>	6	30	60
1053	chr6	15176967	15176948	-	5.31	2.947	>	6	30	60
1054	chr2	152604207	152604188	-	5.27	19.44	>	6	30	60
1055	chr2	39003369	39003350	-	5.26	1.671	>	6	30	60
1056	chr16	31425707	31425688	-	5.254	13.484	>	6	30	60
1057	chr5	137503018	137502999	-	5.227	3.691	>	6	30	60
1058	chr18	13973086	13973067	-	5.207	0.71	>	6	30	60
1059	chr17	68849016	68848997	-	5.2	1.891	>	6	30	60
1060	chr2	128408931	128408912	-	5.19	8.72	>	6	30	60
1061	chr14	97559790	97559771	-	5.16	2.041	>	6	30	60
1062	chr8	67903864	67903845	-	5.13	6.113	>	6	30	60
1063	chr14	56888181	56888162	-	5.125	3.316	>	6	30	60
1064	chr4	132198465	132198446	+	5.125	11.19	>	6	30	60
1065	chr2	39005861	39005842	-	5.12	3.883	>	6	30	60
1066	chr7	137471679	137471660	-	5.1	19.97	>	6	30	60
1067	chr6	64949075	64949056	+	5.09	5.168	>	6	30	60
1068	chr18	16821148	16821129	+	5.043	1.935	>	6	30	60
1069	chr2	93813566	93813547	+	5.04	13.086	>	6	30	60
1070	chr6	126481478	126481459	-	5.023	10.89	>	6	30	60
1071	chr1	181881093	181881074	-	4.984	10.19	>	6	30	60
1072	chr6	108065822	108065803	-	4.977	6.67	>	6	30	60
1073	chr4	88550373	88550354	+	4.938	4.04	>	6	30	60
1074	chr5	137502167	137502148	+	4.867	8.81	>	6	30	60
1075	chr8	77618148	77618129	-	4.86	4.188	>	6	30	60
1076	chr7	120098024	120098005	+	4.855	7.22	>	6	30	60
1077	chr2	75152706	75152687	-	4.824	10.55	>	6	30	60
1078	chr11	87950193	87950174	+	4.78	11.09	>	6	30	60
1079	chr11	94598936	94598917	-	4.746	10.49	>	6	30	60
1080	chr1	10229119	10229100	+	4.746	0.972	>	6	30	60
1081	chr7	143476888	143476869	+	4.746	8.89	>	6	30	60
1082	chr9	102607693	102607674	-	4.715	3.604	>	6	30	60
1083	chr8	32009749	32009730	+	4.71	6.785	>	6	30	60
1084	chr3	99262117	99262098	-	4.707	1.889	>	6	30	60
1085	chr18	75607987	75607968	+	4.664	23.11	>	6	30	60
1086	chr7	75380211	75380192	-	4.64	2.41	>	6	30	60
1087	chr3	135863108	135863089	+	4.64	3.164	>	6	30	60
1088	chr4	87369015	87368996	-	4.625	9.125	>	6	30	60
1089	chr8	84639535	84639516	+	4.605	13.88	>	6	30	60
1090	chr15	74524301	74524282	+	4.586	13.7	>	6	30	60
1091	chr17	57007316	57007297	-	4.582	9.42	>	6	30	60
1092	chr11	30893985	30893966	+	4.547	0.9004	>	6	30	60
1093	chr19	57360190	57360171	-	4.543	2.654	>	6	30	60
1094	chr8	110102657	110102638	-	4.53	9.24	>	6	30	60
1095	chr7	135389259	135389240	-	4.53	9.336	>	6	30	60
1096	chr4	152527530	152527511	+	4.516	13.99	>	6	30	60
1097	chr13	103710441	103710422	+	4.5	4.57	>	6	30	60
1098	chr10	120896053	120896034	+	4.5	2.322	>	6	30	60
1099	chr18	5155632	5155613	-	4.484	6.39	>	6	30	60
1100	chr12	80141693	80141674	-	4.45	17.05	>	6	30	60
1101	chr5	118763566	118763547	-	4.418	12.81	>	6	30	60
1102	chr12	14150175	14150156	+	4.406	3.688	>	6	30	60
1103	chr10	128990300	128990281	-	4.4	8.03	>	6	30	60
1104	chr10	30834038	30834019	-	4.37	4.473	>	6	30	60
1105	chr6	50618483	50618464	+	4.367	12.766	>	6	30	60
1106	chr15	9748972	9748953	-	4.36	3.496	>	6	30	60
1107	chr16	92308164	92308145	-	4.355	11.22	>	6	30	60
1108	chr2	9881964	9881945	-	4.355	2.918	>	6	30	60
1109	chr8	123106089	123106070	+	4.336	8.18	>	6	30	60
1110	chr5	98346264	98346245	+	4.324	2.342	>	6	30	60
1111	chr10	40249841	40249822	-	4.316	12.23	>	6	30	60
1112	chr3	141457685	141457666	+	4.312	4.707	>	6	30	60
1113	chr9	40192620	40192601	-	4.3	2.145	>	6	30	60
1114	chr9	72448248	72448229	+	4.29	7.78	>	6	30	60
1115	chr13	24316809	24316790	-	4.273	3.682	>	6	30	60
1116	chr1	50927249	50927230	+	4.258	4.5	>	6	30	60
1117	chr11	102690417	102690398	-	4.223	12.195	>	6	30	60
1118	chr4	116627141	116627122	+	4.207	6.52	>	6	30	60
1119	chr15	76198817	76198798	+	4.164	10.72	>	6	30	60
1120	chr15	12113620	12113601	-	4.156	3.312	>	6	30	60
1121	chr1	115675059	115675040	+	4.152	5.223	>	6	30	60
1122	chr2	34644807	34644788	-	4.15	8.266	>	6	30	60
1123	chr2	166084974	166084955	-	4.133	18.12	>	6	30	60
1124	chr11	21571906	21571887	-	4.13	2.105	>	6	30	60
1125	chr15	9449709	9449690	-	4.062	0.543	>	6	30	60
1126	chr5	92664520	92664501	-	4.055	3.326	>	6	30	60
1127	chr12	77001216	77001197	+	4.043	1.105	>	6	30	60
1128	chr6	93757507	93757488	-	4.01	5.273	>	6	30	60
1129	chr19	56302794	56302775	+	4.01	3.797	>	6	30	60
1130	chr13	71954038	71954019	-	4.008	1.19	>	6	30	60
1131	chr4	17852015	17851996	-	4.0	0.8535	>	6	30	60
1132	chr18	39136126	39136107	+	3.992	1.932	>	6	30	60
1133	chr1	153489234	153489215	-	3.99	7.715	>	6	30	60
1134	chr9	66136172	66136153	-	3.988	5.383	>	6	30	60
1135	chr11	109621431	109621412	-	3.979	11.484	>	6	30	60
1136	chr13	91723318	91723299	+	3.959	5.49	>	6	30	60
1137	chr13	3642291	3642272	-	3.959	4.75	>	6	30	60
1138	chr13	47304770	47304751	+	3.957	6.746	>	6	30	60
1139	chr2	121144456	121144437	+	3.953	4.504	>	6	30	60
1140	chr13	93772223	93772204	-	3.928	3.56	>	6	30	60
1141	chr10	70967079	70967060	+	3.916	4.88	>	6	30	60
1142	chr13	59417085	59417066	-	3.91	5.0	>	6	30	60
1143	chr7	102484972	102484953	-	3.883	7.0	>	6	30	60
1144	chr5	38235667	38235648	-	3.879	10.78	>	6	30	60
1145	chr14	56885401	56885382	+	3.87	2.412	>	6	30	60
1146	chr11	75170669	75170650	-	3.861	7.984	>	6	30	60
1147	chr11	77980417	77980398	+	3.846	9.5	>	6	30	60
1148	chr9	94738712	94738693	+	3.828	14.92	>	6	30	60
1149	chr6	140466500	140466481	-	3.816	3.785	>	6	30	60
1150	chr19	57361025	57361006	-	3.814	6.484	>	6	30	60
1151	chr12	58972459	58972440	+	3.777	2.135	>	6	30	60
1152	chr2	61490636	61490617	+	3.775	5.23	>	6	30	60
1153	chr4	44310651	44310632	+	3.762	4.973	>	6	30	60
1154	chr11	52766147	52766128	+	3.734	1.83	>	6	30	60
1155	chr13	72627587	72627568	-	3.717	4.066	>	6	30	60
1156	chr9	23012459	23012440	-	3.71	1.704	>	6	30	60
1157	chr16	31427924	31427905	-	3.705	3.383	>	6	30	60
1158	chr12	29895773	29895754	+	3.691	1.481	>	6	30	60
1159	chr9	73154557	73154538	+	3.666	9.1	>	6	30	60
1160	chr1	127484437	127484418	-	3.66	8.8	>	6	30	60
1161	chr9	107566236	107566217	+	3.656	7.098	>	6	30	60
1162	chr2	68118338	68118319	+	3.652	4.36	>	6	30	60
1163	chr11	11140836	11140817	-	3.629	13.69	>	6	30	60
1164	chr12	74014936	74014917	-	3.627	5.97	>	6	30	60
1165	chr7	138396301	138396282	-	3.621	0.934	>	6	30	60
1166	chr14	103534605	103534586	+	3.617	5.312	>	6	30	60
1167	chr10	115164112	115164093	-	3.613	3.031	>	6	30	60
1168	chr7	119019764	119019745	+	3.598	7.113	>	6	30	60
1169	chr13	96389525	96389506	-	3.588	1.339	>	6	30	60
1170	chr14	74723724	74723705	-	3.586	5.766	>	6	30	60
1171	chr14	55114114	55114095	-	3.57	7.387	>	6	30	60
1172	chr9	62784468	62784449	+	3.562	12.84	>	6	30	60
1173	chr10	127678167	127678148	-	3.541	2.129	>	6	30	60
1174	chr17	55948218	55948199	-	3.535	4.3	>	6	30	60
1175	chr11	78183263	78183244	-	3.525	12.305	>	6	30	60
1176	chr6	59207403	59207384	-	3.508	1.477	>	6	30	60
1177	chr6	135416919	135416900	+	3.498	4.027	>	6	30	60
1178	chr5	122104403	122104384	+	3.492	11.98	>	6	30	60
1179	chr13	37971068	37971049	-	3.482	3.088	>	6	30	60
1180	chr5	114612410	114612391	+	3.48	13.6	>	6	30	60
1181	chr10	114442226	114442207	+	3.46	2.104	>	6	30	60
1182	chr2	145655527	145655508	-	3.44	2.05	>	6	30	60
1183	chr7	109507351	109507332	-	3.418	1.832	>	6	30	60
1184	chr16	10009965	10009946	+	3.402	4.965	>	6	30	60
1185	chr14	67969032	67969013	-	3.385	5.523	>	6	30	60
1186	chr5	140744055	140744036	-	3.348	10.35	>	6	30	60
1187	chr1	56984334	56984315	+	3.338	2.584	>	6	30	60
1188	chr2	137110782	137110763	+	3.328	1.323	>	6	30	60
1189	chr16	22267525	22267506	+	3.322	1.262	>	6	30	60
1190	chr16	4884595	4884576	-	3.3	2.822	>	6	30	60
1191	chr5	19458406	19458387	-	3.291	6.625	>	6	30	60
1192	chr1	84697217	84697198	-	3.29	7.492	>	6	30	60
1193	chr14	122903088	122903069	-	3.29	2.205	>	6	30	60
1194	chr7	64056729	64056710	-	3.273	1.214	>	6	30	60
1195	chr9	71624061	71624042	-	3.273	15.39	>	6	30	60
1196	chr9	96885958	96885939	-	3.271	10.016	>	6	30	60
1197	chr18	46964733	46964714	-	3.266	8.555	>	6	30	60
1198	chr3	122638475	122638456	+	3.26	4.82	>	6	30	60
1199	chr9	94733848	94733829	+	3.256	3.768	>	6	30	60
1200	chr1	167938404	167938385	-	3.25	6.79	>	6	30	60
1201	chr1	180811841	180811822	+	3.244	6.383	>	6	30	60
1202	chr10	42760472	42760453	+	3.229	1.784	>	6	30	60
1203	chr18	20598347	20598328	+	3.213	4.758	>	6	30	60
1204	chr17	71909305	71909286	+	3.203	3.572	>	6	30	60
1205	chr1	34459898	34459879	+	3.193	3.389	>	6	30	60
1206	chr4	117202234	117202215	-	3.191	9.61	>	6	30	60
1207	chr15	101313974	101313955	-	3.178	2.96	>	6	30	60
1208	chr16	13438138	13438119	+	3.176	1.241	>	6	30	60
1209	chr7	114878499	114878480	+	3.174	1.604	>	6	30	60
1210	chr11	109866735	109866716	+	3.166	2.812	>	6	30	60
1211	chr3	123509329	123509310	+	3.162	5.67	>	6	30	60
1212	chr3	114085881	114085862	-	3.146	0.5283	>	6	30	60
1213	chr4	120149384	120149365	-	3.145	8.09	>	6	30	60
1214	chr16	4549594	4549575	-	3.137	11.12	>	6	30	60
1215	chr15	78872224	78872205	+	3.133	9.35	>	6	30	60
1216	chr12	57231261	57231242	-	3.127	3.32	>	6	30	60
1217	chr9	71624949	71624930	-	3.125	15.0	>	6	30	60
1218	chr4	18963859	18963840	-	3.12	4.01	>	6	30	60
1219	chr8	40913366	40913347	-	3.115	1.625	>	6	30	60
1220	chr5	21645240	21645221	-	3.11	1.259	>	6	30	60
1221	chr10	68357244	68357225	+	3.094	1.353	>	6	30	60
1222	chr2	93812077	93812058	-	3.06	11.82	>	6	30	60
1223	chr12	75669431	75669412	-	3.05	4.1	>	6	30	60
1224	chr1	12844023	12844004	+	3.033	4.33	>	6	30	60
1225	chr12	86697142	86697123	+	3.025	6.996	>	6	30	60
1226	chr9	98033678	98033659	+	3.021	1.525	>	6	30	60
1227	chr19	37946902	37946883	+	3.02	4.082	>	6	30	60
1228	chr9	75271676	75271657	+	3.01	4.42	>	6	30	60
1229	chr11	55162881	55162862	+	2.996	3.625	>	6	30	60
1230	chr17	25274339	25274320	-	2.984	4.45	>	6	30	60
1231	chr6	108065317	108065298	+	2.984	5.535	>	6	30	60
1232	chr7	5071749	5071730	-	2.928	2.754	>	6	30	60
1233	chr3	152477906	152477887	-	2.922	3.295	>	6	30	60
1234	chr5	28090770	28090751	-	2.922	2.412	>	6	30	60
1235	chr14	78282622	78282603	+	2.91	2.186	>	6	30	60
1236	chr14	88480122	88480103	-	2.906	3.236	>	6	30	60
1237	chr7	107569047	107569028	+	2.902	1.588	>	6	30	60
1238	chr3	83777088	83777069	-	2.879	3.992	>	6	30	60
1239	chr8	48550865	48550846	+	2.871	0.592	>	6	30	60
1240	chr7	132575955	132575936	-	2.855	4.473	>	6	30	60
1241	chr14	79769127	79769108	-	2.852	4.36	>	6	30	60
1242	chr17	69974245	69974226	-	2.799	1.284	>	6	30	60
1243	chr12	66284211	66284192	-	2.793	5.484	>	6	30	60
1244	chr6	83796902	83796883	-	2.785	3.35	>	6	30	60
1245	chr9	44108077	44108058	+	2.785	11.375	>	6	30	60
1246	chr11	116023924	116023905	+	2.777	6.906	>	6	30	60
1247	chr3	86779824	86779805	-	2.775	8.64	>	6	30	60
1248	chr19	46056202	46056183	+	2.77	5.27	>	6	30	60
1249	chr10	108210181	108210162	-	2.762	0.674	>	6	30	60
1250	chr8	27001386	27001367	+	0.4329	0.4077	>	6	30	60
1251	chr17	28338029	28338010	-	0.252	0.265	>	6	30	60
1252	chr11	76445826	76445807	-	0.2268	0.1863	>	6	30	60
1253	chr5	144244146	144244127	-	0.311	0.3691	>	6	30	60
1254	chr14	79768803	79768784	-	0.3076	0.2808	>	6	30	60
1255	chr9	26778623	26778604	-	1.299	0.6914	>	6	30	60
1256	chr7	25392052	25392033	+	0.2487	0.242	>	6	30	60
1257	chr3	101484879	101484860	-	0.3438	0.528	>	6	30	60
1258	chr2	69113988	69113969	+	0.2472	0.1981	>	6	30	60
1259	chr13	29852447	29852428	-	0.1781	0.1941	>	6	30	60
1260	chr2	60213231	60213212	-	0.1073	0.1628	>	6	30	60
1261	chr2	171418157	171418138	-	0.1407	0.2131	>	6	30	60
1262	chr7	64392050	64392031	-	0.514	0.2006	>	6	30	60
1263	chr15	36157434	36157415	-	0.7227	0.836	>	6	30	60
1264	chr4	49662357	49662338	-	0.4692	0.2915	>	6	30	60
1265	chr4	48422356	48422337	+	1.027	0.5225	>	6	30	60
1266	chr18	82720514	82720495	+	0.1605	0.1409	>	6	30	60
1267	chr1	172022686	172022667	+	0.1733	0.1764	>	6	30	60
1268	chr7	139595890	139595871	+	0.1575	0.2125	>	6	30	60
1269	chr12	73007842	73007823	-	0.345	0.2974	>	6	30	60
1270	chr17	27192928	27192909	-	0.1056	0.4468	>	6	30	60
1271	chr1	53698960	53698941	+	0.557	0.255	>	6	30	60
1272	chr18	12734380	12734361	+	0.207	0.1383	>	6	30	60
1273	chr6	126767488	126767469	-	0.2039	0.2483	>	6	30	60
1274	chr2	92856249	92856230	-	2.734	0.857	>	6	30	60
1275	chr11	74572851	74572832	+	0.2646	0.2705	>	6	30	60
1276	chr9	59675637	59675618	-	0.4082	0.744	>	6	30	60
1277	chr15	55025647	55025628	+	0.1847	0.1536	>	6	30	60
1278	chr4	120579150	120579131	-	0.33	0.264	>	6	30	60
1279	chr15	74525720	74525701	+	0.2172	0.2104	>	6	30	60
1280	chr1	88748095	88748076	+	0.1973	0.1881	>	6	30	60
1281	chr15	32239655	32239636	-	0.2822	0.1587	>	6	30	60
1282	chr7	36571183	36571164	+	0.1103	0.1942	>	6	30	60
1283	chr11	113855351	113855332	-	0.1613	0.1947	>	6	30	60
1284	chr6	90609163	90609144	+	2.127	1.159	>	6	30	60
1285	chr3	146181407	146181388	-	0.2034	0.3416	>	6	30	60
1286	chr10	69857222	69857203	-	0.3232	0.3599	>	6	30	60
1287	chr2	158361425	158361406	-	0.5625	0.2502	>	6	30	60
1288	chr5	136268179	136268160	-	0.1886	0.2153	>	6	30	60
1289	chr16	11983350	11983331	-	1.634	1.076	>	6	30	60
1290	chr2	84437773	84437754	+	0.2305	0.14	>	6	30	60
1291	chr18	24002018	24001999	-	0.133	0.1333	>	6	30	60
1292	chr1	130151533	130151514	-	0.4075	0.3347	>	6	30	60
1293	chr9	59675855	59675836	+	0.3367	0.2161	>	6	30	60
1294	chr11	116840251	116840232	-	0.3374	0.637	>	6	30	60
1295	chr2	155819963	155819944	+	0.07886	0.146	>	6	30	60
1296	chr14	105301632	105301613	+	0.206	0.2114	>	6	30	60
1297	chr12	9044592	9044573	+	0.1821	0.2019	>	6	30	60
1298	chr18	13971224	13971205	-	0.5337	0.3596	>	6	30	60
1299	chr5	136267600	136267581	-	0.2751	0.189	>	6	30	60
1300	chr5	33371430	33371411	+	0.3992	0.1644	>	6	30	60
1301	chr14	51090397	51090378	-	0.4153	0.243	>	6	30	60
1302	chr1	77935072	77935053	+	0.1814	0.1729	>	6	30	60
1303	chr11	119246049	119246030	-	0.204	0.3367	>	6	30	60
1304	chr17	50274949	50274930	-	0.441	0.1749	>	6	30	60
1305	chr8	108956442	108956423	+	0.5635	0.3044	>	6	30	60
1306	chr11	66885340	66885321	+	0.1636	0.169	>	6	30	60
1307	chr7	30099945	30099926	-	0.1979	0.1757	>	6	30	60
1308	chr15	99973159	99973140	-	0.1998	0.3345	>	6	30	60
1309	chr5	16308949	16308930	+	0.1567	0.1411	>	6	30	60
1310	chr6	119466578	119466559	-	0.9824	0.9795	>	6	30	60
1311	chr2	136886679	136886660	+	0.7764	0.2095	>	6	30	60
1312	chr14	79763594	79763575	-	0.2852	0.151	>	6	30	60
1313	chr2	170416012	170415993	+	0.1837	0.1256	>	6	30	60
1314	chr4	41015236	41015217	-	0.1882	0.1434	>	6	30	60
1315	chr11	70975109	70975090	+	0.713	0.3914	>	6	30	60
1316	chr5	122773202	122773183	+	0.11584	0.1375	>	6	30	60
1317	chr4	128588031	128588012	-	0.2659	0.1909	>	6	30	60
1318	chr8	122576186	122576167	-	0.11285	0.1545	>	6	30	60
1319	chr7	76383989	76383970	+	0.1553	0.154	>	6	30	60
1320	chr9	41467019	41467000	-	0.2223	0.1565	>	6	30	60
1321	chr1	32712246	32712227	-	0.05322	0.1516	>	6	30	60
1322	chr16	23974866	23974847	-	0.5283	0.3425	>	6	30	60
1323	chr15	84066194	84066175	-	0.6196	1.17	>	6	30	60
1324	chr11	40148920	40148901	-	1.272	0.642	>	6	30	60
1325	chr7	27166488	27166469	-	0.306	0.491	>	6	30	60
1326	chr11	30240273	30240254	+	0.4001	0.2556	>	6	30	60
1327	chr2	69115969	69115950	-	0.1754	0.1587	>	6	30	60
1328	chr9	113420569	113420550	-	0.2261	0.2178	>	6	30	60
1329	chr12	99882528	99882509	-	0.2617	0.1387	>	6	30	60
1330	chr5	77347648	77347629	-	0.3625	0.4211	>	6	30	60
1331	chr10	49780455	49780436	+	0.2179	0.1394	>	6	30	60
1332	chr5	75855263	75855244	-	0.6416	0.4326	>	6	30	60
1333	chr2	124087358	124087339	-	0.6436	0.2075	>	6	30	60
1334	chr14	49219056	49219037	+	0.678	0.694	>	6	30	60
1335	chr5	147938091	147938072	+	0.368	0.1842	>	6	30	60
1336	chr11	32340288	32340269	+	0.1792	0.1648	>	6	30	60
1337	chr16	50181579	50181560	+	0.2006	0.1838	>	6	30	60
1338	chr16	20496121	20496102	-	0.6714	0.1777	>	6	30	60
1339	chr8	76775680	76775661	+	0.135	0.1975	>	6	30	60
1340	chr14	65597676	65597657	+	0.6543	0.452	>	6	30	60
1341	chr7	64754771	64754752	+	0.1351	0.2295	>	6	30	60
1342	chr2	166083979	166083960	-	0.2964	0.2065	>	6	30	60
1343	chr16	44140440	44140421	+	0.4607	0.3381	>	6	30	60
1344	chr12	90524338	90524319	-	0.3223	0.2983	>	6	30	60
1345	chr5	89391716	89391697	+	0.1626	0.1418	>	6	30	60
1346	chr9	59675438	59675419	-	0.2104	0.1542	>	6	30	60
1347	chr19	16339103	16339084	-	0.1967	0.1177	>	6	30	60
1348	chr13	30545067	30545048	+	0.3672	0.2915	>	6	30	60
1349	chr1	92462681	92462662	+	0.3916	0.1832	>	6	30	60
1350	chr4	84066283	84066264	-	0.1898	0.1552	>	6	30	60
1351	chr9	83373922	83373903	-	0.2197	0.1434	>	6	30	60
1352	chr4	88773969	88773950	-	0.9507	8.01	>	6	30	60
1353	chr9	123132258	123132239	-	0.1687	0.1416	>	6	30	60
1354	chr17	34958843	34958824	-	0.2079	0.5464	>	6	30	60
1355	chr12	50946225	50946206	+	0.2341	0.157	>	6	30	60
1356	chr13	73647252	73647233	+	0.267	0.1704	>	6	30	60
1357	chr11	83279300	83279281	-	0.4434	0.2251	>	6	30	60
1358	chr17	8986048	8986029	-	0.3325	0.212	>	6	30	60
1359	chr4	14935721	14935702	-	0.7095	0.296	>	6	30	60
1360	chr4	75076699	75076680	+	0.09125	0.2014	>	6	30	60
1361	chr5	114610713	114610694	+	0.0985	0.1626	>	6	30	60
1362	chr9	83378273	83378254	-	0.471	0.2808	>	6	30	60
1363	chr9	107773182	107773163	-	0.1786	0.1414	>	6	30	60
1364	chr9	41218030	41218011	+	0.1323	0.1355	>	6	30	60
1365	chr9	105644718	105644699	+	0.4255	0.1808	>	6	30	60
1366	chr8	84264441	84264422	-	1.261	1.4795	>	6	30	60
1367	chr4	135959453	135959434	+	0.112	0.2223	>	6	30	60
1368	chr1	24684268	24684249	+	0.4001	0.1942	>	6	30	60
1369	chr3	87748577	87748558	-	0.7593	0.4382	>	6	30	60
1370	chr9	54690950	54690931	+	0.11566	0.136	>	6	30	60
1371	chr15	82277690	82277671	-	0.9043	0.4492	>	6	30	60
1372	chr5	115498528	115498509	-	0.2693	0.2164	>	6	30	60
1373	chr9	56621276	56621257	+	0.10846	0.253	>	6	30	60
1374	chr18	81956733	81956714	-	0.2815	0.2637	>	6	30	60
1375	chr10	22791401	22791382	-	0.1346	0.2358	>	6	30	60
1376	chr15	82271301	82271282	+	0.836	0.1838	>	6	30	60
1377	chr12	69946159	69946140	+	0.555	0.455	>	6	30	60
1378	chr14	101442800	101442781	+	0.2983	0.1344	>	6	30	60
1379	chr2	164777017	164776998	-	0.5176	0.361	>	6	30	60
1380	chr10	24631573	24631554	-	1.178	1.224	>	6	30	60
1381	chr1	136528510	136528491	-	1.761	0.7373	>	6	30	60
1382	chr10	19222118	19222099	-	1.411	0.8228	>	6	30	60
1383	chr14	56885508	56885489	-	2.348	4.004	>	6	30	60
1384	chr8	85060493	85060474	-	0.9688	0.437	>	6	30	60
1385	chr11	96075822	96075803	-	0.9316	0.4944	>	6	30	60
1386	chr11	77476535	77476516	+	0.1632	0.2383	>	6	30	60
1387	chr1	81294004	81293985	-	0.905	0.562	>	6	30	60
1388	chr12	15520954	15520935	+	0.7183	0.4033	>	6	30	60
1389	chr7	66397054	66397035	+	0.1594	0.2107	>	6	30	60
1390	chr12	74014582	74014563	-	0.2377	0.1973	>	6	30	60
1391	chr5	144242554	144242535	-	0.241	0.1987	>	6	30	60
1392	chr15	66894943	66894924	+	0.2703	0.2021	>	6	30	60
1393	chr6	126484995	126484976	-	0.4333	1.278	>	6	30	60
1394	chr4	48427148	48427129	+	0.678	0.3833	>	6	30	60
1395	chr15	71459211	71459192	+	0.252	0.1731	>	6	30	60
1396	chr3	19896435	19896416	-	0.2361	0.1467	>	6	30	60
1397	chr8	68268707	68268688	-	0.1398	0.1492	>	6	30	60
1398	chr1	182555580	182555561	-	0.1982	0.1915	>	6	30	60
1399	chr9	44413186	44413167	-	0.534	0.393	>	6	30	60
1400	chr14	70151716	70151697	+	0.3604	0.2382	>	6	30	60
1401	chr4	62478250	62478231	+	0.438	0.1328	>	6	30	60
1402	chr3	127561629	127561610	-	0.2183	0.12354	>	6	30	60
1403	chr3	69139614	69139595	-	0.397	0.2261	>	6	30	60
1404	chr17	17919616	17919597	+	0.1678	0.167	>	6	30	60
1405	chr4	139314214	139314195	-	0.2279	0.269	>	6	30	60
1406	chr18	61952763	61952744	-	0.2372	0.1731	>	6	30	60
1407	chr9	7599188	7599169	+	0.33	0.191	>	6	30	60
1408	chr10	120898341	120898322	-	0.3386	0.1467	>	6	30	60
1409	chr11	57469613	57469594	-	0.1846	0.2297	>	6	30	60
1410	chr18	58480198	58480179	-	0.2095	0.1665	>	6	30	60
1411	chr17	12380527	12380508	-	0.658	0.591	>	6	30	60
1412	chr2	107940173	107940154	+	0.11664	0.1351	>	6	30	60
1413	chr2	32580534	32580515	-	0.2605	0.4055	>	6	30	60
1414	chr15	98813480	98813461	+	0.3496	0.5376	>	6	30	60
1415	chr6	54253893	54253874	+	0.1663	0.1743	>	6	30	60
1416	chr1	135800865	135800846	+	0.1766	0.1665	>	6	30	60
1417	chr15	58426369	58426350	+	0.1996	0.1519	>	6	30	60
1418	chr4	87367775	87367756	+	0.3853	0.1472	>	6	30	60
1419	chr2	96583103	96583084	-	0.809	0.3242	>	6	30	60
1420	chr4	63366959	63366940	-	0.1979	0.1753	>	6	30	60
1421	chr4	59761293	59761274	-	0.3435	0.2113	>	6	30	60
1422	chr10	7832162	7832143	+	0.2646	0.1672	>	6	30	60
1423	chr7	89904213	89904194	-	0.2908	0.156	>	6	30	60
1424	chr1	30697342	30697323	+	0.1025	0.1263	>	6	30	60
1425	chr1	58987602	58987583	+	0.2202	0.1498	>	6	30	60
1426	chr15	7452190	7452171	+	0.1405	0.12085	>	6	30	60
1427	chr4	139877044	139877025	+	0.3875	0.2688	>	6	30	60
1428	chr3	83291887	83291868	-	0.0825	0.137	>	6	30	60
1429	chr15	68912907	68912888	-	0.5024	0.2024	>	6	30	60
1430	chr14	64593744	64593725	-	1.073	0.5703	>	6	30	60
1431	chr1	56980349	56980330	-	0.2778	0.2322	>	6	30	60
1432	chr14	75833620	75833601	-	0.6006	0.4543	>	6	30	60
1433	chr16	62904648	62904629	-	0.217	0.1924	>	6	30	60
1434	chr5	35991229	35991210	-	1.033	1.082	>	6	30	60
1435	chr5	44287418	44287399	-	0.248	0.155	>	6	30	60
1436	chr15	76199915	76199896	-	0.07776	0.3071	>	6	30	60
1437	chr4	131240262	131240243	-	0.241	0.206	>	6	30	60
1438	chr5	102147917	102147898	-	0.228	0.2458	>	6	30	60
1439	chr3	93086926	93086907	+	0.0978	0.1787	>	6	30	60
1440	chr6	126163382	126163363	+	2.373	1.376	>	6	30	60
1441	chr3	45375769	45375750	+	1.051	0.2544	>	6	30	60
1442	chr16	90306219	90306200	-	0.3647	0.3506	>	6	30	60
1443	chr17	3249270	3249251	-	0.1843	0.136	>	6	30	60
1444	chr4	143024421	143024402	-	0.087	0.1317	>	6	30	60
1445	chr19	47513892	47513873	-	0.2471	0.1393	>	6	30	60
1446	chr6	66534595	66534576	-	1.387	0.675	>	6	30	60
1447	chr6	134963172	134963153	-	0.6475	0.5996	>	6	30	60
1448	chr14	56369245	56369226	+	0.2401	0.1912	>	6	30	60
1449	chr18	53460219	53460200	+	0.1775	0.162	>	6	30	60
1450	chr7	89476922	89476903	-	0.2163	0.1522	>	6	30	60
1451	chr6	34273116	34273097	+	0.0673	0.1545	>	6	30	60
1452	chr7	142295608	142295589	-	1.062	6.32	>	6	30	60
1453	chr3	22302208	22302189	+	0.992	0.3848	>	6	30	60
1454	chr6	31045994	31045975	-	0.7534	0.959	>	6	30	60
1455	chr9	57143378	57143359	-	0.1816	0.2302	>	6	30	60
1456	chr6	101268340	101268321	+	0.2712	0.1924	>	6	30	60
1457	chr9	58897456	58897437	-	0.7163	0.4846	>	6	30	60
1458	chr17	79601068	79601049	+	0.2245	0.12476	>	6	30	60
1459	chr16	5254607	5254588	-	0.2883	0.22	>	6	30	60
1460	chr4	83595536	83595517	+	1.783	1.041	>	6	30	60
1461	chr9	51159881	51159862	-	0.6875	0.266	>	6	30	60
1462	chr14	66354429	66354410	+	0.1142	0.1388	>	6	30	60
1463	chr5	117090283	117090264	+	0.5806	0.4014	>	6	30	60
1464	chr2	168061425	168061406	-	0.1733	0.2051	>	6	30	60
1465	chr5	9169228	9169209	+	0.3306	0.1686	>	6	30	60
1466	chr6	28418701	28418682	-	0.4202	0.266	>	6	30	60
1467	chr12	105038443	105038424	-	0.1501	0.2063	>	6	30	60
1468	chr1	182558143	182558124	-	0.2264	0.1511	>	6	30	60
1469	chr8	47713300	47713281	-	1.078	1.646	>	6	30	60
1470	chr18	47357393	47357374	+	0.2007	0.1278	>	6	30	60
1471	chr1	118771083	118771064	-	0.1254	0.2006	>	6	30	60
1472	chr16	6493044	6493025	-	0.1927	0.1516	>	6	30	60
1473	chr9	42951005	42950986	-	0.3914	0.2078	>	6	30	60
1474	chr13	53430986	53430967	-	0.6504	0.3672	>	6	30	60
1475	chr13	67609268	67609249	+	2.162	0.826	>	6	30	60
1476	chr1	53035072	53035053	+	0.1465	0.1494	>	6	30	60
1477	chr7	99471824	99471805	-	0.3745	0.4907	>	6	30	60
1478	chr11	36543574	36543555	-	0.1156	0.1614	>	6	30	60
1479	chr5	124334258	124334239	-	0.3428	0.273	>	6	30	60
1480	chr10	76771414	76771395	-	0.1296	0.2047	>	6	30	60
1481	chr10	4386719	4386700	+	0.32	0.4492	>	6	30	60
1482	chr5	116554091	116554072	+	0.0876	0.1714	>	6	30	60
1483	chr10	41734858	41734839	+	0.1406	0.2605	>	6	30	60
1484	chr10	50906875	50906856	-	0.2361	0.1674	>	6	30	60
1485	chr11	31651668	31651649	+	0.07605	0.1534	>	6	30	60
1486	chr6	116193190	116193171	+	0.3687	0.372	>	6	30	60
1487	chr1	188976509	188976490	+	0.343	0.1833	>	6	30	60
1488	chr12	101976095	101976076	+	0.681	0.4116	>	6	30	60
1489	chr15	75925915	75925896	+	0.6084	0.9233	>	6	30	60
1490	chr1	4777287	4777268	-	0.9443	1.425	>	6	30	60
1491	chr18	86560230	86560211	+	0.7866	1.138	>	6	30	60
1492	chr7	43574878	43574859	+	1.292	1.347	>	6	30	60
1493	chr7	98200601	98200582	-	0.2927	0.1711	>	6	30	60
1494	chr4	143319849	143319830	+	0.2299	0.1525	>	6	30	60
1495	chr2	128601696	128601677	-	0.1208	0.207	>	6	30	60
1496	chr17	57004491	57004472	-	0.1467	0.2932	>	6	30	60
1497	chr2	35196541	35196522	-	1.081	0.3997	>	6	30	60
1498	chr5	29779371	29779352	+	0.1531	0.1671	>	6	30	60
1499	chr10	93038429	93038410	-	0.163	0.1875	>	6	30	60
0	chr4	87368268	87368249	+	90.56	65.75	>	6	31	59
1	chr11	109860827	109860808	-	89.2	47.97	>	6	31	59
2	chr3	22309188	22309169	+	81.5	60.4	>	6	31	59
3	chr10	5161770	5161751	-	79.2	55.88	>	6	31	59
4	chr16	71247702	71247683	+	68.56	43.2	>	6	31	59
5	chr16	72980067	72980048	-	68.3	56.7	>	6	31	59
6	chr6	60556001	60555982	+	67.7	40.38	>	6	31	59
7	chr5	7996919	7996900	-	66.06	59.4	>	6	31	59
8	chr14	12140114	12140095	-	65.1	51.62	>	6	31	59
9	chr13	81439574	81439555	+	64.94	46.94	>	6	31	59
10	chr9	103996726	103996707	-	64.9	51.25	>	6	31	59
11	chr15	56066340	56066321	+	63.97	42.94	>	6	31	59
12	chr10	106609250	106609231	+	63.97	42.62	>	6	31	59
13	chr1	144380222	144380203	-	63.4	48.44	>	6	31	59
14	chr10	8240468	8240449	-	62.34	45.88	>	6	31	59
15	chr12	77000269	77000250	+	62.22	54.97	>	6	31	59
16	chr1	44745882	44745863	+	62.12	40.25	>	6	31	59
17	chr4	81178889	81178870	+	62.03	50.0	>	6	31	59
18	chr9	10909768	10909749	+	61.12	47.94	>	6	31	59
19	chr6	64650119	64650100	-	60.56	60.88	>	6	31	59
20	chr15	32766485	32766466	-	60.56	46.62	>	6	31	59
21	chr4	9135983	9135964	+	60.03	34.12	>	6	31	59
22	chr7	118305013	118304994	+	59.5	47.62	>	6	31	59
23	chr10	39520570	39520551	-	58.34	40.5	>	6	31	59
24	chr1	78724658	78724639	+	58.25	47.28	>	6	31	59
25	chr2	160598038	160598019	+	57.94	55.8	>	6	31	59
26	chr18	33790258	33790239	-	57.72	56.3	>	6	31	59
27	chr12	40837750	40837731	+	57.5	46.25	>	6	31	59
28	chr8	41443763	41443744	+	57.34	56.06	>	6	31	59
29	chr14	68494314	68494295	-	56.94	24.97	>	6	31	59
30	chr1	11657910	11657891	+	56.8	43.62	>	6	31	59
31	chr11	77100337	77100318	+	55.88	49.25	>	6	31	59
32	chr16	41244935	41244916	-	55.72	48.0	>	6	31	59
33	chr14	87452291	87452272	-	55.72	63.0	>	6	31	59
34	chr18	16217050	16217031	+	54.9	26.8	>	6	31	59
35	chr11	53255133	53255114	-	54.8	39.5	>	6	31	59
36	chr9	7216447	7216428	+	54.56	27.64	>	6	31	59
37	chr8	35850598	35850579	-	54.5	50.94	>	6	31	59
38	chr8	102781131	102781112	-	54.44	41.34	>	6	31	59
39	chr5	49962010	49961991	-	54.16	50.88	>	6	31	59
40	chr7	90410162	90410143	-	54.06	39.75	>	6	31	59
41	chr4	15328717	15328698	+	54.03	40.72	>	6	31	59
42	chr11	31949616	31949597	-	54.0	41.44	>	6	31	59
43	chr1	120586671	120586652	+	53.8	57.06	>	6	31	59
44	chr13	19698921	19698902	+	53.16	40.8	>	6	31	59
45	chr12	57825950	57825931	+	53.03	34.38	>	6	31	59
46	chr16	72215933	72215914	-	52.7	45.56	>	6	31	59
47	chr9	15685402	15685383	+	52.62	45.03	>	6	31	59
48	chr10	10321327	10321308	-	52.47	23.97	>	6	31	59
49	chr9	49494135	49494116	+	52.4	51.5	>	6	31	59
50	chr3	50906169	50906150	-	52.12	57.06	>	6	31	59
51	chr11	57467973	57467954	-	52.03	54.47	>	6	31	59
52	chr11	113165316	113165297	-	51.88	57.94	>	6	31	59
53	chr9	51152608	51152589	-	51.8	48.22	>	6	31	59
54	chr16	58299658	58299639	+	51.56	30.08	>	6	31	59
55	chr16	22564783	22564764	+	51.44	49.16	>	6	31	59
56	chr8	36523135	36523116	-	51.4	44.44	>	6	31	59
57	chr14	34810941	34810922	+	51.3	52.97	>	6	31	59
58	chr6	101261740	101261721	-	51.0	49.47	>	6	31	59
59	chr7	132213694	132213675	-	50.8	38.62	>	6	31	59
60	chr2	48886271	48886252	-	50.28	44.53	>	6	31	59
61	chr12	54060974	54060955	-	50.12	27.78	>	6	31	59
62	chr1	5905019	5905000	-	50.06	44.22	>	6	31	59
63	chr9	26776375	26776356	-	50.0	53.88	>	6	31	59
64	chr1	103799519	103799500	+	49.53	56.44	>	6	31	59
65	chr9	88222188	88222169	-	49.5	40.1	>	6	31	59
66	chr18	58481884	58481865	-	49.28	39.28	>	6	31	59
67	chr13	100112788	100112769	+	49.16	37.22	>	6	31	59
68	chr3	14679394	14679375	+	49.06	29.97	>	6	31	59
69	chr16	37109459	37109440	+	48.75	19.0	>	6	31	59
70	chr3	153655318	153655299	-	48.72	48.28	>	6	31	59
71	chr16	89765698	89765679	-	48.38	54.0	>	6	31	59
72	chr13	89543228	89543209	-	48.3	56.84	>	6	31	59
73	chr11	40149509	40149490	-	48.28	36.34	>	6	31	59
74	chr3	113080940	113080921	-	48.2	53.4	>	6	31	59
75	chr10	70963797	70963778	-	47.53	51.97	>	6	31	59
76	chr6	66533480	66533461	-	47.34	41.22	>	6	31	59
77	chr18	57976815	57976796	+	47.28	41.3	>	6	31	59
78	chr12	92303388	92303369	+	47.12	48.12	>	6	31	59
79	chr6	43686140	43686121	+	47.1	34.0	>	6	31	59
80	chr15	11038687	11038668	+	47.06	40.16	>	6	31	59
81	chr6	13281064	13281045	-	47.06	44.4	>	6	31	59
82	chr4	25180081	25180062	-	46.94	22.34	>	6	31	59
83	chr2	110229883	110229864	+	46.8	37.2	>	6	31	59
84	chr2	118638293	118638274	+	46.34	48.4	>	6	31	59
85	chr14	67674858	67674839	-	46.2	40.62	>	6	31	59
86	chr1	179477262	179477243	-	45.97	54.9	>	6	31	59
87	chr12	78056191	78056172	+	45.84	48.03	>	6	31	59
88	chr15	44836402	44836383	+	45.7	45.75	>	6	31	59
89	chr9	80293262	80293243	+	45.3	48.66	>	6	31	59
90	chr1	21411405	21411386	+	45.28	35.97	>	6	31	59
91	chr8	80483379	80483360	-	45.28	32.34	>	6	31	59
92	chr16	55477026	55477007	-	44.9	60.88	>	6	31	59
93	chr9	122729759	122729740	-	44.72	40.56	>	6	31	59
94	chr2	17415581	17415562	-	44.56	38.03	>	6	31	59
95	chr4	13778049	13778030	-	44.5	20.47	>	6	31	59
96	chr16	64748455	64748436	-	44.47	52.25	>	6	31	59
97	chr6	57570627	57570608	-	44.28	34.06	>	6	31	59
98	chr16	13117421	13117402	+	44.28	48.25	>	6	31	59
99	chr1	54381475	54381456	-	44.12	34.1	>	6	31	59
100	chr15	40166896	40166877	+	44.03	40.53	>	6	31	59
101	chr17	83271696	83271677	+	44.0	39.2	>	6	31	59
102	chr9	63136063	63136044	+	43.94	32.22	>	6	31	59
103	chr3	68056550	68056531	+	43.88	35.0	>	6	31	59
104	chr3	25220822	25220803	-	43.8	23.62	>	6	31	59
105	chr7	118102455	118102436	-	43.53	59.94	>	6	31	59
106	chr9	51335485	51335466	+	43.47	26.75	>	6	31	59
107	chr16	96671807	96671788	-	43.4	27.66	>	6	31	59
108	chr2	113494904	113494885	+	43.34	43.28	>	6	31	59
109	chr1	55404561	55404542	+	43.25	39.06	>	6	31	59
110	chr3	80079969	80079950	+	43.0	35.7	>	6	31	59
111	chr11	25862989	25862970	-	42.66	37.9	>	6	31	59
112	chr13	109213188	109213169	-	42.6	60.5	>	6	31	59
113	chr8	58566283	58566264	+	42.56	33.8	>	6	31	59
114	chr16	72218227	72218208	+	42.38	47.1	>	6	31	59
115	chr14	102510640	102510621	-	42.34	35.9	>	6	31	59
116	chr7	143154010	143153991	+	42.16	43.66	>	6	31	59
117	chr6	143219585	143219566	+	42.1	41.62	>	6	31	59
118	chr17	86906334	86906315	-	41.97	47.25	>	6	31	59
119	chr8	62080400	62080381	+	41.97	30.6	>	6	31	59
120	chr3	57843985	57843966	+	41.94	43.75	>	6	31	59
121	chr18	3495634	3495615	+	41.62	36.03	>	6	31	59
122	chr7	125393847	125393828	-	41.56	47.0	>	6	31	59
123	chr7	86211564	86211545	-	41.56	46.4	>	6	31	59
124	chr9	60245127	60245108	+	41.38	43.16	>	6	31	59
125	chr6	131353859	131353840	-	41.3	15.89	>	6	31	59
126	chr15	98173991	98173972	-	41.25	24.88	>	6	31	59
127	chr17	88641249	88641230	-	41.12	34.25	>	6	31	59
128	chr9	87027908	87027889	+	41.1	38.34	>	6	31	59
129	chr4	70621553	70621534	-	40.97	48.38	>	6	31	59
130	chr12	41487236	41487217	-	40.88	35.94	>	6	31	59
131	chr4	127368548	127368529	+	40.8	49.72	>	6	31	59
132	chr8	50293750	50293731	-	40.75	48.2	>	6	31	59
133	chr16	27468981	27468962	+	40.75	34.62	>	6	31	59
134	chr7	121641354	121641335	-	40.7	30.69	>	6	31	59
135	chr3	29726795	29726776	-	40.7	30.42	>	6	31	59
136	chr14	29110872	29110853	-	40.66	51.22	>	6	31	59
137	chr13	116712427	116712408	-	40.62	33.1	>	6	31	59
138	chr18	19939562	19939543	-	40.47	45.7	>	6	31	59
139	chr15	80704533	80704514	-	40.28	46.53	>	6	31	59
140	chr18	50137074	50137055	+	40.28	37.62	>	6	31	59
141	chr13	15763212	15763193	-	40.25	29.53	>	6	31	59
142	chr19	50185486	50185467	+	40.22	44.2	>	6	31	59
143	chr12	74013965	74013946	-	40.22	40.8	>	6	31	59
144	chr1	138835543	138835524	+	40.06	20.81	>	6	31	59
145	chr15	55550924	55550905	-	40.06	37.12	>	6	31	59
146	chr1	61771439	61771420	-	40.06	23.55	>	6	31	59
147	chr12	34664961	34664942	+	40.0	19.7	>	6	31	59
148	chr14	78288101	78288082	-	39.8	38.8	>	6	31	59
149	chr2	4499416	4499397	+	39.78	33.88	>	6	31	59
150	chr13	30260132	30260113	-	39.75	32.75	>	6	31	59
151	chr9	68015271	68015252	+	39.2	39.0	>	6	31	59
152	chr1	126993502	126993483	-	39.06	47.2	>	6	31	59
153	chr16	25349824	25349805	-	39.0	41.2	>	6	31	59
154	chr1	14729249	14729230	-	38.94	39.3	>	6	31	59
155	chr15	59389427	59389408	+	38.7	46.34	>	6	31	59
156	chr6	100882590	100882571	+	38.66	49.44	>	6	31	59
157	chr3	9711121	9711102	+	38.62	35.47	>	6	31	59
158	chr6	21214019	21214000	-	38.47	24.2	>	6	31	59
159	chr17	42603617	42603598	-	38.47	42.5	>	6	31	59
160	chr4	80517548	80517529	-	38.47	41.4	>	6	31	59
161	chr9	85328584	85328565	-	38.28	30.06	>	6	31	59
162	chr17	44262001	44261982	+	38.22	44.16	>	6	31	59
163	chr10	102449665	102449646	+	38.2	48.84	>	6	31	59
164	chr17	14520745	14520726	-	38.12	30.45	>	6	31	59
165	chr13	51830925	51830906	+	38.0	56.0	>	6	31	59
166	chr12	83502436	83502417	-	37.97	34.4	>	6	31	59
167	chr5	75853265	75853246	-	37.94	27.88	>	6	31	59
168	chr13	110382742	110382723	+	37.88	61.84	>	6	31	59
169	chr5	62481159	62481140	-	37.8	35.4	>	6	31	59
170	chr7	49121503	49121484	-	37.7	29.61	>	6	31	59
171	chr15	11966575	11966556	-	37.66	34.72	>	6	31	59
172	chr3	31146135	31146116	+	37.53	44.5	>	6	31	59
173	chr2	37815879	37815860	+	37.47	39.2	>	6	31	59
174	chr5	33033442	33033423	-	37.44	48.28	>	6	31	59
175	chr9	7595466	7595447	-	37.4	28.72	>	6	31	59
176	chr5	21641153	21641134	-	37.3	33.66	>	6	31	59
177	chr14	48367302	48367283	-	37.12	39.88	>	6	31	59
178	chr17	14524624	14524605	+	37.1	38.88	>	6	31	59
179	chr4	84064835	84064816	+	37.06	23.38	>	6	31	59
180	chr4	63368786	63368767	+	37.06	51.6	>	6	31	59
181	chr5	102149680	102149661	+	37.03	38.97	>	6	31	59
182	chr12	32897684	32897665	-	36.88	40.9	>	6	31	59
183	chr16	91936532	91936513	+	36.72	43.06	>	6	31	59
184	chr6	37046379	37046360	-	36.72	47.7	>	6	31	59
185	chr18	59081896	59081877	+	36.7	37.34	>	6	31	59
186	chr6	103697552	103697533	-	36.3	43.6	>	6	31	59
187	chr18	19937930	19937911	+	36.3	37.56	>	6	31	59
188	chr6	93757594	93757575	+	36.28	18.31	>	6	31	59
189	chr17	9756371	9756352	+	36.28	21.2	>	6	31	59
190	chr2	96585854	96585835	+	36.25	26.84	>	6	31	59
191	chr11	82915176	82915157	+	36.2	36.34	>	6	31	59
192	chr6	6005837	6005818	+	36.03	35.2	>	6	31	59
193	chr1	98392238	98392219	-	36.03	38.97	>	6	31	59
194	chr7	48749384	48749365	+	35.94	38.3	>	6	31	59
195	chr11	105911812	105911793	-	35.9	37.8	>	6	31	59
196	chr10	45045486	45045467	-	35.8	35.22	>	6	31	59
197	chr2	4492748	4492729	-	35.75	19.97	>	6	31	59
198	chr6	18087397	18087378	+	35.75	40.84	>	6	31	59
199	chr5	90203341	90203322	+	35.7	41.12	>	6	31	59
200	chr7	136489148	136489129	+	35.62	28.06	>	6	31	59
201	chr9	109862620	109862601	-	35.6	34.12	>	6	31	59
202	chr15	59876355	59876336	+	35.3	32.16	>	6	31	59
203	chr14	76473612	76473593	-	35.25	45.66	>	6	31	59
204	chr3	128349320	128349301	+	35.03	41.75	>	6	31	59
205	chr3	45375963	45375944	+	35.03	23.92	>	6	31	59
206	chr3	133314669	133314650	+	34.97	39.0	>	6	31	59
207	chr1	96801850	96801831	-	34.84	30.55	>	6	31	59
208	chr7	115216958	115216939	+	34.62	30.45	>	6	31	59
209	chr9	59282577	59282558	-	34.62	26.88	>	6	31	59
210	chr2	148112135	148112116	-	34.5	31.5	>	6	31	59
211	chr18	52457916	52457897	-	34.47	28.2	>	6	31	59
212	chr6	56691454	56691435	-	34.34	42.2	>	6	31	59
213	chr13	20292580	20292561	-	34.3	38.5	>	6	31	59
214	chr13	57260119	57260100	-	34.25	52.66	>	6	31	59
215	chr13	113877615	113877596	+	34.25	36.75	>	6	31	59
216	chr13	116715029	116715010	-	34.1	31.72	>	6	31	59
217	chr4	83596692	83596673	-	34.1	52.75	>	6	31	59
218	chr8	64941619	64941600	-	34.06	33.75	>	6	31	59
219	chr3	51701488	51701469	+	34.03	22.56	>	6	31	59
220	chr14	120061322	120061303	-	33.84	29.2	>	6	31	59
221	chr7	75910166	75910147	+	33.8	57.6	>	6	31	59
222	chr4	98702698	98702679	-	33.78	31.62	>	6	31	59
223	chr3	146185137	146185118	+	33.62	52.6	>	6	31	59
224	chr4	151157152	151157133	+	33.53	59.38	>	6	31	59
225	chr5	43391861	43391842	-	33.5	21.5	>	6	31	59
226	chr11	93856511	93856492	-	33.47	26.19	>	6	31	59
227	chr14	59605843	59605824	+	33.47	40.3	>	6	31	59
228	chr14	84438580	84438561	+	33.44	23.31	>	6	31	59
229	chr12	50943824	50943805	-	33.28	38.56	>	6	31	59
230	chr7	83550335	83550316	-	33.2	30.12	>	6	31	59
231	chr6	117167008	117166989	+	33.03	30.3	>	6	31	59
232	chr4	12538791	12538772	+	33.0	21.84	>	6	31	59
233	chr18	47353079	47353060	+	32.84	24.58	>	6	31	59
234	chr5	12541496	12541477	-	32.72	22.56	>	6	31	59
235	chr2	60721127	60721108	+	32.72	22.53	>	6	31	59
236	chr11	78838251	78838232	+	32.72	51.5	>	6	31	59
237	chr8	73356225	73356206	+	32.62	23.39	>	6	31	59
238	chr12	10598567	10598548	+	32.5	41.56	>	6	31	59
239	chr19	20345158	20345139	-	32.25	47.94	>	6	31	59
240	chr17	58909486	58909467	-	32.16	39.4	>	6	31	59
241	chr10	69655037	69655018	-	32.12	36.56	>	6	31	59
242	chr4	3967733	3967714	-	32.12	41.75	>	6	31	59
243	chr16	21192795	21192776	-	32.06	38.78	>	6	31	59
244	chr11	12291593	12291574	-	32.0	15.54	>	6	31	59
245	chr11	117385082	117385063	+	31.83	36.6	>	6	31	59
246	chr12	32292095	32292076	+	31.73	20.83	>	6	31	59
247	chr4	64833096	64833077	+	31.69	34.34	>	6	31	59
248	chr13	47301245	47301226	+	31.67	43.9	>	6	31	59
249	chr1	89631957	89631938	-	31.56	45.38	>	6	31	59
250	chr9	69296601	69296582	-	31.53	38.66	>	6	31	59
251	chr3	53735364	53735345	+	31.28	24.5	>	6	31	59
252	chr10	45373471	45373452	-	31.2	37.7	>	6	31	59
253	chr8	91797725	91797706	+	31.19	30.23	>	6	31	59
254	chr4	88035662	88035643	+	31.06	19.66	>	6	31	59
255	chr2	75151187	75151168	-	31.05	37.9	>	6	31	59
256	chr14	66791971	66791952	-	31.02	32.1	>	6	31	59
257	chr2	93199062	93199043	-	30.9	51.25	>	6	31	59
258	chr2	73551006	73550987	+	30.86	53.72	>	6	31	59
259	chr12	89451144	89451125	-	30.81	40.1	>	6	31	59
260	chr16	66086729	66086710	-	30.81	33.7	>	6	31	59
261	chr14	114791647	114791628	-	30.72	37.2	>	6	31	59
262	chr4	43420547	43420528	-	30.61	34.5	>	6	31	59
263	chr1	87447687	87447668	+	30.56	32.53	>	6	31	59
264	chr15	55306471	55306452	+	30.56	24.06	>	6	31	59
265	chr15	97667578	97667559	+	30.52	37.12	>	6	31	59
266	chr2	16359548	16359529	+	30.47	16.92	>	6	31	59
267	chr14	8356099	8356080	+	30.42	51.06	>	6	31	59
268	chr3	19894816	19894797	-	30.38	33.66	>	6	31	59
269	chr12	43813750	43813731	-	30.34	24.06	>	6	31	59
270	chr2	27770378	27770359	+	30.12	46.8	>	6	31	59
271	chr16	48675836	48675817	-	30.12	28.97	>	6	31	59
272	chr10	13016733	13016714	+	30.1	53.44	>	6	31	59
273	chr2	76367359	76367340	+	30.05	30.6	>	6	31	59
274	chr2	115515230	115515211	+	30.05	12.29	>	6	31	59
275	chr19	16785108	16785089	-	30.03	27.4	>	6	31	59
276	chr3	78948444	78948425	+	30.03	29.16	>	6	31	59
277	chr1	37250876	37250857	-	29.94	25.45	>	6	31	59
278	chr18	74431409	74431390	+	29.94	28.48	>	6	31	59
279	chr1	38787652	38787633	-	29.89	46.22	>	6	31	59
280	chr3	14874584	14874565	+	29.88	22.88	>	6	31	59
281	chr9	69505778	69505759	+	29.88	30.58	>	6	31	59
282	chr10	84450913	84450894	-	29.77	31.7	>	6	31	59
283	chr2	172216047	172216028	-	29.77	65.06	>	6	31	59
284	chr10	97712895	97712876	+	29.72	22.83	>	6	31	59
285	chr1	4770074	4770055	+	29.72	39.66	>	6	31	59
286	chr12	50301580	50301561	-	29.69	16.55	>	6	31	59
287	chr15	85266923	85266904	+	29.69	42.06	>	6	31	59
288	chr4	85403030	85403011	+	29.62	27.23	>	6	31	59
289	chr6	97526370	97526351	-	29.53	31.17	>	6	31	59
290	chr8	112046096	112046077	+	29.5	62.6	>	6	31	59
291	chr12	96311368	96311349	-	29.48	23.8	>	6	31	59
292	chr1	93507239	93507220	-	29.45	32.5	>	6	31	59
293	chr13	21714927	21714908	+	29.4	37.72	>	6	31	59
294	chr6	49008180	49008161	+	29.38	27.1	>	6	31	59
295	chr17	17749545	17749526	-	29.36	32.88	>	6	31	59
296	chr6	145360253	145360234	+	29.34	33.62	>	6	31	59
297	chr7	17066630	17066611	-	29.27	41.75	>	6	31	59
298	chr12	81788850	81788831	-	29.25	32.47	>	6	31	59
299	chr7	129649172	129649153	+	29.19	42.88	>	6	31	59
300	chr14	104039053	104039034	+	29.17	41.16	>	6	31	59
301	chr13	41634744	41634725	-	29.08	40.84	>	6	31	59
302	chr7	138835232	138835213	-	29.02	47.88	>	6	31	59
303	chr15	97195797	97195778	+	28.92	38.5	>	6	31	59
304	chr1	119087737	119087718	+	28.89	50.28	>	6	31	59
305	chr4	85819373	85819354	-	28.86	29.28	>	6	31	59
306	chr11	30657307	30657288	-	28.86	6.477	>	6	31	59
307	chr5	49369245	49369226	+	28.66	27.94	>	6	31	59
308	chr6	106805067	106805048	+	28.61	20.38	>	6	31	59
309	chr6	31660958	31660939	+	28.53	52.9	>	6	31	59
310	chr12	8306749	8306730	-	28.48	47.94	>	6	31	59
311	chr13	42822785	42822766	-	28.47	44.4	>	6	31	59
312	chr15	34968778	34968759	+	28.4	27.94	>	6	31	59
313	chr7	68369859	68369840	+	28.38	58.97	>	6	31	59
314	chr15	80266443	80266424	+	28.33	34.62	>	6	31	59
315	chr6	102171110	102171091	+	28.19	24.06	>	6	31	59
316	chr16	72605273	72605254	-	28.11	17.7	>	6	31	59
317	chr18	65490506	65490487	+	28.06	33.94	>	6	31	59
318	chr3	55373775	55373756	+	28.0	19.75	>	6	31	59
319	chr1	53927814	53927795	-	27.97	28.48	>	6	31	59
320	chr2	160368066	160368047	-	27.95	21.97	>	6	31	59
321	chr10	42295232	42295213	-	27.94	37.8	>	6	31	59
322	chr7	116040411	116040392	-	27.9	26.19	>	6	31	59
323	chr10	116197535	116197516	-	27.81	28.58	>	6	31	59
324	chr5	20773533	20773514	-	27.81	20.77	>	6	31	59
325	chr12	80725012	80724993	-	27.73	38.97	>	6	31	59
326	chr15	66899881	66899862	-	27.6	21.5	>	6	31	59
327	chr18	16822208	16822189	-	27.56	13.28	>	6	31	59
328	chr18	14503254	14503235	-	27.55	19.48	>	6	31	59
329	chr5	98344786	98344767	+	27.44	28.3	>	6	31	59
330	chr10	77517236	77517217	+	27.39	30.44	>	6	31	59
331	chr1	44741472	44741453	-	27.38	6.344	>	6	31	59
332	chr6	127945983	127945964	-	27.28	24.97	>	6	31	59
333	chr16	42914955	42914936	-	27.27	20.78	>	6	31	59
334	chr18	39137558	39137539	+	27.11	15.805	>	6	31	59
335	chr13	42575907	42575888	+	27.11	22.34	>	6	31	59
336	chr2	13278209	13278190	+	27.06	48.53	>	6	31	59
337	chr18	43836585	43836566	-	27.06	22.66	>	6	31	59
338	chr4	114647896	114647877	+	27.05	26.58	>	6	31	59
339	chr16	44149214	44149195	-	27.03	37.28	>	6	31	59
340	chr13	109776299	109776280	+	27.02	27.47	>	6	31	59
341	chr19	30217515	30217496	+	27.0	44.25	>	6	31	59
342	chr6	61316075	61316056	+	26.94	38.16	>	6	31	59
343	chr17	78598832	78598813	+	26.92	37.16	>	6	31	59
344	chr2	117231457	117231438	-	26.88	23.62	>	6	31	59
345	chr4	115101816	115101797	+	26.84	34.88	>	6	31	59
346	chr10	57448131	57448112	-	26.8	44.97	>	6	31	59
347	chr13	113046665	113046646	+	26.77	22.72	>	6	31	59
348	chr4	110022447	110022428	-	26.58	43.47	>	6	31	59
349	chr7	101653829	101653810	+	26.5	47.97	>	6	31	59
350	chr5	67756338	67756319	+	26.5	26.55	>	6	31	59
351	chr3	62192717	62192698	-	26.5	17.1	>	6	31	59
352	chr10	17728146	17728127	-	26.45	14.96	>	6	31	59
353	chr5	37752557	37752538	-	26.33	30.73	>	6	31	59
354	chr1	60961316	60961297	-	26.3	26.22	>	6	31	59
355	chr17	68176981	68176962	+	26.27	18.84	>	6	31	59
356	chr7	37357871	37357852	-	26.2	67.6	>	6	31	59
357	chr4	32572316	32572297	-	26.16	44.75	>	6	31	59
358	chr4	96696741	96696722	+	26.12	32.22	>	6	31	59
359	chr4	109729491	109729472	-	26.06	50.3	>	6	31	59
360	chr10	111977780	111977761	+	25.78	32.1	>	6	31	59
361	chr5	45424489	45424470	-	25.73	30.9	>	6	31	59
362	chr2	61494577	61494558	-	25.72	22.25	>	6	31	59
363	chr6	13287046	13287027	+	25.69	21.62	>	6	31	59
364	chr9	116060829	116060810	+	25.66	36.5	>	6	31	59
365	chr8	17537753	17537734	-	25.64	36.44	>	6	31	59
366	chr9	77781636	77781617	-	25.62	27.94	>	6	31	59
367	chr15	5106460	5106441	-	25.56	29.45	>	6	31	59
368	chr17	93141334	93141315	-	25.53	33.03	>	6	31	59
369	chr6	97759520	97759501	+	25.52	17.88	>	6	31	59
370	chr8	119384750	119384731	-	25.47	45.94	>	6	31	59
371	chr6	88113322	88113303	+	25.38	41.75	>	6	31	59
372	chr15	101984527	101984508	-	25.38	56.7	>	6	31	59
373	chr8	54493335	54493316	-	25.34	39.7	>	6	31	59
374	chr9	24119622	24119603	+	25.33	14.83	>	6	31	59
375	chr3	50077169	50077150	-	25.31	24.22	>	6	31	59
376	chr4	47419767	47419748	+	25.23	44.03	>	6	31	59
377	chr2	76115910	76115891	+	25.22	28.97	>	6	31	59
378	chr15	67174759	67174740	+	25.2	12.74	>	6	31	59
379	chr8	125574509	125574490	+	25.17	12.85	>	6	31	59
380	chr1	161737065	161737046	-	25.11	39.75	>	6	31	59
381	chr3	85571455	85571436	-	25.1	9.7	>	6	31	59
382	chr18	19577078	19577059	-	25.02	27.28	>	6	31	59
383	chr19	36083087	36083068	-	25.0	29.4	>	6	31	59
384	chr8	115709616	115709597	-	24.98	9.14	>	6	31	59
385	chr10	126330794	126330775	-	24.84	24.02	>	6	31	59
386	chr15	25993551	25993532	+	24.81	33.28	>	6	31	59
387	chr5	131430355	131430336	-	24.78	45.44	>	6	31	59
388	chr1	9545352	9545333	-	24.78	38.06	>	6	31	59
389	chr19	28768445	28768426	-	24.75	36.44	>	6	31	59
390	chr10	24630876	24630857	+	24.72	22.94	>	6	31	59
391	chr17	54351102	54351083	+	24.53	15.79	>	6	31	59
392	chr16	20496806	20496787	+	24.47	28.86	>	6	31	59
393	chr12	109394024	109394005	-	24.44	15.02	>	6	31	59
394	chr13	21803288	21803269	-	24.42	40.1	>	6	31	59
395	chr3	103392995	103392976	+	24.38	33.9	>	6	31	59
396	chr15	25428758	25428739	+	24.31	24.08	>	6	31	59
397	chr3	135206860	135206841	-	24.3	9.21	>	6	31	59
398	chr8	65139261	65139242	+	24.3	33.56	>	6	31	59
399	chr9	29650850	29650831	-	24.23	35.72	>	6	31	59
400	chr3	127971093	127971074	+	24.2	46.1	>	6	31	59
401	chr2	104035038	104035019	+	24.16	33.7	>	6	31	59
402	chr9	81635302	81635283	+	24.11	12.08	>	6	31	59
403	chr6	95484597	95484578	+	24.03	13.41	>	6	31	59
404	chr14	72293991	72293972	-	23.83	34.2	>	6	31	59
405	chr18	65490035	65490016	-	23.72	29.94	>	6	31	59
406	chr12	38123788	38123769	-	23.66	16.0	>	6	31	59
407	chr18	70184838	70184819	-	23.66	11.39	>	6	31	59
408	chr3	152095252	152095233	-	23.53	23.67	>	6	31	59
409	chr8	32002994	32002975	-	23.5	23.94	>	6	31	59
410	chr11	22206830	22206811	-	23.48	11.1	>	6	31	59
411	chr5	76541051	76541032	-	23.44	19.22	>	6	31	59
412	chr10	52106337	52106318	+	23.38	22.61	>	6	31	59
413	chr1	84697462	84697443	-	23.38	25.22	>	6	31	59
414	chr1	67181385	67181366	+	23.34	35.0	>	6	31	59
415	chr6	101267027	101267008	+	23.31	12.77	>	6	31	59
416	chr6	129255175	129255156	-	23.25	41.8	>	6	31	59
417	chr4	115710017	115709998	-	23.19	25.83	>	6	31	59
418	chr2	118241614	118241595	-	23.19	37.16	>	6	31	59
419	chr8	71371784	71371765	+	23.11	28.11	>	6	31	59
420	chr7	73422670	73422651	-	23.11	37.7	>	6	31	59
421	chr5	33039602	33039583	+	23.05	27.48	>	6	31	59
422	chr2	153143004	153142985	-	23.02	20.31	>	6	31	59
423	chr14	98181824	98181805	-	23.0	7.93	>	6	31	59
424	chr2	136887058	136887039	-	22.97	12.49	>	6	31	59
425	chr1	135136701	135136682	-	22.88	42.44	>	6	31	59
426	chr5	4948481	4948462	-	22.86	27.0	>	6	31	59
427	chr10	71422814	71422795	+	22.81	51.25	>	6	31	59
428	chr8	64597251	64597232	-	22.66	30.06	>	6	31	59
429	chr1	162336834	162336815	-	22.45	14.914	>	6	31	59
430	chr9	94738996	94738977	+	22.42	42.94	>	6	31	59
431	chr17	53403136	53403117	+	22.4	18.28	>	6	31	59
432	chr2	155811920	155811901	-	22.36	51.28	>	6	31	59
433	chr12	52010769	52010750	+	22.33	16.6	>	6	31	59
434	chr3	44912870	44912851	-	22.31	11.58	>	6	31	59
435	chr5	98348848	98348829	+	22.25	34.97	>	6	31	59
436	chr15	80706301	80706282	+	22.25	25.52	>	6	31	59
437	chr1	167932285	167932266	-	22.22	36.66	>	6	31	59
438	chr14	121455709	121455690	-	22.2	25.7	>	6	31	59
439	chr4	98243714	98243695	-	22.16	26.34	>	6	31	59
440	chr4	143027468	143027449	+	22.14	29.11	>	6	31	59
441	chr2	153668926	153668907	+	22.14	25.36	>	6	31	59
442	chr9	41461929	41461910	-	22.14	12.42	>	6	31	59
443	chr4	109431143	109431124	-	22.1	22.34	>	6	31	59
444	chr5	44831505	44831486	-	22.08	22.05	>	6	31	59
445	chr8	119676601	119676582	-	22.03	33.06	>	6	31	59
446	chr17	40824060	40824041	-	22.02	34.28	>	6	31	59
447	chr15	37102366	37102347	-	22.0	13.84	>	6	31	59
448	chr1	119083862	119083843	-	21.92	45.47	>	6	31	59
449	chr5	41044703	41044684	-	21.78	28.61	>	6	31	59
450	chr19	24622032	24622013	+	21.77	22.19	>	6	31	59
451	chr3	58159626	58159607	-	21.75	32.1	>	6	31	59
452	chr1	38130140	38130121	-	21.75	23.66	>	6	31	59
453	chr2	129472129	129472110	-	21.73	30.17	>	6	31	59
454	chr9	15682043	15682024	-	21.73	11.22	>	6	31	59
455	chr9	69502720	69502701	-	21.7	34.7	>	6	31	59
456	chr14	21120676	21120657	+	21.69	43.16	>	6	31	59
457	chr7	110645588	110645569	-	21.69	43.56	>	6	31	59
458	chr16	78950579	78950560	-	21.64	3.295	>	6	31	59
459	chr7	131899517	131899498	+	21.56	16.44	>	6	31	59
460	chr8	106403484	106403465	-	21.53	20.23	>	6	31	59
461	chr17	73303429	73303410	+	21.48	50.6	>	6	31	59
462	chr1	83727325	83727306	+	21.48	26.81	>	6	31	59
463	chr13	29857603	29857584	+	21.42	9.836	>	6	31	59
464	chr14	104033786	104033767	+	21.34	21.16	>	6	31	59
465	chr7	119011391	119011372	+	21.31	35.56	>	6	31	59
466	chr1	69165377	69165358	+	21.31	25.0	>	6	31	59
467	chr1	192727176	192727157	+	21.28	21.9	>	6	31	59
468	chr9	50438293	50438274	-	21.2	27.17	>	6	31	59
469	chr15	46990407	46990388	-	21.14	10.516	>	6	31	59
470	chr13	73646874	73646855	+	21.14	37.5	>	6	31	59
471	chr16	67089956	67089937	+	21.12	15.94	>	6	31	59
472	chr2	83332995	83332976	-	21.02	18.14	>	6	31	59
473	chr8	10415030	10415011	+	21.0	37.3	>	6	31	59
474	chr1	35716149	35716130	-	20.89	18.69	>	6	31	59
475	chr7	43920039	43920020	-	20.83	34.3	>	6	31	59
476	chr8	15138726	15138707	+	20.81	41.03	>	6	31	59
477	chr13	6515705	6515686	+	20.8	28.08	>	6	31	59
478	chr2	64948996	64948977	-	20.72	23.2	>	6	31	59
479	chr19	20345737	20345718	+	20.7	55.44	>	6	31	59
480	chr5	33994851	33994832	+	20.64	14.97	>	6	31	59
481	chr14	76479953	76479934	+	20.62	37.16	>	6	31	59
482	chr3	144737048	144737029	+	20.58	28.33	>	6	31	59
483	chr2	13597223	13597204	-	20.5	12.72	>	6	31	59
484	chr9	118908437	118908418	-	20.5	27.45	>	6	31	59
485	chr4	153484615	153484596	-	20.39	17.89	>	6	31	59
486	chr19	12433211	12433192	+	20.36	28.34	>	6	31	59
487	chr15	31611224	31611205	+	20.34	11.17	>	6	31	59
488	chr3	107206198	107206179	+	20.34	39.22	>	6	31	59
489	chr17	86909946	86909927	+	20.31	22.38	>	6	31	59
490	chr7	89473669	89473650	-	20.22	24.19	>	6	31	59
491	chr6	35252603	35252584	+	20.22	32.56	>	6	31	59
492	chr6	126168001	126167982	-	20.17	8.76	>	6	31	59
493	chr16	42169942	42169923	+	20.12	43.34	>	6	31	59
494	chr6	90607354	90607335	+	20.11	24.86	>	6	31	59
495	chr6	31664664	31664645	+	20.11	41.5	>	6	31	59
496	chr13	100002039	100002020	+	20.02	21.73	>	6	31	59
497	chr6	97523337	97523318	-	19.97	25.72	>	6	31	59
498	chr4	123529452	123529433	-	19.95	17.69	>	6	31	59
499	chr18	53744741	53744722	-	19.94	29.1	>	6	31	59
500	chr9	13849232	13849213	+	19.9	15.484	>	6	31	59
501	chr15	14052128	14052109	-	19.89	12.375	>	6	31	59
502	chr3	68053761	68053742	-	19.88	27.33	>	6	31	59
503	chr14	50799990	50799971	+	19.83	30.28	>	6	31	59
504	chr8	50292348	50292329	+	19.83	31.36	>	6	31	59
505	chr19	52993242	52993223	-	19.81	45.25	>	6	31	59
506	chr8	24546435	24546416	-	19.8	56.1	>	6	31	59
507	chr2	166085186	166085167	+	19.78	40.2	>	6	31	59
508	chr15	80260893	80260874	-	19.75	33.7	>	6	31	59
509	chr18	75606699	75606680	+	19.72	50.94	>	6	31	59
510	chr2	135957961	135957942	-	19.69	27.1	>	6	31	59
511	chr11	75179118	75179099	+	19.67	22.83	>	6	31	59
512	chr6	77628987	77628968	+	19.66	40.56	>	6	31	59
513	chr4	82614384	82614365	-	19.62	15.836	>	6	31	59
514	chr17	27190013	27189994	+	19.5	26.89	>	6	31	59
515	chr14	121451301	121451282	-	19.45	26.11	>	6	31	59
516	chr9	69987821	69987802	-	19.44	12.234	>	6	31	59
517	chr6	40479902	40479883	+	19.42	24.72	>	6	31	59
518	chr4	82619779	82619760	-	19.42	11.22	>	6	31	59
519	chr2	160593235	160593216	-	19.4	45.8	>	6	31	59
520	chr4	48691990	48691971	+	19.4	34.88	>	6	31	59
521	chr1	11140123	11140104	-	19.39	7.324	>	6	31	59
522	chr6	67858160	67858141	+	19.36	18.55	>	6	31	59
523	chr1	91914028	91914009	+	19.36	22.06	>	6	31	59
524	chr15	76196896	76196877	+	19.33	35.8	>	6	31	59
525	chr11	43767011	43766992	+	19.27	27.44	>	6	31	59
526	chr17	8463677	8463658	+	19.23	31.38	>	6	31	59
527	chr2	60442102	60442083	-	19.22	10.555	>	6	31	59
528	chr10	8242562	8242543	+	19.2	18.4	>	6	31	59
529	chr15	8382407	8382388	+	19.16	11.64	>	6	31	59
530	chr19	11360302	11360283	+	19.14	15.06	>	6	31	59
531	chr12	79305335	79305316	+	19.11	29.94	>	6	31	59
532	chr13	38992697	38992678	+	19.03	12.445	>	6	31	59
533	chr8	91147955	91147936	-	19.0	26.05	>	6	31	59
534	chr13	64443476	64443457	+	19.0	35.6	>	6	31	59
535	chr8	117898214	117898195	+	18.92	34.16	>	6	31	59
536	chr11	42423473	42423454	-	18.77	18.48	>	6	31	59
537	chr9	114957195	114957176	-	18.77	27.38	>	6	31	59
538	chr5	149647926	149647907	+	18.72	23.06	>	6	31	59
539	chr5	128440068	128440049	-	18.69	40.7	>	6	31	59
540	chr6	90606762	90606743	-	18.67	32.6	>	6	31	59
541	chr10	58560031	58560012	+	18.67	23.25	>	6	31	59
542	chr18	25538443	25538424	+	18.66	23.94	>	6	31	59
543	chr11	22987510	22987491	+	18.56	23.83	>	6	31	59
544	chr13	57269837	57269818	-	18.55	36.6	>	6	31	59
545	chr13	53096854	53096835	-	18.55	32.88	>	6	31	59
546	chr7	124783020	124783001	-	18.55	23.44	>	6	31	59
547	chr7	40687242	40687223	-	18.52	26.28	>	6	31	59
548	chr4	109438113	109438094	+	18.45	31.61	>	6	31	59
549	chr13	46663777	46663758	-	18.45	5.215	>	6	31	59
550	chr2	21927862	21927843	-	18.45	17.72	>	6	31	59
551	chr11	72564476	72564457	-	18.39	17.95	>	6	31	59
552	chr14	57362951	57362932	-	18.3	10.125	>	6	31	59
553	chr13	54063511	54063492	-	18.3	12.516	>	6	31	59
554	chr8	127191530	127191511	+	18.27	39.03	>	6	31	59
555	chr4	24249781	24249762	+	18.25	8.38	>	6	31	59
556	chr1	175603551	175603532	-	18.2	12.0	>	6	31	59
557	chr7	131897479	131897460	+	18.19	16.34	>	6	31	59
558	chr2	125259455	125259436	-	18.17	32.72	>	6	31	59
559	chr8	11943262	11943243	-	18.0	20.05	>	6	31	59
560	chr13	74861814	74861795	+	17.98	11.664	>	6	31	59
561	chr3	37302880	37302861	-	17.98	17.84	>	6	31	59
562	chr2	165391753	165391734	+	17.95	20.97	>	6	31	59
563	chr1	167669968	167669949	-	17.94	39.3	>	6	31	59
564	chr14	24311319	24311300	+	17.89	24.48	>	6	31	59
565	chr6	125622660	125622641	+	17.86	24.67	>	6	31	59
566	chr16	91694897	91694878	+	17.83	21.03	>	6	31	59
567	chr7	100886752	100886733	-	17.8	33.3	>	6	31	59
568	chr2	165779092	165779073	+	17.7	43.9	>	6	31	59
569	chr4	118988734	118988715	-	17.7	12.37	>	6	31	59
570	chr9	111939788	111939769	+	17.64	16.92	>	6	31	59
571	chr9	40806571	40806552	+	17.64	39.78	>	6	31	59
572	chr19	21571392	21571373	+	17.64	11.9	>	6	31	59
573	chr10	49785057	49785038	-	17.56	2.498	>	6	31	59
574	chr3	84922220	84922201	+	17.47	28.94	>	6	31	59
575	chr12	7991018	7990999	+	17.47	17.66	>	6	31	59
576	chr8	106687694	106687675	+	17.45	42.0	>	6	31	59
577	chr19	15998346	15998327	+	17.33	27.56	>	6	31	59
578	chr10	30838389	30838370	+	17.3	7.543	>	6	31	59
579	chr2	6469364	6469345	-	17.28	15.65	>	6	31	59
580	chr9	59678540	59678521	-	17.28	29.06	>	6	31	59
581	chr18	60143536	60143517	-	17.25	6.348	>	6	31	59
582	chr2	76114972	76114953	-	17.25	26.88	>	6	31	59
583	chr1	192722361	192722342	-	17.23	36.0	>	6	31	59
584	chr13	6737153	6737134	+	17.23	24.25	>	6	31	59
585	chr10	116199232	116199213	+	17.23	24.89	>	6	31	59
586	chr18	6627309	6627290	+	17.06	30.4	>	6	31	59
587	chr7	117375969	117375950	-	17.03	13.42	>	6	31	59
588	chr11	7200225	7200206	+	17.03	39.34	>	6	31	59
589	chr3	152474817	152474798	+	16.98	9.51	>	6	31	59
590	chr12	4107565	4107546	+	16.97	22.11	>	6	31	59
591	chr18	78212287	78212268	-	16.83	18.31	>	6	31	59
592	chr2	17842170	17842151	-	16.81	6.844	>	6	31	59
593	chr5	112429191	112429172	-	16.78	14.19	>	6	31	59
594	chr9	54169687	54169668	+	16.73	16.64	>	6	31	59
595	chr9	78597063	78597044	+	16.73	17.98	>	6	31	59
596	chr2	125556029	125556010	+	16.69	19.19	>	6	31	59
597	chr4	86545837	86545818	-	16.69	26.34	>	6	31	59
598	chr11	34229190	34229171	+	16.55	19.56	>	6	31	59
599	chr13	60479163	60479144	+	16.52	1.697	>	6	31	59
600	chr11	57788119	57788100	+	16.36	29.88	>	6	31	59
601	chr5	117504639	117504620	+	16.36	53.34	>	6	31	59
602	chr1	128368923	128368904	+	16.28	14.01	>	6	31	59
603	chr14	51098507	51098488	-	16.28	41.22	>	6	31	59
604	chr10	14404268	14404249	+	16.23	20.66	>	6	31	59
605	chr18	65752297	65752278	-	16.1	16.11	>	6	31	59
606	chr3	59077498	59077479	+	16.1	40.72	>	6	31	59
607	chr1	119919473	119919454	+	16.06	20.62	>	6	31	59
608	chr1	86598699	86598680	+	16.03	48.72	>	6	31	59
609	chr1	80178208	80178189	-	16.0	17.12	>	6	31	59
610	chr15	64132164	64132145	+	15.96	15.336	>	6	31	59
611	chr2	4652218	4652199	-	15.91	22.83	>	6	31	59
612	chr9	40805489	40805470	-	15.86	35.53	>	6	31	59
613	chr13	30549079	30549060	-	15.805	25.34	>	6	31	59
614	chr3	82350530	82350511	-	15.805	7.78	>	6	31	59
615	chr7	81155234	81155215	-	15.805	19.0	>	6	31	59
616	chr4	107701325	107701306	-	15.8	18.55	>	6	31	59
617	chr11	76655250	76655231	+	15.8	25.19	>	6	31	59
618	chr7	122945377	122945358	+	15.72	20.64	>	6	31	59
619	chr16	32697312	32697293	+	15.695	24.02	>	6	31	59
620	chr13	114460825	114460806	-	15.65	8.25	>	6	31	59
621	chr19	59389409	59389390	+	15.65	31.4	>	6	31	59
622	chr7	45451495	45451476	+	15.64	35.4	>	6	31	59
623	chr15	85599066	85599047	+	15.625	30.86	>	6	31	59
624	chr10	9012998	9012979	+	15.6	21.77	>	6	31	59
625	chr13	24318872	24318853	-	15.58	11.58	>	6	31	59
626	chr3	123506917	123506898	-	15.53	17.17	>	6	31	59
627	chr13	101719731	101719712	-	15.48	25.34	>	6	31	59
628	chr12	12412898	12412879	-	15.43	30.47	>	6	31	59
629	chr10	127342496	127342477	-	15.4	29.73	>	6	31	59
630	chr7	28972871	28972852	+	15.39	21.2	>	6	31	59
631	chr5	130862481	130862462	+	15.33	29.22	>	6	31	59
632	chr13	53779354	53779335	+	15.31	23.8	>	6	31	59
633	chr11	51582940	51582921	-	15.305	26.1	>	6	31	59
634	chr3	34150257	34150238	+	15.3	17.19	>	6	31	59
635	chr9	30423156	30423137	-	15.29	30.31	>	6	31	59
636	chr1	55886585	55886566	+	15.29	16.73	>	6	31	59
637	chr8	121104251	121104232	+	15.28	31.56	>	6	31	59
638	chr2	31683894	31683875	+	15.27	30.73	>	6	31	59
639	chr9	121458682	121458663	+	15.27	42.72	>	6	31	59
640	chr13	111421545	111421526	+	15.22	27.25	>	6	31	59
641	chr18	56572965	56572946	+	15.22	32.7	>	6	31	59
642	chr18	42593315	42593296	+	15.2	8.75	>	6	31	59
643	chr8	118287683	118287664	+	15.2	7.145	>	6	31	59
644	chr14	47742843	47742824	+	15.18	9.65	>	6	31	59
645	chr1	184791312	184791293	-	15.164	27.39	>	6	31	59
646	chr6	106800166	106800147	-	15.1	18.75	>	6	31	59
647	chr11	12025880	12025861	+	15.06	18.02	>	6	31	59
648	chr5	129594341	129594322	-	15.03	29.4	>	6	31	59
649	chr13	16005724	16005705	+	15.016	13.71	>	6	31	59
650	chr14	65597230	65597211	+	15.016	14.01	>	6	31	59
651	chr5	99900280	99900261	-	14.95	10.75	>	6	31	59
652	chr8	11421350	11421331	-	14.945	26.12	>	6	31	59
653	chr19	4755748	4755729	+	14.93	24.55	>	6	31	59
654	chr10	110733540	110733521	-	14.914	16.5	>	6	31	59
655	chr5	67752088	67752069	+	14.89	18.31	>	6	31	59
656	chr9	77381774	77381755	-	14.85	26.45	>	6	31	59
657	chr18	81951830	81951811	-	14.76	34.06	>	6	31	59
658	chr1	86059644	86059625	+	14.734	30.22	>	6	31	59
659	chr1	52630636	52630617	-	14.734	9.89	>	6	31	59
660	chr2	174308107	174308088	+	14.69	14.67	>	6	31	59
661	chr11	99364649	99364630	-	14.6	16.03	>	6	31	59
662	chr13	109558424	109558405	+	14.49	16.98	>	6	31	59
663	chr12	58201405	58201386	-	14.48	6.883	>	6	31	59
664	chr7	137471937	137471918	+	14.445	28.83	>	6	31	59
665	chr17	26916803	26916784	+	14.414	25.05	>	6	31	59
666	chr5	87871626	87871607	-	14.414	20.39	>	6	31	59
667	chr2	125252443	125252424	+	14.414	25.9	>	6	31	59
668	chr1	9549185	9549166	+	14.414	19.5	>	6	31	59
669	chr11	11788608	11788589	-	14.38	31.97	>	6	31	59
670	chr7	43928727	43928708	+	14.36	11.45	>	6	31	59
671	chr10	60760656	60760637	-	14.31	36.9	>	6	31	59
672	chr6	17362958	17362939	+	14.31	3.076	>	6	31	59
673	chr1	136521528	136521509	-	14.305	21.69	>	6	31	59
674	chr2	153147934	153147915	+	14.28	18.94	>	6	31	59
675	chr8	61522313	61522294	+	14.266	28.28	>	6	31	59
676	chr18	56759303	56759284	+	14.266	12.61	>	6	31	59
677	chr14	115451146	115451127	-	14.234	4.215	>	6	31	59
678	chr1	176218428	176218409	+	14.195	14.99	>	6	31	59
679	chr15	97665520	97665501	-	14.18	30.02	>	6	31	59
680	chr13	20299620	20299601	+	14.18	33.25	>	6	31	59
681	chr9	59969601	59969582	-	14.14	17.69	>	6	31	59
682	chr16	57611975	57611956	+	14.055	18.66	>	6	31	59
683	chr12	15816144	15816125	+	13.984	8.52	>	6	31	59
684	chr15	82271381	82271362	-	13.95	28.55	>	6	31	59
685	chr7	74363644	74363625	-	13.95	40.8	>	6	31	59
686	chr3	73066293	73066274	+	13.95	16.86	>	6	31	59
687	chr1	118772515	118772496	-	13.945	30.34	>	6	31	59
688	chr4	110020493	110020474	-	13.94	26.28	>	6	31	59
689	chr3	34639420	34639401	-	13.94	14.87	>	6	31	59
690	chr2	131530224	131530205	-	13.92	25.86	>	6	31	59
691	chr4	20024128	20024109	+	13.91	12.516	>	6	31	59
692	chr8	74980870	74980851	-	13.81	30.2	>	6	31	59
693	chr18	75757719	75757700	+	13.734	18.78	>	6	31	59
694	chr7	89908147	89908128	-	13.72	13.79	>	6	31	59
695	chr4	150257406	150257387	+	13.72	23.58	>	6	31	59
696	chr2	55022781	55022762	-	13.664	7.77	>	6	31	59
697	chr18	64506771	64506752	-	13.63	18.4	>	6	31	59
698	chr14	123353156	123353137	-	13.61	11.6	>	6	31	59
699	chr4	139872794	139872775	+	13.59	35.75	>	6	31	59
700	chr13	51839869	51839850	+	13.586	21.19	>	6	31	59
701	chr5	146162789	146162770	+	13.516	23.42	>	6	31	59
702	chr9	83785201	83785182	+	13.49	14.66	>	6	31	59
703	chr3	59079480	59079461	+	13.44	28.77	>	6	31	59
704	chr10	11345312	11345293	-	13.375	5.086	>	6	31	59
705	chr11	46252188	46252169	-	13.34	28.12	>	6	31	59
706	chr4	85404971	85404952	+	13.32	14.11	>	6	31	59
707	chr4	130738774	130738755	+	13.31	16.47	>	6	31	59
708	chr5	86432914	86432895	+	13.305	16.02	>	6	31	59
709	chr3	22306829	22306810	+	13.266	18.6	>	6	31	59
710	chr2	91930225	91930206	-	13.25	19.55	>	6	31	59
711	chr6	108417714	108417695	+	13.234	10.66	>	6	31	59
712	chr12	17011790	17011771	-	13.16	20.73	>	6	31	59
713	chr5	87551137	87551118	-	13.15	21.52	>	6	31	59
714	chr4	106227683	106227664	-	13.14	14.38	>	6	31	59
715	chr4	139877472	139877453	+	13.1	27.4	>	6	31	59
716	chr1	88742593	88742574	-	13.086	17.75	>	6	31	59
717	chr3	52254088	52254069	+	13.02	34.16	>	6	31	59
718	chr9	73159469	73159450	+	12.99	27.5	>	6	31	59
719	chr7	29297253	29297234	-	12.984	28.8	>	6	31	59
720	chr13	116312336	116312317	-	12.93	10.21	>	6	31	59
721	chr2	157117146	157117127	-	12.91	21.92	>	6	31	59
722	chr9	60243712	60243693	+	12.89	13.59	>	6	31	59
723	chr1	179845066	179845047	-	12.88	17.89	>	6	31	59
724	chr11	103332754	103332735	+	12.875	24.97	>	6	31	59
725	chr1	53032774	53032755	-	12.87	13.05	>	6	31	59
726	chr8	45345197	45345178	+	12.81	16.72	>	6	31	59
727	chr12	113216133	113216114	+	12.74	53.7	>	6	31	59
728	chr15	36152194	36152175	-	12.72	16.9	>	6	31	59
729	chr1	72876274	72876255	+	12.69	17.11	>	6	31	59
730	chr9	14774009	14773990	+	12.664	9.0	>	6	31	59
731	chr12	74317197	74317178	-	12.664	11.76	>	6	31	59
732	chr7	107819649	107819630	-	12.64	16.3	>	6	31	59
733	chr13	55327907	55327888	+	12.64	17.61	>	6	31	59
734	chr3	54796015	54795996	+	12.63	22.77	>	6	31	59
735	chr6	60963937	60963918	+	12.61	7.094	>	6	31	59
736	chr8	21981891	21981872	-	12.61	17.33	>	6	31	59
737	chr10	38269349	38269330	-	12.52	19.28	>	6	31	59
738	chr6	51170619	51170600	-	12.5	20.02	>	6	31	59
739	chr2	148110356	148110337	-	12.43	16.03	>	6	31	59
740	chr1	88301823	88301804	-	12.42	19.61	>	6	31	59
741	chr6	115037959	115037940	-	12.33	15.375	>	6	31	59
742	chr16	11980974	11980955	+	12.33	3.668	>	6	31	59
743	chr15	44832771	44832752	-	12.31	24.2	>	6	31	59
744	chr19	26193888	26193869	-	12.29	7.65	>	6	31	59
745	chr17	8988263	8988244	-	12.29	10.71	>	6	31	59
746	chr14	66358860	66358841	+	12.28	18.22	>	6	31	59
747	chr12	40832432	40832413	-	12.26	13.56	>	6	31	59
748	chr2	53206958	53206939	-	12.18	12.55	>	6	31	59
749	chr16	42914617	42914598	+	12.16	7.133	>	6	31	59
750	chr11	111523686	111523667	-	12.14	23.53	>	6	31	59
751	chr6	121556678	121556659	+	12.11	18.8	>	6	31	59
752	chr7	43926199	43926180	-	12.1	21.69	>	6	31	59
753	chr3	3311028	3311009	+	12.09	10.74	>	6	31	59
754	chr12	17018680	17018661	+	12.04	21.19	>	6	31	59
755	chr18	33794794	33794775	+	11.97	24.89	>	6	31	59
756	chr15	73791915	73791896	+	11.96	24.61	>	6	31	59
757	chr12	82489256	82489237	+	11.945	11.805	>	6	31	59
758	chr19	37559803	37559784	+	11.91	21.4	>	6	31	59
759	chr12	36195155	36195136	-	11.91	7.07	>	6	31	59
760	chr3	30515246	30515227	-	11.875	11.664	>	6	31	59
761	chr19	27426681	27426662	-	11.81	11.945	>	6	31	59
762	chr2	75590427	75590408	-	11.75	21.66	>	6	31	59
763	chr2	17849498	17849479	+	11.75	6.633	>	6	31	59
764	chr9	83371155	83371136	-	11.75	6.18	>	6	31	59
765	chr9	30936846	30936827	-	11.734	17.67	>	6	31	59
766	chr15	94690037	94690018	+	11.73	23.03	>	6	31	59
767	chr2	147379133	147379114	+	11.69	9.875	>	6	31	59
768	chr4	121232314	121232295	-	11.664	7.945	>	6	31	59
769	chr18	56333219	56333200	-	11.64	4.934	>	6	31	59
770	chr16	25952209	25952190	-	11.64	6.688	>	6	31	59
771	chr13	94976326	94976307	+	11.63	16.62	>	6	31	59
772	chr2	30942898	30942879	-	11.57	22.28	>	6	31	59
773	chr6	104479441	104479422	+	11.55	10.57	>	6	31	59
774	chr5	113080039	113080020	-	11.52	26.94	>	6	31	59
775	chr16	30550607	30550588	-	11.52	17.62	>	6	31	59
776	chr1	160194976	160194957	+	11.51	18.28	>	6	31	59
777	chr11	56116782	56116763	-	11.48	30.47	>	6	31	59
778	chr6	112484521	112484502	-	11.48	12.14	>	6	31	59
779	chr14	21853546	21853527	-	11.445	30.66	>	6	31	59
780	chr9	58534993	58534974	+	11.414	20.97	>	6	31	59
781	chr17	73302318	73302299	+	11.414	39.62	>	6	31	59
782	chr1	85842459	85842440	-	11.41	14.02	>	6	31	59
783	chr17	16926410	16926391	-	11.35	2.584	>	6	31	59
784	chr12	29894861	29894842	+	11.31	16.72	>	6	31	59
785	chr2	127832989	127832970	+	11.22	7.293	>	6	31	59
786	chr16	20724653	20724634	+	11.18	15.11	>	6	31	59
787	chr1	180811112	180811093	-	11.164	28.33	>	6	31	59
788	chr13	109210611	109210592	-	11.16	17.5	>	6	31	59
789	chr18	5990207	5990188	-	11.14	3.14	>	6	31	59
790	chr18	12102268	12102249	-	11.125	23.38	>	6	31	59
791	chr19	59380193	59380174	+	11.08	23.9	>	6	31	59
792	chr2	101665476	101665457	+	11.055	26.06	>	6	31	59
793	chr12	108541242	108541223	-	11.02	27.9	>	6	31	59
794	chr2	32583648	32583629	+	11.016	30.19	>	6	31	59
795	chr1	181881807	181881788	-	10.98	11.91	>	6	31	59
796	chr5	117506576	117506557	+	10.94	40.06	>	6	31	59
797	chr1	38789153	38789134	+	10.89	22.95	>	6	31	59
798	chr10	102445139	102445120	-	10.875	19.4	>	6	31	59
799	chr12	81788941	81788922	+	10.87	12.51	>	6	31	59
800	chr9	78233462	78233443	-	10.86	15.93	>	6	31	59
801	chr10	96618527	96618508	+	10.86	3.014	>	6	31	59
802	chr8	84639419	84639400	-	10.85	34.7	>	6	31	59
803	chr17	8468905	8468886	+	10.85	20.27	>	6	31	59
804	chr2	67535551	67535532	+	10.83	7.83	>	6	31	59
805	chr18	52947340	52947321	+	10.82	10.15	>	6	31	59
806	chr13	72625410	72625391	-	10.78	6.715	>	6	31	59
807	chr11	31942449	31942430	+	10.69	22.72	>	6	31	59
808	chr1	6190743	6190724	-	10.63	7.344	>	6	31	59
809	chr7	74367549	74367530	+	10.6	15.16	>	6	31	59
810	chr4	22482970	22482951	+	10.58	4.45	>	6	31	59
811	chr13	20298018	20297999	+	10.56	24.86	>	6	31	59
812	chr16	75325511	75325492	-	10.484	5.44	>	6	31	59
813	chr6	54586377	54586358	+	10.44	8.14	>	6	31	59
814	chr14	59604211	59604192	-	10.375	15.664	>	6	31	59
815	chr2	107946040	107946021	-	10.31	11.08	>	6	31	59
816	chr1	62701219	62701200	-	10.3	12.74	>	6	31	59
817	chr7	75914120	75914101	+	10.266	24.1	>	6	31	59
818	chr5	98167679	98167660	+	10.26	12.875	>	6	31	59
819	chr9	99671799	99671780	+	10.23	22.52	>	6	31	59
820	chr1	179847901	179847882	+	10.16	11.88	>	6	31	59
821	chr15	80080817	80080798	-	10.15	32.28	>	6	31	59
822	chr6	137747756	137747737	-	10.09	27.12	>	6	31	59
823	chr6	77249625	77249606	-	10.09	6.945	>	6	31	59
824	chr5	149049190	149049171	-	10.08	15.81	>	6	31	59
825	chr18	32814407	32814388	-	10.07	2.566	>	6	31	59
826	chr11	46258405	46258386	-	10.06	20.3	>	6	31	59
827	chr11	81974830	81974811	-	10.01	5.44	>	6	31	59
828	chr19	48414047	48414028	+	9.99	12.77	>	6	31	59
829	chr11	34836484	34836465	+	9.86	20.75	>	6	31	59
830	chr17	24437345	24437326	-	9.81	19.33	>	6	31	59
831	chr6	59208753	59208734	-	9.734	12.92	>	6	31	59
832	chr13	37325694	37325675	-	9.734	20.84	>	6	31	59
833	chr11	43412967	43412948	-	9.72	22.2	>	6	31	59
834	chr13	49651342	49651323	-	9.71	2.496	>	6	31	59
835	chr7	143151380	143151361	+	9.69	18.05	>	6	31	59
836	chr16	4285478	4285459	-	9.67	7.94	>	6	31	59
837	chr11	29715017	29714998	-	9.664	9.12	>	6	31	59
838	chr3	134654263	134654244	+	9.62	3.898	>	6	31	59
839	chr8	28978824	28978805	-	9.57	7.504	>	6	31	59
840	chr13	54062269	54062250	-	9.55	10.02	>	6	31	59
841	chr9	32585514	32585495	+	9.516	12.72	>	6	31	59
842	chr7	73648212	73648193	-	9.484	13.375	>	6	31	59
843	chr19	27425889	27425870	-	9.44	11.26	>	6	31	59
844	chr13	100854377	100854358	-	9.42	17.78	>	6	31	59
845	chr5	140749784	140749765	-	9.414	22.17	>	6	31	59
846	chr4	127027444	127027425	+	9.4	22.48	>	6	31	59
847	chr11	109221866	109221847	-	9.3	9.67	>	6	31	59
848	chr16	16596794	16596775	+	9.28	5.977	>	6	31	59
849	chr2	128605294	128605275	-	9.25	9.07	>	6	31	59
850	chr2	61492265	61492246	+	9.25	6.99	>	6	31	59
851	chr10	74217479	74217460	+	9.22	7.7	>	6	31	59
852	chr9	68016722	68016703	+	9.2	8.305	>	6	31	59
853	chr6	144248136	144248117	+	9.19	7.742	>	6	31	59
854	chr13	51191948	51191929	+	9.17	5.492	>	6	31	59
855	chr2	103424848	103424829	-	9.164	12.29	>	6	31	59
856	chr7	64751734	64751715	-	9.13	16.66	>	6	31	59
857	chr7	27160004	27159985	+	9.125	14.17	>	6	31	59
858	chr13	95986545	95986526	+	9.08	13.76	>	6	31	59
859	chr5	135118653	135118634	+	9.08	29.22	>	6	31	59
860	chr10	49786914	49786895	-	9.07	0.785	>	6	31	59
861	chr1	51639072	51639053	+	9.02	3.22	>	6	31	59
862	chr14	105307894	105307875	+	8.95	2.453	>	6	31	59
863	chr19	40231990	40231971	-	8.95	19.89	>	6	31	59
864	chr10	69656526	69656507	+	8.95	12.99	>	6	31	59
865	chr7	142714879	142714860	-	8.945	27.2	>	6	31	59
866	chr6	129256260	129256241	-	8.93	14.53	>	6	31	59
867	chr5	138199783	138199764	+	8.9	8.414	>	6	31	59
868	chr8	36193738	36193719	+	8.89	10.43	>	6	31	59
869	chr11	49597354	49597335	+	8.87	6.92	>	6	31	59
870	chr1	139405977	139405958	-	8.86	4.043	>	6	31	59
871	chr3	124289118	124289099	-	8.84	12.69	>	6	31	59
872	chr9	13196005	13195986	-	8.83	30.6	>	6	31	59
873	chr14	115819240	115819221	+	8.83	10.71	>	6	31	59
874	chr5	146914595	146914576	+	8.82	39.7	>	6	31	59
875	chr4	119223866	119223847	-	8.766	16.34	>	6	31	59
876	chr15	85879204	85879185	-	8.76	17.27	>	6	31	59
877	chr4	124682485	124682466	+	8.7	17.45	>	6	31	59
878	chr17	34956526	34956507	+	8.695	22.17	>	6	31	59
879	chr12	39494054	39494035	-	8.65	2.455	>	6	31	59
880	chr9	34485824	34485805	-	8.625	10.6	>	6	31	59
881	chr2	180786948	180786929	+	8.57	17.27	>	6	31	59
882	chr4	62230989	62230970	+	8.57	12.25	>	6	31	59
883	chr2	16357480	16357461	+	8.55	2.205	>	6	31	59
884	chr17	9759516	9759497	+	8.54	11.53	>	6	31	59
885	chr10	13018670	13018651	+	8.54	19.64	>	6	31	59
886	chr4	32570820	32570801	-	8.52	6.645	>	6	31	59
887	chr9	86451919	86451900	-	8.49	16.77	>	6	31	59
888	chr7	139590495	139590476	+	8.49	20.39	>	6	31	59
889	chr16	31944169	31944150	+	8.445	14.11	>	6	31	59
890	chr3	104701211	104701192	-	8.44	24.84	>	6	31	59
891	chr2	160955546	160955527	-	8.414	14.05	>	6	31	59
892	chr18	32811889	32811870	+	8.4	4.918	>	6	31	59
893	chr14	115042240	115042221	-	8.4	14.734	>	6	31	59
894	chr2	28464119	28464100	-	8.33	19.16	>	6	31	59
895	chr2	76369931	76369912	+	8.28	9.1	>	6	31	59
896	chr3	107605512	107605493	+	8.28	12.57	>	6	31	59
897	chr14	121220891	121220872	-	8.23	10.8	>	6	31	59
898	chr1	103796539	103796520	+	8.22	10.74	>	6	31	59
899	chr16	23151589	23151570	+	8.21	3.11	>	6	31	59
900	chr5	33371346	33371327	-	8.19	15.74	>	6	31	59
901	chr13	103121088	103121069	-	8.18	6.016	>	6	31	59
902	chr10	60760529	60760510	+	8.14	24.72	>	6	31	59
903	chr1	169921787	169921768	+	8.12	12.62	>	6	31	59
904	chr13	42826816	42826797	-	8.11	17.0	>	6	31	59
905	chr6	72601930	72601911	+	8.11	24.06	>	6	31	59
906	chr7	81345319	81345300	-	7.99	7.87	>	6	31	59
907	chr11	33934471	33934452	+	7.98	18.27	>	6	31	59
908	chr18	77044808	77044789	-	7.97	11.42	>	6	31	59
909	chr7	67217278	67217259	+	7.926	7.28	>	6	31	59
910	chr2	164074027	164074008	+	7.906	10.22	>	6	31	59
911	chr3	45373410	45373391	+	7.855	1.438	>	6	31	59
912	chr1	152768355	152768336	-	7.84	9.35	>	6	31	59
913	chr11	102267665	102267646	-	7.81	17.44	>	6	31	59
914	chr11	43411664	43411645	-	7.81	21.72	>	6	31	59
915	chr2	129880054	129880035	+	7.805	6.484	>	6	31	59
916	chr11	81972241	81972222	+	7.797	9.07	>	6	31	59
917	chr9	65581143	65581124	-	7.793	11.17	>	6	31	59
918	chr4	106228720	106228701	+	7.727	13.9	>	6	31	59
919	chr6	119467876	119467857	+	7.703	18.1	>	6	31	59
920	chr10	122794511	122794492	+	7.695	15.734	>	6	31	59
921	chr14	34813484	34813465	-	7.69	11.805	>	6	31	59
922	chr15	19280629	19280610	+	7.68	3.066	>	6	31	59
923	chr13	38235597	38235578	-	7.676	11.836	>	6	31	59
924	chr13	21710105	21710086	+	7.67	14.95	>	6	31	59
925	chr11	104231353	104231334	-	7.67	18.38	>	6	31	59
926	chr6	86401304	86401285	-	7.64	23.28	>	6	31	59
927	chr4	24245320	24245301	-	7.633	3.027	>	6	31	59
928	chr9	29655082	29655063	+	7.613	20.11	>	6	31	59
929	chr9	58535957	58535938	-	7.605	16.9	>	6	31	59
930	chr5	112427478	112427459	-	7.598	9.93	>	6	31	59
931	chr4	140539353	140539334	-	7.58	22.9	>	6	31	59
932	chr14	105302910	105302891	+	7.57	4.605	>	6	31	59
933	chr7	19713404	19713385	-	7.543	26.19	>	6	31	59
934	chr1	127487367	127487348	-	7.52	14.33	>	6	31	59
935	chr19	56806125	56806106	-	7.504	5.934	>	6	31	59
936	chr19	47175662	47175643	-	7.46	21.67	>	6	31	59
937	chr2	150795624	150795605	-	7.44	6.633	>	6	31	59
938	chr2	137114826	137114807	+	7.438	4.08	>	6	31	59
939	chr10	119244230	119244211	+	7.434	4.305	>	6	31	59
940	chr5	117094622	117094603	+	7.42	22.22	>	6	31	59
941	chr11	67100384	67100365	-	7.42	22.83	>	6	31	59
942	chr5	30686988	30686969	+	7.41	18.64	>	6	31	59
943	chr8	105291139	105291120	-	7.41	11.78	>	6	31	59
944	chr7	143470174	143470155	-	7.39	17.94	>	6	31	59
945	chr15	8099290	8099271	-	7.35	8.336	>	6	31	59
946	chr7	119015949	119015930	+	7.34	17.75	>	6	31	59
947	chr17	56306039	56306020	-	7.305	16.48	>	6	31	59
948	chr1	134636895	134636876	+	7.3	5.97	>	6	31	59
949	chr17	65541217	65541198	+	7.258	9.125	>	6	31	59
950	chr14	49218880	49218861	+	7.25	8.47	>	6	31	59
951	chr1	25527154	25527135	+	7.2	7.453	>	6	31	59
952	chr1	146515575	146515556	+	7.18	3.11	>	6	31	59
953	chr9	44109578	44109559	+	7.176	33.9	>	6	31	59
954	chr11	108889358	108889339	+	7.15	8.016	>	6	31	59
955	chr7	138398615	138398596	+	7.117	4.707	>	6	31	59
956	chr5	32204842	32204823	+	7.11	6.15	>	6	31	59
957	chr8	14859581	14859562	+	7.1	5.27	>	6	31	59
958	chr11	95676507	95676488	-	7.09	14.555	>	6	31	59
959	chr6	85141186	85141167	+	7.08	33.56	>	6	31	59
960	chr14	20340404	20340385	-	7.04	15.81	>	6	31	59
961	chr1	193130339	193130320	-	7.023	5.71	>	6	31	59
962	chr9	98032882	98032863	+	6.992	4.73	>	6	31	59
963	chr7	143793289	143793270	+	6.98	21.42	>	6	31	59
964	chr12	32292312	32292293	-	6.895	8.26	>	6	31	59
965	chr17	45724453	45724434	-	6.89	12.125	>	6	31	59
966	chr14	102512314	102512295	+	6.89	1.602	>	6	31	59
967	chr8	11943038	11943019	+	6.88	5.47	>	6	31	59
968	chr7	83553561	83553542	+	6.867	8.27	>	6	31	59
969	chr9	64960779	64960760	-	6.85	16.31	>	6	31	59
970	chr9	30426996	30426977	+	6.832	15.31	>	6	31	59
971	chr11	119249183	119249164	+	6.785	23.48	>	6	31	59
972	chr8	90795542	90795523	+	6.77	10.67	>	6	31	59
973	chr2	113498926	113498907	-	6.766	9.86	>	6	31	59
974	chr13	62926662	62926643	+	6.75	4.73	>	6	31	59
975	chr1	127485025	127485006	+	6.715	16.44	>	6	31	59
976	chr17	78592615	78592596	+	6.715	8.945	>	6	31	59
977	chr2	118246134	118246115	-	6.668	13.72	>	6	31	59
978	chr2	92474875	92474856	-	6.652	13.95	>	6	31	59
979	chr7	17061423	17061404	+	6.645	15.1	>	6	31	59
980	chr10	122090678	122090659	+	6.63	8.38	>	6	31	59
981	chr13	64448147	64448128	+	6.594	17.92	>	6	31	59
982	chr2	34642611	34642592	-	6.562	14.51	>	6	31	59
983	chr5	117509743	117509724	+	6.54	26.92	>	6	31	59
984	chr7	131371109	131371090	+	6.516	4.71	>	6	31	59
985	chr6	94054143	94054124	-	6.5	13.34	>	6	31	59
986	chr14	20697228	20697209	+	6.465	17.88	>	6	31	59
987	chr10	122798121	122798102	+	6.46	15.23	>	6	31	59
988	chr13	14196604	14196585	+	6.45	1.613	>	6	31	59
989	chr3	118991976	118991957	+	6.438	8.26	>	6	31	59
990	chr9	107231295	107231276	-	6.434	7.414	>	6	31	59
991	chr15	24557016	24556997	-	6.418	3.371	>	6	31	59
992	chr2	178407758	178407739	+	6.414	11.43	>	6	31	59
993	chr9	90683476	90683457	-	6.38	1.322	>	6	31	59
994	chr6	22968335	22968316	-	6.34	6.418	>	6	31	59
995	chr12	67217811	67217792	+	6.336	1.95	>	6	31	59
996	chr10	82910438	82910419	+	6.277	10.99	>	6	31	59
997	chr7	49125716	49125697	+	6.258	16.88	>	6	31	59
998	chr11	119491305	119491286	-	6.215	10.81	>	6	31	59
999	chr11	32341308	32341289	-	6.21	14.555	>	6	31	59
1000	chr19	8713406	8713387	+	6.19	10.44	>	6	31	59
1001	chr4	48048044	48048025	+	6.152	6.21	>	6	31	59
1002	chr11	52764825	52764806	+	6.15	7.75	>	6	31	59
1003	chr13	20564636	20564617	-	6.145	4.82	>	6	31	59
1004	chr10	39105011	39104992	-	6.14	7.152	>	6	31	59
1005	chr11	98909856	98909837	-	6.117	18.95	>	6	31	59
1006	chr1	151025102	151025083	+	6.117	4.496	>	6	31	59
1007	chr5	98167777	98167758	-	6.113	9.555	>	6	31	59
1008	chr8	88118562	88118543	+	6.062	3.66	>	6	31	59
1009	chr16	92511934	92511915	+	6.035	16.34	>	6	31	59
1010	chr15	25792295	25792276	-	6.008	6.87	>	6	31	59
1011	chr13	92751194	92751175	+	5.938	12.68	>	6	31	59
1012	chr5	101688793	101688774	-	5.934	12.51	>	6	31	59
1013	chr7	112023252	112023233	+	5.93	8.26	>	6	31	59
1014	chr14	21854038	21854019	-	5.914	27.36	>	6	31	59
1015	chr8	32003733	32003714	-	5.9	2.012	>	6	31	59
1016	chr13	53095394	53095375	-	5.867	6.086	>	6	31	59
1017	chr1	182554179	182554160	+	5.836	10.15	>	6	31	59
1018	chr6	18381568	18381549	+	5.832	1.955	>	6	31	59
1019	chr9	77389590	77389571	+	5.832	5.68	>	6	31	59
1020	chr16	5254481	5254462	-	5.812	12.77	>	6	31	59
1021	chr2	93199625	93199606	+	5.797	14.08	>	6	31	59
1022	chr9	81631651	81631632	-	5.793	3.863	>	6	31	59
1023	chr2	152887412	152887393	-	5.78	4.652	>	6	31	59
1024	chr4	153481137	153481118	-	5.766	3.3	>	6	31	59
1025	chr8	72239706	72239687	-	5.754	5.32	>	6	31	59
1026	chr18	65750236	65750217	-	5.703	2.543	>	6	31	59
1027	chr6	61311882	61311863	-	5.68	7.43	>	6	31	59
1028	chr18	46143625	46143606	+	5.676	6.477	>	6	31	59
1029	chr6	120836118	120836099	+	5.64	7.797	>	6	31	59
1030	chr6	100563990	100563971	-	5.625	4.164	>	6	31	59
1031	chr3	13475098	13475079	-	5.61	1.948	>	6	31	59
1032	chr2	132262968	132262949	+	5.6	7.164	>	6	31	59
1033	chr11	103334169	103334150	+	5.594	12.02	>	6	31	59
1034	chr6	54255029	54255010	+	5.586	4.35	>	6	31	59
1035	chr13	101711018	101710999	+	5.543	9.15	>	6	31	59
1036	chr5	39644761	39644742	-	5.54	3.531	>	6	31	59
1037	chr8	90795201	90795182	-	5.516	4.996	>	6	31	59
1038	chr18	23162646	23162627	+	5.51	1.562	>	6	31	59
1039	chr16	78165563	78165544	+	5.477	7.39	>	6	31	59
1040	chr2	96584106	96584087	-	5.44	3.29	>	6	31	59
1041	chr12	72070473	72070454	+	5.426	11.336	>	6	31	59
1042	chr12	24708691	24708672	+	5.414	9.914	>	6	31	59
1043	chr8	92367135	92367116	-	5.406	6.984	>	6	31	59
1044	chr17	83866777	83866758	+	5.4	23.0	>	6	31	59
1045	chr13	55322636	55322617	-	5.4	7.0	>	6	31	59
1046	chr6	88893771	88893752	-	5.395	16.78	>	6	31	59
1047	chr19	8718731	8718712	-	5.383	8.6	>	6	31	59
1048	chr12	59220179	59220160	-	5.38	2.5	>	6	31	59
1049	chr14	60784526	60784507	+	5.367	16.06	>	6	31	59
1050	chr3	153658591	153658572	+	5.33	6.258	>	6	31	59
1051	chr9	77386949	77386930	-	5.312	12.24	>	6	31	59
1052	chr10	83219903	83219884	+	5.312	6.188	>	6	31	59
1053	chr6	15176967	15176948	-	5.31	2.947	>	6	31	59
1054	chr2	152604207	152604188	-	5.27	19.44	>	6	31	59
1055	chr2	39003369	39003350	-	5.26	1.671	>	6	31	59
1056	chr16	31425707	31425688	-	5.254	13.484	>	6	31	59
1057	chr5	137503018	137502999	-	5.227	3.691	>	6	31	59
1058	chr18	13973086	13973067	-	5.207	0.71	>	6	31	59
1059	chr17	68849016	68848997	-	5.2	1.891	>	6	31	59
1060	chr2	128408931	128408912	-	5.19	8.72	>	6	31	59
1061	chr14	97559790	97559771	-	5.16	2.041	>	6	31	59
1062	chr8	67903864	67903845	-	5.13	6.113	>	6	31	59
1063	chr14	56888181	56888162	-	5.125	3.316	>	6	31	59
1064	chr4	132198465	132198446	+	5.125	11.19	>	6	31	59
1065	chr2	39005861	39005842	-	5.12	3.883	>	6	31	59
1066	chr7	137471679	137471660	-	5.1	19.97	>	6	31	59
1067	chr6	64949075	64949056	+	5.09	5.168	>	6	31	59
1068	chr18	16821148	16821129	+	5.043	1.935	>	6	31	59
1069	chr2	93813566	93813547	+	5.04	13.086	>	6	31	59
1070	chr6	126481478	126481459	-	5.023	10.89	>	6	31	59
1071	chr1	181881093	181881074	-	4.984	10.19	>	6	31	59
1072	chr6	108065822	108065803	-	4.977	6.67	>	6	31	59
1073	chr4	88550373	88550354	+	4.938	4.04	>	6	31	59
1074	chr5	137502167	137502148	+	4.867	8.81	>	6	31	59
1075	chr8	77618148	77618129	-	4.86	4.188	>	6	31	59
1076	chr7	120098024	120098005	+	4.855	7.22	>	6	31	59
1077	chr2	75152706	75152687	-	4.824	10.55	>	6	31	59
1078	chr11	87950193	87950174	+	4.78	11.09	>	6	31	59
1079	chr11	94598936	94598917	-	4.746	10.49	>	6	31	59
1080	chr1	10229119	10229100	+	4.746	0.972	>	6	31	59
1081	chr7	143476888	143476869	+	4.746	8.89	>	6	31	59
1082	chr9	102607693	102607674	-	4.715	3.604	>	6	31	59
1083	chr8	32009749	32009730	+	4.71	6.785	>	6	31	59
1084	chr3	99262117	99262098	-	4.707	1.889	>	6	31	59
1085	chr18	75607987	75607968	+	4.664	23.11	>	6	31	59
1086	chr7	75380211	75380192	-	4.64	2.41	>	6	31	59
1087	chr3	135863108	135863089	+	4.64	3.164	>	6	31	59
1088	chr4	87369015	87368996	-	4.625	9.125	>	6	31	59
1089	chr8	84639535	84639516	+	4.605	13.88	>	6	31	59
1090	chr15	74524301	74524282	+	4.586	13.7	>	6	31	59
1091	chr17	57007316	57007297	-	4.582	9.42	>	6	31	59
1092	chr11	30893985	30893966	+	4.547	0.9004	>	6	31	59
1093	chr19	57360190	57360171	-	4.543	2.654	>	6	31	59
1094	chr8	110102657	110102638	-	4.53	9.24	>	6	31	59
1095	chr7	135389259	135389240	-	4.53	9.336	>	6	31	59
1096	chr4	152527530	152527511	+	4.516	13.99	>	6	31	59
1097	chr13	103710441	103710422	+	4.5	4.57	>	6	31	59
1098	chr10	120896053	120896034	+	4.5	2.322	>	6	31	59
1099	chr18	5155632	5155613	-	4.484	6.39	>	6	31	59
1100	chr12	80141693	80141674	-	4.45	17.05	>	6	31	59
1101	chr5	118763566	118763547	-	4.418	12.81	>	6	31	59
1102	chr12	14150175	14150156	+	4.406	3.688	>	6	31	59
1103	chr10	128990300	128990281	-	4.4	8.03	>	6	31	59
1104	chr10	30834038	30834019	-	4.37	4.473	>	6	31	59
1105	chr6	50618483	50618464	+	4.367	12.766	>	6	31	59
1106	chr15	9748972	9748953	-	4.36	3.496	>	6	31	59
1107	chr16	92308164	92308145	-	4.355	11.22	>	6	31	59
1108	chr2	9881964	9881945	-	4.355	2.918	>	6	31	59
1109	chr8	123106089	123106070	+	4.336	8.18	>	6	31	59
1110	chr5	98346264	98346245	+	4.324	2.342	>	6	31	59
1111	chr10	40249841	40249822	-	4.316	12.23	>	6	31	59
1112	chr3	141457685	141457666	+	4.312	4.707	>	6	31	59
1113	chr9	40192620	40192601	-	4.3	2.145	>	6	31	59
1114	chr9	72448248	72448229	+	4.29	7.78	>	6	31	59
1115	chr13	24316809	24316790	-	4.273	3.682	>	6	31	59
1116	chr1	50927249	50927230	+	4.258	4.5	>	6	31	59
1117	chr11	102690417	102690398	-	4.223	12.195	>	6	31	59
1118	chr4	116627141	116627122	+	4.207	6.52	>	6	31	59
1119	chr15	76198817	76198798	+	4.164	10.72	>	6	31	59
1120	chr15	12113620	12113601	-	4.156	3.312	>	6	31	59
1121	chr1	115675059	115675040	+	4.152	5.223	>	6	31	59
1122	chr2	34644807	34644788	-	4.15	8.266	>	6	31	59
1123	chr2	166084974	166084955	-	4.133	18.12	>	6	31	59
1124	chr11	21571906	21571887	-	4.13	2.105	>	6	31	59
1125	chr15	9449709	9449690	-	4.062	0.543	>	6	31	59
1126	chr5	92664520	92664501	-	4.055	3.326	>	6	31	59
1127	chr12	77001216	77001197	+	4.043	1.105	>	6	31	59
1128	chr6	93757507	93757488	-	4.01	5.273	>	6	31	59
1129	chr19	56302794	56302775	+	4.01	3.797	>	6	31	59
1130	chr13	71954038	71954019	-	4.008	1.19	>	6	31	59
1131	chr4	17852015	17851996	-	4.0	0.8535	>	6	31	59
1132	chr18	39136126	39136107	+	3.992	1.932	>	6	31	59
1133	chr1	153489234	153489215	-	3.99	7.715	>	6	31	59
1134	chr9	66136172	66136153	-	3.988	5.383	>	6	31	59
1135	chr11	109621431	109621412	-	3.979	11.484	>	6	31	59
1136	chr13	91723318	91723299	+	3.959	5.49	>	6	31	59
1137	chr13	3642291	3642272	-	3.959	4.75	>	6	31	59
1138	chr13	47304770	47304751	+	3.957	6.746	>	6	31	59
1139	chr2	121144456	121144437	+	3.953	4.504	>	6	31	59
1140	chr13	93772223	93772204	-	3.928	3.56	>	6	31	59
1141	chr10	70967079	70967060	+	3.916	4.88	>	6	31	59
1142	chr13	59417085	59417066	-	3.91	5.0	>	6	31	59
1143	chr7	102484972	102484953	-	3.883	7.0	>	6	31	59
1144	chr5	38235667	38235648	-	3.879	10.78	>	6	31	59
1145	chr14	56885401	56885382	+	3.87	2.412	>	6	31	59
1146	chr11	75170669	75170650	-	3.861	7.984	>	6	31	59
1147	chr11	77980417	77980398	+	3.846	9.5	>	6	31	59
1148	chr9	94738712	94738693	+	3.828	14.92	>	6	31	59
1149	chr6	140466500	140466481	-	3.816	3.785	>	6	31	59
1150	chr19	57361025	57361006	-	3.814	6.484	>	6	31	59
1151	chr12	58972459	58972440	+	3.777	2.135	>	6	31	59
1152	chr2	61490636	61490617	+	3.775	5.23	>	6	31	59
1153	chr4	44310651	44310632	+	3.762	4.973	>	6	31	59
1154	chr11	52766147	52766128	+	3.734	1.83	>	6	31	59
1155	chr13	72627587	72627568	-	3.717	4.066	>	6	31	59
1156	chr9	23012459	23012440	-	3.71	1.704	>	6	31	59
1157	chr16	31427924	31427905	-	3.705	3.383	>	6	31	59
1158	chr12	29895773	29895754	+	3.691	1.481	>	6	31	59
1159	chr9	73154557	73154538	+	3.666	9.1	>	6	31	59
1160	chr1	127484437	127484418	-	3.66	8.8	>	6	31	59
1161	chr9	107566236	107566217	+	3.656	7.098	>	6	31	59
1162	chr2	68118338	68118319	+	3.652	4.36	>	6	31	59
1163	chr11	11140836	11140817	-	3.629	13.69	>	6	31	59
1164	chr12	74014936	74014917	-	3.627	5.97	>	6	31	59
1165	chr7	138396301	138396282	-	3.621	0.934	>	6	31	59
1166	chr14	103534605	103534586	+	3.617	5.312	>	6	31	59
1167	chr10	115164112	115164093	-	3.613	3.031	>	6	31	59
1168	chr7	119019764	119019745	+	3.598	7.113	>	6	31	59
1169	chr13	96389525	96389506	-	3.588	1.339	>	6	31	59
1170	chr14	74723724	74723705	-	3.586	5.766	>	6	31	59
1171	chr14	55114114	55114095	-	3.57	7.387	>	6	31	59
1172	chr9	62784468	62784449	+	3.562	12.84	>	6	31	59
1173	chr10	127678167	127678148	-	3.541	2.129	>	6	31	59
1174	chr17	55948218	55948199	-	3.535	4.3	>	6	31	59
1175	chr11	78183263	78183244	-	3.525	12.305	>	6	31	59
1176	chr6	59207403	59207384	-	3.508	1.477	>	6	31	59
1177	chr6	135416919	135416900	+	3.498	4.027	>	6	31	59
1178	chr5	122104403	122104384	+	3.492	11.98	>	6	31	59
1179	chr13	37971068	37971049	-	3.482	3.088	>	6	31	59
1180	chr5	114612410	114612391	+	3.48	13.6	>	6	31	59
1181	chr10	114442226	114442207	+	3.46	2.104	>	6	31	59
1182	chr2	145655527	145655508	-	3.44	2.05	>	6	31	59
1183	chr7	109507351	109507332	-	3.418	1.832	>	6	31	59
1184	chr16	10009965	10009946	+	3.402	4.965	>	6	31	59
1185	chr14	67969032	67969013	-	3.385	5.523	>	6	31	59
1186	chr5	140744055	140744036	-	3.348	10.35	>	6	31	59
1187	chr1	56984334	56984315	+	3.338	2.584	>	6	31	59
1188	chr2	137110782	137110763	+	3.328	1.323	>	6	31	59
1189	chr16	22267525	22267506	+	3.322	1.262	>	6	31	59
1190	chr16	4884595	4884576	-	3.3	2.822	>	6	31	59
1191	chr5	19458406	19458387	-	3.291	6.625	>	6	31	59
1192	chr1	84697217	84697198	-	3.29	7.492	>	6	31	59
1193	chr14	122903088	122903069	-	3.29	2.205	>	6	31	59
1194	chr7	64056729	64056710	-	3.273	1.214	>	6	31	59
1195	chr9	71624061	71624042	-	3.273	15.39	>	6	31	59
1196	chr9	96885958	96885939	-	3.271	10.016	>	6	31	59
1197	chr18	46964733	46964714	-	3.266	8.555	>	6	31	59
1198	chr3	122638475	122638456	+	3.26	4.82	>	6	31	59
1199	chr9	94733848	94733829	+	3.256	3.768	>	6	31	59
1200	chr1	167938404	167938385	-	3.25	6.79	>	6	31	59
1201	chr1	180811841	180811822	+	3.244	6.383	>	6	31	59
1202	chr10	42760472	42760453	+	3.229	1.784	>	6	31	59
1203	chr18	20598347	20598328	+	3.213	4.758	>	6	31	59
1204	chr17	71909305	71909286	+	3.203	3.572	>	6	31	59
1205	chr1	34459898	34459879	+	3.193	3.389	>	6	31	59
1206	chr4	117202234	117202215	-	3.191	9.61	>	6	31	59
1207	chr15	101313974	101313955	-	3.178	2.96	>	6	31	59
1208	chr16	13438138	13438119	+	3.176	1.241	>	6	31	59
1209	chr7	114878499	114878480	+	3.174	1.604	>	6	31	59
1210	chr11	109866735	109866716	+	3.166	2.812	>	6	31	59
1211	chr3	123509329	123509310	+	3.162	5.67	>	6	31	59
1212	chr3	114085881	114085862	-	3.146	0.5283	>	6	31	59
1213	chr4	120149384	120149365	-	3.145	8.09	>	6	31	59
1214	chr16	4549594	4549575	-	3.137	11.12	>	6	31	59
1215	chr15	78872224	78872205	+	3.133	9.35	>	6	31	59
1216	chr12	57231261	57231242	-	3.127	3.32	>	6	31	59
1217	chr9	71624949	71624930	-	3.125	15.0	>	6	31	59
1218	chr4	18963859	18963840	-	3.12	4.01	>	6	31	59
1219	chr8	40913366	40913347	-	3.115	1.625	>	6	31	59
1220	chr5	21645240	21645221	-	3.11	1.259	>	6	31	59
1221	chr10	68357244	68357225	+	3.094	1.353	>	6	31	59
1222	chr2	93812077	93812058	-	3.06	11.82	>	6	31	59
1223	chr12	75669431	75669412	-	3.05	4.1	>	6	31	59
1224	chr1	12844023	12844004	+	3.033	4.33	>	6	31	59
1225	chr12	86697142	86697123	+	3.025	6.996	>	6	31	59
1226	chr9	98033678	98033659	+	3.021	1.525	>	6	31	59
1227	chr19	37946902	37946883	+	3.02	4.082	>	6	31	59
1228	chr9	75271676	75271657	+	3.01	4.42	>	6	31	59
1229	chr11	55162881	55162862	+	2.996	3.625	>	6	31	59
1230	chr17	25274339	25274320	-	2.984	4.45	>	6	31	59
1231	chr6	108065317	108065298	+	2.984	5.535	>	6	31	59
1232	chr7	5071749	5071730	-	2.928	2.754	>	6	31	59
1233	chr3	152477906	152477887	-	2.922	3.295	>	6	31	59
1234	chr5	28090770	28090751	-	2.922	2.412	>	6	31	59
1235	chr14	78282622	78282603	+	2.91	2.186	>	6	31	59
1236	chr14	88480122	88480103	-	2.906	3.236	>	6	31	59
1237	chr7	107569047	107569028	+	2.902	1.588	>	6	31	59
1238	chr3	83777088	83777069	-	2.879	3.992	>	6	31	59
1239	chr8	48550865	48550846	+	2.871	0.592	>	6	31	59
1240	chr7	132575955	132575936	-	2.855	4.473	>	6	31	59
1241	chr14	79769127	79769108	-	2.852	4.36	>	6	31	59
1242	chr17	69974245	69974226	-	2.799	1.284	>	6	31	59
1243	chr12	66284211	66284192	-	2.793	5.484	>	6	31	59
1244	chr6	83796902	83796883	-	2.785	3.35	>	6	31	59
1245	chr9	44108077	44108058	+	2.785	11.375	>	6	31	59
1246	chr11	116023924	116023905	+	2.777	6.906	>	6	31	59
1247	chr3	86779824	86779805	-	2.775	8.64	>	6	31	59
1248	chr19	46056202	46056183	+	2.77	5.27	>	6	31	59
1249	chr10	108210181	108210162	-	2.762	0.674	>	6	31	59
1250	chr8	27001386	27001367	+	0.4329	0.4077	>	6	31	59
1251	chr17	28338029	28338010	-	0.252	0.265	>	6	31	59
1252	chr11	76445826	76445807	-	0.2268	0.1863	>	6	31	59
1253	chr5	144244146	144244127	-	0.311	0.3691	>	6	31	59
1254	chr14	79768803	79768784	-	0.3076	0.2808	>	6	31	59
1255	chr9	26778623	26778604	-	1.299	0.6914	>	6	31	59
1256	chr7	25392052	25392033	+	0.2487	0.242	>	6	31	59
1257	chr3	101484879	101484860	-	0.3438	0.528	>	6	31	59
1258	chr2	69113988	69113969	+	0.2472	0.1981	>	6	31	59
1259	chr13	29852447	29852428	-	0.1781	0.1941	>	6	31	59
1260	chr2	60213231	60213212	-	0.1073	0.1628	>	6	31	59
1261	chr2	171418157	171418138	-	0.1407	0.2131	>	6	31	59
1262	chr7	64392050	64392031	-	0.514	0.2006	>	6	31	59
1263	chr15	36157434	36157415	-	0.7227	0.836	>	6	31	59
1264	chr4	49662357	49662338	-	0.4692	0.2915	>	6	31	59
1265	chr4	48422356	48422337	+	1.027	0.5225	>	6	31	59
1266	chr18	82720514	82720495	+	0.1605	0.1409	>	6	31	59
1267	chr1	172022686	172022667	+	0.1733	0.1764	>	6	31	59
1268	chr7	139595890	139595871	+	0.1575	0.2125	>	6	31	59
1269	chr12	73007842	73007823	-	0.345	0.2974	>	6	31	59
1270	chr17	27192928	27192909	-	0.1056	0.4468	>	6	31	59
1271	chr1	53698960	53698941	+	0.557	0.255	>	6	31	59
1272	chr18	12734380	12734361	+	0.207	0.1383	>	6	31	59
1273	chr6	126767488	126767469	-	0.2039	0.2483	>	6	31	59
1274	chr2	92856249	92856230	-	2.734	0.857	>	6	31	59
1275	chr11	74572851	74572832	+	0.2646	0.2705	>	6	31	59
1276	chr9	59675637	59675618	-	0.4082	0.744	>	6	31	59
1277	chr15	55025647	55025628	+	0.1847	0.1536	>	6	31	59
1278	chr4	120579150	120579131	-	0.33	0.264	>	6	31	59
1279	chr15	74525720	74525701	+	0.2172	0.2104	>	6	31	59
1280	chr1	88748095	88748076	+	0.1973	0.1881	>	6	31	59
1281	chr15	32239655	32239636	-	0.2822	0.1587	>	6	31	59
1282	chr7	36571183	36571164	+	0.1103	0.1942	>	6	31	59
1283	chr11	113855351	113855332	-	0.1613	0.1947	>	6	31	59
1284	chr6	90609163	90609144	+	2.127	1.159	>	6	31	59
1285	chr3	146181407	146181388	-	0.2034	0.3416	>	6	31	59
1286	chr10	69857222	69857203	-	0.3232	0.3599	>	6	31	59
1287	chr2	158361425	158361406	-	0.5625	0.2502	>	6	31	59
1288	chr5	136268179	136268160	-	0.1886	0.2153	>	6	31	59
1289	chr16	11983350	11983331	-	1.634	1.076	>	6	31	59
1290	chr2	84437773	84437754	+	0.2305	0.14	>	6	31	59
1291	chr18	24002018	24001999	-	0.133	0.1333	>	6	31	59
1292	chr1	130151533	130151514	-	0.4075	0.3347	>	6	31	59
1293	chr9	59675855	59675836	+	0.3367	0.2161	>	6	31	59
1294	chr11	116840251	116840232	-	0.3374	0.637	>	6	31	59
1295	chr2	155819963	155819944	+	0.07886	0.146	>	6	31	59
1296	chr14	105301632	105301613	+	0.206	0.2114	>	6	31	59
1297	chr12	9044592	9044573	+	0.1821	0.2019	>	6	31	59
1298	chr18	13971224	13971205	-	0.5337	0.3596	>	6	31	59
1299	chr5	136267600	136267581	-	0.2751	0.189	>	6	31	59
1300	chr5	33371430	33371411	+	0.3992	0.1644	>	6	31	59
1301	chr14	51090397	51090378	-	0.4153	0.243	>	6	31	59
1302	chr1	77935072	77935053	+	0.1814	0.1729	>	6	31	59
1303	chr11	119246049	119246030	-	0.204	0.3367	>	6	31	59
1304	chr17	50274949	50274930	-	0.441	0.1749	>	6	31	59
1305	chr8	108956442	108956423	+	0.5635	0.3044	>	6	31	59
1306	chr11	66885340	66885321	+	0.1636	0.169	>	6	31	59
1307	chr7	30099945	30099926	-	0.1979	0.1757	>	6	31	59
1308	chr15	99973159	99973140	-	0.1998	0.3345	>	6	31	59
1309	chr5	16308949	16308930	+	0.1567	0.1411	>	6	31	59
1310	chr6	119466578	119466559	-	0.9824	0.9795	>	6	31	59
1311	chr2	136886679	136886660	+	0.7764	0.2095	>	6	31	59
1312	chr14	79763594	79763575	-	0.2852	0.151	>	6	31	59
1313	chr2	170416012	170415993	+	0.1837	0.1256	>	6	31	59
1314	chr4	41015236	41015217	-	0.1882	0.1434	>	6	31	59
1315	chr11	70975109	70975090	+	0.713	0.3914	>	6	31	59
1316	chr5	122773202	122773183	+	0.11584	0.1375	>	6	31	59
1317	chr4	128588031	128588012	-	0.2659	0.1909	>	6	31	59
1318	chr8	122576186	122576167	-	0.11285	0.1545	>	6	31	59
1319	chr7	76383989	76383970	+	0.1553	0.154	>	6	31	59
1320	chr9	41467019	41467000	-	0.2223	0.1565	>	6	31	59
1321	chr1	32712246	32712227	-	0.05322	0.1516	>	6	31	59
1322	chr16	23974866	23974847	-	0.5283	0.3425	>	6	31	59
1323	chr15	84066194	84066175	-	0.6196	1.17	>	6	31	59
1324	chr11	40148920	40148901	-	1.272	0.642	>	6	31	59
1325	chr7	27166488	27166469	-	0.306	0.491	>	6	31	59
1326	chr11	30240273	30240254	+	0.4001	0.2556	>	6	31	59
1327	chr2	69115969	69115950	-	0.1754	0.1587	>	6	31	59
1328	chr9	113420569	113420550	-	0.2261	0.2178	>	6	31	59
1329	chr12	99882528	99882509	-	0.2617	0.1387	>	6	31	59
1330	chr5	77347648	77347629	-	0.3625	0.4211	>	6	31	59
1331	chr10	49780455	49780436	+	0.2179	0.1394	>	6	31	59
1332	chr5	75855263	75855244	-	0.6416	0.4326	>	6	31	59
1333	chr2	124087358	124087339	-	0.6436	0.2075	>	6	31	59
1334	chr14	49219056	49219037	+	0.678	0.694	>	6	31	59
1335	chr5	147938091	147938072	+	0.368	0.1842	>	6	31	59
1336	chr11	32340288	32340269	+	0.1792	0.1648	>	6	31	59
1337	chr16	50181579	50181560	+	0.2006	0.1838	>	6	31	59
1338	chr16	20496121	20496102	-	0.6714	0.1777	>	6	31	59
1339	chr8	76775680	76775661	+	0.135	0.1975	>	6	31	59
1340	chr14	65597676	65597657	+	0.6543	0.452	>	6	31	59
1341	chr7	64754771	64754752	+	0.1351	0.2295	>	6	31	59
1342	chr2	166083979	166083960	-	0.2964	0.2065	>	6	31	59
1343	chr16	44140440	44140421	+	0.4607	0.3381	>	6	31	59
1344	chr12	90524338	90524319	-	0.3223	0.2983	>	6	31	59
1345	chr5	89391716	89391697	+	0.1626	0.1418	>	6	31	59
1346	chr9	59675438	59675419	-	0.2104	0.1542	>	6	31	59
1347	chr19	16339103	16339084	-	0.1967	0.1177	>	6	31	59
1348	chr13	30545067	30545048	+	0.3672	0.2915	>	6	31	59
1349	chr1	92462681	92462662	+	0.3916	0.1832	>	6	31	59
1350	chr4	84066283	84066264	-	0.1898	0.1552	>	6	31	59
1351	chr9	83373922	83373903	-	0.2197	0.1434	>	6	31	59
1352	chr4	88773969	88773950	-	0.9507	8.01	>	6	31	59
1353	chr9	123132258	123132239	-	0.1687	0.1416	>	6	31	59
1354	chr17	34958843	34958824	-	0.2079	0.5464	>	6	31	59
1355	chr12	50946225	50946206	+	0.2341	0.157	>	6	31	59
1356	chr13	73647252	73647233	+	0.267	0.1704	>	6	31	59
1357	chr11	83279300	83279281	-	0.4434	0.2251	>	6	31	59
1358	chr17	8986048	8986029	-	0.3325	0.212	>	6	31	59
1359	chr4	14935721	14935702	-	0.7095	0.296	>	6	31	59
1360	chr4	75076699	75076680	+	0.09125	0.2014	>	6	31	59
1361	chr5	114610713	114610694	+	0.0985	0.1626	>	6	31	59
1362	chr9	83378273	83378254	-	0.471	0.2808	>	6	31	59
1363	chr9	107773182	107773163	-	0.1786	0.1414	>	6	31	59
1364	chr9	41218030	41218011	+	0.1323	0.1355	>	6	31	59
1365	chr9	105644718	105644699	+	0.4255	0.1808	>	6	31	59
1366	chr8	84264441	84264422	-	1.261	1.4795	>	6	31	59
1367	chr4	135959453	135959434	+	0.112	0.2223	>	6	31	59
1368	chr1	24684268	24684249	+	0.4001	0.1942	>	6	31	59
1369	chr3	87748577	87748558	-	0.7593	0.4382	>	6	31	59
1370	chr9	54690950	54690931	+	0.11566	0.136	>	6	31	59
1371	chr15	82277690	82277671	-	0.9043	0.4492	>	6	31	59
1372	chr5	115498528	115498509	-	0.2693	0.2164	>	6	31	59
1373	chr9	56621276	56621257	+	0.10846	0.253	>	6	31	59
1374	chr18	81956733	81956714	-	0.2815	0.2637	>	6	31	59
1375	chr10	22791401	22791382	-	0.1346	0.2358	>	6	31	59
1376	chr15	82271301	82271282	+	0.836	0.1838	>	6	31	59
1377	chr12	69946159	69946140	+	0.555	0.455	>	6	31	59
1378	chr14	101442800	101442781	+	0.2983	0.1344	>	6	31	59
1379	chr2	164777017	164776998	-	0.5176	0.361	>	6	31	59
1380	chr10	24631573	24631554	-	1.178	1.224	>	6	31	59
1381	chr1	136528510	136528491	-	1.761	0.7373	>	6	31	59
1382	chr10	19222118	19222099	-	1.411	0.8228	>	6	31	59
1383	chr14	56885508	56885489	-	2.348	4.004	>	6	31	59
1384	chr8	85060493	85060474	-	0.9688	0.437	>	6	31	59
1385	chr11	96075822	96075803	-	0.9316	0.4944	>	6	31	59
1386	chr11	77476535	77476516	+	0.1632	0.2383	>	6	31	59
1387	chr1	81294004	81293985	-	0.905	0.562	>	6	31	59
1388	chr12	15520954	15520935	+	0.7183	0.4033	>	6	31	59
1389	chr7	66397054	66397035	+	0.1594	0.2107	>	6	31	59
1390	chr12	74014582	74014563	-	0.2377	0.1973	>	6	31	59
1391	chr5	144242554	144242535	-	0.241	0.1987	>	6	31	59
1392	chr15	66894943	66894924	+	0.2703	0.2021	>	6	31	59
1393	chr6	126484995	126484976	-	0.4333	1.278	>	6	31	59
1394	chr4	48427148	48427129	+	0.678	0.3833	>	6	31	59
1395	chr15	71459211	71459192	+	0.252	0.1731	>	6	31	59
1396	chr3	19896435	19896416	-	0.2361	0.1467	>	6	31	59
1397	chr8	68268707	68268688	-	0.1398	0.1492	>	6	31	59
1398	chr1	182555580	182555561	-	0.1982	0.1915	>	6	31	59
1399	chr9	44413186	44413167	-	0.534	0.393	>	6	31	59
1400	chr14	70151716	70151697	+	0.3604	0.2382	>	6	31	59
1401	chr4	62478250	62478231	+	0.438	0.1328	>	6	31	59
1402	chr3	127561629	127561610	-	0.2183	0.12354	>	6	31	59
1403	chr3	69139614	69139595	-	0.397	0.2261	>	6	31	59
1404	chr17	17919616	17919597	+	0.1678	0.167	>	6	31	59
1405	chr4	139314214	139314195	-	0.2279	0.269	>	6	31	59
1406	chr18	61952763	61952744	-	0.2372	0.1731	>	6	31	59
1407	chr9	7599188	7599169	+	0.33	0.191	>	6	31	59
1408	chr10	120898341	120898322	-	0.3386	0.1467	>	6	31	59
1409	chr11	57469613	57469594	-	0.1846	0.2297	>	6	31	59
1410	chr18	58480198	58480179	-	0.2095	0.1665	>	6	31	59
1411	chr17	12380527	12380508	-	0.658	0.591	>	6	31	59
1412	chr2	107940173	107940154	+	0.11664	0.1351	>	6	31	59
1413	chr2	32580534	32580515	-	0.2605	0.4055	>	6	31	59
1414	chr15	98813480	98813461	+	0.3496	0.5376	>	6	31	59
1415	chr6	54253893	54253874	+	0.1663	0.1743	>	6	31	59
1416	chr1	135800865	135800846	+	0.1766	0.1665	>	6	31	59
1417	chr15	58426369	58426350	+	0.1996	0.1519	>	6	31	59
1418	chr4	87367775	87367756	+	0.3853	0.1472	>	6	31	59
1419	chr2	96583103	96583084	-	0.809	0.3242	>	6	31	59
1420	chr4	63366959	63366940	-	0.1979	0.1753	>	6	31	59
1421	chr4	59761293	59761274	-	0.3435	0.2113	>	6	31	59
1422	chr10	7832162	7832143	+	0.2646	0.1672	>	6	31	59
1423	chr7	89904213	89904194	-	0.2908	0.156	>	6	31	59
1424	chr1	30697342	30697323	+	0.1025	0.1263	>	6	31	59
1425	chr1	58987602	58987583	+	0.2202	0.1498	>	6	31	59
1426	chr15	7452190	7452171	+	0.1405	0.12085	>	6	31	59
1427	chr4	139877044	139877025	+	0.3875	0.2688	>	6	31	59
1428	chr3	83291887	83291868	-	0.0825	0.137	>	6	31	59
1429	chr15	68912907	68912888	-	0.5024	0.2024	>	6	31	59
1430	chr14	64593744	64593725	-	1.073	0.5703	>	6	31	59
1431	chr1	56980349	56980330	-	0.2778	0.2322	>	6	31	59
1432	chr14	75833620	75833601	-	0.6006	0.4543	>	6	31	59
1433	chr16	62904648	62904629	-	0.217	0.1924	>	6	31	59
1434	chr5	35991229	35991210	-	1.033	1.082	>	6	31	59
1435	chr5	44287418	44287399	-	0.248	0.155	>	6	31	59
1436	chr15	76199915	76199896	-	0.07776	0.3071	>	6	31	59
1437	chr4	131240262	131240243	-	0.241	0.206	>	6	31	59
1438	chr5	102147917	102147898	-	0.228	0.2458	>	6	31	59
1439	chr3	93086926	93086907	+	0.0978	0.1787	>	6	31	59
1440	chr6	126163382	126163363	+	2.373	1.376	>	6	31	59
1441	chr3	45375769	45375750	+	1.051	0.2544	>	6	31	59
1442	chr16	90306219	90306200	-	0.3647	0.3506	>	6	31	59
1443	chr17	3249270	3249251	-	0.1843	0.136	>	6	31	59
1444	chr4	143024421	143024402	-	0.087	0.1317	>	6	31	59
1445	chr19	47513892	47513873	-	0.2471	0.1393	>	6	31	59
1446	chr6	66534595	66534576	-	1.387	0.675	>	6	31	59
1447	chr6	134963172	134963153	-	0.6475	0.5996	>	6	31	59
1448	chr14	56369245	56369226	+	0.2401	0.1912	>	6	31	59
1449	chr18	53460219	53460200	+	0.1775	0.162	>	6	31	59
1450	chr7	89476922	89476903	-	0.2163	0.1522	>	6	31	59
1451	chr6	34273116	34273097	+	0.0673	0.1545	>	6	31	59
1452	chr7	142295608	142295589	-	1.062	6.32	>	6	31	59
1453	chr3	22302208	22302189	+	0.992	0.3848	>	6	31	59
1454	chr6	31045994	31045975	-	0.7534	0.959	>	6	31	59
1455	chr9	57143378	57143359	-	0.1816	0.2302	>	6	31	59
1456	chr6	101268340	101268321	+	0.2712	0.1924	>	6	31	59
1457	chr9	58897456	58897437	-	0.7163	0.4846	>	6	31	59
1458	chr17	79601068	79601049	+	0.2245	0.12476	>	6	31	59
1459	chr16	5254607	5254588	-	0.2883	0.22	>	6	31	59
1460	chr4	83595536	83595517	+	1.783	1.041	>	6	31	59
1461	chr9	51159881	51159862	-	0.6875	0.266	>	6	31	59
1462	chr14	66354429	66354410	+	0.1142	0.1388	>	6	31	59
1463	chr5	117090283	117090264	+	0.5806	0.4014	>	6	31	59
1464	chr2	168061425	168061406	-	0.1733	0.2051	>	6	31	59
1465	chr5	9169228	9169209	+	0.3306	0.1686	>	6	31	59
1466	chr6	28418701	28418682	-	0.4202	0.266	>	6	31	59
1467	chr12	105038443	105038424	-	0.1501	0.2063	>	6	31	59
1468	chr1	182558143	182558124	-	0.2264	0.1511	>	6	31	59
1469	chr8	47713300	47713281	-	1.078	1.646	>	6	31	59
1470	chr18	47357393	47357374	+	0.2007	0.1278	>	6	31	59
1471	chr1	118771083	118771064	-	0.1254	0.2006	>	6	31	59
1472	chr16	6493044	6493025	-	0.1927	0.1516	>	6	31	59
1473	chr9	42951005	42950986	-	0.3914	0.2078	>	6	31	59
1474	chr13	53430986	53430967	-	0.6504	0.3672	>	6	31	59
1475	chr13	67609268	67609249	+	2.162	0.826	>	6	31	59
1476	chr1	53035072	53035053	+	0.1465	0.1494	>	6	31	59
1477	chr7	99471824	99471805	-	0.3745	0.4907	>	6	31	59
1478	chr11	36543574	36543555	-	0.1156	0.1614	>	6	31	59
1479	chr5	124334258	124334239	-	0.3428	0.273	>	6	31	59
1480	chr10	76771414	76771395	-	0.1296	0.2047	>	6	31	59
1481	chr10	4386719	4386700	+	0.32	0.4492	>	6	31	59
1482	chr5	116554091	116554072	+	0.0876	0.1714	>	6	31	59
1483	chr10	41734858	41734839	+	0.1406	0.2605	>	6	31	59
1484	chr10	50906875	50906856	-	0.2361	0.1674	>	6	31	59
1485	chr11	31651668	31651649	+	0.07605	0.1534	>	6	31	59
1486	chr6	116193190	116193171	+	0.3687	0.372	>	6	31	59
1487	chr1	188976509	188976490	+	0.343	0.1833	>	6	31	59
1488	chr12	101976095	101976076	+	0.681	0.4116	>	6	31	59
1489	chr15	75925915	75925896	+	0.6084	0.9233	>	6	31	59
1490	chr1	4777287	4777268	-	0.9443	1.425	>	6	31	59
1491	chr18	86560230	86560211	+	0.7866	1.138	>	6	31	59
1492	chr7	43574878	43574859	+	1.292	1.347	>	6	31	59
1493	chr7	98200601	98200582	-	0.2927	0.1711	>	6	31	59
1494	chr4	143319849	143319830	+	0.2299	0.1525	>	6	31	59
1495	chr2	128601696	128601677	-	0.1208	0.207	>	6	31	59
1496	chr17	57004491	57004472	-	0.1467	0.2932	>	6	31	59
1497	chr2	35196541	35196522	-	1.081	0.3997	>	6	31	59
1498	chr5	29779371	29779352	+	0.1531	0.1671	>	6	31	59
1499	chr10	93038429	93038410	-	0.163	0.1875	>	6	31	59
0	chr4	87368268	87368249	+	90.56	65.75	>	6	32	58
1	chr11	109860827	109860808	-	89.2	47.97	>	6	32	58
2	chr3	22309188	22309169	+	81.5	60.4	>	6	32	58
3	chr10	5161770	5161751	-	79.2	55.88	>	6	32	58
4	chr16	71247702	71247683	+	68.56	43.2	>	6	32	58
5	chr16	72980067	72980048	-	68.3	56.7	>	6	32	58
6	chr6	60556001	60555982	+	67.7	40.38	>	6	32	58
7	chr5	7996919	7996900	-	66.06	59.4	>	6	32	58
8	chr14	12140114	12140095	-	65.1	51.62	>	6	32	58
9	chr13	81439574	81439555	+	64.94	46.94	>	6	32	58
10	chr9	103996726	103996707	-	64.9	51.25	>	6	32	58
11	chr15	56066340	56066321	+	63.97	42.94	>	6	32	58
12	chr10	106609250	106609231	+	63.97	42.62	>	6	32	58
13	chr1	144380222	144380203	-	63.4	48.44	>	6	32	58
14	chr10	8240468	8240449	-	62.34	45.88	>	6	32	58
15	chr12	77000269	77000250	+	62.22	54.97	>	6	32	58
16	chr1	44745882	44745863	+	62.12	40.25	>	6	32	58
17	chr4	81178889	81178870	+	62.03	50.0	>	6	32	58
18	chr9	10909768	10909749	+	61.12	47.94	>	6	32	58
19	chr6	64650119	64650100	-	60.56	60.88	>	6	32	58
20	chr15	32766485	32766466	-	60.56	46.62	>	6	32	58
21	chr4	9135983	9135964	+	60.03	34.12	>	6	32	58
22	chr7	118305013	118304994	+	59.5	47.62	>	6	32	58
23	chr10	39520570	39520551	-	58.34	40.5	>	6	32	58
24	chr1	78724658	78724639	+	58.25	47.28	>	6	32	58
25	chr2	160598038	160598019	+	57.94	55.8	>	6	32	58
26	chr18	33790258	33790239	-	57.72	56.3	>	6	32	58
27	chr12	40837750	40837731	+	57.5	46.25	>	6	32	58
28	chr8	41443763	41443744	+	57.34	56.06	>	6	32	58
29	chr14	68494314	68494295	-	56.94	24.97	>	6	32	58
30	chr1	11657910	11657891	+	56.8	43.62	>	6	32	58
31	chr11	77100337	77100318	+	55.88	49.25	>	6	32	58
32	chr16	41244935	41244916	-	55.72	48.0	>	6	32	58
33	chr14	87452291	87452272	-	55.72	63.0	>	6	32	58
34	chr18	16217050	16217031	+	54.9	26.8	>	6	32	58
35	chr11	53255133	53255114	-	54.8	39.5	>	6	32	58
36	chr9	7216447	7216428	+	54.56	27.64	>	6	32	58
37	chr8	35850598	35850579	-	54.5	50.94	>	6	32	58
38	chr8	102781131	102781112	-	54.44	41.34	>	6	32	58
39	chr5	49962010	49961991	-	54.16	50.88	>	6	32	58
40	chr7	90410162	90410143	-	54.06	39.75	>	6	32	58
41	chr4	15328717	15328698	+	54.03	40.72	>	6	32	58
42	chr11	31949616	31949597	-	54.0	41.44	>	6	32	58
43	chr1	120586671	120586652	+	53.8	57.06	>	6	32	58
44	chr13	19698921	19698902	+	53.16	40.8	>	6	32	58
45	chr12	57825950	57825931	+	53.03	34.38	>	6	32	58
46	chr16	72215933	72215914	-	52.7	45.56	>	6	32	58
47	chr9	15685402	15685383	+	52.62	45.03	>	6	32	58
48	chr10	10321327	10321308	-	52.47	23.97	>	6	32	58
49	chr9	49494135	49494116	+	52.4	51.5	>	6	32	58
50	chr3	50906169	50906150	-	52.12	57.06	>	6	32	58
51	chr11	57467973	57467954	-	52.03	54.47	>	6	32	58
52	chr11	113165316	113165297	-	51.88	57.94	>	6	32	58
53	chr9	51152608	51152589	-	51.8	48.22	>	6	32	58
54	chr16	58299658	58299639	+	51.56	30.08	>	6	32	58
55	chr16	22564783	22564764	+	51.44	49.16	>	6	32	58
56	chr8	36523135	36523116	-	51.4	44.44	>	6	32	58
57	chr14	34810941	34810922	+	51.3	52.97	>	6	32	58
58	chr6	101261740	101261721	-	51.0	49.47	>	6	32	58
59	chr7	132213694	132213675	-	50.8	38.62	>	6	32	58
60	chr2	48886271	48886252	-	50.28	44.53	>	6	32	58
61	chr12	54060974	54060955	-	50.12	27.78	>	6	32	58
62	chr1	5905019	5905000	-	50.06	44.22	>	6	32	58
63	chr9	26776375	26776356	-	50.0	53.88	>	6	32	58
64	chr1	103799519	103799500	+	49.53	56.44	>	6	32	58
65	chr9	88222188	88222169	-	49.5	40.1	>	6	32	58
66	chr18	58481884	58481865	-	49.28	39.28	>	6	32	58
67	chr13	100112788	100112769	+	49.16	37.22	>	6	32	58
68	chr3	14679394	14679375	+	49.06	29.97	>	6	32	58
69	chr16	37109459	37109440	+	48.75	19.0	>	6	32	58
70	chr3	153655318	153655299	-	48.72	48.28	>	6	32	58
71	chr16	89765698	89765679	-	48.38	54.0	>	6	32	58
72	chr13	89543228	89543209	-	48.3	56.84	>	6	32	58
73	chr11	40149509	40149490	-	48.28	36.34	>	6	32	58
74	chr3	113080940	113080921	-	48.2	53.4	>	6	32	58
75	chr10	70963797	70963778	-	47.53	51.97	>	6	32	58
76	chr6	66533480	66533461	-	47.34	41.22	>	6	32	58
77	chr18	57976815	57976796	+	47.28	41.3	>	6	32	58
78	chr12	92303388	92303369	+	47.12	48.12	>	6	32	58
79	chr6	43686140	43686121	+	47.1	34.0	>	6	32	58
80	chr15	11038687	11038668	+	47.06	40.16	>	6	32	58
81	chr6	13281064	13281045	-	47.06	44.4	>	6	32	58
82	chr4	25180081	25180062	-	46.94	22.34	>	6	32	58
83	chr2	110229883	110229864	+	46.8	37.2	>	6	32	58
84	chr2	118638293	118638274	+	46.34	48.4	>	6	32	58
85	chr14	67674858	67674839	-	46.2	40.62	>	6	32	58
86	chr1	179477262	179477243	-	45.97	54.9	>	6	32	58
87	chr12	78056191	78056172	+	45.84	48.03	>	6	32	58
88	chr15	44836402	44836383	+	45.7	45.75	>	6	32	58
89	chr9	80293262	80293243	+	45.3	48.66	>	6	32	58
90	chr1	21411405	21411386	+	45.28	35.97	>	6	32	58
91	chr8	80483379	80483360	-	45.28	32.34	>	6	32	58
92	chr16	55477026	55477007	-	44.9	60.88	>	6	32	58
93	chr9	122729759	122729740	-	44.72	40.56	>	6	32	58
94	chr2	17415581	17415562	-	44.56	38.03	>	6	32	58
95	chr4	13778049	13778030	-	44.5	20.47	>	6	32	58
96	chr16	64748455	64748436	-	44.47	52.25	>	6	32	58
97	chr6	57570627	57570608	-	44.28	34.06	>	6	32	58
98	chr16	13117421	13117402	+	44.28	48.25	>	6	32	58
99	chr1	54381475	54381456	-	44.12	34.1	>	6	32	58
100	chr15	40166896	40166877	+	44.03	40.53	>	6	32	58
101	chr17	83271696	83271677	+	44.0	39.2	>	6	32	58
102	chr9	63136063	63136044	+	43.94	32.22	>	6	32	58
103	chr3	68056550	68056531	+	43.88	35.0	>	6	32	58
104	chr3	25220822	25220803	-	43.8	23.62	>	6	32	58
105	chr7	118102455	118102436	-	43.53	59.94	>	6	32	58
106	chr9	51335485	51335466	+	43.47	26.75	>	6	32	58
107	chr16	96671807	96671788	-	43.4	27.66	>	6	32	58
108	chr2	113494904	113494885	+	43.34	43.28	>	6	32	58
109	chr1	55404561	55404542	+	43.25	39.06	>	6	32	58
110	chr3	80079969	80079950	+	43.0	35.7	>	6	32	58
111	chr11	25862989	25862970	-	42.66	37.9	>	6	32	58
112	chr13	109213188	109213169	-	42.6	60.5	>	6	32	58
113	chr8	58566283	58566264	+	42.56	33.8	>	6	32	58
114	chr16	72218227	72218208	+	42.38	47.1	>	6	32	58
115	chr14	102510640	102510621	-	42.34	35.9	>	6	32	58
116	chr7	143154010	143153991	+	42.16	43.66	>	6	32	58
117	chr6	143219585	143219566	+	42.1	41.62	>	6	32	58
118	chr17	86906334	86906315	-	41.97	47.25	>	6	32	58
119	chr8	62080400	62080381	+	41.97	30.6	>	6	32	58
120	chr3	57843985	57843966	+	41.94	43.75	>	6	32	58
121	chr18	3495634	3495615	+	41.62	36.03	>	6	32	58
122	chr7	125393847	125393828	-	41.56	47.0	>	6	32	58
123	chr7	86211564	86211545	-	41.56	46.4	>	6	32	58
124	chr9	60245127	60245108	+	41.38	43.16	>	6	32	58
125	chr6	131353859	131353840	-	41.3	15.89	>	6	32	58
126	chr15	98173991	98173972	-	41.25	24.88	>	6	32	58
127	chr17	88641249	88641230	-	41.12	34.25	>	6	32	58
128	chr9	87027908	87027889	+	41.1	38.34	>	6	32	58
129	chr4	70621553	70621534	-	40.97	48.38	>	6	32	58
130	chr12	41487236	41487217	-	40.88	35.94	>	6	32	58
131	chr4	127368548	127368529	+	40.8	49.72	>	6	32	58
132	chr8	50293750	50293731	-	40.75	48.2	>	6	32	58
133	chr16	27468981	27468962	+	40.75	34.62	>	6	32	58
134	chr7	121641354	121641335	-	40.7	30.69	>	6	32	58
135	chr3	29726795	29726776	-	40.7	30.42	>	6	32	58
136	chr14	29110872	29110853	-	40.66	51.22	>	6	32	58
137	chr13	116712427	116712408	-	40.62	33.1	>	6	32	58
138	chr18	19939562	19939543	-	40.47	45.7	>	6	32	58
139	chr15	80704533	80704514	-	40.28	46.53	>	6	32	58
140	chr18	50137074	50137055	+	40.28	37.62	>	6	32	58
141	chr13	15763212	15763193	-	40.25	29.53	>	6	32	58
142	chr19	50185486	50185467	+	40.22	44.2	>	6	32	58
143	chr12	74013965	74013946	-	40.22	40.8	>	6	32	58
144	chr1	138835543	138835524	+	40.06	20.81	>	6	32	58
145	chr15	55550924	55550905	-	40.06	37.12	>	6	32	58
146	chr1	61771439	61771420	-	40.06	23.55	>	6	32	58
147	chr12	34664961	34664942	+	40.0	19.7	>	6	32	58
148	chr14	78288101	78288082	-	39.8	38.8	>	6	32	58
149	chr2	4499416	4499397	+	39.78	33.88	>	6	32	58
150	chr13	30260132	30260113	-	39.75	32.75	>	6	32	58
151	chr9	68015271	68015252	+	39.2	39.0	>	6	32	58
152	chr1	126993502	126993483	-	39.06	47.2	>	6	32	58
153	chr16	25349824	25349805	-	39.0	41.2	>	6	32	58
154	chr1	14729249	14729230	-	38.94	39.3	>	6	32	58
155	chr15	59389427	59389408	+	38.7	46.34	>	6	32	58
156	chr6	100882590	100882571	+	38.66	49.44	>	6	32	58
157	chr3	9711121	9711102	+	38.62	35.47	>	6	32	58
158	chr6	21214019	21214000	-	38.47	24.2	>	6	32	58
159	chr17	42603617	42603598	-	38.47	42.5	>	6	32	58
160	chr4	80517548	80517529	-	38.47	41.4	>	6	32	58
161	chr9	85328584	85328565	-	38.28	30.06	>	6	32	58
162	chr17	44262001	44261982	+	38.22	44.16	>	6	32	58
163	chr10	102449665	102449646	+	38.2	48.84	>	6	32	58
164	chr17	14520745	14520726	-	38.12	30.45	>	6	32	58
165	chr13	51830925	51830906	+	38.0	56.0	>	6	32	58
166	chr12	83502436	83502417	-	37.97	34.4	>	6	32	58
167	chr5	75853265	75853246	-	37.94	27.88	>	6	32	58
168	chr13	110382742	110382723	+	37.88	61.84	>	6	32	58
169	chr5	62481159	62481140	-	37.8	35.4	>	6	32	58
170	chr7	49121503	49121484	-	37.7	29.61	>	6	32	58
171	chr15	11966575	11966556	-	37.66	34.72	>	6	32	58
172	chr3	31146135	31146116	+	37.53	44.5	>	6	32	58
173	chr2	37815879	37815860	+	37.47	39.2	>	6	32	58
174	chr5	33033442	33033423	-	37.44	48.28	>	6	32	58
175	chr9	7595466	7595447	-	37.4	28.72	>	6	32	58
176	chr5	21641153	21641134	-	37.3	33.66	>	6	32	58
177	chr14	48367302	48367283	-	37.12	39.88	>	6	32	58
178	chr17	14524624	14524605	+	37.1	38.88	>	6	32	58
179	chr4	84064835	84064816	+	37.06	23.38	>	6	32	58
180	chr4	63368786	63368767	+	37.06	51.6	>	6	32	58
181	chr5	102149680	102149661	+	37.03	38.97	>	6	32	58
182	chr12	32897684	32897665	-	36.88	40.9	>	6	32	58
183	chr16	91936532	91936513	+	36.72	43.06	>	6	32	58
184	chr6	37046379	37046360	-	36.72	47.7	>	6	32	58
185	chr18	59081896	59081877	+	36.7	37.34	>	6	32	58
186	chr6	103697552	103697533	-	36.3	43.6	>	6	32	58
187	chr18	19937930	19937911	+	36.3	37.56	>	6	32	58
188	chr6	93757594	93757575	+	36.28	18.31	>	6	32	58
189	chr17	9756371	9756352	+	36.28	21.2	>	6	32	58
190	chr2	96585854	96585835	+	36.25	26.84	>	6	32	58
191	chr11	82915176	82915157	+	36.2	36.34	>	6	32	58
192	chr6	6005837	6005818	+	36.03	35.2	>	6	32	58
193	chr1	98392238	98392219	-	36.03	38.97	>	6	32	58
194	chr7	48749384	48749365	+	35.94	38.3	>	6	32	58
195	chr11	105911812	105911793	-	35.9	37.8	>	6	32	58
196	chr10	45045486	45045467	-	35.8	35.22	>	6	32	58
197	chr2	4492748	4492729	-	35.75	19.97	>	6	32	58
198	chr6	18087397	18087378	+	35.75	40.84	>	6	32	58
199	chr5	90203341	90203322	+	35.7	41.12	>	6	32	58
200	chr7	136489148	136489129	+	35.62	28.06	>	6	32	58
201	chr9	109862620	109862601	-	35.6	34.12	>	6	32	58
202	chr15	59876355	59876336	+	35.3	32.16	>	6	32	58
203	chr14	76473612	76473593	-	35.25	45.66	>	6	32	58
204	chr3	128349320	128349301	+	35.03	41.75	>	6	32	58
205	chr3	45375963	45375944	+	35.03	23.92	>	6	32	58
206	chr3	133314669	133314650	+	34.97	39.0	>	6	32	58
207	chr1	96801850	96801831	-	34.84	30.55	>	6	32	58
208	chr7	115216958	115216939	+	34.62	30.45	>	6	32	58
209	chr9	59282577	59282558	-	34.62	26.88	>	6	32	58
210	chr2	148112135	148112116	-	34.5	31.5	>	6	32	58
211	chr18	52457916	52457897	-	34.47	28.2	>	6	32	58
212	chr6	56691454	56691435	-	34.34	42.2	>	6	32	58
213	chr13	20292580	20292561	-	34.3	38.5	>	6	32	58
214	chr13	57260119	57260100	-	34.25	52.66	>	6	32	58
215	chr13	113877615	113877596	+	34.25	36.75	>	6	32	58
216	chr13	116715029	116715010	-	34.1	31.72	>	6	32	58
217	chr4	83596692	83596673	-	34.1	52.75	>	6	32	58
218	chr8	64941619	64941600	-	34.06	33.75	>	6	32	58
219	chr3	51701488	51701469	+	34.03	22.56	>	6	32	58
220	chr14	120061322	120061303	-	33.84	29.2	>	6	32	58
221	chr7	75910166	75910147	+	33.8	57.6	>	6	32	58
222	chr4	98702698	98702679	-	33.78	31.62	>	6	32	58
223	chr3	146185137	146185118	+	33.62	52.6	>	6	32	58
224	chr4	151157152	151157133	+	33.53	59.38	>	6	32	58
225	chr5	43391861	43391842	-	33.5	21.5	>	6	32	58
226	chr11	93856511	93856492	-	33.47	26.19	>	6	32	58
227	chr14	59605843	59605824	+	33.47	40.3	>	6	32	58
228	chr14	84438580	84438561	+	33.44	23.31	>	6	32	58
229	chr12	50943824	50943805	-	33.28	38.56	>	6	32	58
230	chr7	83550335	83550316	-	33.2	30.12	>	6	32	58
231	chr6	117167008	117166989	+	33.03	30.3	>	6	32	58
232	chr4	12538791	12538772	+	33.0	21.84	>	6	32	58
233	chr18	47353079	47353060	+	32.84	24.58	>	6	32	58
234	chr5	12541496	12541477	-	32.72	22.56	>	6	32	58
235	chr2	60721127	60721108	+	32.72	22.53	>	6	32	58
236	chr11	78838251	78838232	+	32.72	51.5	>	6	32	58
237	chr8	73356225	73356206	+	32.62	23.39	>	6	32	58
238	chr12	10598567	10598548	+	32.5	41.56	>	6	32	58
239	chr19	20345158	20345139	-	32.25	47.94	>	6	32	58
240	chr17	58909486	58909467	-	32.16	39.4	>	6	32	58
241	chr10	69655037	69655018	-	32.12	36.56	>	6	32	58
242	chr4	3967733	3967714	-	32.12	41.75	>	6	32	58
243	chr16	21192795	21192776	-	32.06	38.78	>	6	32	58
244	chr11	12291593	12291574	-	32.0	15.54	>	6	32	58
245	chr11	117385082	117385063	+	31.83	36.6	>	6	32	58
246	chr12	32292095	32292076	+	31.73	20.83	>	6	32	58
247	chr4	64833096	64833077	+	31.69	34.34	>	6	32	58
248	chr13	47301245	47301226	+	31.67	43.9	>	6	32	58
249	chr1	89631957	89631938	-	31.56	45.38	>	6	32	58
250	chr9	69296601	69296582	-	31.53	38.66	>	6	32	58
251	chr3	53735364	53735345	+	31.28	24.5	>	6	32	58
252	chr10	45373471	45373452	-	31.2	37.7	>	6	32	58
253	chr8	91797725	91797706	+	31.19	30.23	>	6	32	58
254	chr4	88035662	88035643	+	31.06	19.66	>	6	32	58
255	chr2	75151187	75151168	-	31.05	37.9	>	6	32	58
256	chr14	66791971	66791952	-	31.02	32.1	>	6	32	58
257	chr2	93199062	93199043	-	30.9	51.25	>	6	32	58
258	chr2	73551006	73550987	+	30.86	53.72	>	6	32	58
259	chr12	89451144	89451125	-	30.81	40.1	>	6	32	58
260	chr16	66086729	66086710	-	30.81	33.7	>	6	32	58
261	chr14	114791647	114791628	-	30.72	37.2	>	6	32	58
262	chr4	43420547	43420528	-	30.61	34.5	>	6	32	58
263	chr1	87447687	87447668	+	30.56	32.53	>	6	32	58
264	chr15	55306471	55306452	+	30.56	24.06	>	6	32	58
265	chr15	97667578	97667559	+	30.52	37.12	>	6	32	58
266	chr2	16359548	16359529	+	30.47	16.92	>	6	32	58
267	chr14	8356099	8356080	+	30.42	51.06	>	6	32	58
268	chr3	19894816	19894797	-	30.38	33.66	>	6	32	58
269	chr12	43813750	43813731	-	30.34	24.06	>	6	32	58
270	chr2	27770378	27770359	+	30.12	46.8	>	6	32	58
271	chr16	48675836	48675817	-	30.12	28.97	>	6	32	58
272	chr10	13016733	13016714	+	30.1	53.44	>	6	32	58
273	chr2	76367359	76367340	+	30.05	30.6	>	6	32	58
274	chr2	115515230	115515211	+	30.05	12.29	>	6	32	58
275	chr19	16785108	16785089	-	30.03	27.4	>	6	32	58
276	chr3	78948444	78948425	+	30.03	29.16	>	6	32	58
277	chr1	37250876	37250857	-	29.94	25.45	>	6	32	58
278	chr18	74431409	74431390	+	29.94	28.48	>	6	32	58
279	chr1	38787652	38787633	-	29.89	46.22	>	6	32	58
280	chr3	14874584	14874565	+	29.88	22.88	>	6	32	58
281	chr9	69505778	69505759	+	29.88	30.58	>	6	32	58
282	chr10	84450913	84450894	-	29.77	31.7	>	6	32	58
283	chr2	172216047	172216028	-	29.77	65.06	>	6	32	58
284	chr10	97712895	97712876	+	29.72	22.83	>	6	32	58
285	chr1	4770074	4770055	+	29.72	39.66	>	6	32	58
286	chr12	50301580	50301561	-	29.69	16.55	>	6	32	58
287	chr15	85266923	85266904	+	29.69	42.06	>	6	32	58
288	chr4	85403030	85403011	+	29.62	27.23	>	6	32	58
289	chr6	97526370	97526351	-	29.53	31.17	>	6	32	58
290	chr8	112046096	112046077	+	29.5	62.6	>	6	32	58
291	chr12	96311368	96311349	-	29.48	23.8	>	6	32	58
292	chr1	93507239	93507220	-	29.45	32.5	>	6	32	58
293	chr13	21714927	21714908	+	29.4	37.72	>	6	32	58
294	chr6	49008180	49008161	+	29.38	27.1	>	6	32	58
295	chr17	17749545	17749526	-	29.36	32.88	>	6	32	58
296	chr6	145360253	145360234	+	29.34	33.62	>	6	32	58
297	chr7	17066630	17066611	-	29.27	41.75	>	6	32	58
298	chr12	81788850	81788831	-	29.25	32.47	>	6	32	58
299	chr7	129649172	129649153	+	29.19	42.88	>	6	32	58
300	chr14	104039053	104039034	+	29.17	41.16	>	6	32	58
301	chr13	41634744	41634725	-	29.08	40.84	>	6	32	58
302	chr7	138835232	138835213	-	29.02	47.88	>	6	32	58
303	chr15	97195797	97195778	+	28.92	38.5	>	6	32	58
304	chr1	119087737	119087718	+	28.89	50.28	>	6	32	58
305	chr4	85819373	85819354	-	28.86	29.28	>	6	32	58
306	chr11	30657307	30657288	-	28.86	6.477	>	6	32	58
307	chr5	49369245	49369226	+	28.66	27.94	>	6	32	58
308	chr6	106805067	106805048	+	28.61	20.38	>	6	32	58
309	chr6	31660958	31660939	+	28.53	52.9	>	6	32	58
310	chr12	8306749	8306730	-	28.48	47.94	>	6	32	58
311	chr13	42822785	42822766	-	28.47	44.4	>	6	32	58
312	chr15	34968778	34968759	+	28.4	27.94	>	6	32	58
313	chr7	68369859	68369840	+	28.38	58.97	>	6	32	58
314	chr15	80266443	80266424	+	28.33	34.62	>	6	32	58
315	chr6	102171110	102171091	+	28.19	24.06	>	6	32	58
316	chr16	72605273	72605254	-	28.11	17.7	>	6	32	58
317	chr18	65490506	65490487	+	28.06	33.94	>	6	32	58
318	chr3	55373775	55373756	+	28.0	19.75	>	6	32	58
319	chr1	53927814	53927795	-	27.97	28.48	>	6	32	58
320	chr2	160368066	160368047	-	27.95	21.97	>	6	32	58
321	chr10	42295232	42295213	-	27.94	37.8	>	6	32	58
322	chr7	116040411	116040392	-	27.9	26.19	>	6	32	58
323	chr10	116197535	116197516	-	27.81	28.58	>	6	32	58
324	chr5	20773533	20773514	-	27.81	20.77	>	6	32	58
325	chr12	80725012	80724993	-	27.73	38.97	>	6	32	58
326	chr15	66899881	66899862	-	27.6	21.5	>	6	32	58
327	chr18	16822208	16822189	-	27.56	13.28	>	6	32	58
328	chr18	14503254	14503235	-	27.55	19.48	>	6	32	58
329	chr5	98344786	98344767	+	27.44	28.3	>	6	32	58
330	chr10	77517236	77517217	+	27.39	30.44	>	6	32	58
331	chr1	44741472	44741453	-	27.38	6.344	>	6	32	58
332	chr6	127945983	127945964	-	27.28	24.97	>	6	32	58
333	chr16	42914955	42914936	-	27.27	20.78	>	6	32	58
334	chr18	39137558	39137539	+	27.11	15.805	>	6	32	58
335	chr13	42575907	42575888	+	27.11	22.34	>	6	32	58
336	chr2	13278209	13278190	+	27.06	48.53	>	6	32	58
337	chr18	43836585	43836566	-	27.06	22.66	>	6	32	58
338	chr4	114647896	114647877	+	27.05	26.58	>	6	32	58
339	chr16	44149214	44149195	-	27.03	37.28	>	6	32	58
340	chr13	109776299	109776280	+	27.02	27.47	>	6	32	58
341	chr19	30217515	30217496	+	27.0	44.25	>	6	32	58
342	chr6	61316075	61316056	+	26.94	38.16	>	6	32	58
343	chr17	78598832	78598813	+	26.92	37.16	>	6	32	58
344	chr2	117231457	117231438	-	26.88	23.62	>	6	32	58
345	chr4	115101816	115101797	+	26.84	34.88	>	6	32	58
346	chr10	57448131	57448112	-	26.8	44.97	>	6	32	58
347	chr13	113046665	113046646	+	26.77	22.72	>	6	32	58
348	chr4	110022447	110022428	-	26.58	43.47	>	6	32	58
349	chr7	101653829	101653810	+	26.5	47.97	>	6	32	58
350	chr5	67756338	67756319	+	26.5	26.55	>	6	32	58
351	chr3	62192717	62192698	-	26.5	17.1	>	6	32	58
352	chr10	17728146	17728127	-	26.45	14.96	>	6	32	58
353	chr5	37752557	37752538	-	26.33	30.73	>	6	32	58
354	chr1	60961316	60961297	-	26.3	26.22	>	6	32	58
355	chr17	68176981	68176962	+	26.27	18.84	>	6	32	58
356	chr7	37357871	37357852	-	26.2	67.6	>	6	32	58
357	chr4	32572316	32572297	-	26.16	44.75	>	6	32	58
358	chr4	96696741	96696722	+	26.12	32.22	>	6	32	58
359	chr4	109729491	109729472	-	26.06	50.3	>	6	32	58
360	chr10	111977780	111977761	+	25.78	32.1	>	6	32	58
361	chr5	45424489	45424470	-	25.73	30.9	>	6	32	58
362	chr2	61494577	61494558	-	25.72	22.25	>	6	32	58
363	chr6	13287046	13287027	+	25.69	21.62	>	6	32	58
364	chr9	116060829	116060810	+	25.66	36.5	>	6	32	58
365	chr8	17537753	17537734	-	25.64	36.44	>	6	32	58
366	chr9	77781636	77781617	-	25.62	27.94	>	6	32	58
367	chr15	5106460	5106441	-	25.56	29.45	>	6	32	58
368	chr17	93141334	93141315	-	25.53	33.03	>	6	32	58
369	chr6	97759520	97759501	+	25.52	17.88	>	6	32	58
370	chr8	119384750	119384731	-	25.47	45.94	>	6	32	58
371	chr6	88113322	88113303	+	25.38	41.75	>	6	32	58
372	chr15	101984527	101984508	-	25.38	56.7	>	6	32	58
373	chr8	54493335	54493316	-	25.34	39.7	>	6	32	58
374	chr9	24119622	24119603	+	25.33	14.83	>	6	32	58
375	chr3	50077169	50077150	-	25.31	24.22	>	6	32	58
376	chr4	47419767	47419748	+	25.23	44.03	>	6	32	58
377	chr2	76115910	76115891	+	25.22	28.97	>	6	32	58
378	chr15	67174759	67174740	+	25.2	12.74	>	6	32	58
379	chr8	125574509	125574490	+	25.17	12.85	>	6	32	58
380	chr1	161737065	161737046	-	25.11	39.75	>	6	32	58
381	chr3	85571455	85571436	-	25.1	9.7	>	6	32	58
382	chr18	19577078	19577059	-	25.02	27.28	>	6	32	58
383	chr19	36083087	36083068	-	25.0	29.4	>	6	32	58
384	chr8	115709616	115709597	-	24.98	9.14	>	6	32	58
385	chr10	126330794	126330775	-	24.84	24.02	>	6	32	58
386	chr15	25993551	25993532	+	24.81	33.28	>	6	32	58
387	chr5	131430355	131430336	-	24.78	45.44	>	6	32	58
388	chr1	9545352	9545333	-	24.78	38.06	>	6	32	58
389	chr19	28768445	28768426	-	24.75	36.44	>	6	32	58
390	chr10	24630876	24630857	+	24.72	22.94	>	6	32	58
391	chr17	54351102	54351083	+	24.53	15.79	>	6	32	58
392	chr16	20496806	20496787	+	24.47	28.86	>	6	32	58
393	chr12	109394024	109394005	-	24.44	15.02	>	6	32	58
394	chr13	21803288	21803269	-	24.42	40.1	>	6	32	58
395	chr3	103392995	103392976	+	24.38	33.9	>	6	32	58
396	chr15	25428758	25428739	+	24.31	24.08	>	6	32	58
397	chr3	135206860	135206841	-	24.3	9.21	>	6	32	58
398	chr8	65139261	65139242	+	24.3	33.56	>	6	32	58
399	chr9	29650850	29650831	-	24.23	35.72	>	6	32	58
400	chr3	127971093	127971074	+	24.2	46.1	>	6	32	58
401	chr2	104035038	104035019	+	24.16	33.7	>	6	32	58
402	chr9	81635302	81635283	+	24.11	12.08	>	6	32	58
403	chr6	95484597	95484578	+	24.03	13.41	>	6	32	58
404	chr14	72293991	72293972	-	23.83	34.2	>	6	32	58
405	chr18	65490035	65490016	-	23.72	29.94	>	6	32	58
406	chr12	38123788	38123769	-	23.66	16.0	>	6	32	58
407	chr18	70184838	70184819	-	23.66	11.39	>	6	32	58
408	chr3	152095252	152095233	-	23.53	23.67	>	6	32	58
409	chr8	32002994	32002975	-	23.5	23.94	>	6	32	58
410	chr11	22206830	22206811	-	23.48	11.1	>	6	32	58
411	chr5	76541051	76541032	-	23.44	19.22	>	6	32	58
412	chr10	52106337	52106318	+	23.38	22.61	>	6	32	58
413	chr1	84697462	84697443	-	23.38	25.22	>	6	32	58
414	chr1	67181385	67181366	+	23.34	35.0	>	6	32	58
415	chr6	101267027	101267008	+	23.31	12.77	>	6	32	58
416	chr6	129255175	129255156	-	23.25	41.8	>	6	32	58
417	chr4	115710017	115709998	-	23.19	25.83	>	6	32	58
418	chr2	118241614	118241595	-	23.19	37.16	>	6	32	58
419	chr8	71371784	71371765	+	23.11	28.11	>	6	32	58
420	chr7	73422670	73422651	-	23.11	37.7	>	6	32	58
421	chr5	33039602	33039583	+	23.05	27.48	>	6	32	58
422	chr2	153143004	153142985	-	23.02	20.31	>	6	32	58
423	chr14	98181824	98181805	-	23.0	7.93	>	6	32	58
424	chr2	136887058	136887039	-	22.97	12.49	>	6	32	58
425	chr1	135136701	135136682	-	22.88	42.44	>	6	32	58
426	chr5	4948481	4948462	-	22.86	27.0	>	6	32	58
427	chr10	71422814	71422795	+	22.81	51.25	>	6	32	58
428	chr8	64597251	64597232	-	22.66	30.06	>	6	32	58
429	chr1	162336834	162336815	-	22.45	14.914	>	6	32	58
430	chr9	94738996	94738977	+	22.42	42.94	>	6	32	58
431	chr17	53403136	53403117	+	22.4	18.28	>	6	32	58
432	chr2	155811920	155811901	-	22.36	51.28	>	6	32	58
433	chr12	52010769	52010750	+	22.33	16.6	>	6	32	58
434	chr3	44912870	44912851	-	22.31	11.58	>	6	32	58
435	chr5	98348848	98348829	+	22.25	34.97	>	6	32	58
436	chr15	80706301	80706282	+	22.25	25.52	>	6	32	58
437	chr1	167932285	167932266	-	22.22	36.66	>	6	32	58
438	chr14	121455709	121455690	-	22.2	25.7	>	6	32	58
439	chr4	98243714	98243695	-	22.16	26.34	>	6	32	58
440	chr4	143027468	143027449	+	22.14	29.11	>	6	32	58
441	chr2	153668926	153668907	+	22.14	25.36	>	6	32	58
442	chr9	41461929	41461910	-	22.14	12.42	>	6	32	58
443	chr4	109431143	109431124	-	22.1	22.34	>	6	32	58
444	chr5	44831505	44831486	-	22.08	22.05	>	6	32	58
445	chr8	119676601	119676582	-	22.03	33.06	>	6	32	58
446	chr17	40824060	40824041	-	22.02	34.28	>	6	32	58
447	chr15	37102366	37102347	-	22.0	13.84	>	6	32	58
448	chr1	119083862	119083843	-	21.92	45.47	>	6	32	58
449	chr5	41044703	41044684	-	21.78	28.61	>	6	32	58
450	chr19	24622032	24622013	+	21.77	22.19	>	6	32	58
451	chr3	58159626	58159607	-	21.75	32.1	>	6	32	58
452	chr1	38130140	38130121	-	21.75	23.66	>	6	32	58
453	chr2	129472129	129472110	-	21.73	30.17	>	6	32	58
454	chr9	15682043	15682024	-	21.73	11.22	>	6	32	58
455	chr9	69502720	69502701	-	21.7	34.7	>	6	32	58
456	chr14	21120676	21120657	+	21.69	43.16	>	6	32	58
457	chr7	110645588	110645569	-	21.69	43.56	>	6	32	58
458	chr16	78950579	78950560	-	21.64	3.295	>	6	32	58
459	chr7	131899517	131899498	+	21.56	16.44	>	6	32	58
460	chr8	106403484	106403465	-	21.53	20.23	>	6	32	58
461	chr17	73303429	73303410	+	21.48	50.6	>	6	32	58
462	chr1	83727325	83727306	+	21.48	26.81	>	6	32	58
463	chr13	29857603	29857584	+	21.42	9.836	>	6	32	58
464	chr14	104033786	104033767	+	21.34	21.16	>	6	32	58
465	chr7	119011391	119011372	+	21.31	35.56	>	6	32	58
466	chr1	69165377	69165358	+	21.31	25.0	>	6	32	58
467	chr1	192727176	192727157	+	21.28	21.9	>	6	32	58
468	chr9	50438293	50438274	-	21.2	27.17	>	6	32	58
469	chr15	46990407	46990388	-	21.14	10.516	>	6	32	58
470	chr13	73646874	73646855	+	21.14	37.5	>	6	32	58
471	chr16	67089956	67089937	+	21.12	15.94	>	6	32	58
472	chr2	83332995	83332976	-	21.02	18.14	>	6	32	58
473	chr8	10415030	10415011	+	21.0	37.3	>	6	32	58
474	chr1	35716149	35716130	-	20.89	18.69	>	6	32	58
475	chr7	43920039	43920020	-	20.83	34.3	>	6	32	58
476	chr8	15138726	15138707	+	20.81	41.03	>	6	32	58
477	chr13	6515705	6515686	+	20.8	28.08	>	6	32	58
478	chr2	64948996	64948977	-	20.72	23.2	>	6	32	58
479	chr19	20345737	20345718	+	20.7	55.44	>	6	32	58
480	chr5	33994851	33994832	+	20.64	14.97	>	6	32	58
481	chr14	76479953	76479934	+	20.62	37.16	>	6	32	58
482	chr3	144737048	144737029	+	20.58	28.33	>	6	32	58
483	chr2	13597223	13597204	-	20.5	12.72	>	6	32	58
484	chr9	118908437	118908418	-	20.5	27.45	>	6	32	58
485	chr4	153484615	153484596	-	20.39	17.89	>	6	32	58
486	chr19	12433211	12433192	+	20.36	28.34	>	6	32	58
487	chr15	31611224	31611205	+	20.34	11.17	>	6	32	58
488	chr3	107206198	107206179	+	20.34	39.22	>	6	32	58
489	chr17	86909946	86909927	+	20.31	22.38	>	6	32	58
490	chr7	89473669	89473650	-	20.22	24.19	>	6	32	58
491	chr6	35252603	35252584	+	20.22	32.56	>	6	32	58
492	chr6	126168001	126167982	-	20.17	8.76	>	6	32	58
493	chr16	42169942	42169923	+	20.12	43.34	>	6	32	58
494	chr6	90607354	90607335	+	20.11	24.86	>	6	32	58
495	chr6	31664664	31664645	+	20.11	41.5	>	6	32	58
496	chr13	100002039	100002020	+	20.02	21.73	>	6	32	58
497	chr6	97523337	97523318	-	19.97	25.72	>	6	32	58
498	chr4	123529452	123529433	-	19.95	17.69	>	6	32	58
499	chr18	53744741	53744722	-	19.94	29.1	>	6	32	58
500	chr9	13849232	13849213	+	19.9	15.484	>	6	32	58
501	chr15	14052128	14052109	-	19.89	12.375	>	6	32	58
502	chr3	68053761	68053742	-	19.88	27.33	>	6	32	58
503	chr14	50799990	50799971	+	19.83	30.28	>	6	32	58
504	chr8	50292348	50292329	+	19.83	31.36	>	6	32	58
505	chr19	52993242	52993223	-	19.81	45.25	>	6	32	58
506	chr8	24546435	24546416	-	19.8	56.1	>	6	32	58
507	chr2	166085186	166085167	+	19.78	40.2	>	6	32	58
508	chr15	80260893	80260874	-	19.75	33.7	>	6	32	58
509	chr18	75606699	75606680	+	19.72	50.94	>	6	32	58
510	chr2	135957961	135957942	-	19.69	27.1	>	6	32	58
511	chr11	75179118	75179099	+	19.67	22.83	>	6	32	58
512	chr6	77628987	77628968	+	19.66	40.56	>	6	32	58
513	chr4	82614384	82614365	-	19.62	15.836	>	6	32	58
514	chr17	27190013	27189994	+	19.5	26.89	>	6	32	58
515	chr14	121451301	121451282	-	19.45	26.11	>	6	32	58
516	chr9	69987821	69987802	-	19.44	12.234	>	6	32	58
517	chr6	40479902	40479883	+	19.42	24.72	>	6	32	58
518	chr4	82619779	82619760	-	19.42	11.22	>	6	32	58
519	chr2	160593235	160593216	-	19.4	45.8	>	6	32	58
520	chr4	48691990	48691971	+	19.4	34.88	>	6	32	58
521	chr1	11140123	11140104	-	19.39	7.324	>	6	32	58
522	chr6	67858160	67858141	+	19.36	18.55	>	6	32	58
523	chr1	91914028	91914009	+	19.36	22.06	>	6	32	58
524	chr15	76196896	76196877	+	19.33	35.8	>	6	32	58
525	chr11	43767011	43766992	+	19.27	27.44	>	6	32	58
526	chr17	8463677	8463658	+	19.23	31.38	>	6	32	58
527	chr2	60442102	60442083	-	19.22	10.555	>	6	32	58
528	chr10	8242562	8242543	+	19.2	18.4	>	6	32	58
529	chr15	8382407	8382388	+	19.16	11.64	>	6	32	58
530	chr19	11360302	11360283	+	19.14	15.06	>	6	32	58
531	chr12	79305335	79305316	+	19.11	29.94	>	6	32	58
532	chr13	38992697	38992678	+	19.03	12.445	>	6	32	58
533	chr8	91147955	91147936	-	19.0	26.05	>	6	32	58
534	chr13	64443476	64443457	+	19.0	35.6	>	6	32	58
535	chr8	117898214	117898195	+	18.92	34.16	>	6	32	58
536	chr11	42423473	42423454	-	18.77	18.48	>	6	32	58
537	chr9	114957195	114957176	-	18.77	27.38	>	6	32	58
538	chr5	149647926	149647907	+	18.72	23.06	>	6	32	58
539	chr5	128440068	128440049	-	18.69	40.7	>	6	32	58
540	chr6	90606762	90606743	-	18.67	32.6	>	6	32	58
541	chr10	58560031	58560012	+	18.67	23.25	>	6	32	58
542	chr18	25538443	25538424	+	18.66	23.94	>	6	32	58
543	chr11	22987510	22987491	+	18.56	23.83	>	6	32	58
544	chr13	57269837	57269818	-	18.55	36.6	>	6	32	58
545	chr13	53096854	53096835	-	18.55	32.88	>	6	32	58
546	chr7	124783020	124783001	-	18.55	23.44	>	6	32	58
547	chr7	40687242	40687223	-	18.52	26.28	>	6	32	58
548	chr4	109438113	109438094	+	18.45	31.61	>	6	32	58
549	chr13	46663777	46663758	-	18.45	5.215	>	6	32	58
550	chr2	21927862	21927843	-	18.45	17.72	>	6	32	58
551	chr11	72564476	72564457	-	18.39	17.95	>	6	32	58
552	chr14	57362951	57362932	-	18.3	10.125	>	6	32	58
553	chr13	54063511	54063492	-	18.3	12.516	>	6	32	58
554	chr8	127191530	127191511	+	18.27	39.03	>	6	32	58
555	chr4	24249781	24249762	+	18.25	8.38	>	6	32	58
556	chr1	175603551	175603532	-	18.2	12.0	>	6	32	58
557	chr7	131897479	131897460	+	18.19	16.34	>	6	32	58
558	chr2	125259455	125259436	-	18.17	32.72	>	6	32	58
559	chr8	11943262	11943243	-	18.0	20.05	>	6	32	58
560	chr13	74861814	74861795	+	17.98	11.664	>	6	32	58
561	chr3	37302880	37302861	-	17.98	17.84	>	6	32	58
562	chr2	165391753	165391734	+	17.95	20.97	>	6	32	58
563	chr1	167669968	167669949	-	17.94	39.3	>	6	32	58
564	chr14	24311319	24311300	+	17.89	24.48	>	6	32	58
565	chr6	125622660	125622641	+	17.86	24.67	>	6	32	58
566	chr16	91694897	91694878	+	17.83	21.03	>	6	32	58
567	chr7	100886752	100886733	-	17.8	33.3	>	6	32	58
568	chr2	165779092	165779073	+	17.7	43.9	>	6	32	58
569	chr4	118988734	118988715	-	17.7	12.37	>	6	32	58
570	chr9	111939788	111939769	+	17.64	16.92	>	6	32	58
571	chr9	40806571	40806552	+	17.64	39.78	>	6	32	58
572	chr19	21571392	21571373	+	17.64	11.9	>	6	32	58
573	chr10	49785057	49785038	-	17.56	2.498	>	6	32	58
574	chr3	84922220	84922201	+	17.47	28.94	>	6	32	58
575	chr12	7991018	7990999	+	17.47	17.66	>	6	32	58
576	chr8	106687694	106687675	+	17.45	42.0	>	6	32	58
577	chr19	15998346	15998327	+	17.33	27.56	>	6	32	58
578	chr10	30838389	30838370	+	17.3	7.543	>	6	32	58
579	chr2	6469364	6469345	-	17.28	15.65	>	6	32	58
580	chr9	59678540	59678521	-	17.28	29.06	>	6	32	58
581	chr18	60143536	60143517	-	17.25	6.348	>	6	32	58
582	chr2	76114972	76114953	-	17.25	26.88	>	6	32	58
583	chr1	192722361	192722342	-	17.23	36.0	>	6	32	58
584	chr13	6737153	6737134	+	17.23	24.25	>	6	32	58
585	chr10	116199232	116199213	+	17.23	24.89	>	6	32	58
586	chr18	6627309	6627290	+	17.06	30.4	>	6	32	58
587	chr7	117375969	117375950	-	17.03	13.42	>	6	32	58
588	chr11	7200225	7200206	+	17.03	39.34	>	6	32	58
589	chr3	152474817	152474798	+	16.98	9.51	>	6	32	58
590	chr12	4107565	4107546	+	16.97	22.11	>	6	32	58
591	chr18	78212287	78212268	-	16.83	18.31	>	6	32	58
592	chr2	17842170	17842151	-	16.81	6.844	>	6	32	58
593	chr5	112429191	112429172	-	16.78	14.19	>	6	32	58
594	chr9	54169687	54169668	+	16.73	16.64	>	6	32	58
595	chr9	78597063	78597044	+	16.73	17.98	>	6	32	58
596	chr2	125556029	125556010	+	16.69	19.19	>	6	32	58
597	chr4	86545837	86545818	-	16.69	26.34	>	6	32	58
598	chr11	34229190	34229171	+	16.55	19.56	>	6	32	58
599	chr13	60479163	60479144	+	16.52	1.697	>	6	32	58
600	chr11	57788119	57788100	+	16.36	29.88	>	6	32	58
601	chr5	117504639	117504620	+	16.36	53.34	>	6	32	58
602	chr1	128368923	128368904	+	16.28	14.01	>	6	32	58
603	chr14	51098507	51098488	-	16.28	41.22	>	6	32	58
604	chr10	14404268	14404249	+	16.23	20.66	>	6	32	58
605	chr18	65752297	65752278	-	16.1	16.11	>	6	32	58
606	chr3	59077498	59077479	+	16.1	40.72	>	6	32	58
607	chr1	119919473	119919454	+	16.06	20.62	>	6	32	58
608	chr1	86598699	86598680	+	16.03	48.72	>	6	32	58
609	chr1	80178208	80178189	-	16.0	17.12	>	6	32	58
610	chr15	64132164	64132145	+	15.96	15.336	>	6	32	58
611	chr2	4652218	4652199	-	15.91	22.83	>	6	32	58
612	chr9	40805489	40805470	-	15.86	35.53	>	6	32	58
613	chr13	30549079	30549060	-	15.805	25.34	>	6	32	58
614	chr3	82350530	82350511	-	15.805	7.78	>	6	32	58
615	chr7	81155234	81155215	-	15.805	19.0	>	6	32	58
616	chr4	107701325	107701306	-	15.8	18.55	>	6	32	58
617	chr11	76655250	76655231	+	15.8	25.19	>	6	32	58
618	chr7	122945377	122945358	+	15.72	20.64	>	6	32	58
619	chr16	32697312	32697293	+	15.695	24.02	>	6	32	58
620	chr13	114460825	114460806	-	15.65	8.25	>	6	32	58
621	chr19	59389409	59389390	+	15.65	31.4	>	6	32	58
622	chr7	45451495	45451476	+	15.64	35.4	>	6	32	58
623	chr15	85599066	85599047	+	15.625	30.86	>	6	32	58
624	chr10	9012998	9012979	+	15.6	21.77	>	6	32	58
625	chr13	24318872	24318853	-	15.58	11.58	>	6	32	58
626	chr3	123506917	123506898	-	15.53	17.17	>	6	32	58
627	chr13	101719731	101719712	-	15.48	25.34	>	6	32	58
628	chr12	12412898	12412879	-	15.43	30.47	>	6	32	58
629	chr10	127342496	127342477	-	15.4	29.73	>	6	32	58
630	chr7	28972871	28972852	+	15.39	21.2	>	6	32	58
631	chr5	130862481	130862462	+	15.33	29.22	>	6	32	58
632	chr13	53779354	53779335	+	15.31	23.8	>	6	32	58
633	chr11	51582940	51582921	-	15.305	26.1	>	6	32	58
634	chr3	34150257	34150238	+	15.3	17.19	>	6	32	58
635	chr9	30423156	30423137	-	15.29	30.31	>	6	32	58
636	chr1	55886585	55886566	+	15.29	16.73	>	6	32	58
637	chr8	121104251	121104232	+	15.28	31.56	>	6	32	58
638	chr2	31683894	31683875	+	15.27	30.73	>	6	32	58
639	chr9	121458682	121458663	+	15.27	42.72	>	6	32	58
640	chr13	111421545	111421526	+	15.22	27.25	>	6	32	58
641	chr18	56572965	56572946	+	15.22	32.7	>	6	32	58
642	chr18	42593315	42593296	+	15.2	8.75	>	6	32	58
643	chr8	118287683	118287664	+	15.2	7.145	>	6	32	58
644	chr14	47742843	47742824	+	15.18	9.65	>	6	32	58
645	chr1	184791312	184791293	-	15.164	27.39	>	6	32	58
646	chr6	106800166	106800147	-	15.1	18.75	>	6	32	58
647	chr11	12025880	12025861	+	15.06	18.02	>	6	32	58
648	chr5	129594341	129594322	-	15.03	29.4	>	6	32	58
649	chr13	16005724	16005705	+	15.016	13.71	>	6	32	58
650	chr14	65597230	65597211	+	15.016	14.01	>	6	32	58
651	chr5	99900280	99900261	-	14.95	10.75	>	6	32	58
652	chr8	11421350	11421331	-	14.945	26.12	>	6	32	58
653	chr19	4755748	4755729	+	14.93	24.55	>	6	32	58
654	chr10	110733540	110733521	-	14.914	16.5	>	6	32	58
655	chr5	67752088	67752069	+	14.89	18.31	>	6	32	58
656	chr9	77381774	77381755	-	14.85	26.45	>	6	32	58
657	chr18	81951830	81951811	-	14.76	34.06	>	6	32	58
658	chr1	86059644	86059625	+	14.734	30.22	>	6	32	58
659	chr1	52630636	52630617	-	14.734	9.89	>	6	32	58
660	chr2	174308107	174308088	+	14.69	14.67	>	6	32	58
661	chr11	99364649	99364630	-	14.6	16.03	>	6	32	58
662	chr13	109558424	109558405	+	14.49	16.98	>	6	32	58
663	chr12	58201405	58201386	-	14.48	6.883	>	6	32	58
664	chr7	137471937	137471918	+	14.445	28.83	>	6	32	58
665	chr17	26916803	26916784	+	14.414	25.05	>	6	32	58
666	chr5	87871626	87871607	-	14.414	20.39	>	6	32	58
667	chr2	125252443	125252424	+	14.414	25.9	>	6	32	58
668	chr1	9549185	9549166	+	14.414	19.5	>	6	32	58
669	chr11	11788608	11788589	-	14.38	31.97	>	6	32	58
670	chr7	43928727	43928708	+	14.36	11.45	>	6	32	58
671	chr10	60760656	60760637	-	14.31	36.9	>	6	32	58
672	chr6	17362958	17362939	+	14.31	3.076	>	6	32	58
673	chr1	136521528	136521509	-	14.305	21.69	>	6	32	58
674	chr2	153147934	153147915	+	14.28	18.94	>	6	32	58
675	chr8	61522313	61522294	+	14.266	28.28	>	6	32	58
676	chr18	56759303	56759284	+	14.266	12.61	>	6	32	58
677	chr14	115451146	115451127	-	14.234	4.215	>	6	32	58
678	chr1	176218428	176218409	+	14.195	14.99	>	6	32	58
679	chr15	97665520	97665501	-	14.18	30.02	>	6	32	58
680	chr13	20299620	20299601	+	14.18	33.25	>	6	32	58
681	chr9	59969601	59969582	-	14.14	17.69	>	6	32	58
682	chr16	57611975	57611956	+	14.055	18.66	>	6	32	58
683	chr12	15816144	15816125	+	13.984	8.52	>	6	32	58
684	chr15	82271381	82271362	-	13.95	28.55	>	6	32	58
685	chr7	74363644	74363625	-	13.95	40.8	>	6	32	58
686	chr3	73066293	73066274	+	13.95	16.86	>	6	32	58
687	chr1	118772515	118772496	-	13.945	30.34	>	6	32	58
688	chr4	110020493	110020474	-	13.94	26.28	>	6	32	58
689	chr3	34639420	34639401	-	13.94	14.87	>	6	32	58
690	chr2	131530224	131530205	-	13.92	25.86	>	6	32	58
691	chr4	20024128	20024109	+	13.91	12.516	>	6	32	58
692	chr8	74980870	74980851	-	13.81	30.2	>	6	32	58
693	chr18	75757719	75757700	+	13.734	18.78	>	6	32	58
694	chr7	89908147	89908128	-	13.72	13.79	>	6	32	58
695	chr4	150257406	150257387	+	13.72	23.58	>	6	32	58
696	chr2	55022781	55022762	-	13.664	7.77	>	6	32	58
697	chr18	64506771	64506752	-	13.63	18.4	>	6	32	58
698	chr14	123353156	123353137	-	13.61	11.6	>	6	32	58
699	chr4	139872794	139872775	+	13.59	35.75	>	6	32	58
700	chr13	51839869	51839850	+	13.586	21.19	>	6	32	58
701	chr5	146162789	146162770	+	13.516	23.42	>	6	32	58
702	chr9	83785201	83785182	+	13.49	14.66	>	6	32	58
703	chr3	59079480	59079461	+	13.44	28.77	>	6	32	58
704	chr10	11345312	11345293	-	13.375	5.086	>	6	32	58
705	chr11	46252188	46252169	-	13.34	28.12	>	6	32	58
706	chr4	85404971	85404952	+	13.32	14.11	>	6	32	58
707	chr4	130738774	130738755	+	13.31	16.47	>	6	32	58
708	chr5	86432914	86432895	+	13.305	16.02	>	6	32	58
709	chr3	22306829	22306810	+	13.266	18.6	>	6	32	58
710	chr2	91930225	91930206	-	13.25	19.55	>	6	32	58
711	chr6	108417714	108417695	+	13.234	10.66	>	6	32	58
712	chr12	17011790	17011771	-	13.16	20.73	>	6	32	58
713	chr5	87551137	87551118	-	13.15	21.52	>	6	32	58
714	chr4	106227683	106227664	-	13.14	14.38	>	6	32	58
715	chr4	139877472	139877453	+	13.1	27.4	>	6	32	58
716	chr1	88742593	88742574	-	13.086	17.75	>	6	32	58
717	chr3	52254088	52254069	+	13.02	34.16	>	6	32	58
718	chr9	73159469	73159450	+	12.99	27.5	>	6	32	58
719	chr7	29297253	29297234	-	12.984	28.8	>	6	32	58
720	chr13	116312336	116312317	-	12.93	10.21	>	6	32	58
721	chr2	157117146	157117127	-	12.91	21.92	>	6	32	58
722	chr9	60243712	60243693	+	12.89	13.59	>	6	32	58
723	chr1	179845066	179845047	-	12.88	17.89	>	6	32	58
724	chr11	103332754	103332735	+	12.875	24.97	>	6	32	58
725	chr1	53032774	53032755	-	12.87	13.05	>	6	32	58
726	chr8	45345197	45345178	+	12.81	16.72	>	6	32	58
727	chr12	113216133	113216114	+	12.74	53.7	>	6	32	58
728	chr15	36152194	36152175	-	12.72	16.9	>	6	32	58
729	chr1	72876274	72876255	+	12.69	17.11	>	6	32	58
730	chr9	14774009	14773990	+	12.664	9.0	>	6	32	58
731	chr12	74317197	74317178	-	12.664	11.76	>	6	32	58
732	chr7	107819649	107819630	-	12.64	16.3	>	6	32	58
733	chr13	55327907	55327888	+	12.64	17.61	>	6	32	58
734	chr3	54796015	54795996	+	12.63	22.77	>	6	32	58
735	chr6	60963937	60963918	+	12.61	7.094	>	6	32	58
736	chr8	21981891	21981872	-	12.61	17.33	>	6	32	58
737	chr10	38269349	38269330	-	12.52	19.28	>	6	32	58
738	chr6	51170619	51170600	-	12.5	20.02	>	6	32	58
739	chr2	148110356	148110337	-	12.43	16.03	>	6	32	58
740	chr1	88301823	88301804	-	12.42	19.61	>	6	32	58
741	chr6	115037959	115037940	-	12.33	15.375	>	6	32	58
742	chr16	11980974	11980955	+	12.33	3.668	>	6	32	58
743	chr15	44832771	44832752	-	12.31	24.2	>	6	32	58
744	chr19	26193888	26193869	-	12.29	7.65	>	6	32	58
745	chr17	8988263	8988244	-	12.29	10.71	>	6	32	58
746	chr14	66358860	66358841	+	12.28	18.22	>	6	32	58
747	chr12	40832432	40832413	-	12.26	13.56	>	6	32	58
748	chr2	53206958	53206939	-	12.18	12.55	>	6	32	58
749	chr16	42914617	42914598	+	12.16	7.133	>	6	32	58
750	chr11	111523686	111523667	-	12.14	23.53	>	6	32	58
751	chr6	121556678	121556659	+	12.11	18.8	>	6	32	58
752	chr7	43926199	43926180	-	12.1	21.69	>	6	32	58
753	chr3	3311028	3311009	+	12.09	10.74	>	6	32	58
754	chr12	17018680	17018661	+	12.04	21.19	>	6	32	58
755	chr18	33794794	33794775	+	11.97	24.89	>	6	32	58
756	chr15	73791915	73791896	+	11.96	24.61	>	6	32	58
757	chr12	82489256	82489237	+	11.945	11.805	>	6	32	58
758	chr19	37559803	37559784	+	11.91	21.4	>	6	32	58
759	chr12	36195155	36195136	-	11.91	7.07	>	6	32	58
760	chr3	30515246	30515227	-	11.875	11.664	>	6	32	58
761	chr19	27426681	27426662	-	11.81	11.945	>	6	32	58
762	chr2	75590427	75590408	-	11.75	21.66	>	6	32	58
763	chr2	17849498	17849479	+	11.75	6.633	>	6	32	58
764	chr9	83371155	83371136	-	11.75	6.18	>	6	32	58
765	chr9	30936846	30936827	-	11.734	17.67	>	6	32	58
766	chr15	94690037	94690018	+	11.73	23.03	>	6	32	58
767	chr2	147379133	147379114	+	11.69	9.875	>	6	32	58
768	chr4	121232314	121232295	-	11.664	7.945	>	6	32	58
769	chr18	56333219	56333200	-	11.64	4.934	>	6	32	58
770	chr16	25952209	25952190	-	11.64	6.688	>	6	32	58
771	chr13	94976326	94976307	+	11.63	16.62	>	6	32	58
772	chr2	30942898	30942879	-	11.57	22.28	>	6	32	58
773	chr6	104479441	104479422	+	11.55	10.57	>	6	32	58
774	chr5	113080039	113080020	-	11.52	26.94	>	6	32	58
775	chr16	30550607	30550588	-	11.52	17.62	>	6	32	58
776	chr1	160194976	160194957	+	11.51	18.28	>	6	32	58
777	chr11	56116782	56116763	-	11.48	30.47	>	6	32	58
778	chr6	112484521	112484502	-	11.48	12.14	>	6	32	58
779	chr14	21853546	21853527	-	11.445	30.66	>	6	32	58
780	chr9	58534993	58534974	+	11.414	20.97	>	6	32	58
781	chr17	73302318	73302299	+	11.414	39.62	>	6	32	58
782	chr1	85842459	85842440	-	11.41	14.02	>	6	32	58
783	chr17	16926410	16926391	-	11.35	2.584	>	6	32	58
784	chr12	29894861	29894842	+	11.31	16.72	>	6	32	58
785	chr2	127832989	127832970	+	11.22	7.293	>	6	32	58
786	chr16	20724653	20724634	+	11.18	15.11	>	6	32	58
787	chr1	180811112	180811093	-	11.164	28.33	>	6	32	58
788	chr13	109210611	109210592	-	11.16	17.5	>	6	32	58
789	chr18	5990207	5990188	-	11.14	3.14	>	6	32	58
790	chr18	12102268	12102249	-	11.125	23.38	>	6	32	58
791	chr19	59380193	59380174	+	11.08	23.9	>	6	32	58
792	chr2	101665476	101665457	+	11.055	26.06	>	6	32	58
793	chr12	108541242	108541223	-	11.02	27.9	>	6	32	58
794	chr2	32583648	32583629	+	11.016	30.19	>	6	32	58
795	chr1	181881807	181881788	-	10.98	11.91	>	6	32	58
796	chr5	117506576	117506557	+	10.94	40.06	>	6	32	58
797	chr1	38789153	38789134	+	10.89	22.95	>	6	32	58
798	chr10	102445139	102445120	-	10.875	19.4	>	6	32	58
799	chr12	81788941	81788922	+	10.87	12.51	>	6	32	58
800	chr9	78233462	78233443	-	10.86	15.93	>	6	32	58
801	chr10	96618527	96618508	+	10.86	3.014	>	6	32	58
802	chr8	84639419	84639400	-	10.85	34.7	>	6	32	58
803	chr17	8468905	8468886	+	10.85	20.27	>	6	32	58
804	chr2	67535551	67535532	+	10.83	7.83	>	6	32	58
805	chr18	52947340	52947321	+	10.82	10.15	>	6	32	58
806	chr13	72625410	72625391	-	10.78	6.715	>	6	32	58
807	chr11	31942449	31942430	+	10.69	22.72	>	6	32	58
808	chr1	6190743	6190724	-	10.63	7.344	>	6	32	58
809	chr7	74367549	74367530	+	10.6	15.16	>	6	32	58
810	chr4	22482970	22482951	+	10.58	4.45	>	6	32	58
811	chr13	20298018	20297999	+	10.56	24.86	>	6	32	58
812	chr16	75325511	75325492	-	10.484	5.44	>	6	32	58
813	chr6	54586377	54586358	+	10.44	8.14	>	6	32	58
814	chr14	59604211	59604192	-	10.375	15.664	>	6	32	58
815	chr2	107946040	107946021	-	10.31	11.08	>	6	32	58
816	chr1	62701219	62701200	-	10.3	12.74	>	6	32	58
817	chr7	75914120	75914101	+	10.266	24.1	>	6	32	58
818	chr5	98167679	98167660	+	10.26	12.875	>	6	32	58
819	chr9	99671799	99671780	+	10.23	22.52	>	6	32	58
820	chr1	179847901	179847882	+	10.16	11.88	>	6	32	58
821	chr15	80080817	80080798	-	10.15	32.28	>	6	32	58
822	chr6	137747756	137747737	-	10.09	27.12	>	6	32	58
823	chr6	77249625	77249606	-	10.09	6.945	>	6	32	58
824	chr5	149049190	149049171	-	10.08	15.81	>	6	32	58
825	chr18	32814407	32814388	-	10.07	2.566	>	6	32	58
826	chr11	46258405	46258386	-	10.06	20.3	>	6	32	58
827	chr11	81974830	81974811	-	10.01	5.44	>	6	32	58
828	chr19	48414047	48414028	+	9.99	12.77	>	6	32	58
829	chr11	34836484	34836465	+	9.86	20.75	>	6	32	58
830	chr17	24437345	24437326	-	9.81	19.33	>	6	32	58
831	chr6	59208753	59208734	-	9.734	12.92	>	6	32	58
832	chr13	37325694	37325675	-	9.734	20.84	>	6	32	58
833	chr11	43412967	43412948	-	9.72	22.2	>	6	32	58
834	chr13	49651342	49651323	-	9.71	2.496	>	6	32	58
835	chr7	143151380	143151361	+	9.69	18.05	>	6	32	58
836	chr16	4285478	4285459	-	9.67	7.94	>	6	32	58
837	chr11	29715017	29714998	-	9.664	9.12	>	6	32	58
838	chr3	134654263	134654244	+	9.62	3.898	>	6	32	58
839	chr8	28978824	28978805	-	9.57	7.504	>	6	32	58
840	chr13	54062269	54062250	-	9.55	10.02	>	6	32	58
841	chr9	32585514	32585495	+	9.516	12.72	>	6	32	58
842	chr7	73648212	73648193	-	9.484	13.375	>	6	32	58
843	chr19	27425889	27425870	-	9.44	11.26	>	6	32	58
844	chr13	100854377	100854358	-	9.42	17.78	>	6	32	58
845	chr5	140749784	140749765	-	9.414	22.17	>	6	32	58
846	chr4	127027444	127027425	+	9.4	22.48	>	6	32	58
847	chr11	109221866	109221847	-	9.3	9.67	>	6	32	58
848	chr16	16596794	16596775	+	9.28	5.977	>	6	32	58
849	chr2	128605294	128605275	-	9.25	9.07	>	6	32	58
850	chr2	61492265	61492246	+	9.25	6.99	>	6	32	58
851	chr10	74217479	74217460	+	9.22	7.7	>	6	32	58
852	chr9	68016722	68016703	+	9.2	8.305	>	6	32	58
853	chr6	144248136	144248117	+	9.19	7.742	>	6	32	58
854	chr13	51191948	51191929	+	9.17	5.492	>	6	32	58
855	chr2	103424848	103424829	-	9.164	12.29	>	6	32	58
856	chr7	64751734	64751715	-	9.13	16.66	>	6	32	58
857	chr7	27160004	27159985	+	9.125	14.17	>	6	32	58
858	chr13	95986545	95986526	+	9.08	13.76	>	6	32	58
859	chr5	135118653	135118634	+	9.08	29.22	>	6	32	58
860	chr10	49786914	49786895	-	9.07	0.785	>	6	32	58
861	chr1	51639072	51639053	+	9.02	3.22	>	6	32	58
862	chr14	105307894	105307875	+	8.95	2.453	>	6	32	58
863	chr19	40231990	40231971	-	8.95	19.89	>	6	32	58
864	chr10	69656526	69656507	+	8.95	12.99	>	6	32	58
865	chr7	142714879	142714860	-	8.945	27.2	>	6	32	58
866	chr6	129256260	129256241	-	8.93	14.53	>	6	32	58
867	chr5	138199783	138199764	+	8.9	8.414	>	6	32	58
868	chr8	36193738	36193719	+	8.89	10.43	>	6	32	58
869	chr11	49597354	49597335	+	8.87	6.92	>	6	32	58
870	chr1	139405977	139405958	-	8.86	4.043	>	6	32	58
871	chr3	124289118	124289099	-	8.84	12.69	>	6	32	58
872	chr9	13196005	13195986	-	8.83	30.6	>	6	32	58
873	chr14	115819240	115819221	+	8.83	10.71	>	6	32	58
874	chr5	146914595	146914576	+	8.82	39.7	>	6	32	58
875	chr4	119223866	119223847	-	8.766	16.34	>	6	32	58
876	chr15	85879204	85879185	-	8.76	17.27	>	6	32	58
877	chr4	124682485	124682466	+	8.7	17.45	>	6	32	58
878	chr17	34956526	34956507	+	8.695	22.17	>	6	32	58
879	chr12	39494054	39494035	-	8.65	2.455	>	6	32	58
880	chr9	34485824	34485805	-	8.625	10.6	>	6	32	58
881	chr2	180786948	180786929	+	8.57	17.27	>	6	32	58
882	chr4	62230989	62230970	+	8.57	12.25	>	6	32	58
883	chr2	16357480	16357461	+	8.55	2.205	>	6	32	58
884	chr17	9759516	9759497	+	8.54	11.53	>	6	32	58
885	chr10	13018670	13018651	+	8.54	19.64	>	6	32	58
886	chr4	32570820	32570801	-	8.52	6.645	>	6	32	58
887	chr9	86451919	86451900	-	8.49	16.77	>	6	32	58
888	chr7	139590495	139590476	+	8.49	20.39	>	6	32	58
889	chr16	31944169	31944150	+	8.445	14.11	>	6	32	58
890	chr3	104701211	104701192	-	8.44	24.84	>	6	32	58
891	chr2	160955546	160955527	-	8.414	14.05	>	6	32	58
892	chr18	32811889	32811870	+	8.4	4.918	>	6	32	58
893	chr14	115042240	115042221	-	8.4	14.734	>	6	32	58
894	chr2	28464119	28464100	-	8.33	19.16	>	6	32	58
895	chr2	76369931	76369912	+	8.28	9.1	>	6	32	58
896	chr3	107605512	107605493	+	8.28	12.57	>	6	32	58
897	chr14	121220891	121220872	-	8.23	10.8	>	6	32	58
898	chr1	103796539	103796520	+	8.22	10.74	>	6	32	58
899	chr16	23151589	23151570	+	8.21	3.11	>	6	32	58
900	chr5	33371346	33371327	-	8.19	15.74	>	6	32	58
901	chr13	103121088	103121069	-	8.18	6.016	>	6	32	58
902	chr10	60760529	60760510	+	8.14	24.72	>	6	32	58
903	chr1	169921787	169921768	+	8.12	12.62	>	6	32	58
904	chr13	42826816	42826797	-	8.11	17.0	>	6	32	58
905	chr6	72601930	72601911	+	8.11	24.06	>	6	32	58
906	chr7	81345319	81345300	-	7.99	7.87	>	6	32	58
907	chr11	33934471	33934452	+	7.98	18.27	>	6	32	58
908	chr18	77044808	77044789	-	7.97	11.42	>	6	32	58
909	chr7	67217278	67217259	+	7.926	7.28	>	6	32	58
910	chr2	164074027	164074008	+	7.906	10.22	>	6	32	58
911	chr3	45373410	45373391	+	7.855	1.438	>	6	32	58
912	chr1	152768355	152768336	-	7.84	9.35	>	6	32	58
913	chr11	102267665	102267646	-	7.81	17.44	>	6	32	58
914	chr11	43411664	43411645	-	7.81	21.72	>	6	32	58
915	chr2	129880054	129880035	+	7.805	6.484	>	6	32	58
916	chr11	81972241	81972222	+	7.797	9.07	>	6	32	58
917	chr9	65581143	65581124	-	7.793	11.17	>	6	32	58
918	chr4	106228720	106228701	+	7.727	13.9	>	6	32	58
919	chr6	119467876	119467857	+	7.703	18.1	>	6	32	58
920	chr10	122794511	122794492	+	7.695	15.734	>	6	32	58
921	chr14	34813484	34813465	-	7.69	11.805	>	6	32	58
922	chr15	19280629	19280610	+	7.68	3.066	>	6	32	58
923	chr13	38235597	38235578	-	7.676	11.836	>	6	32	58
924	chr13	21710105	21710086	+	7.67	14.95	>	6	32	58
925	chr11	104231353	104231334	-	7.67	18.38	>	6	32	58
926	chr6	86401304	86401285	-	7.64	23.28	>	6	32	58
927	chr4	24245320	24245301	-	7.633	3.027	>	6	32	58
928	chr9	29655082	29655063	+	7.613	20.11	>	6	32	58
929	chr9	58535957	58535938	-	7.605	16.9	>	6	32	58
930	chr5	112427478	112427459	-	7.598	9.93	>	6	32	58
931	chr4	140539353	140539334	-	7.58	22.9	>	6	32	58
932	chr14	105302910	105302891	+	7.57	4.605	>	6	32	58
933	chr7	19713404	19713385	-	7.543	26.19	>	6	32	58
934	chr1	127487367	127487348	-	7.52	14.33	>	6	32	58
935	chr19	56806125	56806106	-	7.504	5.934	>	6	32	58
936	chr19	47175662	47175643	-	7.46	21.67	>	6	32	58
937	chr2	150795624	150795605	-	7.44	6.633	>	6	32	58
938	chr2	137114826	137114807	+	7.438	4.08	>	6	32	58
939	chr10	119244230	119244211	+	7.434	4.305	>	6	32	58
940	chr5	117094622	117094603	+	7.42	22.22	>	6	32	58
941	chr11	67100384	67100365	-	7.42	22.83	>	6	32	58
942	chr5	30686988	30686969	+	7.41	18.64	>	6	32	58
943	chr8	105291139	105291120	-	7.41	11.78	>	6	32	58
944	chr7	143470174	143470155	-	7.39	17.94	>	6	32	58
945	chr15	8099290	8099271	-	7.35	8.336	>	6	32	58
946	chr7	119015949	119015930	+	7.34	17.75	>	6	32	58
947	chr17	56306039	56306020	-	7.305	16.48	>	6	32	58
948	chr1	134636895	134636876	+	7.3	5.97	>	6	32	58
949	chr17	65541217	65541198	+	7.258	9.125	>	6	32	58
950	chr14	49218880	49218861	+	7.25	8.47	>	6	32	58
951	chr1	25527154	25527135	+	7.2	7.453	>	6	32	58
952	chr1	146515575	146515556	+	7.18	3.11	>	6	32	58
953	chr9	44109578	44109559	+	7.176	33.9	>	6	32	58
954	chr11	108889358	108889339	+	7.15	8.016	>	6	32	58
955	chr7	138398615	138398596	+	7.117	4.707	>	6	32	58
956	chr5	32204842	32204823	+	7.11	6.15	>	6	32	58
957	chr8	14859581	14859562	+	7.1	5.27	>	6	32	58
958	chr11	95676507	95676488	-	7.09	14.555	>	6	32	58
959	chr6	85141186	85141167	+	7.08	33.56	>	6	32	58
960	chr14	20340404	20340385	-	7.04	15.81	>	6	32	58
961	chr1	193130339	193130320	-	7.023	5.71	>	6	32	58
962	chr9	98032882	98032863	+	6.992	4.73	>	6	32	58
963	chr7	143793289	143793270	+	6.98	21.42	>	6	32	58
964	chr12	32292312	32292293	-	6.895	8.26	>	6	32	58
965	chr17	45724453	45724434	-	6.89	12.125	>	6	32	58
966	chr14	102512314	102512295	+	6.89	1.602	>	6	32	58
967	chr8	11943038	11943019	+	6.88	5.47	>	6	32	58
968	chr7	83553561	83553542	+	6.867	8.27	>	6	32	58
969	chr9	64960779	64960760	-	6.85	16.31	>	6	32	58
970	chr9	30426996	30426977	+	6.832	15.31	>	6	32	58
971	chr11	119249183	119249164	+	6.785	23.48	>	6	32	58
972	chr8	90795542	90795523	+	6.77	10.67	>	6	32	58
973	chr2	113498926	113498907	-	6.766	9.86	>	6	32	58
974	chr13	62926662	62926643	+	6.75	4.73	>	6	32	58
975	chr1	127485025	127485006	+	6.715	16.44	>	6	32	58
976	chr17	78592615	78592596	+	6.715	8.945	>	6	32	58
977	chr2	118246134	118246115	-	6.668	13.72	>	6	32	58
978	chr2	92474875	92474856	-	6.652	13.95	>	6	32	58
979	chr7	17061423	17061404	+	6.645	15.1	>	6	32	58
980	chr10	122090678	122090659	+	6.63	8.38	>	6	32	58
981	chr13	64448147	64448128	+	6.594	17.92	>	6	32	58
982	chr2	34642611	34642592	-	6.562	14.51	>	6	32	58
983	chr5	117509743	117509724	+	6.54	26.92	>	6	32	58
984	chr7	131371109	131371090	+	6.516	4.71	>	6	32	58
985	chr6	94054143	94054124	-	6.5	13.34	>	6	32	58
986	chr14	20697228	20697209	+	6.465	17.88	>	6	32	58
987	chr10	122798121	122798102	+	6.46	15.23	>	6	32	58
988	chr13	14196604	14196585	+	6.45	1.613	>	6	32	58
989	chr3	118991976	118991957	+	6.438	8.26	>	6	32	58
990	chr9	107231295	107231276	-	6.434	7.414	>	6	32	58
991	chr15	24557016	24556997	-	6.418	3.371	>	6	32	58
992	chr2	178407758	178407739	+	6.414	11.43	>	6	32	58
993	chr9	90683476	90683457	-	6.38	1.322	>	6	32	58
994	chr6	22968335	22968316	-	6.34	6.418	>	6	32	58
995	chr12	67217811	67217792	+	6.336	1.95	>	6	32	58
996	chr10	82910438	82910419	+	6.277	10.99	>	6	32	58
997	chr7	49125716	49125697	+	6.258	16.88	>	6	32	58
998	chr11	119491305	119491286	-	6.215	10.81	>	6	32	58
999	chr11	32341308	32341289	-	6.21	14.555	>	6	32	58
1000	chr19	8713406	8713387	+	6.19	10.44	>	6	32	58
1001	chr4	48048044	48048025	+	6.152	6.21	>	6	32	58
1002	chr11	52764825	52764806	+	6.15	7.75	>	6	32	58
1003	chr13	20564636	20564617	-	6.145	4.82	>	6	32	58
1004	chr10	39105011	39104992	-	6.14	7.152	>	6	32	58
1005	chr11	98909856	98909837	-	6.117	18.95	>	6	32	58
1006	chr1	151025102	151025083	+	6.117	4.496	>	6	32	58
1007	chr5	98167777	98167758	-	6.113	9.555	>	6	32	58
1008	chr8	88118562	88118543	+	6.062	3.66	>	6	32	58
1009	chr16	92511934	92511915	+	6.035	16.34	>	6	32	58
1010	chr15	25792295	25792276	-	6.008	6.87	>	6	32	58
1011	chr13	92751194	92751175	+	5.938	12.68	>	6	32	58
1012	chr5	101688793	101688774	-	5.934	12.51	>	6	32	58
1013	chr7	112023252	112023233	+	5.93	8.26	>	6	32	58
1014	chr14	21854038	21854019	-	5.914	27.36	>	6	32	58
1015	chr8	32003733	32003714	-	5.9	2.012	>	6	32	58
1016	chr13	53095394	53095375	-	5.867	6.086	>	6	32	58
1017	chr1	182554179	182554160	+	5.836	10.15	>	6	32	58
1018	chr6	18381568	18381549	+	5.832	1.955	>	6	32	58
1019	chr9	77389590	77389571	+	5.832	5.68	>	6	32	58
1020	chr16	5254481	5254462	-	5.812	12.77	>	6	32	58
1021	chr2	93199625	93199606	+	5.797	14.08	>	6	32	58
1022	chr9	81631651	81631632	-	5.793	3.863	>	6	32	58
1023	chr2	152887412	152887393	-	5.78	4.652	>	6	32	58
1024	chr4	153481137	153481118	-	5.766	3.3	>	6	32	58
1025	chr8	72239706	72239687	-	5.754	5.32	>	6	32	58
1026	chr18	65750236	65750217	-	5.703	2.543	>	6	32	58
1027	chr6	61311882	61311863	-	5.68	7.43	>	6	32	58
1028	chr18	46143625	46143606	+	5.676	6.477	>	6	32	58
1029	chr6	120836118	120836099	+	5.64	7.797	>	6	32	58
1030	chr6	100563990	100563971	-	5.625	4.164	>	6	32	58
1031	chr3	13475098	13475079	-	5.61	1.948	>	6	32	58
1032	chr2	132262968	132262949	+	5.6	7.164	>	6	32	58
1033	chr11	103334169	103334150	+	5.594	12.02	>	6	32	58
1034	chr6	54255029	54255010	+	5.586	4.35	>	6	32	58
1035	chr13	101711018	101710999	+	5.543	9.15	>	6	32	58
1036	chr5	39644761	39644742	-	5.54	3.531	>	6	32	58
1037	chr8	90795201	90795182	-	5.516	4.996	>	6	32	58
1038	chr18	23162646	23162627	+	5.51	1.562	>	6	32	58
1039	chr16	78165563	78165544	+	5.477	7.39	>	6	32	58
1040	chr2	96584106	96584087	-	5.44	3.29	>	6	32	58
1041	chr12	72070473	72070454	+	5.426	11.336	>	6	32	58
1042	chr12	24708691	24708672	+	5.414	9.914	>	6	32	58
1043	chr8	92367135	92367116	-	5.406	6.984	>	6	32	58
1044	chr17	83866777	83866758	+	5.4	23.0	>	6	32	58
1045	chr13	55322636	55322617	-	5.4	7.0	>	6	32	58
1046	chr6	88893771	88893752	-	5.395	16.78	>	6	32	58
1047	chr19	8718731	8718712	-	5.383	8.6	>	6	32	58
1048	chr12	59220179	59220160	-	5.38	2.5	>	6	32	58
1049	chr14	60784526	60784507	+	5.367	16.06	>	6	32	58
1050	chr3	153658591	153658572	+	5.33	6.258	>	6	32	58
1051	chr9	77386949	77386930	-	5.312	12.24	>	6	32	58
1052	chr10	83219903	83219884	+	5.312	6.188	>	6	32	58
1053	chr6	15176967	15176948	-	5.31	2.947	>	6	32	58
1054	chr2	152604207	152604188	-	5.27	19.44	>	6	32	58
1055	chr2	39003369	39003350	-	5.26	1.671	>	6	32	58
1056	chr16	31425707	31425688	-	5.254	13.484	>	6	32	58
1057	chr5	137503018	137502999	-	5.227	3.691	>	6	32	58
1058	chr18	13973086	13973067	-	5.207	0.71	>	6	32	58
1059	chr17	68849016	68848997	-	5.2	1.891	>	6	32	58
1060	chr2	128408931	128408912	-	5.19	8.72	>	6	32	58
1061	chr14	97559790	97559771	-	5.16	2.041	>	6	32	58
1062	chr8	67903864	67903845	-	5.13	6.113	>	6	32	58
1063	chr14	56888181	56888162	-	5.125	3.316	>	6	32	58
1064	chr4	132198465	132198446	+	5.125	11.19	>	6	32	58
1065	chr2	39005861	39005842	-	5.12	3.883	>	6	32	58
1066	chr7	137471679	137471660	-	5.1	19.97	>	6	32	58
1067	chr6	64949075	64949056	+	5.09	5.168	>	6	32	58
1068	chr18	16821148	16821129	+	5.043	1.935	>	6	32	58
1069	chr2	93813566	93813547	+	5.04	13.086	>	6	32	58
1070	chr6	126481478	126481459	-	5.023	10.89	>	6	32	58
1071	chr1	181881093	181881074	-	4.984	10.19	>	6	32	58
1072	chr6	108065822	108065803	-	4.977	6.67	>	6	32	58
1073	chr4	88550373	88550354	+	4.938	4.04	>	6	32	58
1074	chr5	137502167	137502148	+	4.867	8.81	>	6	32	58
1075	chr8	77618148	77618129	-	4.86	4.188	>	6	32	58
1076	chr7	120098024	120098005	+	4.855	7.22	>	6	32	58
1077	chr2	75152706	75152687	-	4.824	10.55	>	6	32	58
1078	chr11	87950193	87950174	+	4.78	11.09	>	6	32	58
1079	chr11	94598936	94598917	-	4.746	10.49	>	6	32	58
1080	chr1	10229119	10229100	+	4.746	0.972	>	6	32	58
1081	chr7	143476888	143476869	+	4.746	8.89	>	6	32	58
1082	chr9	102607693	102607674	-	4.715	3.604	>	6	32	58
1083	chr8	32009749	32009730	+	4.71	6.785	>	6	32	58
1084	chr3	99262117	99262098	-	4.707	1.889	>	6	32	58
1085	chr18	75607987	75607968	+	4.664	23.11	>	6	32	58
1086	chr7	75380211	75380192	-	4.64	2.41	>	6	32	58
1087	chr3	135863108	135863089	+	4.64	3.164	>	6	32	58
1088	chr4	87369015	87368996	-	4.625	9.125	>	6	32	58
1089	chr8	84639535	84639516	+	4.605	13.88	>	6	32	58
1090	chr15	74524301	74524282	+	4.586	13.7	>	6	32	58
1091	chr17	57007316	57007297	-	4.582	9.42	>	6	32	58
1092	chr11	30893985	30893966	+	4.547	0.9004	>	6	32	58
1093	chr19	57360190	57360171	-	4.543	2.654	>	6	32	58
1094	chr8	110102657	110102638	-	4.53	9.24	>	6	32	58
1095	chr7	135389259	135389240	-	4.53	9.336	>	6	32	58
1096	chr4	152527530	152527511	+	4.516	13.99	>	6	32	58
1097	chr13	103710441	103710422	+	4.5	4.57	>	6	32	58
1098	chr10	120896053	120896034	+	4.5	2.322	>	6	32	58
1099	chr18	5155632	5155613	-	4.484	6.39	>	6	32	58
1100	chr12	80141693	80141674	-	4.45	17.05	>	6	32	58
1101	chr5	118763566	118763547	-	4.418	12.81	>	6	32	58
1102	chr12	14150175	14150156	+	4.406	3.688	>	6	32	58
1103	chr10	128990300	128990281	-	4.4	8.03	>	6	32	58
1104	chr10	30834038	30834019	-	4.37	4.473	>	6	32	58
1105	chr6	50618483	50618464	+	4.367	12.766	>	6	32	58
1106	chr15	9748972	9748953	-	4.36	3.496	>	6	32	58
1107	chr16	92308164	92308145	-	4.355	11.22	>	6	32	58
1108	chr2	9881964	9881945	-	4.355	2.918	>	6	32	58
1109	chr8	123106089	123106070	+	4.336	8.18	>	6	32	58
1110	chr5	98346264	98346245	+	4.324	2.342	>	6	32	58
1111	chr10	40249841	40249822	-	4.316	12.23	>	6	32	58
1112	chr3	141457685	141457666	+	4.312	4.707	>	6	32	58
1113	chr9	40192620	40192601	-	4.3	2.145	>	6	32	58
1114	chr9	72448248	72448229	+	4.29	7.78	>	6	32	58
1115	chr13	24316809	24316790	-	4.273	3.682	>	6	32	58
1116	chr1	50927249	50927230	+	4.258	4.5	>	6	32	58
1117	chr11	102690417	102690398	-	4.223	12.195	>	6	32	58
1118	chr4	116627141	116627122	+	4.207	6.52	>	6	32	58
1119	chr15	76198817	76198798	+	4.164	10.72	>	6	32	58
1120	chr15	12113620	12113601	-	4.156	3.312	>	6	32	58
1121	chr1	115675059	115675040	+	4.152	5.223	>	6	32	58
1122	chr2	34644807	34644788	-	4.15	8.266	>	6	32	58
1123	chr2	166084974	166084955	-	4.133	18.12	>	6	32	58
1124	chr11	21571906	21571887	-	4.13	2.105	>	6	32	58
1125	chr15	9449709	9449690	-	4.062	0.543	>	6	32	58
1126	chr5	92664520	92664501	-	4.055	3.326	>	6	32	58
1127	chr12	77001216	77001197	+	4.043	1.105	>	6	32	58
1128	chr6	93757507	93757488	-	4.01	5.273	>	6	32	58
1129	chr19	56302794	56302775	+	4.01	3.797	>	6	32	58
1130	chr13	71954038	71954019	-	4.008	1.19	>	6	32	58
1131	chr4	17852015	17851996	-	4.0	0.8535	>	6	32	58
1132	chr18	39136126	39136107	+	3.992	1.932	>	6	32	58
1133	chr1	153489234	153489215	-	3.99	7.715	>	6	32	58
1134	chr9	66136172	66136153	-	3.988	5.383	>	6	32	58
1135	chr11	109621431	109621412	-	3.979	11.484	>	6	32	58
1136	chr13	91723318	91723299	+	3.959	5.49	>	6	32	58
1137	chr13	3642291	3642272	-	3.959	4.75	>	6	32	58
1138	chr13	47304770	47304751	+	3.957	6.746	>	6	32	58
1139	chr2	121144456	121144437	+	3.953	4.504	>	6	32	58
1140	chr13	93772223	93772204	-	3.928	3.56	>	6	32	58
1141	chr10	70967079	70967060	+	3.916	4.88	>	6	32	58
1142	chr13	59417085	59417066	-	3.91	5.0	>	6	32	58
1143	chr7	102484972	102484953	-	3.883	7.0	>	6	32	58
1144	chr5	38235667	38235648	-	3.879	10.78	>	6	32	58
1145	chr14	56885401	56885382	+	3.87	2.412	>	6	32	58
1146	chr11	75170669	75170650	-	3.861	7.984	>	6	32	58
1147	chr11	77980417	77980398	+	3.846	9.5	>	6	32	58
1148	chr9	94738712	94738693	+	3.828	14.92	>	6	32	58
1149	chr6	140466500	140466481	-	3.816	3.785	>	6	32	58
1150	chr19	57361025	57361006	-	3.814	6.484	>	6	32	58
1151	chr12	58972459	58972440	+	3.777	2.135	>	6	32	58
1152	chr2	61490636	61490617	+	3.775	5.23	>	6	32	58
1153	chr4	44310651	44310632	+	3.762	4.973	>	6	32	58
1154	chr11	52766147	52766128	+	3.734	1.83	>	6	32	58
1155	chr13	72627587	72627568	-	3.717	4.066	>	6	32	58
1156	chr9	23012459	23012440	-	3.71	1.704	>	6	32	58
1157	chr16	31427924	31427905	-	3.705	3.383	>	6	32	58
1158	chr12	29895773	29895754	+	3.691	1.481	>	6	32	58
1159	chr9	73154557	73154538	+	3.666	9.1	>	6	32	58
1160	chr1	127484437	127484418	-	3.66	8.8	>	6	32	58
1161	chr9	107566236	107566217	+	3.656	7.098	>	6	32	58
1162	chr2	68118338	68118319	+	3.652	4.36	>	6	32	58
1163	chr11	11140836	11140817	-	3.629	13.69	>	6	32	58
1164	chr12	74014936	74014917	-	3.627	5.97	>	6	32	58
1165	chr7	138396301	138396282	-	3.621	0.934	>	6	32	58
1166	chr14	103534605	103534586	+	3.617	5.312	>	6	32	58
1167	chr10	115164112	115164093	-	3.613	3.031	>	6	32	58
1168	chr7	119019764	119019745	+	3.598	7.113	>	6	32	58
1169	chr13	96389525	96389506	-	3.588	1.339	>	6	32	58
1170	chr14	74723724	74723705	-	3.586	5.766	>	6	32	58
1171	chr14	55114114	55114095	-	3.57	7.387	>	6	32	58
1172	chr9	62784468	62784449	+	3.562	12.84	>	6	32	58
1173	chr10	127678167	127678148	-	3.541	2.129	>	6	32	58
1174	chr17	55948218	55948199	-	3.535	4.3	>	6	32	58
1175	chr11	78183263	78183244	-	3.525	12.305	>	6	32	58
1176	chr6	59207403	59207384	-	3.508	1.477	>	6	32	58
1177	chr6	135416919	135416900	+	3.498	4.027	>	6	32	58
1178	chr5	122104403	122104384	+	3.492	11.98	>	6	32	58
1179	chr13	37971068	37971049	-	3.482	3.088	>	6	32	58
1180	chr5	114612410	114612391	+	3.48	13.6	>	6	32	58
1181	chr10	114442226	114442207	+	3.46	2.104	>	6	32	58
1182	chr2	145655527	145655508	-	3.44	2.05	>	6	32	58
1183	chr7	109507351	109507332	-	3.418	1.832	>	6	32	58
1184	chr16	10009965	10009946	+	3.402	4.965	>	6	32	58
1185	chr14	67969032	67969013	-	3.385	5.523	>	6	32	58
1186	chr5	140744055	140744036	-	3.348	10.35	>	6	32	58
1187	chr1	56984334	56984315	+	3.338	2.584	>	6	32	58
1188	chr2	137110782	137110763	+	3.328	1.323	>	6	32	58
1189	chr16	22267525	22267506	+	3.322	1.262	>	6	32	58
1190	chr16	4884595	4884576	-	3.3	2.822	>	6	32	58
1191	chr5	19458406	19458387	-	3.291	6.625	>	6	32	58
1192	chr1	84697217	84697198	-	3.29	7.492	>	6	32	58
1193	chr14	122903088	122903069	-	3.29	2.205	>	6	32	58
1194	chr7	64056729	64056710	-	3.273	1.214	>	6	32	58
1195	chr9	71624061	71624042	-	3.273	15.39	>	6	32	58
1196	chr9	96885958	96885939	-	3.271	10.016	>	6	32	58
1197	chr18	46964733	46964714	-	3.266	8.555	>	6	32	58
1198	chr3	122638475	122638456	+	3.26	4.82	>	6	32	58
1199	chr9	94733848	94733829	+	3.256	3.768	>	6	32	58
1200	chr1	167938404	167938385	-	3.25	6.79	>	6	32	58
1201	chr1	180811841	180811822	+	3.244	6.383	>	6	32	58
1202	chr10	42760472	42760453	+	3.229	1.784	>	6	32	58
1203	chr18	20598347	20598328	+	3.213	4.758	>	6	32	58
1204	chr17	71909305	71909286	+	3.203	3.572	>	6	32	58
1205	chr1	34459898	34459879	+	3.193	3.389	>	6	32	58
1206	chr4	117202234	117202215	-	3.191	9.61	>	6	32	58
1207	chr15	101313974	101313955	-	3.178	2.96	>	6	32	58
1208	chr16	13438138	13438119	+	3.176	1.241	>	6	32	58
1209	chr7	114878499	114878480	+	3.174	1.604	>	6	32	58
1210	chr11	109866735	109866716	+	3.166	2.812	>	6	32	58
1211	chr3	123509329	123509310	+	3.162	5.67	>	6	32	58
1212	chr3	114085881	114085862	-	3.146	0.5283	>	6	32	58
1213	chr4	120149384	120149365	-	3.145	8.09	>	6	32	58
1214	chr16	4549594	4549575	-	3.137	11.12	>	6	32	58
1215	chr15	78872224	78872205	+	3.133	9.35	>	6	32	58
1216	chr12	57231261	57231242	-	3.127	3.32	>	6	32	58
1217	chr9	71624949	71624930	-	3.125	15.0	>	6	32	58
1218	chr4	18963859	18963840	-	3.12	4.01	>	6	32	58
1219	chr8	40913366	40913347	-	3.115	1.625	>	6	32	58
1220	chr5	21645240	21645221	-	3.11	1.259	>	6	32	58
1221	chr10	68357244	68357225	+	3.094	1.353	>	6	32	58
1222	chr2	93812077	93812058	-	3.06	11.82	>	6	32	58
1223	chr12	75669431	75669412	-	3.05	4.1	>	6	32	58
1224	chr1	12844023	12844004	+	3.033	4.33	>	6	32	58
1225	chr12	86697142	86697123	+	3.025	6.996	>	6	32	58
1226	chr9	98033678	98033659	+	3.021	1.525	>	6	32	58
1227	chr19	37946902	37946883	+	3.02	4.082	>	6	32	58
1228	chr9	75271676	75271657	+	3.01	4.42	>	6	32	58
1229	chr11	55162881	55162862	+	2.996	3.625	>	6	32	58
1230	chr17	25274339	25274320	-	2.984	4.45	>	6	32	58
1231	chr6	108065317	108065298	+	2.984	5.535	>	6	32	58
1232	chr7	5071749	5071730	-	2.928	2.754	>	6	32	58
1233	chr3	152477906	152477887	-	2.922	3.295	>	6	32	58
1234	chr5	28090770	28090751	-	2.922	2.412	>	6	32	58
1235	chr14	78282622	78282603	+	2.91	2.186	>	6	32	58
1236	chr14	88480122	88480103	-	2.906	3.236	>	6	32	58
1237	chr7	107569047	107569028	+	2.902	1.588	>	6	32	58
1238	chr3	83777088	83777069	-	2.879	3.992	>	6	32	58
1239	chr8	48550865	48550846	+	2.871	0.592	>	6	32	58
1240	chr7	132575955	132575936	-	2.855	4.473	>	6	32	58
1241	chr14	79769127	79769108	-	2.852	4.36	>	6	32	58
1242	chr17	69974245	69974226	-	2.799	1.284	>	6	32	58
1243	chr12	66284211	66284192	-	2.793	5.484	>	6	32	58
1244	chr6	83796902	83796883	-	2.785	3.35	>	6	32	58
1245	chr9	44108077	44108058	+	2.785	11.375	>	6	32	58
1246	chr11	116023924	116023905	+	2.777	6.906	>	6	32	58
1247	chr3	86779824	86779805	-	2.775	8.64	>	6	32	58
1248	chr19	46056202	46056183	+	2.77	5.27	>	6	32	58
1249	chr10	108210181	108210162	-	2.762	0.674	>	6	32	58
1250	chr8	27001386	27001367	+	0.4329	0.4077	>	6	32	58
1251	chr17	28338029	28338010	-	0.252	0.265	>	6	32	58
1252	chr11	76445826	76445807	-	0.2268	0.1863	>	6	32	58
1253	chr5	144244146	144244127	-	0.311	0.3691	>	6	32	58
1254	chr14	79768803	79768784	-	0.3076	0.2808	>	6	32	58
1255	chr9	26778623	26778604	-	1.299	0.6914	>	6	32	58
1256	chr7	25392052	25392033	+	0.2487	0.242	>	6	32	58
1257	chr3	101484879	101484860	-	0.3438	0.528	>	6	32	58
1258	chr2	69113988	69113969	+	0.2472	0.1981	>	6	32	58
1259	chr13	29852447	29852428	-	0.1781	0.1941	>	6	32	58
1260	chr2	60213231	60213212	-	0.1073	0.1628	>	6	32	58
1261	chr2	171418157	171418138	-	0.1407	0.2131	>	6	32	58
1262	chr7	64392050	64392031	-	0.514	0.2006	>	6	32	58
1263	chr15	36157434	36157415	-	0.7227	0.836	>	6	32	58
1264	chr4	49662357	49662338	-	0.4692	0.2915	>	6	32	58
1265	chr4	48422356	48422337	+	1.027	0.5225	>	6	32	58
1266	chr18	82720514	82720495	+	0.1605	0.1409	>	6	32	58
1267	chr1	172022686	172022667	+	0.1733	0.1764	>	6	32	58
1268	chr7	139595890	139595871	+	0.1575	0.2125	>	6	32	58
1269	chr12	73007842	73007823	-	0.345	0.2974	>	6	32	58
1270	chr17	27192928	27192909	-	0.1056	0.4468	>	6	32	58
1271	chr1	53698960	53698941	+	0.557	0.255	>	6	32	58
1272	chr18	12734380	12734361	+	0.207	0.1383	>	6	32	58
1273	chr6	126767488	126767469	-	0.2039	0.2483	>	6	32	58
1274	chr2	92856249	92856230	-	2.734	0.857	>	6	32	58
1275	chr11	74572851	74572832	+	0.2646	0.2705	>	6	32	58
1276	chr9	59675637	59675618	-	0.4082	0.744	>	6	32	58
1277	chr15	55025647	55025628	+	0.1847	0.1536	>	6	32	58
1278	chr4	120579150	120579131	-	0.33	0.264	>	6	32	58
1279	chr15	74525720	74525701	+	0.2172	0.2104	>	6	32	58
1280	chr1	88748095	88748076	+	0.1973	0.1881	>	6	32	58
1281	chr15	32239655	32239636	-	0.2822	0.1587	>	6	32	58
1282	chr7	36571183	36571164	+	0.1103	0.1942	>	6	32	58
1283	chr11	113855351	113855332	-	0.1613	0.1947	>	6	32	58
1284	chr6	90609163	90609144	+	2.127	1.159	>	6	32	58
1285	chr3	146181407	146181388	-	0.2034	0.3416	>	6	32	58
1286	chr10	69857222	69857203	-	0.3232	0.3599	>	6	32	58
1287	chr2	158361425	158361406	-	0.5625	0.2502	>	6	32	58
1288	chr5	136268179	136268160	-	0.1886	0.2153	>	6	32	58
1289	chr16	11983350	11983331	-	1.634	1.076	>	6	32	58
1290	chr2	84437773	84437754	+	0.2305	0.14	>	6	32	58
1291	chr18	24002018	24001999	-	0.133	0.1333	>	6	32	58
1292	chr1	130151533	130151514	-	0.4075	0.3347	>	6	32	58
1293	chr9	59675855	59675836	+	0.3367	0.2161	>	6	32	58
1294	chr11	116840251	116840232	-	0.3374	0.637	>	6	32	58
1295	chr2	155819963	155819944	+	0.07886	0.146	>	6	32	58
1296	chr14	105301632	105301613	+	0.206	0.2114	>	6	32	58
1297	chr12	9044592	9044573	+	0.1821	0.2019	>	6	32	58
1298	chr18	13971224	13971205	-	0.5337	0.3596	>	6	32	58
1299	chr5	136267600	136267581	-	0.2751	0.189	>	6	32	58
1300	chr5	33371430	33371411	+	0.3992	0.1644	>	6	32	58
1301	chr14	51090397	51090378	-	0.4153	0.243	>	6	32	58
1302	chr1	77935072	77935053	+	0.1814	0.1729	>	6	32	58
1303	chr11	119246049	119246030	-	0.204	0.3367	>	6	32	58
1304	chr17	50274949	50274930	-	0.441	0.1749	>	6	32	58
1305	chr8	108956442	108956423	+	0.5635	0.3044	>	6	32	58
1306	chr11	66885340	66885321	+	0.1636	0.169	>	6	32	58
1307	chr7	30099945	30099926	-	0.1979	0.1757	>	6	32	58
1308	chr15	99973159	99973140	-	0.1998	0.3345	>	6	32	58
1309	chr5	16308949	16308930	+	0.1567	0.1411	>	6	32	58
1310	chr6	119466578	119466559	-	0.9824	0.9795	>	6	32	58
1311	chr2	136886679	136886660	+	0.7764	0.2095	>	6	32	58
1312	chr14	79763594	79763575	-	0.2852	0.151	>	6	32	58
1313	chr2	170416012	170415993	+	0.1837	0.1256	>	6	32	58
1314	chr4	41015236	41015217	-	0.1882	0.1434	>	6	32	58
1315	chr11	70975109	70975090	+	0.713	0.3914	>	6	32	58
1316	chr5	122773202	122773183	+	0.11584	0.1375	>	6	32	58
1317	chr4	128588031	128588012	-	0.2659	0.1909	>	6	32	58
1318	chr8	122576186	122576167	-	0.11285	0.1545	>	6	32	58
1319	chr7	76383989	76383970	+	0.1553	0.154	>	6	32	58
1320	chr9	41467019	41467000	-	0.2223	0.1565	>	6	32	58
1321	chr1	32712246	32712227	-	0.05322	0.1516	>	6	32	58
1322	chr16	23974866	23974847	-	0.5283	0.3425	>	6	32	58
1323	chr15	84066194	84066175	-	0.6196	1.17	>	6	32	58
1324	chr11	40148920	40148901	-	1.272	0.642	>	6	32	58
1325	chr7	27166488	27166469	-	0.306	0.491	>	6	32	58
1326	chr11	30240273	30240254	+	0.4001	0.2556	>	6	32	58
1327	chr2	69115969	69115950	-	0.1754	0.1587	>	6	32	58
1328	chr9	113420569	113420550	-	0.2261	0.2178	>	6	32	58
1329	chr12	99882528	99882509	-	0.2617	0.1387	>	6	32	58
1330	chr5	77347648	77347629	-	0.3625	0.4211	>	6	32	58
1331	chr10	49780455	49780436	+	0.2179	0.1394	>	6	32	58
1332	chr5	75855263	75855244	-	0.6416	0.4326	>	6	32	58
1333	chr2	124087358	124087339	-	0.6436	0.2075	>	6	32	58
1334	chr14	49219056	49219037	+	0.678	0.694	>	6	32	58
1335	chr5	147938091	147938072	+	0.368	0.1842	>	6	32	58
1336	chr11	32340288	32340269	+	0.1792	0.1648	>	6	32	58
1337	chr16	50181579	50181560	+	0.2006	0.1838	>	6	32	58
1338	chr16	20496121	20496102	-	0.6714	0.1777	>	6	32	58
1339	chr8	76775680	76775661	+	0.135	0.1975	>	6	32	58
1340	chr14	65597676	65597657	+	0.6543	0.452	>	6	32	58
1341	chr7	64754771	64754752	+	0.1351	0.2295	>	6	32	58
1342	chr2	166083979	166083960	-	0.2964	0.2065	>	6	32	58
1343	chr16	44140440	44140421	+	0.4607	0.3381	>	6	32	58
1344	chr12	90524338	90524319	-	0.3223	0.2983	>	6	32	58
1345	chr5	89391716	89391697	+	0.1626	0.1418	>	6	32	58
1346	chr9	59675438	59675419	-	0.2104	0.1542	>	6	32	58
1347	chr19	16339103	16339084	-	0.1967	0.1177	>	6	32	58
1348	chr13	30545067	30545048	+	0.3672	0.2915	>	6	32	58
1349	chr1	92462681	92462662	+	0.3916	0.1832	>	6	32	58
1350	chr4	84066283	84066264	-	0.1898	0.1552	>	6	32	58
1351	chr9	83373922	83373903	-	0.2197	0.1434	>	6	32	58
1352	chr4	88773969	88773950	-	0.9507	8.01	>	6	32	58
1353	chr9	123132258	123132239	-	0.1687	0.1416	>	6	32	58
1354	chr17	34958843	34958824	-	0.2079	0.5464	>	6	32	58
1355	chr12	50946225	50946206	+	0.2341	0.157	>	6	32	58
1356	chr13	73647252	73647233	+	0.267	0.1704	>	6	32	58
1357	chr11	83279300	83279281	-	0.4434	0.2251	>	6	32	58
1358	chr17	8986048	8986029	-	0.3325	0.212	>	6	32	58
1359	chr4	14935721	14935702	-	0.7095	0.296	>	6	32	58
1360	chr4	75076699	75076680	+	0.09125	0.2014	>	6	32	58
1361	chr5	114610713	114610694	+	0.0985	0.1626	>	6	32	58
1362	chr9	83378273	83378254	-	0.471	0.2808	>	6	32	58
1363	chr9	107773182	107773163	-	0.1786	0.1414	>	6	32	58
1364	chr9	41218030	41218011	+	0.1323	0.1355	>	6	32	58
1365	chr9	105644718	105644699	+	0.4255	0.1808	>	6	32	58
1366	chr8	84264441	84264422	-	1.261	1.4795	>	6	32	58
1367	chr4	135959453	135959434	+	0.112	0.2223	>	6	32	58
1368	chr1	24684268	24684249	+	0.4001	0.1942	>	6	32	58
1369	chr3	87748577	87748558	-	0.7593	0.4382	>	6	32	58
1370	chr9	54690950	54690931	+	0.11566	0.136	>	6	32	58
1371	chr15	82277690	82277671	-	0.9043	0.4492	>	6	32	58
1372	chr5	115498528	115498509	-	0.2693	0.2164	>	6	32	58
1373	chr9	56621276	56621257	+	0.10846	0.253	>	6	32	58
1374	chr18	81956733	81956714	-	0.2815	0.2637	>	6	32	58
1375	chr10	22791401	22791382	-	0.1346	0.2358	>	6	32	58
1376	chr15	82271301	82271282	+	0.836	0.1838	>	6	32	58
1377	chr12	69946159	69946140	+	0.555	0.455	>	6	32	58
1378	chr14	101442800	101442781	+	0.2983	0.1344	>	6	32	58
1379	chr2	164777017	164776998	-	0.5176	0.361	>	6	32	58
1380	chr10	24631573	24631554	-	1.178	1.224	>	6	32	58
1381	chr1	136528510	136528491	-	1.761	0.7373	>	6	32	58
1382	chr10	19222118	19222099	-	1.411	0.8228	>	6	32	58
1383	chr14	56885508	56885489	-	2.348	4.004	>	6	32	58
1384	chr8	85060493	85060474	-	0.9688	0.437	>	6	32	58
1385	chr11	96075822	96075803	-	0.9316	0.4944	>	6	32	58
1386	chr11	77476535	77476516	+	0.1632	0.2383	>	6	32	58
1387	chr1	81294004	81293985	-	0.905	0.562	>	6	32	58
1388	chr12	15520954	15520935	+	0.7183	0.4033	>	6	32	58
1389	chr7	66397054	66397035	+	0.1594	0.2107	>	6	32	58
1390	chr12	74014582	74014563	-	0.2377	0.1973	>	6	32	58
1391	chr5	144242554	144242535	-	0.241	0.1987	>	6	32	58
1392	chr15	66894943	66894924	+	0.2703	0.2021	>	6	32	58
1393	chr6	126484995	126484976	-	0.4333	1.278	>	6	32	58
1394	chr4	48427148	48427129	+	0.678	0.3833	>	6	32	58
1395	chr15	71459211	71459192	+	0.252	0.1731	>	6	32	58
1396	chr3	19896435	19896416	-	0.2361	0.1467	>	6	32	58
1397	chr8	68268707	68268688	-	0.1398	0.1492	>	6	32	58
1398	chr1	182555580	182555561	-	0.1982	0.1915	>	6	32	58
1399	chr9	44413186	44413167	-	0.534	0.393	>	6	32	58
1400	chr14	70151716	70151697	+	0.3604	0.2382	>	6	32	58
1401	chr4	62478250	62478231	+	0.438	0.1328	>	6	32	58
1402	chr3	127561629	127561610	-	0.2183	0.12354	>	6	32	58
1403	chr3	69139614	69139595	-	0.397	0.2261	>	6	32	58
1404	chr17	17919616	17919597	+	0.1678	0.167	>	6	32	58
1405	chr4	139314214	139314195	-	0.2279	0.269	>	6	32	58
1406	chr18	61952763	61952744	-	0.2372	0.1731	>	6	32	58
1407	chr9	7599188	7599169	+	0.33	0.191	>	6	32	58
1408	chr10	120898341	120898322	-	0.3386	0.1467	>	6	32	58
1409	chr11	57469613	57469594	-	0.1846	0.2297	>	6	32	58
1410	chr18	58480198	58480179	-	0.2095	0.1665	>	6	32	58
1411	chr17	12380527	12380508	-	0.658	0.591	>	6	32	58
1412	chr2	107940173	107940154	+	0.11664	0.1351	>	6	32	58
1413	chr2	32580534	32580515	-	0.2605	0.4055	>	6	32	58
1414	chr15	98813480	98813461	+	0.3496	0.5376	>	6	32	58
1415	chr6	54253893	54253874	+	0.1663	0.1743	>	6	32	58
1416	chr1	135800865	135800846	+	0.1766	0.1665	>	6	32	58
1417	chr15	58426369	58426350	+	0.1996	0.1519	>	6	32	58
1418	chr4	87367775	87367756	+	0.3853	0.1472	>	6	32	58
1419	chr2	96583103	96583084	-	0.809	0.3242	>	6	32	58
1420	chr4	63366959	63366940	-	0.1979	0.1753	>	6	32	58
1421	chr4	59761293	59761274	-	0.3435	0.2113	>	6	32	58
1422	chr10	7832162	7832143	+	0.2646	0.1672	>	6	32	58
1423	chr7	89904213	89904194	-	0.2908	0.156	>	6	32	58
1424	chr1	30697342	30697323	+	0.1025	0.1263	>	6	32	58
1425	chr1	58987602	58987583	+	0.2202	0.1498	>	6	32	58
1426	chr15	7452190	7452171	+	0.1405	0.12085	>	6	32	58
1427	chr4	139877044	139877025	+	0.3875	0.2688	>	6	32	58
1428	chr3	83291887	83291868	-	0.0825	0.137	>	6	32	58
1429	chr15	68912907	68912888	-	0.5024	0.2024	>	6	32	58
1430	chr14	64593744	64593725	-	1.073	0.5703	>	6	32	58
1431	chr1	56980349	56980330	-	0.2778	0.2322	>	6	32	58
1432	chr14	75833620	75833601	-	0.6006	0.4543	>	6	32	58
1433	chr16	62904648	62904629	-	0.217	0.1924	>	6	32	58
1434	chr5	35991229	35991210	-	1.033	1.082	>	6	32	58
1435	chr5	44287418	44287399	-	0.248	0.155	>	6	32	58
1436	chr15	76199915	76199896	-	0.07776	0.3071	>	6	32	58
1437	chr4	131240262	131240243	-	0.241	0.206	>	6	32	58
1438	chr5	102147917	102147898	-	0.228	0.2458	>	6	32	58
1439	chr3	93086926	93086907	+	0.0978	0.1787	>	6	32	58
1440	chr6	126163382	126163363	+	2.373	1.376	>	6	32	58
1441	chr3	45375769	45375750	+	1.051	0.2544	>	6	32	58
1442	chr16	90306219	90306200	-	0.3647	0.3506	>	6	32	58
1443	chr17	3249270	3249251	-	0.1843	0.136	>	6	32	58
1444	chr4	143024421	143024402	-	0.087	0.1317	>	6	32	58
1445	chr19	47513892	47513873	-	0.2471	0.1393	>	6	32	58
1446	chr6	66534595	66534576	-	1.387	0.675	>	6	32	58
1447	chr6	134963172	134963153	-	0.6475	0.5996	>	6	32	58
1448	chr14	56369245	56369226	+	0.2401	0.1912	>	6	32	58
1449	chr18	53460219	53460200	+	0.1775	0.162	>	6	32	58
1450	chr7	89476922	89476903	-	0.2163	0.1522	>	6	32	58
1451	chr6	34273116	34273097	+	0.0673	0.1545	>	6	32	58
1452	chr7	142295608	142295589	-	1.062	6.32	>	6	32	58
1453	chr3	22302208	22302189	+	0.992	0.3848	>	6	32	58
1454	chr6	31045994	31045975	-	0.7534	0.959	>	6	32	58
1455	chr9	57143378	57143359	-	0.1816	0.2302	>	6	32	58
1456	chr6	101268340	101268321	+	0.2712	0.1924	>	6	32	58
1457	chr9	58897456	58897437	-	0.7163	0.4846	>	6	32	58
1458	chr17	79601068	79601049	+	0.2245	0.12476	>	6	32	58
1459	chr16	5254607	5254588	-	0.2883	0.22	>	6	32	58
1460	chr4	83595536	83595517	+	1.783	1.041	>	6	32	58
1461	chr9	51159881	51159862	-	0.6875	0.266	>	6	32	58
1462	chr14	66354429	66354410	+	0.1142	0.1388	>	6	32	58
1463	chr5	117090283	117090264	+	0.5806	0.4014	>	6	32	58
1464	chr2	168061425	168061406	-	0.1733	0.2051	>	6	32	58
1465	chr5	9169228	9169209	+	0.3306	0.1686	>	6	32	58
1466	chr6	28418701	28418682	-	0.4202	0.266	>	6	32	58
1467	chr12	105038443	105038424	-	0.1501	0.2063	>	6	32	58
1468	chr1	182558143	182558124	-	0.2264	0.1511	>	6	32	58
1469	chr8	47713300	47713281	-	1.078	1.646	>	6	32	58
1470	chr18	47357393	47357374	+	0.2007	0.1278	>	6	32	58
1471	chr1	118771083	118771064	-	0.1254	0.2006	>	6	32	58
1472	chr16	6493044	6493025	-	0.1927	0.1516	>	6	32	58
1473	chr9	42951005	42950986	-	0.3914	0.2078	>	6	32	58
1474	chr13	53430986	53430967	-	0.6504	0.3672	>	6	32	58
1475	chr13	67609268	67609249	+	2.162	0.826	>	6	32	58
1476	chr1	53035072	53035053	+	0.1465	0.1494	>	6	32	58
1477	chr7	99471824	99471805	-	0.3745	0.4907	>	6	32	58
1478	chr11	36543574	36543555	-	0.1156	0.1614	>	6	32	58
1479	chr5	124334258	124334239	-	0.3428	0.273	>	6	32	58
1480	chr10	76771414	76771395	-	0.1296	0.2047	>	6	32	58
1481	chr10	4386719	4386700	+	0.32	0.4492	>	6	32	58
1482	chr5	116554091	116554072	+	0.0876	0.1714	>	6	32	58
1483	chr10	41734858	41734839	+	0.1406	0.2605	>	6	32	58
1484	chr10	50906875	50906856	-	0.2361	0.1674	>	6	32	58
1485	chr11	31651668	31651649	+	0.07605	0.1534	>	6	32	58
1486	chr6	116193190	116193171	+	0.3687	0.372	>	6	32	58
1487	chr1	188976509	188976490	+	0.343	0.1833	>	6	32	58
1488	chr12	101976095	101976076	+	0.681	0.4116	>	6	32	58
1489	chr15	75925915	75925896	+	0.6084	0.9233	>	6	32	58
1490	chr1	4777287	4777268	-	0.9443	1.425	>	6	32	58
1491	chr18	86560230	86560211	+	0.7866	1.138	>	6	32	58
1492	chr7	43574878	43574859	+	1.292	1.347	>	6	32	58
1493	chr7	98200601	98200582	-	0.2927	0.1711	>	6	32	58
1494	chr4	143319849	143319830	+	0.2299	0.1525	>	6	32	58
1495	chr2	128601696	128601677	-	0.1208	0.207	>	6	32	58
1496	chr17	57004491	57004472	-	0.1467	0.2932	>	6	32	58
1497	chr2	35196541	35196522	-	1.081	0.3997	>	6	32	58
1498	chr5	29779371	29779352	+	0.1531	0.1671	>	6	32	58
1499	chr10	93038429	93038410	-	0.163	0.1875	>	6	32	58
0	chr4	87368268	87368249	+	90.56	65.75	>	6	33	57
1	chr11	109860827	109860808	-	89.2	47.97	>	6	33	57
2	chr3	22309188	22309169	+	81.5	60.4	>	6	33	57
3	chr10	5161770	5161751	-	79.2	55.88	>	6	33	57
4	chr16	71247702	71247683	+	68.56	43.2	>	6	33	57
5	chr16	72980067	72980048	-	68.3	56.7	>	6	33	57
6	chr6	60556001	60555982	+	67.7	40.38	>	6	33	57
7	chr5	7996919	7996900	-	66.06	59.4	>	6	33	57
8	chr14	12140114	12140095	-	65.1	51.62	>	6	33	57
9	chr13	81439574	81439555	+	64.94	46.94	>	6	33	57
10	chr9	103996726	103996707	-	64.9	51.25	>	6	33	57
11	chr15	56066340	56066321	+	63.97	42.94	>	6	33	57
12	chr10	106609250	106609231	+	63.97	42.62	>	6	33	57
13	chr1	144380222	144380203	-	63.4	48.44	>	6	33	57
14	chr10	8240468	8240449	-	62.34	45.88	>	6	33	57
15	chr12	77000269	77000250	+	62.22	54.97	>	6	33	57
16	chr1	44745882	44745863	+	62.12	40.25	>	6	33	57
17	chr4	81178889	81178870	+	62.03	50.0	>	6	33	57
18	chr9	10909768	10909749	+	61.12	47.94	>	6	33	57
19	chr6	64650119	64650100	-	60.56	60.88	>	6	33	57
20	chr15	32766485	32766466	-	60.56	46.62	>	6	33	57
21	chr4	9135983	9135964	+	60.03	34.12	>	6	33	57
22	chr7	118305013	118304994	+	59.5	47.62	>	6	33	57
23	chr10	39520570	39520551	-	58.34	40.5	>	6	33	57
24	chr1	78724658	78724639	+	58.25	47.28	>	6	33	57
25	chr2	160598038	160598019	+	57.94	55.8	>	6	33	57
26	chr18	33790258	33790239	-	57.72	56.3	>	6	33	57
27	chr12	40837750	40837731	+	57.5	46.25	>	6	33	57
28	chr8	41443763	41443744	+	57.34	56.06	>	6	33	57
29	chr14	68494314	68494295	-	56.94	24.97	>	6	33	57
30	chr1	11657910	11657891	+	56.8	43.62	>	6	33	57
31	chr11	77100337	77100318	+	55.88	49.25	>	6	33	57
32	chr16	41244935	41244916	-	55.72	48.0	>	6	33	57
33	chr14	87452291	87452272	-	55.72	63.0	>	6	33	57
34	chr18	16217050	16217031	+	54.9	26.8	>	6	33	57
35	chr11	53255133	53255114	-	54.8	39.5	>	6	33	57
36	chr9	7216447	7216428	+	54.56	27.64	>	6	33	57
37	chr8	35850598	35850579	-	54.5	50.94	>	6	33	57
38	chr8	102781131	102781112	-	54.44	41.34	>	6	33	57
39	chr5	49962010	49961991	-	54.16	50.88	>	6	33	57
40	chr7	90410162	90410143	-	54.06	39.75	>	6	33	57
41	chr4	15328717	15328698	+	54.03	40.72	>	6	33	57
42	chr11	31949616	31949597	-	54.0	41.44	>	6	33	57
43	chr1	120586671	120586652	+	53.8	57.06	>	6	33	57
44	chr13	19698921	19698902	+	53.16	40.8	>	6	33	57
45	chr12	57825950	57825931	+	53.03	34.38	>	6	33	57
46	chr16	72215933	72215914	-	52.7	45.56	>	6	33	57
47	chr9	15685402	15685383	+	52.62	45.03	>	6	33	57
48	chr10	10321327	10321308	-	52.47	23.97	>	6	33	57
49	chr9	49494135	49494116	+	52.4	51.5	>	6	33	57
50	chr3	50906169	50906150	-	52.12	57.06	>	6	33	57
51	chr11	57467973	57467954	-	52.03	54.47	>	6	33	57
52	chr11	113165316	113165297	-	51.88	57.94	>	6	33	57
53	chr9	51152608	51152589	-	51.8	48.22	>	6	33	57
54	chr16	58299658	58299639	+	51.56	30.08	>	6	33	57
55	chr16	22564783	22564764	+	51.44	49.16	>	6	33	57
56	chr8	36523135	36523116	-	51.4	44.44	>	6	33	57
57	chr14	34810941	34810922	+	51.3	52.97	>	6	33	57
58	chr6	101261740	101261721	-	51.0	49.47	>	6	33	57
59	chr7	132213694	132213675	-	50.8	38.62	>	6	33	57
60	chr2	48886271	48886252	-	50.28	44.53	>	6	33	57
61	chr12	54060974	54060955	-	50.12	27.78	>	6	33	57
62	chr1	5905019	5905000	-	50.06	44.22	>	6	33	57
63	chr9	26776375	26776356	-	50.0	53.88	>	6	33	57
64	chr1	103799519	103799500	+	49.53	56.44	>	6	33	57
65	chr9	88222188	88222169	-	49.5	40.1	>	6	33	57
66	chr18	58481884	58481865	-	49.28	39.28	>	6	33	57
67	chr13	100112788	100112769	+	49.16	37.22	>	6	33	57
68	chr3	14679394	14679375	+	49.06	29.97	>	6	33	57
69	chr16	37109459	37109440	+	48.75	19.0	>	6	33	57
70	chr3	153655318	153655299	-	48.72	48.28	>	6	33	57
71	chr16	89765698	89765679	-	48.38	54.0	>	6	33	57
72	chr13	89543228	89543209	-	48.3	56.84	>	6	33	57
73	chr11	40149509	40149490	-	48.28	36.34	>	6	33	57
74	chr3	113080940	113080921	-	48.2	53.4	>	6	33	57
75	chr10	70963797	70963778	-	47.53	51.97	>	6	33	57
76	chr6	66533480	66533461	-	47.34	41.22	>	6	33	57
77	chr18	57976815	57976796	+	47.28	41.3	>	6	33	57
78	chr12	92303388	92303369	+	47.12	48.12	>	6	33	57
79	chr6	43686140	43686121	+	47.1	34.0	>	6	33	57
80	chr15	11038687	11038668	+	47.06	40.16	>	6	33	57
81	chr6	13281064	13281045	-	47.06	44.4	>	6	33	57
82	chr4	25180081	25180062	-	46.94	22.34	>	6	33	57
83	chr2	110229883	110229864	+	46.8	37.2	>	6	33	57
84	chr2	118638293	118638274	+	46.34	48.4	>	6	33	57
85	chr14	67674858	67674839	-	46.2	40.62	>	6	33	57
86	chr1	179477262	179477243	-	45.97	54.9	>	6	33	57
87	chr12	78056191	78056172	+	45.84	48.03	>	6	33	57
88	chr15	44836402	44836383	+	45.7	45.75	>	6	33	57
89	chr9	80293262	80293243	+	45.3	48.66	>	6	33	57
90	chr1	21411405	21411386	+	45.28	35.97	>	6	33	57
91	chr8	80483379	80483360	-	45.28	32.34	>	6	33	57
92	chr16	55477026	55477007	-	44.9	60.88	>	6	33	57
93	chr9	122729759	122729740	-	44.72	40.56	>	6	33	57
94	chr2	17415581	17415562	-	44.56	38.03	>	6	33	57
95	chr4	13778049	13778030	-	44.5	20.47	>	6	33	57
96	chr16	64748455	64748436	-	44.47	52.25	>	6	33	57
97	chr6	57570627	57570608	-	44.28	34.06	>	6	33	57
98	chr16	13117421	13117402	+	44.28	48.25	>	6	33	57
99	chr1	54381475	54381456	-	44.12	34.1	>	6	33	57
100	chr15	40166896	40166877	+	44.03	40.53	>	6	33	57
101	chr17	83271696	83271677	+	44.0	39.2	>	6	33	57
102	chr9	63136063	63136044	+	43.94	32.22	>	6	33	57
103	chr3	68056550	68056531	+	43.88	35.0	>	6	33	57
104	chr3	25220822	25220803	-	43.8	23.62	>	6	33	57
105	chr7	118102455	118102436	-	43.53	59.94	>	6	33	57
106	chr9	51335485	51335466	+	43.47	26.75	>	6	33	57
107	chr16	96671807	96671788	-	43.4	27.66	>	6	33	57
108	chr2	113494904	113494885	+	43.34	43.28	>	6	33	57
109	chr1	55404561	55404542	+	43.25	39.06	>	6	33	57
110	chr3	80079969	80079950	+	43.0	35.7	>	6	33	57
111	chr11	25862989	25862970	-	42.66	37.9	>	6	33	57
112	chr13	109213188	109213169	-	42.6	60.5	>	6	33	57
113	chr8	58566283	58566264	+	42.56	33.8	>	6	33	57
114	chr16	72218227	72218208	+	42.38	47.1	>	6	33	57
115	chr14	102510640	102510621	-	42.34	35.9	>	6	33	57
116	chr7	143154010	143153991	+	42.16	43.66	>	6	33	57
117	chr6	143219585	143219566	+	42.1	41.62	>	6	33	57
118	chr17	86906334	86906315	-	41.97	47.25	>	6	33	57
119	chr8	62080400	62080381	+	41.97	30.6	>	6	33	57
120	chr3	57843985	57843966	+	41.94	43.75	>	6	33	57
121	chr18	3495634	3495615	+	41.62	36.03	>	6	33	57
122	chr7	125393847	125393828	-	41.56	47.0	>	6	33	57
123	chr7	86211564	86211545	-	41.56	46.4	>	6	33	57
124	chr9	60245127	60245108	+	41.38	43.16	>	6	33	57
125	chr6	131353859	131353840	-	41.3	15.89	>	6	33	57
126	chr15	98173991	98173972	-	41.25	24.88	>	6	33	57
127	chr17	88641249	88641230	-	41.12	34.25	>	6	33	57
128	chr9	87027908	87027889	+	41.1	38.34	>	6	33	57
129	chr4	70621553	70621534	-	40.97	48.38	>	6	33	57
130	chr12	41487236	41487217	-	40.88	35.94	>	6	33	57
131	chr4	127368548	127368529	+	40.8	49.72	>	6	33	57
132	chr8	50293750	50293731	-	40.75	48.2	>	6	33	57
133	chr16	27468981	27468962	+	40.75	34.62	>	6	33	57
134	chr7	121641354	121641335	-	40.7	30.69	>	6	33	57
135	chr3	29726795	29726776	-	40.7	30.42	>	6	33	57
136	chr14	29110872	29110853	-	40.66	51.22	>	6	33	57
137	chr13	116712427	116712408	-	40.62	33.1	>	6	33	57
138	chr18	19939562	19939543	-	40.47	45.7	>	6	33	57
139	chr15	80704533	80704514	-	40.28	46.53	>	6	33	57
140	chr18	50137074	50137055	+	40.28	37.62	>	6	33	57
141	chr13	15763212	15763193	-	40.25	29.53	>	6	33	57
142	chr19	50185486	50185467	+	40.22	44.2	>	6	33	57
143	chr12	74013965	74013946	-	40.22	40.8	>	6	33	57
144	chr1	138835543	138835524	+	40.06	20.81	>	6	33	57
145	chr15	55550924	55550905	-	40.06	37.12	>	6	33	57
146	chr1	61771439	61771420	-	40.06	23.55	>	6	33	57
147	chr12	34664961	34664942	+	40.0	19.7	>	6	33	57
148	chr14	78288101	78288082	-	39.8	38.8	>	6	33	57
149	chr2	4499416	4499397	+	39.78	33.88	>	6	33	57
150	chr13	30260132	30260113	-	39.75	32.75	>	6	33	57
151	chr9	68015271	68015252	+	39.2	39.0	>	6	33	57
152	chr1	126993502	126993483	-	39.06	47.2	>	6	33	57
153	chr16	25349824	25349805	-	39.0	41.2	>	6	33	57
154	chr1	14729249	14729230	-	38.94	39.3	>	6	33	57
155	chr15	59389427	59389408	+	38.7	46.34	>	6	33	57
156	chr6	100882590	100882571	+	38.66	49.44	>	6	33	57
157	chr3	9711121	9711102	+	38.62	35.47	>	6	33	57
158	chr6	21214019	21214000	-	38.47	24.2	>	6	33	57
159	chr17	42603617	42603598	-	38.47	42.5	>	6	33	57
160	chr4	80517548	80517529	-	38.47	41.4	>	6	33	57
161	chr9	85328584	85328565	-	38.28	30.06	>	6	33	57
162	chr17	44262001	44261982	+	38.22	44.16	>	6	33	57
163	chr10	102449665	102449646	+	38.2	48.84	>	6	33	57
164	chr17	14520745	14520726	-	38.12	30.45	>	6	33	57
165	chr13	51830925	51830906	+	38.0	56.0	>	6	33	57
166	chr12	83502436	83502417	-	37.97	34.4	>	6	33	57
167	chr5	75853265	75853246	-	37.94	27.88	>	6	33	57
168	chr13	110382742	110382723	+	37.88	61.84	>	6	33	57
169	chr5	62481159	62481140	-	37.8	35.4	>	6	33	57
170	chr7	49121503	49121484	-	37.7	29.61	>	6	33	57
171	chr15	11966575	11966556	-	37.66	34.72	>	6	33	57
172	chr3	31146135	31146116	+	37.53	44.5	>	6	33	57
173	chr2	37815879	37815860	+	37.47	39.2	>	6	33	57
174	chr5	33033442	33033423	-	37.44	48.28	>	6	33	57
175	chr9	7595466	7595447	-	37.4	28.72	>	6	33	57
176	chr5	21641153	21641134	-	37.3	33.66	>	6	33	57
177	chr14	48367302	48367283	-	37.12	39.88	>	6	33	57
178	chr17	14524624	14524605	+	37.1	38.88	>	6	33	57
179	chr4	84064835	84064816	+	37.06	23.38	>	6	33	57
180	chr4	63368786	63368767	+	37.06	51.6	>	6	33	57
181	chr5	102149680	102149661	+	37.03	38.97	>	6	33	57
182	chr12	32897684	32897665	-	36.88	40.9	>	6	33	57
183	chr16	91936532	91936513	+	36.72	43.06	>	6	33	57
184	chr6	37046379	37046360	-	36.72	47.7	>	6	33	57
185	chr18	59081896	59081877	+	36.7	37.34	>	6	33	57
186	chr6	103697552	103697533	-	36.3	43.6	>	6	33	57
187	chr18	19937930	19937911	+	36.3	37.56	>	6	33	57
188	chr6	93757594	93757575	+	36.28	18.31	>	6	33	57
189	chr17	9756371	9756352	+	36.28	21.2	>	6	33	57
190	chr2	96585854	96585835	+	36.25	26.84	>	6	33	57
191	chr11	82915176	82915157	+	36.2	36.34	>	6	33	57
192	chr6	6005837	6005818	+	36.03	35.2	>	6	33	57
193	chr1	98392238	98392219	-	36.03	38.97	>	6	33	57
194	chr7	48749384	48749365	+	35.94	38.3	>	6	33	57
195	chr11	105911812	105911793	-	35.9	37.8	>	6	33	57
196	chr10	45045486	45045467	-	35.8	35.22	>	6	33	57
197	chr2	4492748	4492729	-	35.75	19.97	>	6	33	57
198	chr6	18087397	18087378	+	35.75	40.84	>	6	33	57
199	chr5	90203341	90203322	+	35.7	41.12	>	6	33	57
200	chr7	136489148	136489129	+	35.62	28.06	>	6	33	57
201	chr9	109862620	109862601	-	35.6	34.12	>	6	33	57
202	chr15	59876355	59876336	+	35.3	32.16	>	6	33	57
203	chr14	76473612	76473593	-	35.25	45.66	>	6	33	57
204	chr3	128349320	128349301	+	35.03	41.75	>	6	33	57
205	chr3	45375963	45375944	+	35.03	23.92	>	6	33	57
206	chr3	133314669	133314650	+	34.97	39.0	>	6	33	57
207	chr1	96801850	96801831	-	34.84	30.55	>	6	33	57
208	chr7	115216958	115216939	+	34.62	30.45	>	6	33	57
209	chr9	59282577	59282558	-	34.62	26.88	>	6	33	57
210	chr2	148112135	148112116	-	34.5	31.5	>	6	33	57
211	chr18	52457916	52457897	-	34.47	28.2	>	6	33	57
212	chr6	56691454	56691435	-	34.34	42.2	>	6	33	57
213	chr13	20292580	20292561	-	34.3	38.5	>	6	33	57
214	chr13	57260119	57260100	-	34.25	52.66	>	6	33	57
215	chr13	113877615	113877596	+	34.25	36.75	>	6	33	57
216	chr13	116715029	116715010	-	34.1	31.72	>	6	33	57
217	chr4	83596692	83596673	-	34.1	52.75	>	6	33	57
218	chr8	64941619	64941600	-	34.06	33.75	>	6	33	57
219	chr3	51701488	51701469	+	34.03	22.56	>	6	33	57
220	chr14	120061322	120061303	-	33.84	29.2	>	6	33	57
221	chr7	75910166	75910147	+	33.8	57.6	>	6	33	57
222	chr4	98702698	98702679	-	33.78	31.62	>	6	33	57
223	chr3	146185137	146185118	+	33.62	52.6	>	6	33	57
224	chr4	151157152	151157133	+	33.53	59.38	>	6	33	57
225	chr5	43391861	43391842	-	33.5	21.5	>	6	33	57
226	chr11	93856511	93856492	-	33.47	26.19	>	6	33	57
227	chr14	59605843	59605824	+	33.47	40.3	>	6	33	57
228	chr14	84438580	84438561	+	33.44	23.31	>	6	33	57
229	chr12	50943824	50943805	-	33.28	38.56	>	6	33	57
230	chr7	83550335	83550316	-	33.2	30.12	>	6	33	57
231	chr6	117167008	117166989	+	33.03	30.3	>	6	33	57
232	chr4	12538791	12538772	+	33.0	21.84	>	6	33	57
233	chr18	47353079	47353060	+	32.84	24.58	>	6	33	57
234	chr5	12541496	12541477	-	32.72	22.56	>	6	33	57
235	chr2	60721127	60721108	+	32.72	22.53	>	6	33	57
236	chr11	78838251	78838232	+	32.72	51.5	>	6	33	57
237	chr8	73356225	73356206	+	32.62	23.39	>	6	33	57
238	chr12	10598567	10598548	+	32.5	41.56	>	6	33	57
239	chr19	20345158	20345139	-	32.25	47.94	>	6	33	57
240	chr17	58909486	58909467	-	32.16	39.4	>	6	33	57
241	chr10	69655037	69655018	-	32.12	36.56	>	6	33	57
242	chr4	3967733	3967714	-	32.12	41.75	>	6	33	57
243	chr16	21192795	21192776	-	32.06	38.78	>	6	33	57
244	chr11	12291593	12291574	-	32.0	15.54	>	6	33	57
245	chr11	117385082	117385063	+	31.83	36.6	>	6	33	57
246	chr12	32292095	32292076	+	31.73	20.83	>	6	33	57
247	chr4	64833096	64833077	+	31.69	34.34	>	6	33	57
248	chr13	47301245	47301226	+	31.67	43.9	>	6	33	57
249	chr1	89631957	89631938	-	31.56	45.38	>	6	33	57
250	chr9	69296601	69296582	-	31.53	38.66	>	6	33	57
251	chr3	53735364	53735345	+	31.28	24.5	>	6	33	57
252	chr10	45373471	45373452	-	31.2	37.7	>	6	33	57
253	chr8	91797725	91797706	+	31.19	30.23	>	6	33	57
254	chr4	88035662	88035643	+	31.06	19.66	>	6	33	57
255	chr2	75151187	75151168	-	31.05	37.9	>	6	33	57
256	chr14	66791971	66791952	-	31.02	32.1	>	6	33	57
257	chr2	93199062	93199043	-	30.9	51.25	>	6	33	57
258	chr2	73551006	73550987	+	30.86	53.72	>	6	33	57
259	chr12	89451144	89451125	-	30.81	40.1	>	6	33	57
260	chr16	66086729	66086710	-	30.81	33.7	>	6	33	57
261	chr14	114791647	114791628	-	30.72	37.2	>	6	33	57
262	chr4	43420547	43420528	-	30.61	34.5	>	6	33	57
263	chr1	87447687	87447668	+	30.56	32.53	>	6	33	57
264	chr15	55306471	55306452	+	30.56	24.06	>	6	33	57
265	chr15	97667578	97667559	+	30.52	37.12	>	6	33	57
266	chr2	16359548	16359529	+	30.47	16.92	>	6	33	57
267	chr14	8356099	8356080	+	30.42	51.06	>	6	33	57
268	chr3	19894816	19894797	-	30.38	33.66	>	6	33	57
269	chr12	43813750	43813731	-	30.34	24.06	>	6	33	57
270	chr2	27770378	27770359	+	30.12	46.8	>	6	33	57
271	chr16	48675836	48675817	-	30.12	28.97	>	6	33	57
272	chr10	13016733	13016714	+	30.1	53.44	>	6	33	57
273	chr2	76367359	76367340	+	30.05	30.6	>	6	33	57
274	chr2	115515230	115515211	+	30.05	12.29	>	6	33	57
275	chr19	16785108	16785089	-	30.03	27.4	>	6	33	57
276	chr3	78948444	78948425	+	30.03	29.16	>	6	33	57
277	chr1	37250876	37250857	-	29.94	25.45	>	6	33	57
278	chr18	74431409	74431390	+	29.94	28.48	>	6	33	57
279	chr1	38787652	38787633	-	29.89	46.22	>	6	33	57
280	chr3	14874584	14874565	+	29.88	22.88	>	6	33	57
281	chr9	69505778	69505759	+	29.88	30.58	>	6	33	57
282	chr10	84450913	84450894	-	29.77	31.7	>	6	33	57
283	chr2	172216047	172216028	-	29.77	65.06	>	6	33	57
284	chr10	97712895	97712876	+	29.72	22.83	>	6	33	57
285	chr1	4770074	4770055	+	29.72	39.66	>	6	33	57
286	chr12	50301580	50301561	-	29.69	16.55	>	6	33	57
287	chr15	85266923	85266904	+	29.69	42.06	>	6	33	57
288	chr4	85403030	85403011	+	29.62	27.23	>	6	33	57
289	chr6	97526370	97526351	-	29.53	31.17	>	6	33	57
290	chr8	112046096	112046077	+	29.5	62.6	>	6	33	57
291	chr12	96311368	96311349	-	29.48	23.8	>	6	33	57
292	chr1	93507239	93507220	-	29.45	32.5	>	6	33	57
293	chr13	21714927	21714908	+	29.4	37.72	>	6	33	57
294	chr6	49008180	49008161	+	29.38	27.1	>	6	33	57
295	chr17	17749545	17749526	-	29.36	32.88	>	6	33	57
296	chr6	145360253	145360234	+	29.34	33.62	>	6	33	57
297	chr7	17066630	17066611	-	29.27	41.75	>	6	33	57
298	chr12	81788850	81788831	-	29.25	32.47	>	6	33	57
299	chr7	129649172	129649153	+	29.19	42.88	>	6	33	57
300	chr14	104039053	104039034	+	29.17	41.16	>	6	33	57
301	chr13	41634744	41634725	-	29.08	40.84	>	6	33	57
302	chr7	138835232	138835213	-	29.02	47.88	>	6	33	57
303	chr15	97195797	97195778	+	28.92	38.5	>	6	33	57
304	chr1	119087737	119087718	+	28.89	50.28	>	6	33	57
305	chr4	85819373	85819354	-	28.86	29.28	>	6	33	57
306	chr11	30657307	30657288	-	28.86	6.477	>	6	33	57
307	chr5	49369245	49369226	+	28.66	27.94	>	6	33	57
308	chr6	106805067	106805048	+	28.61	20.38	>	6	33	57
309	chr6	31660958	31660939	+	28.53	52.9	>	6	33	57
310	chr12	8306749	8306730	-	28.48	47.94	>	6	33	57
311	chr13	42822785	42822766	-	28.47	44.4	>	6	33	57
312	chr15	34968778	34968759	+	28.4	27.94	>	6	33	57
313	chr7	68369859	68369840	+	28.38	58.97	>	6	33	57
314	chr15	80266443	80266424	+	28.33	34.62	>	6	33	57
315	chr6	102171110	102171091	+	28.19	24.06	>	6	33	57
316	chr16	72605273	72605254	-	28.11	17.7	>	6	33	57
317	chr18	65490506	65490487	+	28.06	33.94	>	6	33	57
318	chr3	55373775	55373756	+	28.0	19.75	>	6	33	57
319	chr1	53927814	53927795	-	27.97	28.48	>	6	33	57
320	chr2	160368066	160368047	-	27.95	21.97	>	6	33	57
321	chr10	42295232	42295213	-	27.94	37.8	>	6	33	57
322	chr7	116040411	116040392	-	27.9	26.19	>	6	33	57
323	chr10	116197535	116197516	-	27.81	28.58	>	6	33	57
324	chr5	20773533	20773514	-	27.81	20.77	>	6	33	57
325	chr12	80725012	80724993	-	27.73	38.97	>	6	33	57
326	chr15	66899881	66899862	-	27.6	21.5	>	6	33	57
327	chr18	16822208	16822189	-	27.56	13.28	>	6	33	57
328	chr18	14503254	14503235	-	27.55	19.48	>	6	33	57
329	chr5	98344786	98344767	+	27.44	28.3	>	6	33	57
330	chr10	77517236	77517217	+	27.39	30.44	>	6	33	57
331	chr1	44741472	44741453	-	27.38	6.344	>	6	33	57
332	chr6	127945983	127945964	-	27.28	24.97	>	6	33	57
333	chr16	42914955	42914936	-	27.27	20.78	>	6	33	57
334	chr18	39137558	39137539	+	27.11	15.805	>	6	33	57
335	chr13	42575907	42575888	+	27.11	22.34	>	6	33	57
336	chr2	13278209	13278190	+	27.06	48.53	>	6	33	57
337	chr18	43836585	43836566	-	27.06	22.66	>	6	33	57
338	chr4	114647896	114647877	+	27.05	26.58	>	6	33	57
339	chr16	44149214	44149195	-	27.03	37.28	>	6	33	57
340	chr13	109776299	109776280	+	27.02	27.47	>	6	33	57
341	chr19	30217515	30217496	+	27.0	44.25	>	6	33	57
342	chr6	61316075	61316056	+	26.94	38.16	>	6	33	57
343	chr17	78598832	78598813	+	26.92	37.16	>	6	33	57
344	chr2	117231457	117231438	-	26.88	23.62	>	6	33	57
345	chr4	115101816	115101797	+	26.84	34.88	>	6	33	57
346	chr10	57448131	57448112	-	26.8	44.97	>	6	33	57
347	chr13	113046665	113046646	+	26.77	22.72	>	6	33	57
348	chr4	110022447	110022428	-	26.58	43.47	>	6	33	57
349	chr7	101653829	101653810	+	26.5	47.97	>	6	33	57
350	chr5	67756338	67756319	+	26.5	26.55	>	6	33	57
351	chr3	62192717	62192698	-	26.5	17.1	>	6	33	57
352	chr10	17728146	17728127	-	26.45	14.96	>	6	33	57
353	chr5	37752557	37752538	-	26.33	30.73	>	6	33	57
354	chr1	60961316	60961297	-	26.3	26.22	>	6	33	57
355	chr17	68176981	68176962	+	26.27	18.84	>	6	33	57
356	chr7	37357871	37357852	-	26.2	67.6	>	6	33	57
357	chr4	32572316	32572297	-	26.16	44.75	>	6	33	57
358	chr4	96696741	96696722	+	26.12	32.22	>	6	33	57
359	chr4	109729491	109729472	-	26.06	50.3	>	6	33	57
360	chr10	111977780	111977761	+	25.78	32.1	>	6	33	57
361	chr5	45424489	45424470	-	25.73	30.9	>	6	33	57
362	chr2	61494577	61494558	-	25.72	22.25	>	6	33	57
363	chr6	13287046	13287027	+	25.69	21.62	>	6	33	57
364	chr9	116060829	116060810	+	25.66	36.5	>	6	33	57
365	chr8	17537753	17537734	-	25.64	36.44	>	6	33	57
366	chr9	77781636	77781617	-	25.62	27.94	>	6	33	57
367	chr15	5106460	5106441	-	25.56	29.45	>	6	33	57
368	chr17	93141334	93141315	-	25.53	33.03	>	6	33	57
369	chr6	97759520	97759501	+	25.52	17.88	>	6	33	57
370	chr8	119384750	119384731	-	25.47	45.94	>	6	33	57
371	chr6	88113322	88113303	+	25.38	41.75	>	6	33	57
372	chr15	101984527	101984508	-	25.38	56.7	>	6	33	57
373	chr8	54493335	54493316	-	25.34	39.7	>	6	33	57
374	chr9	24119622	24119603	+	25.33	14.83	>	6	33	57
375	chr3	50077169	50077150	-	25.31	24.22	>	6	33	57
376	chr4	47419767	47419748	+	25.23	44.03	>	6	33	57
377	chr2	76115910	76115891	+	25.22	28.97	>	6	33	57
378	chr15	67174759	67174740	+	25.2	12.74	>	6	33	57
379	chr8	125574509	125574490	+	25.17	12.85	>	6	33	57
380	chr1	161737065	161737046	-	25.11	39.75	>	6	33	57
381	chr3	85571455	85571436	-	25.1	9.7	>	6	33	57
382	chr18	19577078	19577059	-	25.02	27.28	>	6	33	57
383	chr19	36083087	36083068	-	25.0	29.4	>	6	33	57
384	chr8	115709616	115709597	-	24.98	9.14	>	6	33	57
385	chr10	126330794	126330775	-	24.84	24.02	>	6	33	57
386	chr15	25993551	25993532	+	24.81	33.28	>	6	33	57
387	chr5	131430355	131430336	-	24.78	45.44	>	6	33	57
388	chr1	9545352	9545333	-	24.78	38.06	>	6	33	57
389	chr19	28768445	28768426	-	24.75	36.44	>	6	33	57
390	chr10	24630876	24630857	+	24.72	22.94	>	6	33	57
391	chr17	54351102	54351083	+	24.53	15.79	>	6	33	57
392	chr16	20496806	20496787	+	24.47	28.86	>	6	33	57
393	chr12	109394024	109394005	-	24.44	15.02	>	6	33	57
394	chr13	21803288	21803269	-	24.42	40.1	>	6	33	57
395	chr3	103392995	103392976	+	24.38	33.9	>	6	33	57
396	chr15	25428758	25428739	+	24.31	24.08	>	6	33	57
397	chr3	135206860	135206841	-	24.3	9.21	>	6	33	57
398	chr8	65139261	65139242	+	24.3	33.56	>	6	33	57
399	chr9	29650850	29650831	-	24.23	35.72	>	6	33	57
400	chr3	127971093	127971074	+	24.2	46.1	>	6	33	57
401	chr2	104035038	104035019	+	24.16	33.7	>	6	33	57
402	chr9	81635302	81635283	+	24.11	12.08	>	6	33	57
403	chr6	95484597	95484578	+	24.03	13.41	>	6	33	57
404	chr14	72293991	72293972	-	23.83	34.2	>	6	33	57
405	chr18	65490035	65490016	-	23.72	29.94	>	6	33	57
406	chr12	38123788	38123769	-	23.66	16.0	>	6	33	57
407	chr18	70184838	70184819	-	23.66	11.39	>	6	33	57
408	chr3	152095252	152095233	-	23.53	23.67	>	6	33	57
409	chr8	32002994	32002975	-	23.5	23.94	>	6	33	57
410	chr11	22206830	22206811	-	23.48	11.1	>	6	33	57
411	chr5	76541051	76541032	-	23.44	19.22	>	6	33	57
412	chr10	52106337	52106318	+	23.38	22.61	>	6	33	57
413	chr1	84697462	84697443	-	23.38	25.22	>	6	33	57
414	chr1	67181385	67181366	+	23.34	35.0	>	6	33	57
415	chr6	101267027	101267008	+	23.31	12.77	>	6	33	57
416	chr6	129255175	129255156	-	23.25	41.8	>	6	33	57
417	chr4	115710017	115709998	-	23.19	25.83	>	6	33	57
418	chr2	118241614	118241595	-	23.19	37.16	>	6	33	57
419	chr8	71371784	71371765	+	23.11	28.11	>	6	33	57
420	chr7	73422670	73422651	-	23.11	37.7	>	6	33	57
421	chr5	33039602	33039583	+	23.05	27.48	>	6	33	57
422	chr2	153143004	153142985	-	23.02	20.31	>	6	33	57
423	chr14	98181824	98181805	-	23.0	7.93	>	6	33	57
424	chr2	136887058	136887039	-	22.97	12.49	>	6	33	57
425	chr1	135136701	135136682	-	22.88	42.44	>	6	33	57
426	chr5	4948481	4948462	-	22.86	27.0	>	6	33	57
427	chr10	71422814	71422795	+	22.81	51.25	>	6	33	57
428	chr8	64597251	64597232	-	22.66	30.06	>	6	33	57
429	chr1	162336834	162336815	-	22.45	14.914	>	6	33	57
430	chr9	94738996	94738977	+	22.42	42.94	>	6	33	57
431	chr17	53403136	53403117	+	22.4	18.28	>	6	33	57
432	chr2	155811920	155811901	-	22.36	51.28	>	6	33	57
433	chr12	52010769	52010750	+	22.33	16.6	>	6	33	57
434	chr3	44912870	44912851	-	22.31	11.58	>	6	33	57
435	chr5	98348848	98348829	+	22.25	34.97	>	6	33	57
436	chr15	80706301	80706282	+	22.25	25.52	>	6	33	57
437	chr1	167932285	167932266	-	22.22	36.66	>	6	33	57
438	chr14	121455709	121455690	-	22.2	25.7	>	6	33	57
439	chr4	98243714	98243695	-	22.16	26.34	>	6	33	57
440	chr4	143027468	143027449	+	22.14	29.11	>	6	33	57
441	chr2	153668926	153668907	+	22.14	25.36	>	6	33	57
442	chr9	41461929	41461910	-	22.14	12.42	>	6	33	57
443	chr4	109431143	109431124	-	22.1	22.34	>	6	33	57
444	chr5	44831505	44831486	-	22.08	22.05	>	6	33	57
445	chr8	119676601	119676582	-	22.03	33.06	>	6	33	57
446	chr17	40824060	40824041	-	22.02	34.28	>	6	33	57
447	chr15	37102366	37102347	-	22.0	13.84	>	6	33	57
448	chr1	119083862	119083843	-	21.92	45.47	>	6	33	57
449	chr5	41044703	41044684	-	21.78	28.61	>	6	33	57
450	chr19	24622032	24622013	+	21.77	22.19	>	6	33	57
451	chr3	58159626	58159607	-	21.75	32.1	>	6	33	57
452	chr1	38130140	38130121	-	21.75	23.66	>	6	33	57
453	chr2	129472129	129472110	-	21.73	30.17	>	6	33	57
454	chr9	15682043	15682024	-	21.73	11.22	>	6	33	57
455	chr9	69502720	69502701	-	21.7	34.7	>	6	33	57
456	chr14	21120676	21120657	+	21.69	43.16	>	6	33	57
457	chr7	110645588	110645569	-	21.69	43.56	>	6	33	57
458	chr16	78950579	78950560	-	21.64	3.295	>	6	33	57
459	chr7	131899517	131899498	+	21.56	16.44	>	6	33	57
460	chr8	106403484	106403465	-	21.53	20.23	>	6	33	57
461	chr17	73303429	73303410	+	21.48	50.6	>	6	33	57
462	chr1	83727325	83727306	+	21.48	26.81	>	6	33	57
463	chr13	29857603	29857584	+	21.42	9.836	>	6	33	57
464	chr14	104033786	104033767	+	21.34	21.16	>	6	33	57
465	chr7	119011391	119011372	+	21.31	35.56	>	6	33	57
466	chr1	69165377	69165358	+	21.31	25.0	>	6	33	57
467	chr1	192727176	192727157	+	21.28	21.9	>	6	33	57
468	chr9	50438293	50438274	-	21.2	27.17	>	6	33	57
469	chr15	46990407	46990388	-	21.14	10.516	>	6	33	57
470	chr13	73646874	73646855	+	21.14	37.5	>	6	33	57
471	chr16	67089956	67089937	+	21.12	15.94	>	6	33	57
472	chr2	83332995	83332976	-	21.02	18.14	>	6	33	57
473	chr8	10415030	10415011	+	21.0	37.3	>	6	33	57
474	chr1	35716149	35716130	-	20.89	18.69	>	6	33	57
475	chr7	43920039	43920020	-	20.83	34.3	>	6	33	57
476	chr8	15138726	15138707	+	20.81	41.03	>	6	33	57
477	chr13	6515705	6515686	+	20.8	28.08	>	6	33	57
478	chr2	64948996	64948977	-	20.72	23.2	>	6	33	57
479	chr19	20345737	20345718	+	20.7	55.44	>	6	33	57
480	chr5	33994851	33994832	+	20.64	14.97	>	6	33	57
481	chr14	76479953	76479934	+	20.62	37.16	>	6	33	57
482	chr3	144737048	144737029	+	20.58	28.33	>	6	33	57
483	chr2	13597223	13597204	-	20.5	12.72	>	6	33	57
484	chr9	118908437	118908418	-	20.5	27.45	>	6	33	57
485	chr4	153484615	153484596	-	20.39	17.89	>	6	33	57
486	chr19	12433211	12433192	+	20.36	28.34	>	6	33	57
487	chr15	31611224	31611205	+	20.34	11.17	>	6	33	57
488	chr3	107206198	107206179	+	20.34	39.22	>	6	33	57
489	chr17	86909946	86909927	+	20.31	22.38	>	6	33	57
490	chr7	89473669	89473650	-	20.22	24.19	>	6	33	57
491	chr6	35252603	35252584	+	20.22	32.56	>	6	33	57
492	chr6	126168001	126167982	-	20.17	8.76	>	6	33	57
493	chr16	42169942	42169923	+	20.12	43.34	>	6	33	57
494	chr6	90607354	90607335	+	20.11	24.86	>	6	33	57
495	chr6	31664664	31664645	+	20.11	41.5	>	6	33	57
496	chr13	100002039	100002020	+	20.02	21.73	>	6	33	57
497	chr6	97523337	97523318	-	19.97	25.72	>	6	33	57
498	chr4	123529452	123529433	-	19.95	17.69	>	6	33	57
499	chr18	53744741	53744722	-	19.94	29.1	>	6	33	57
500	chr9	13849232	13849213	+	19.9	15.484	>	6	33	57
501	chr15	14052128	14052109	-	19.89	12.375	>	6	33	57
502	chr3	68053761	68053742	-	19.88	27.33	>	6	33	57
503	chr14	50799990	50799971	+	19.83	30.28	>	6	33	57
504	chr8	50292348	50292329	+	19.83	31.36	>	6	33	57
505	chr19	52993242	52993223	-	19.81	45.25	>	6	33	57
506	chr8	24546435	24546416	-	19.8	56.1	>	6	33	57
507	chr2	166085186	166085167	+	19.78	40.2	>	6	33	57
508	chr15	80260893	80260874	-	19.75	33.7	>	6	33	57
509	chr18	75606699	75606680	+	19.72	50.94	>	6	33	57
510	chr2	135957961	135957942	-	19.69	27.1	>	6	33	57
511	chr11	75179118	75179099	+	19.67	22.83	>	6	33	57
512	chr6	77628987	77628968	+	19.66	40.56	>	6	33	57
513	chr4	82614384	82614365	-	19.62	15.836	>	6	33	57
514	chr17	27190013	27189994	+	19.5	26.89	>	6	33	57
515	chr14	121451301	121451282	-	19.45	26.11	>	6	33	57
516	chr9	69987821	69987802	-	19.44	12.234	>	6	33	57
517	chr6	40479902	40479883	+	19.42	24.72	>	6	33	57
518	chr4	82619779	82619760	-	19.42	11.22	>	6	33	57
519	chr2	160593235	160593216	-	19.4	45.8	>	6	33	57
520	chr4	48691990	48691971	+	19.4	34.88	>	6	33	57
521	chr1	11140123	11140104	-	19.39	7.324	>	6	33	57
522	chr6	67858160	67858141	+	19.36	18.55	>	6	33	57
523	chr1	91914028	91914009	+	19.36	22.06	>	6	33	57
524	chr15	76196896	76196877	+	19.33	35.8	>	6	33	57
525	chr11	43767011	43766992	+	19.27	27.44	>	6	33	57
526	chr17	8463677	8463658	+	19.23	31.38	>	6	33	57
527	chr2	60442102	60442083	-	19.22	10.555	>	6	33	57
528	chr10	8242562	8242543	+	19.2	18.4	>	6	33	57
529	chr15	8382407	8382388	+	19.16	11.64	>	6	33	57
530	chr19	11360302	11360283	+	19.14	15.06	>	6	33	57
531	chr12	79305335	79305316	+	19.11	29.94	>	6	33	57
532	chr13	38992697	38992678	+	19.03	12.445	>	6	33	57
533	chr8	91147955	91147936	-	19.0	26.05	>	6	33	57
534	chr13	64443476	64443457	+	19.0	35.6	>	6	33	57
535	chr8	117898214	117898195	+	18.92	34.16	>	6	33	57
536	chr11	42423473	42423454	-	18.77	18.48	>	6	33	57
537	chr9	114957195	114957176	-	18.77	27.38	>	6	33	57
538	chr5	149647926	149647907	+	18.72	23.06	>	6	33	57
539	chr5	128440068	128440049	-	18.69	40.7	>	6	33	57
540	chr6	90606762	90606743	-	18.67	32.6	>	6	33	57
541	chr10	58560031	58560012	+	18.67	23.25	>	6	33	57
542	chr18	25538443	25538424	+	18.66	23.94	>	6	33	57
543	chr11	22987510	22987491	+	18.56	23.83	>	6	33	57
544	chr13	57269837	57269818	-	18.55	36.6	>	6	33	57
545	chr13	53096854	53096835	-	18.55	32.88	>	6	33	57
546	chr7	124783020	124783001	-	18.55	23.44	>	6	33	57
547	chr7	40687242	40687223	-	18.52	26.28	>	6	33	57
548	chr4	109438113	109438094	+	18.45	31.61	>	6	33	57
549	chr13	46663777	46663758	-	18.45	5.215	>	6	33	57
550	chr2	21927862	21927843	-	18.45	17.72	>	6	33	57
551	chr11	72564476	72564457	-	18.39	17.95	>	6	33	57
552	chr14	57362951	57362932	-	18.3	10.125	>	6	33	57
553	chr13	54063511	54063492	-	18.3	12.516	>	6	33	57
554	chr8	127191530	127191511	+	18.27	39.03	>	6	33	57
555	chr4	24249781	24249762	+	18.25	8.38	>	6	33	57
556	chr1	175603551	175603532	-	18.2	12.0	>	6	33	57
557	chr7	131897479	131897460	+	18.19	16.34	>	6	33	57
558	chr2	125259455	125259436	-	18.17	32.72	>	6	33	57
559	chr8	11943262	11943243	-	18.0	20.05	>	6	33	57
560	chr13	74861814	74861795	+	17.98	11.664	>	6	33	57
561	chr3	37302880	37302861	-	17.98	17.84	>	6	33	57
562	chr2	165391753	165391734	+	17.95	20.97	>	6	33	57
563	chr1	167669968	167669949	-	17.94	39.3	>	6	33	57
564	chr14	24311319	24311300	+	17.89	24.48	>	6	33	57
565	chr6	125622660	125622641	+	17.86	24.67	>	6	33	57
566	chr16	91694897	91694878	+	17.83	21.03	>	6	33	57
567	chr7	100886752	100886733	-	17.8	33.3	>	6	33	57
568	chr2	165779092	165779073	+	17.7	43.9	>	6	33	57
569	chr4	118988734	118988715	-	17.7	12.37	>	6	33	57
570	chr9	111939788	111939769	+	17.64	16.92	>	6	33	57
571	chr9	40806571	40806552	+	17.64	39.78	>	6	33	57
572	chr19	21571392	21571373	+	17.64	11.9	>	6	33	57
573	chr10	49785057	49785038	-	17.56	2.498	>	6	33	57
574	chr3	84922220	84922201	+	17.47	28.94	>	6	33	57
575	chr12	7991018	7990999	+	17.47	17.66	>	6	33	57
576	chr8	106687694	106687675	+	17.45	42.0	>	6	33	57
577	chr19	15998346	15998327	+	17.33	27.56	>	6	33	57
578	chr10	30838389	30838370	+	17.3	7.543	>	6	33	57
579	chr2	6469364	6469345	-	17.28	15.65	>	6	33	57
580	chr9	59678540	59678521	-	17.28	29.06	>	6	33	57
581	chr18	60143536	60143517	-	17.25	6.348	>	6	33	57
582	chr2	76114972	76114953	-	17.25	26.88	>	6	33	57
583	chr1	192722361	192722342	-	17.23	36.0	>	6	33	57
584	chr13	6737153	6737134	+	17.23	24.25	>	6	33	57
585	chr10	116199232	116199213	+	17.23	24.89	>	6	33	57
586	chr18	6627309	6627290	+	17.06	30.4	>	6	33	57
587	chr7	117375969	117375950	-	17.03	13.42	>	6	33	57
588	chr11	7200225	7200206	+	17.03	39.34	>	6	33	57
589	chr3	152474817	152474798	+	16.98	9.51	>	6	33	57
590	chr12	4107565	4107546	+	16.97	22.11	>	6	33	57
591	chr18	78212287	78212268	-	16.83	18.31	>	6	33	57
592	chr2	17842170	17842151	-	16.81	6.844	>	6	33	57
593	chr5	112429191	112429172	-	16.78	14.19	>	6	33	57
594	chr9	54169687	54169668	+	16.73	16.64	>	6	33	57
595	chr9	78597063	78597044	+	16.73	17.98	>	6	33	57
596	chr2	125556029	125556010	+	16.69	19.19	>	6	33	57
597	chr4	86545837	86545818	-	16.69	26.34	>	6	33	57
598	chr11	34229190	34229171	+	16.55	19.56	>	6	33	57
599	chr13	60479163	60479144	+	16.52	1.697	>	6	33	57
600	chr11	57788119	57788100	+	16.36	29.88	>	6	33	57
601	chr5	117504639	117504620	+	16.36	53.34	>	6	33	57
602	chr1	128368923	128368904	+	16.28	14.01	>	6	33	57
603	chr14	51098507	51098488	-	16.28	41.22	>	6	33	57
604	chr10	14404268	14404249	+	16.23	20.66	>	6	33	57
605	chr18	65752297	65752278	-	16.1	16.11	>	6	33	57
606	chr3	59077498	59077479	+	16.1	40.72	>	6	33	57
607	chr1	119919473	119919454	+	16.06	20.62	>	6	33	57
608	chr1	86598699	86598680	+	16.03	48.72	>	6	33	57
609	chr1	80178208	80178189	-	16.0	17.12	>	6	33	57
610	chr15	64132164	64132145	+	15.96	15.336	>	6	33	57
611	chr2	4652218	4652199	-	15.91	22.83	>	6	33	57
612	chr9	40805489	40805470	-	15.86	35.53	>	6	33	57
613	chr13	30549079	30549060	-	15.805	25.34	>	6	33	57
614	chr3	82350530	82350511	-	15.805	7.78	>	6	33	57
615	chr7	81155234	81155215	-	15.805	19.0	>	6	33	57
616	chr4	107701325	107701306	-	15.8	18.55	>	6	33	57
617	chr11	76655250	76655231	+	15.8	25.19	>	6	33	57
618	chr7	122945377	122945358	+	15.72	20.64	>	6	33	57
619	chr16	32697312	32697293	+	15.695	24.02	>	6	33	57
620	chr13	114460825	114460806	-	15.65	8.25	>	6	33	57
621	chr19	59389409	59389390	+	15.65	31.4	>	6	33	57
622	chr7	45451495	45451476	+	15.64	35.4	>	6	33	57
623	chr15	85599066	85599047	+	15.625	30.86	>	6	33	57
624	chr10	9012998	9012979	+	15.6	21.77	>	6	33	57
625	chr13	24318872	24318853	-	15.58	11.58	>	6	33	57
626	chr3	123506917	123506898	-	15.53	17.17	>	6	33	57
627	chr13	101719731	101719712	-	15.48	25.34	>	6	33	57
628	chr12	12412898	12412879	-	15.43	30.47	>	6	33	57
629	chr10	127342496	127342477	-	15.4	29.73	>	6	33	57
630	chr7	28972871	28972852	+	15.39	21.2	>	6	33	57
631	chr5	130862481	130862462	+	15.33	29.22	>	6	33	57
632	chr13	53779354	53779335	+	15.31	23.8	>	6	33	57
633	chr11	51582940	51582921	-	15.305	26.1	>	6	33	57
634	chr3	34150257	34150238	+	15.3	17.19	>	6	33	57
635	chr9	30423156	30423137	-	15.29	30.31	>	6	33	57
636	chr1	55886585	55886566	+	15.29	16.73	>	6	33	57
637	chr8	121104251	121104232	+	15.28	31.56	>	6	33	57
638	chr2	31683894	31683875	+	15.27	30.73	>	6	33	57
639	chr9	121458682	121458663	+	15.27	42.72	>	6	33	57
640	chr13	111421545	111421526	+	15.22	27.25	>	6	33	57
641	chr18	56572965	56572946	+	15.22	32.7	>	6	33	57
642	chr18	42593315	42593296	+	15.2	8.75	>	6	33	57
643	chr8	118287683	118287664	+	15.2	7.145	>	6	33	57
644	chr14	47742843	47742824	+	15.18	9.65	>	6	33	57
645	chr1	184791312	184791293	-	15.164	27.39	>	6	33	57
646	chr6	106800166	106800147	-	15.1	18.75	>	6	33	57
647	chr11	12025880	12025861	+	15.06	18.02	>	6	33	57
648	chr5	129594341	129594322	-	15.03	29.4	>	6	33	57
649	chr13	16005724	16005705	+	15.016	13.71	>	6	33	57
650	chr14	65597230	65597211	+	15.016	14.01	>	6	33	57
651	chr5	99900280	99900261	-	14.95	10.75	>	6	33	57
652	chr8	11421350	11421331	-	14.945	26.12	>	6	33	57
653	chr19	4755748	4755729	+	14.93	24.55	>	6	33	57
654	chr10	110733540	110733521	-	14.914	16.5	>	6	33	57
655	chr5	67752088	67752069	+	14.89	18.31	>	6	33	57
656	chr9	77381774	77381755	-	14.85	26.45	>	6	33	57
657	chr18	81951830	81951811	-	14.76	34.06	>	6	33	57
658	chr1	86059644	86059625	+	14.734	30.22	>	6	33	57
659	chr1	52630636	52630617	-	14.734	9.89	>	6	33	57
660	chr2	174308107	174308088	+	14.69	14.67	>	6	33	57
661	chr11	99364649	99364630	-	14.6	16.03	>	6	33	57
662	chr13	109558424	109558405	+	14.49	16.98	>	6	33	57
663	chr12	58201405	58201386	-	14.48	6.883	>	6	33	57
664	chr7	137471937	137471918	+	14.445	28.83	>	6	33	57
665	chr17	26916803	26916784	+	14.414	25.05	>	6	33	57
666	chr5	87871626	87871607	-	14.414	20.39	>	6	33	57
667	chr2	125252443	125252424	+	14.414	25.9	>	6	33	57
668	chr1	9549185	9549166	+	14.414	19.5	>	6	33	57
669	chr11	11788608	11788589	-	14.38	31.97	>	6	33	57
670	chr7	43928727	43928708	+	14.36	11.45	>	6	33	57
671	chr10	60760656	60760637	-	14.31	36.9	>	6	33	57
672	chr6	17362958	17362939	+	14.31	3.076	>	6	33	57
673	chr1	136521528	136521509	-	14.305	21.69	>	6	33	57
674	chr2	153147934	153147915	+	14.28	18.94	>	6	33	57
675	chr8	61522313	61522294	+	14.266	28.28	>	6	33	57
676	chr18	56759303	56759284	+	14.266	12.61	>	6	33	57
677	chr14	115451146	115451127	-	14.234	4.215	>	6	33	57
678	chr1	176218428	176218409	+	14.195	14.99	>	6	33	57
679	chr15	97665520	97665501	-	14.18	30.02	>	6	33	57
680	chr13	20299620	20299601	+	14.18	33.25	>	6	33	57
681	chr9	59969601	59969582	-	14.14	17.69	>	6	33	57
682	chr16	57611975	57611956	+	14.055	18.66	>	6	33	57
683	chr12	15816144	15816125	+	13.984	8.52	>	6	33	57
684	chr15	82271381	82271362	-	13.95	28.55	>	6	33	57
685	chr7	74363644	74363625	-	13.95	40.8	>	6	33	57
686	chr3	73066293	73066274	+	13.95	16.86	>	6	33	57
687	chr1	118772515	118772496	-	13.945	30.34	>	6	33	57
688	chr4	110020493	110020474	-	13.94	26.28	>	6	33	57
689	chr3	34639420	34639401	-	13.94	14.87	>	6	33	57
690	chr2	131530224	131530205	-	13.92	25.86	>	6	33	57
691	chr4	20024128	20024109	+	13.91	12.516	>	6	33	57
692	chr8	74980870	74980851	-	13.81	30.2	>	6	33	57
693	chr18	75757719	75757700	+	13.734	18.78	>	6	33	57
694	chr7	89908147	89908128	-	13.72	13.79	>	6	33	57
695	chr4	150257406	150257387	+	13.72	23.58	>	6	33	57
696	chr2	55022781	55022762	-	13.664	7.77	>	6	33	57
697	chr18	64506771	64506752	-	13.63	18.4	>	6	33	57
698	chr14	123353156	123353137	-	13.61	11.6	>	6	33	57
699	chr4	139872794	139872775	+	13.59	35.75	>	6	33	57
700	chr13	51839869	51839850	+	13.586	21.19	>	6	33	57
701	chr5	146162789	146162770	+	13.516	23.42	>	6	33	57
702	chr9	83785201	83785182	+	13.49	14.66	>	6	33	57
703	chr3	59079480	59079461	+	13.44	28.77	>	6	33	57
704	chr10	11345312	11345293	-	13.375	5.086	>	6	33	57
705	chr11	46252188	46252169	-	13.34	28.12	>	6	33	57
706	chr4	85404971	85404952	+	13.32	14.11	>	6	33	57
707	chr4	130738774	130738755	+	13.31	16.47	>	6	33	57
708	chr5	86432914	86432895	+	13.305	16.02	>	6	33	57
709	chr3	22306829	22306810	+	13.266	18.6	>	6	33	57
710	chr2	91930225	91930206	-	13.25	19.55	>	6	33	57
711	chr6	108417714	108417695	+	13.234	10.66	>	6	33	57
712	chr12	17011790	17011771	-	13.16	20.73	>	6	33	57
713	chr5	87551137	87551118	-	13.15	21.52	>	6	33	57
714	chr4	106227683	106227664	-	13.14	14.38	>	6	33	57
715	chr4	139877472	139877453	+	13.1	27.4	>	6	33	57
716	chr1	88742593	88742574	-	13.086	17.75	>	6	33	57
717	chr3	52254088	52254069	+	13.02	34.16	>	6	33	57
718	chr9	73159469	73159450	+	12.99	27.5	>	6	33	57
719	chr7	29297253	29297234	-	12.984	28.8	>	6	33	57
720	chr13	116312336	116312317	-	12.93	10.21	>	6	33	57
721	chr2	157117146	157117127	-	12.91	21.92	>	6	33	57
722	chr9	60243712	60243693	+	12.89	13.59	>	6	33	57
723	chr1	179845066	179845047	-	12.88	17.89	>	6	33	57
724	chr11	103332754	103332735	+	12.875	24.97	>	6	33	57
725	chr1	53032774	53032755	-	12.87	13.05	>	6	33	57
726	chr8	45345197	45345178	+	12.81	16.72	>	6	33	57
727	chr12	113216133	113216114	+	12.74	53.7	>	6	33	57
728	chr15	36152194	36152175	-	12.72	16.9	>	6	33	57
729	chr1	72876274	72876255	+	12.69	17.11	>	6	33	57
730	chr9	14774009	14773990	+	12.664	9.0	>	6	33	57
731	chr12	74317197	74317178	-	12.664	11.76	>	6	33	57
732	chr7	107819649	107819630	-	12.64	16.3	>	6	33	57
733	chr13	55327907	55327888	+	12.64	17.61	>	6	33	57
734	chr3	54796015	54795996	+	12.63	22.77	>	6	33	57
735	chr6	60963937	60963918	+	12.61	7.094	>	6	33	57
736	chr8	21981891	21981872	-	12.61	17.33	>	6	33	57
737	chr10	38269349	38269330	-	12.52	19.28	>	6	33	57
738	chr6	51170619	51170600	-	12.5	20.02	>	6	33	57
739	chr2	148110356	148110337	-	12.43	16.03	>	6	33	57
740	chr1	88301823	88301804	-	12.42	19.61	>	6	33	57
741	chr6	115037959	115037940	-	12.33	15.375	>	6	33	57
742	chr16	11980974	11980955	+	12.33	3.668	>	6	33	57
743	chr15	44832771	44832752	-	12.31	24.2	>	6	33	57
744	chr19	26193888	26193869	-	12.29	7.65	>	6	33	57
745	chr17	8988263	8988244	-	12.29	10.71	>	6	33	57
746	chr14	66358860	66358841	+	12.28	18.22	>	6	33	57
747	chr12	40832432	40832413	-	12.26	13.56	>	6	33	57
748	chr2	53206958	53206939	-	12.18	12.55	>	6	33	57
749	chr16	42914617	42914598	+	12.16	7.133	>	6	33	57
750	chr11	111523686	111523667	-	12.14	23.53	>	6	33	57
751	chr6	121556678	121556659	+	12.11	18.8	>	6	33	57
752	chr7	43926199	43926180	-	12.1	21.69	>	6	33	57
753	chr3	3311028	3311009	+	12.09	10.74	>	6	33	57
754	chr12	17018680	17018661	+	12.04	21.19	>	6	33	57
755	chr18	33794794	33794775	+	11.97	24.89	>	6	33	57
756	chr15	73791915	73791896	+	11.96	24.61	>	6	33	57
757	chr12	82489256	82489237	+	11.945	11.805	>	6	33	57
758	chr19	37559803	37559784	+	11.91	21.4	>	6	33	57
759	chr12	36195155	36195136	-	11.91	7.07	>	6	33	57
760	chr3	30515246	30515227	-	11.875	11.664	>	6	33	57
761	chr19	27426681	27426662	-	11.81	11.945	>	6	33	57
762	chr2	75590427	75590408	-	11.75	21.66	>	6	33	57
763	chr2	17849498	17849479	+	11.75	6.633	>	6	33	57
764	chr9	83371155	83371136	-	11.75	6.18	>	6	33	57
765	chr9	30936846	30936827	-	11.734	17.67	>	6	33	57
766	chr15	94690037	94690018	+	11.73	23.03	>	6	33	57
767	chr2	147379133	147379114	+	11.69	9.875	>	6	33	57
768	chr4	121232314	121232295	-	11.664	7.945	>	6	33	57
769	chr18	56333219	56333200	-	11.64	4.934	>	6	33	57
770	chr16	25952209	25952190	-	11.64	6.688	>	6	33	57
771	chr13	94976326	94976307	+	11.63	16.62	>	6	33	57
772	chr2	30942898	30942879	-	11.57	22.28	>	6	33	57
773	chr6	104479441	104479422	+	11.55	10.57	>	6	33	57
774	chr5	113080039	113080020	-	11.52	26.94	>	6	33	57
775	chr16	30550607	30550588	-	11.52	17.62	>	6	33	57
776	chr1	160194976	160194957	+	11.51	18.28	>	6	33	57
777	chr11	56116782	56116763	-	11.48	30.47	>	6	33	57
778	chr6	112484521	112484502	-	11.48	12.14	>	6	33	57
779	chr14	21853546	21853527	-	11.445	30.66	>	6	33	57
780	chr9	58534993	58534974	+	11.414	20.97	>	6	33	57
781	chr17	73302318	73302299	+	11.414	39.62	>	6	33	57
782	chr1	85842459	85842440	-	11.41	14.02	>	6	33	57
783	chr17	16926410	16926391	-	11.35	2.584	>	6	33	57
784	chr12	29894861	29894842	+	11.31	16.72	>	6	33	57
785	chr2	127832989	127832970	+	11.22	7.293	>	6	33	57
786	chr16	20724653	20724634	+	11.18	15.11	>	6	33	57
787	chr1	180811112	180811093	-	11.164	28.33	>	6	33	57
788	chr13	109210611	109210592	-	11.16	17.5	>	6	33	57
789	chr18	5990207	5990188	-	11.14	3.14	>	6	33	57
790	chr18	12102268	12102249	-	11.125	23.38	>	6	33	57
791	chr19	59380193	59380174	+	11.08	23.9	>	6	33	57
792	chr2	101665476	101665457	+	11.055	26.06	>	6	33	57
793	chr12	108541242	108541223	-	11.02	27.9	>	6	33	57
794	chr2	32583648	32583629	+	11.016	30.19	>	6	33	57
795	chr1	181881807	181881788	-	10.98	11.91	>	6	33	57
796	chr5	117506576	117506557	+	10.94	40.06	>	6	33	57
797	chr1	38789153	38789134	+	10.89	22.95	>	6	33	57
798	chr10	102445139	102445120	-	10.875	19.4	>	6	33	57
799	chr12	81788941	81788922	+	10.87	12.51	>	6	33	57
800	chr9	78233462	78233443	-	10.86	15.93	>	6	33	57
801	chr10	96618527	96618508	+	10.86	3.014	>	6	33	57
802	chr8	84639419	84639400	-	10.85	34.7	>	6	33	57
803	chr17	8468905	8468886	+	10.85	20.27	>	6	33	57
804	chr2	67535551	67535532	+	10.83	7.83	>	6	33	57
805	chr18	52947340	52947321	+	10.82	10.15	>	6	33	57
806	chr13	72625410	72625391	-	10.78	6.715	>	6	33	57
807	chr11	31942449	31942430	+	10.69	22.72	>	6	33	57
808	chr1	6190743	6190724	-	10.63	7.344	>	6	33	57
809	chr7	74367549	74367530	+	10.6	15.16	>	6	33	57
810	chr4	22482970	22482951	+	10.58	4.45	>	6	33	57
811	chr13	20298018	20297999	+	10.56	24.86	>	6	33	57
812	chr16	75325511	75325492	-	10.484	5.44	>	6	33	57
813	chr6	54586377	54586358	+	10.44	8.14	>	6	33	57
814	chr14	59604211	59604192	-	10.375	15.664	>	6	33	57
815	chr2	107946040	107946021	-	10.31	11.08	>	6	33	57
816	chr1	62701219	62701200	-	10.3	12.74	>	6	33	57
817	chr7	75914120	75914101	+	10.266	24.1	>	6	33	57
818	chr5	98167679	98167660	+	10.26	12.875	>	6	33	57
819	chr9	99671799	99671780	+	10.23	22.52	>	6	33	57
820	chr1	179847901	179847882	+	10.16	11.88	>	6	33	57
821	chr15	80080817	80080798	-	10.15	32.28	>	6	33	57
822	chr6	137747756	137747737	-	10.09	27.12	>	6	33	57
823	chr6	77249625	77249606	-	10.09	6.945	>	6	33	57
824	chr5	149049190	149049171	-	10.08	15.81	>	6	33	57
825	chr18	32814407	32814388	-	10.07	2.566	>	6	33	57
826	chr11	46258405	46258386	-	10.06	20.3	>	6	33	57
827	chr11	81974830	81974811	-	10.01	5.44	>	6	33	57
828	chr19	48414047	48414028	+	9.99	12.77	>	6	33	57
829	chr11	34836484	34836465	+	9.86	20.75	>	6	33	57
830	chr17	24437345	24437326	-	9.81	19.33	>	6	33	57
831	chr6	59208753	59208734	-	9.734	12.92	>	6	33	57
832	chr13	37325694	37325675	-	9.734	20.84	>	6	33	57
833	chr11	43412967	43412948	-	9.72	22.2	>	6	33	57
834	chr13	49651342	49651323	-	9.71	2.496	>	6	33	57
835	chr7	143151380	143151361	+	9.69	18.05	>	6	33	57
836	chr16	4285478	4285459	-	9.67	7.94	>	6	33	57
837	chr11	29715017	29714998	-	9.664	9.12	>	6	33	57
838	chr3	134654263	134654244	+	9.62	3.898	>	6	33	57
839	chr8	28978824	28978805	-	9.57	7.504	>	6	33	57
840	chr13	54062269	54062250	-	9.55	10.02	>	6	33	57
841	chr9	32585514	32585495	+	9.516	12.72	>	6	33	57
842	chr7	73648212	73648193	-	9.484	13.375	>	6	33	57
843	chr19	27425889	27425870	-	9.44	11.26	>	6	33	57
844	chr13	100854377	100854358	-	9.42	17.78	>	6	33	57
845	chr5	140749784	140749765	-	9.414	22.17	>	6	33	57
846	chr4	127027444	127027425	+	9.4	22.48	>	6	33	57
847	chr11	109221866	109221847	-	9.3	9.67	>	6	33	57
848	chr16	16596794	16596775	+	9.28	5.977	>	6	33	57
849	chr2	128605294	128605275	-	9.25	9.07	>	6	33	57
850	chr2	61492265	61492246	+	9.25	6.99	>	6	33	57
851	chr10	74217479	74217460	+	9.22	7.7	>	6	33	57
852	chr9	68016722	68016703	+	9.2	8.305	>	6	33	57
853	chr6	144248136	144248117	+	9.19	7.742	>	6	33	57
854	chr13	51191948	51191929	+	9.17	5.492	>	6	33	57
855	chr2	103424848	103424829	-	9.164	12.29	>	6	33	57
856	chr7	64751734	64751715	-	9.13	16.66	>	6	33	57
857	chr7	27160004	27159985	+	9.125	14.17	>	6	33	57
858	chr13	95986545	95986526	+	9.08	13.76	>	6	33	57
859	chr5	135118653	135118634	+	9.08	29.22	>	6	33	57
860	chr10	49786914	49786895	-	9.07	0.785	>	6	33	57
861	chr1	51639072	51639053	+	9.02	3.22	>	6	33	57
862	chr14	105307894	105307875	+	8.95	2.453	>	6	33	57
863	chr19	40231990	40231971	-	8.95	19.89	>	6	33	57
864	chr10	69656526	69656507	+	8.95	12.99	>	6	33	57
865	chr7	142714879	142714860	-	8.945	27.2	>	6	33	57
866	chr6	129256260	129256241	-	8.93	14.53	>	6	33	57
867	chr5	138199783	138199764	+	8.9	8.414	>	6	33	57
868	chr8	36193738	36193719	+	8.89	10.43	>	6	33	57
869	chr11	49597354	49597335	+	8.87	6.92	>	6	33	57
870	chr1	139405977	139405958	-	8.86	4.043	>	6	33	57
871	chr3	124289118	124289099	-	8.84	12.69	>	6	33	57
872	chr9	13196005	13195986	-	8.83	30.6	>	6	33	57
873	chr14	115819240	115819221	+	8.83	10.71	>	6	33	57
874	chr5	146914595	146914576	+	8.82	39.7	>	6	33	57
875	chr4	119223866	119223847	-	8.766	16.34	>	6	33	57
876	chr15	85879204	85879185	-	8.76	17.27	>	6	33	57
877	chr4	124682485	124682466	+	8.7	17.45	>	6	33	57
878	chr17	34956526	34956507	+	8.695	22.17	>	6	33	57
879	chr12	39494054	39494035	-	8.65	2.455	>	6	33	57
880	chr9	34485824	34485805	-	8.625	10.6	>	6	33	57
881	chr2	180786948	180786929	+	8.57	17.27	>	6	33	57
882	chr4	62230989	62230970	+	8.57	12.25	>	6	33	57
883	chr2	16357480	16357461	+	8.55	2.205	>	6	33	57
884	chr17	9759516	9759497	+	8.54	11.53	>	6	33	57
885	chr10	13018670	13018651	+	8.54	19.64	>	6	33	57
886	chr4	32570820	32570801	-	8.52	6.645	>	6	33	57
887	chr9	86451919	86451900	-	8.49	16.77	>	6	33	57
888	chr7	139590495	139590476	+	8.49	20.39	>	6	33	57
889	chr16	31944169	31944150	+	8.445	14.11	>	6	33	57
890	chr3	104701211	104701192	-	8.44	24.84	>	6	33	57
891	chr2	160955546	160955527	-	8.414	14.05	>	6	33	57
892	chr18	32811889	32811870	+	8.4	4.918	>	6	33	57
893	chr14	115042240	115042221	-	8.4	14.734	>	6	33	57
894	chr2	28464119	28464100	-	8.33	19.16	>	6	33	57
895	chr2	76369931	76369912	+	8.28	9.1	>	6	33	57
896	chr3	107605512	107605493	+	8.28	12.57	>	6	33	57
897	chr14	121220891	121220872	-	8.23	10.8	>	6	33	57
898	chr1	103796539	103796520	+	8.22	10.74	>	6	33	57
899	chr16	23151589	23151570	+	8.21	3.11	>	6	33	57
900	chr5	33371346	33371327	-	8.19	15.74	>	6	33	57
901	chr13	103121088	103121069	-	8.18	6.016	>	6	33	57
902	chr10	60760529	60760510	+	8.14	24.72	>	6	33	57
903	chr1	169921787	169921768	+	8.12	12.62	>	6	33	57
904	chr13	42826816	42826797	-	8.11	17.0	>	6	33	57
905	chr6	72601930	72601911	+	8.11	24.06	>	6	33	57
906	chr7	81345319	81345300	-	7.99	7.87	>	6	33	57
907	chr11	33934471	33934452	+	7.98	18.27	>	6	33	57
908	chr18	77044808	77044789	-	7.97	11.42	>	6	33	57
909	chr7	67217278	67217259	+	7.926	7.28	>	6	33	57
910	chr2	164074027	164074008	+	7.906	10.22	>	6	33	57
911	chr3	45373410	45373391	+	7.855	1.438	>	6	33	57
912	chr1	152768355	152768336	-	7.84	9.35	>	6	33	57
913	chr11	102267665	102267646	-	7.81	17.44	>	6	33	57
914	chr11	43411664	43411645	-	7.81	21.72	>	6	33	57
915	chr2	129880054	129880035	+	7.805	6.484	>	6	33	57
916	chr11	81972241	81972222	+	7.797	9.07	>	6	33	57
917	chr9	65581143	65581124	-	7.793	11.17	>	6	33	57
918	chr4	106228720	106228701	+	7.727	13.9	>	6	33	57
919	chr6	119467876	119467857	+	7.703	18.1	>	6	33	57
920	chr10	122794511	122794492	+	7.695	15.734	>	6	33	57
921	chr14	34813484	34813465	-	7.69	11.805	>	6	33	57
922	chr15	19280629	19280610	+	7.68	3.066	>	6	33	57
923	chr13	38235597	38235578	-	7.676	11.836	>	6	33	57
924	chr13	21710105	21710086	+	7.67	14.95	>	6	33	57
925	chr11	104231353	104231334	-	7.67	18.38	>	6	33	57
926	chr6	86401304	86401285	-	7.64	23.28	>	6	33	57
927	chr4	24245320	24245301	-	7.633	3.027	>	6	33	57
928	chr9	29655082	29655063	+	7.613	20.11	>	6	33	57
929	chr9	58535957	58535938	-	7.605	16.9	>	6	33	57
930	chr5	112427478	112427459	-	7.598	9.93	>	6	33	57
931	chr4	140539353	140539334	-	7.58	22.9	>	6	33	57
932	chr14	105302910	105302891	+	7.57	4.605	>	6	33	57
933	chr7	19713404	19713385	-	7.543	26.19	>	6	33	57
934	chr1	127487367	127487348	-	7.52	14.33	>	6	33	57
935	chr19	56806125	56806106	-	7.504	5.934	>	6	33	57
936	chr19	47175662	47175643	-	7.46	21.67	>	6	33	57
937	chr2	150795624	150795605	-	7.44	6.633	>	6	33	57
938	chr2	137114826	137114807	+	7.438	4.08	>	6	33	57
939	chr10	119244230	119244211	+	7.434	4.305	>	6	33	57
940	chr5	117094622	117094603	+	7.42	22.22	>	6	33	57
941	chr11	67100384	67100365	-	7.42	22.83	>	6	33	57
942	chr5	30686988	30686969	+	7.41	18.64	>	6	33	57
943	chr8	105291139	105291120	-	7.41	11.78	>	6	33	57
944	chr7	143470174	143470155	-	7.39	17.94	>	6	33	57
945	chr15	8099290	8099271	-	7.35	8.336	>	6	33	57
946	chr7	119015949	119015930	+	7.34	17.75	>	6	33	57
947	chr17	56306039	56306020	-	7.305	16.48	>	6	33	57
948	chr1	134636895	134636876	+	7.3	5.97	>	6	33	57
949	chr17	65541217	65541198	+	7.258	9.125	>	6	33	57
950	chr14	49218880	49218861	+	7.25	8.47	>	6	33	57
951	chr1	25527154	25527135	+	7.2	7.453	>	6	33	57
952	chr1	146515575	146515556	+	7.18	3.11	>	6	33	57
953	chr9	44109578	44109559	+	7.176	33.9	>	6	33	57
954	chr11	108889358	108889339	+	7.15	8.016	>	6	33	57
955	chr7	138398615	138398596	+	7.117	4.707	>	6	33	57
956	chr5	32204842	32204823	+	7.11	6.15	>	6	33	57
957	chr8	14859581	14859562	+	7.1	5.27	>	6	33	57
958	chr11	95676507	95676488	-	7.09	14.555	>	6	33	57
959	chr6	85141186	85141167	+	7.08	33.56	>	6	33	57
960	chr14	20340404	20340385	-	7.04	15.81	>	6	33	57
961	chr1	193130339	193130320	-	7.023	5.71	>	6	33	57
962	chr9	98032882	98032863	+	6.992	4.73	>	6	33	57
963	chr7	143793289	143793270	+	6.98	21.42	>	6	33	57
964	chr12	32292312	32292293	-	6.895	8.26	>	6	33	57
965	chr17	45724453	45724434	-	6.89	12.125	>	6	33	57
966	chr14	102512314	102512295	+	6.89	1.602	>	6	33	57
967	chr8	11943038	11943019	+	6.88	5.47	>	6	33	57
968	chr7	83553561	83553542	+	6.867	8.27	>	6	33	57
969	chr9	64960779	64960760	-	6.85	16.31	>	6	33	57
970	chr9	30426996	30426977	+	6.832	15.31	>	6	33	57
971	chr11	119249183	119249164	+	6.785	23.48	>	6	33	57
972	chr8	90795542	90795523	+	6.77	10.67	>	6	33	57
973	chr2	113498926	113498907	-	6.766	9.86	>	6	33	57
974	chr13	62926662	62926643	+	6.75	4.73	>	6	33	57
975	chr1	127485025	127485006	+	6.715	16.44	>	6	33	57
976	chr17	78592615	78592596	+	6.715	8.945	>	6	33	57
977	chr2	118246134	118246115	-	6.668	13.72	>	6	33	57
978	chr2	92474875	92474856	-	6.652	13.95	>	6	33	57
979	chr7	17061423	17061404	+	6.645	15.1	>	6	33	57
980	chr10	122090678	122090659	+	6.63	8.38	>	6	33	57
981	chr13	64448147	64448128	+	6.594	17.92	>	6	33	57
982	chr2	34642611	34642592	-	6.562	14.51	>	6	33	57
983	chr5	117509743	117509724	+	6.54	26.92	>	6	33	57
984	chr7	131371109	131371090	+	6.516	4.71	>	6	33	57
985	chr6	94054143	94054124	-	6.5	13.34	>	6	33	57
986	chr14	20697228	20697209	+	6.465	17.88	>	6	33	57
987	chr10	122798121	122798102	+	6.46	15.23	>	6	33	57
988	chr13	14196604	14196585	+	6.45	1.613	>	6	33	57
989	chr3	118991976	118991957	+	6.438	8.26	>	6	33	57
990	chr9	107231295	107231276	-	6.434	7.414	>	6	33	57
991	chr15	24557016	24556997	-	6.418	3.371	>	6	33	57
992	chr2	178407758	178407739	+	6.414	11.43	>	6	33	57
993	chr9	90683476	90683457	-	6.38	1.322	>	6	33	57
994	chr6	22968335	22968316	-	6.34	6.418	>	6	33	57
995	chr12	67217811	67217792	+	6.336	1.95	>	6	33	57
996	chr10	82910438	82910419	+	6.277	10.99	>	6	33	57
997	chr7	49125716	49125697	+	6.258	16.88	>	6	33	57
998	chr11	119491305	119491286	-	6.215	10.81	>	6	33	57
999	chr11	32341308	32341289	-	6.21	14.555	>	6	33	57
1000	chr19	8713406	8713387	+	6.19	10.44	>	6	33	57
1001	chr4	48048044	48048025	+	6.152	6.21	>	6	33	57
1002	chr11	52764825	52764806	+	6.15	7.75	>	6	33	57
1003	chr13	20564636	20564617	-	6.145	4.82	>	6	33	57
1004	chr10	39105011	39104992	-	6.14	7.152	>	6	33	57
1005	chr11	98909856	98909837	-	6.117	18.95	>	6	33	57
1006	chr1	151025102	151025083	+	6.117	4.496	>	6	33	57
1007	chr5	98167777	98167758	-	6.113	9.555	>	6	33	57
1008	chr8	88118562	88118543	+	6.062	3.66	>	6	33	57
1009	chr16	92511934	92511915	+	6.035	16.34	>	6	33	57
1010	chr15	25792295	25792276	-	6.008	6.87	>	6	33	57
1011	chr13	92751194	92751175	+	5.938	12.68	>	6	33	57
1012	chr5	101688793	101688774	-	5.934	12.51	>	6	33	57
1013	chr7	112023252	112023233	+	5.93	8.26	>	6	33	57
1014	chr14	21854038	21854019	-	5.914	27.36	>	6	33	57
1015	chr8	32003733	32003714	-	5.9	2.012	>	6	33	57
1016	chr13	53095394	53095375	-	5.867	6.086	>	6	33	57
1017	chr1	182554179	182554160	+	5.836	10.15	>	6	33	57
1018	chr6	18381568	18381549	+	5.832	1.955	>	6	33	57
1019	chr9	77389590	77389571	+	5.832	5.68	>	6	33	57
1020	chr16	5254481	5254462	-	5.812	12.77	>	6	33	57
1021	chr2	93199625	93199606	+	5.797	14.08	>	6	33	57
1022	chr9	81631651	81631632	-	5.793	3.863	>	6	33	57
1023	chr2	152887412	152887393	-	5.78	4.652	>	6	33	57
1024	chr4	153481137	153481118	-	5.766	3.3	>	6	33	57
1025	chr8	72239706	72239687	-	5.754	5.32	>	6	33	57
1026	chr18	65750236	65750217	-	5.703	2.543	>	6	33	57
1027	chr6	61311882	61311863	-	5.68	7.43	>	6	33	57
1028	chr18	46143625	46143606	+	5.676	6.477	>	6	33	57
1029	chr6	120836118	120836099	+	5.64	7.797	>	6	33	57
1030	chr6	100563990	100563971	-	5.625	4.164	>	6	33	57
1031	chr3	13475098	13475079	-	5.61	1.948	>	6	33	57
1032	chr2	132262968	132262949	+	5.6	7.164	>	6	33	57
1033	chr11	103334169	103334150	+	5.594	12.02	>	6	33	57
1034	chr6	54255029	54255010	+	5.586	4.35	>	6	33	57
1035	chr13	101711018	101710999	+	5.543	9.15	>	6	33	57
1036	chr5	39644761	39644742	-	5.54	3.531	>	6	33	57
1037	chr8	90795201	90795182	-	5.516	4.996	>	6	33	57
1038	chr18	23162646	23162627	+	5.51	1.562	>	6	33	57
1039	chr16	78165563	78165544	+	5.477	7.39	>	6	33	57
1040	chr2	96584106	96584087	-	5.44	3.29	>	6	33	57
1041	chr12	72070473	72070454	+	5.426	11.336	>	6	33	57
1042	chr12	24708691	24708672	+	5.414	9.914	>	6	33	57
1043	chr8	92367135	92367116	-	5.406	6.984	>	6	33	57
1044	chr17	83866777	83866758	+	5.4	23.0	>	6	33	57
1045	chr13	55322636	55322617	-	5.4	7.0	>	6	33	57
1046	chr6	88893771	88893752	-	5.395	16.78	>	6	33	57
1047	chr19	8718731	8718712	-	5.383	8.6	>	6	33	57
1048	chr12	59220179	59220160	-	5.38	2.5	>	6	33	57
1049	chr14	60784526	60784507	+	5.367	16.06	>	6	33	57
1050	chr3	153658591	153658572	+	5.33	6.258	>	6	33	57
1051	chr9	77386949	77386930	-	5.312	12.24	>	6	33	57
1052	chr10	83219903	83219884	+	5.312	6.188	>	6	33	57
1053	chr6	15176967	15176948	-	5.31	2.947	>	6	33	57
1054	chr2	152604207	152604188	-	5.27	19.44	>	6	33	57
1055	chr2	39003369	39003350	-	5.26	1.671	>	6	33	57
1056	chr16	31425707	31425688	-	5.254	13.484	>	6	33	57
1057	chr5	137503018	137502999	-	5.227	3.691	>	6	33	57
1058	chr18	13973086	13973067	-	5.207	0.71	>	6	33	57
1059	chr17	68849016	68848997	-	5.2	1.891	>	6	33	57
1060	chr2	128408931	128408912	-	5.19	8.72	>	6	33	57
1061	chr14	97559790	97559771	-	5.16	2.041	>	6	33	57
1062	chr8	67903864	67903845	-	5.13	6.113	>	6	33	57
1063	chr14	56888181	56888162	-	5.125	3.316	>	6	33	57
1064	chr4	132198465	132198446	+	5.125	11.19	>	6	33	57
1065	chr2	39005861	39005842	-	5.12	3.883	>	6	33	57
1066	chr7	137471679	137471660	-	5.1	19.97	>	6	33	57
1067	chr6	64949075	64949056	+	5.09	5.168	>	6	33	57
1068	chr18	16821148	16821129	+	5.043	1.935	>	6	33	57
1069	chr2	93813566	93813547	+	5.04	13.086	>	6	33	57
1070	chr6	126481478	126481459	-	5.023	10.89	>	6	33	57
1071	chr1	181881093	181881074	-	4.984	10.19	>	6	33	57
1072	chr6	108065822	108065803	-	4.977	6.67	>	6	33	57
1073	chr4	88550373	88550354	+	4.938	4.04	>	6	33	57
1074	chr5	137502167	137502148	+	4.867	8.81	>	6	33	57
1075	chr8	77618148	77618129	-	4.86	4.188	>	6	33	57
1076	chr7	120098024	120098005	+	4.855	7.22	>	6	33	57
1077	chr2	75152706	75152687	-	4.824	10.55	>	6	33	57
1078	chr11	87950193	87950174	+	4.78	11.09	>	6	33	57
1079	chr11	94598936	94598917	-	4.746	10.49	>	6	33	57
1080	chr1	10229119	10229100	+	4.746	0.972	>	6	33	57
1081	chr7	143476888	143476869	+	4.746	8.89	>	6	33	57
1082	chr9	102607693	102607674	-	4.715	3.604	>	6	33	57
1083	chr8	32009749	32009730	+	4.71	6.785	>	6	33	57
1084	chr3	99262117	99262098	-	4.707	1.889	>	6	33	57
1085	chr18	75607987	75607968	+	4.664	23.11	>	6	33	57
1086	chr7	75380211	75380192	-	4.64	2.41	>	6	33	57
1087	chr3	135863108	135863089	+	4.64	3.164	>	6	33	57
1088	chr4	87369015	87368996	-	4.625	9.125	>	6	33	57
1089	chr8	84639535	84639516	+	4.605	13.88	>	6	33	57
1090	chr15	74524301	74524282	+	4.586	13.7	>	6	33	57
1091	chr17	57007316	57007297	-	4.582	9.42	>	6	33	57
1092	chr11	30893985	30893966	+	4.547	0.9004	>	6	33	57
1093	chr19	57360190	57360171	-	4.543	2.654	>	6	33	57
1094	chr8	110102657	110102638	-	4.53	9.24	>	6	33	57
1095	chr7	135389259	135389240	-	4.53	9.336	>	6	33	57
1096	chr4	152527530	152527511	+	4.516	13.99	>	6	33	57
1097	chr13	103710441	103710422	+	4.5	4.57	>	6	33	57
1098	chr10	120896053	120896034	+	4.5	2.322	>	6	33	57
1099	chr18	5155632	5155613	-	4.484	6.39	>	6	33	57
1100	chr12	80141693	80141674	-	4.45	17.05	>	6	33	57
1101	chr5	118763566	118763547	-	4.418	12.81	>	6	33	57
1102	chr12	14150175	14150156	+	4.406	3.688	>	6	33	57
1103	chr10	128990300	128990281	-	4.4	8.03	>	6	33	57
1104	chr10	30834038	30834019	-	4.37	4.473	>	6	33	57
1105	chr6	50618483	50618464	+	4.367	12.766	>	6	33	57
1106	chr15	9748972	9748953	-	4.36	3.496	>	6	33	57
1107	chr16	92308164	92308145	-	4.355	11.22	>	6	33	57
1108	chr2	9881964	9881945	-	4.355	2.918	>	6	33	57
1109	chr8	123106089	123106070	+	4.336	8.18	>	6	33	57
1110	chr5	98346264	98346245	+	4.324	2.342	>	6	33	57
1111	chr10	40249841	40249822	-	4.316	12.23	>	6	33	57
1112	chr3	141457685	141457666	+	4.312	4.707	>	6	33	57
1113	chr9	40192620	40192601	-	4.3	2.145	>	6	33	57
1114	chr9	72448248	72448229	+	4.29	7.78	>	6	33	57
1115	chr13	24316809	24316790	-	4.273	3.682	>	6	33	57
1116	chr1	50927249	50927230	+	4.258	4.5	>	6	33	57
1117	chr11	102690417	102690398	-	4.223	12.195	>	6	33	57
1118	chr4	116627141	116627122	+	4.207	6.52	>	6	33	57
1119	chr15	76198817	76198798	+	4.164	10.72	>	6	33	57
1120	chr15	12113620	12113601	-	4.156	3.312	>	6	33	57
1121	chr1	115675059	115675040	+	4.152	5.223	>	6	33	57
1122	chr2	34644807	34644788	-	4.15	8.266	>	6	33	57
1123	chr2	166084974	166084955	-	4.133	18.12	>	6	33	57
1124	chr11	21571906	21571887	-	4.13	2.105	>	6	33	57
1125	chr15	9449709	9449690	-	4.062	0.543	>	6	33	57
1126	chr5	92664520	92664501	-	4.055	3.326	>	6	33	57
1127	chr12	77001216	77001197	+	4.043	1.105	>	6	33	57
1128	chr6	93757507	93757488	-	4.01	5.273	>	6	33	57
1129	chr19	56302794	56302775	+	4.01	3.797	>	6	33	57
1130	chr13	71954038	71954019	-	4.008	1.19	>	6	33	57
1131	chr4	17852015	17851996	-	4.0	0.8535	>	6	33	57
1132	chr18	39136126	39136107	+	3.992	1.932	>	6	33	57
1133	chr1	153489234	153489215	-	3.99	7.715	>	6	33	57
1134	chr9	66136172	66136153	-	3.988	5.383	>	6	33	57
1135	chr11	109621431	109621412	-	3.979	11.484	>	6	33	57
1136	chr13	91723318	91723299	+	3.959	5.49	>	6	33	57
1137	chr13	3642291	3642272	-	3.959	4.75	>	6	33	57
1138	chr13	47304770	47304751	+	3.957	6.746	>	6	33	57
1139	chr2	121144456	121144437	+	3.953	4.504	>	6	33	57
1140	chr13	93772223	93772204	-	3.928	3.56	>	6	33	57
1141	chr10	70967079	70967060	+	3.916	4.88	>	6	33	57
1142	chr13	59417085	59417066	-	3.91	5.0	>	6	33	57
1143	chr7	102484972	102484953	-	3.883	7.0	>	6	33	57
1144	chr5	38235667	38235648	-	3.879	10.78	>	6	33	57
1145	chr14	56885401	56885382	+	3.87	2.412	>	6	33	57
1146	chr11	75170669	75170650	-	3.861	7.984	>	6	33	57
1147	chr11	77980417	77980398	+	3.846	9.5	>	6	33	57
1148	chr9	94738712	94738693	+	3.828	14.92	>	6	33	57
1149	chr6	140466500	140466481	-	3.816	3.785	>	6	33	57
1150	chr19	57361025	57361006	-	3.814	6.484	>	6	33	57
1151	chr12	58972459	58972440	+	3.777	2.135	>	6	33	57
1152	chr2	61490636	61490617	+	3.775	5.23	>	6	33	57
1153	chr4	44310651	44310632	+	3.762	4.973	>	6	33	57
1154	chr11	52766147	52766128	+	3.734	1.83	>	6	33	57
1155	chr13	72627587	72627568	-	3.717	4.066	>	6	33	57
1156	chr9	23012459	23012440	-	3.71	1.704	>	6	33	57
1157	chr16	31427924	31427905	-	3.705	3.383	>	6	33	57
1158	chr12	29895773	29895754	+	3.691	1.481	>	6	33	57
1159	chr9	73154557	73154538	+	3.666	9.1	>	6	33	57
1160	chr1	127484437	127484418	-	3.66	8.8	>	6	33	57
1161	chr9	107566236	107566217	+	3.656	7.098	>	6	33	57
1162	chr2	68118338	68118319	+	3.652	4.36	>	6	33	57
1163	chr11	11140836	11140817	-	3.629	13.69	>	6	33	57
1164	chr12	74014936	74014917	-	3.627	5.97	>	6	33	57
1165	chr7	138396301	138396282	-	3.621	0.934	>	6	33	57
1166	chr14	103534605	103534586	+	3.617	5.312	>	6	33	57
1167	chr10	115164112	115164093	-	3.613	3.031	>	6	33	57
1168	chr7	119019764	119019745	+	3.598	7.113	>	6	33	57
1169	chr13	96389525	96389506	-	3.588	1.339	>	6	33	57
1170	chr14	74723724	74723705	-	3.586	5.766	>	6	33	57
1171	chr14	55114114	55114095	-	3.57	7.387	>	6	33	57
1172	chr9	62784468	62784449	+	3.562	12.84	>	6	33	57
1173	chr10	127678167	127678148	-	3.541	2.129	>	6	33	57
1174	chr17	55948218	55948199	-	3.535	4.3	>	6	33	57
1175	chr11	78183263	78183244	-	3.525	12.305	>	6	33	57
1176	chr6	59207403	59207384	-	3.508	1.477	>	6	33	57
1177	chr6	135416919	135416900	+	3.498	4.027	>	6	33	57
1178	chr5	122104403	122104384	+	3.492	11.98	>	6	33	57
1179	chr13	37971068	37971049	-	3.482	3.088	>	6	33	57
1180	chr5	114612410	114612391	+	3.48	13.6	>	6	33	57
1181	chr10	114442226	114442207	+	3.46	2.104	>	6	33	57
1182	chr2	145655527	145655508	-	3.44	2.05	>	6	33	57
1183	chr7	109507351	109507332	-	3.418	1.832	>	6	33	57
1184	chr16	10009965	10009946	+	3.402	4.965	>	6	33	57
1185	chr14	67969032	67969013	-	3.385	5.523	>	6	33	57
1186	chr5	140744055	140744036	-	3.348	10.35	>	6	33	57
1187	chr1	56984334	56984315	+	3.338	2.584	>	6	33	57
1188	chr2	137110782	137110763	+	3.328	1.323	>	6	33	57
1189	chr16	22267525	22267506	+	3.322	1.262	>	6	33	57
1190	chr16	4884595	4884576	-	3.3	2.822	>	6	33	57
1191	chr5	19458406	19458387	-	3.291	6.625	>	6	33	57
1192	chr1	84697217	84697198	-	3.29	7.492	>	6	33	57
1193	chr14	122903088	122903069	-	3.29	2.205	>	6	33	57
1194	chr7	64056729	64056710	-	3.273	1.214	>	6	33	57
1195	chr9	71624061	71624042	-	3.273	15.39	>	6	33	57
1196	chr9	96885958	96885939	-	3.271	10.016	>	6	33	57
1197	chr18	46964733	46964714	-	3.266	8.555	>	6	33	57
1198	chr3	122638475	122638456	+	3.26	4.82	>	6	33	57
1199	chr9	94733848	94733829	+	3.256	3.768	>	6	33	57
1200	chr1	167938404	167938385	-	3.25	6.79	>	6	33	57
1201	chr1	180811841	180811822	+	3.244	6.383	>	6	33	57
1202	chr10	42760472	42760453	+	3.229	1.784	>	6	33	57
1203	chr18	20598347	20598328	+	3.213	4.758	>	6	33	57
1204	chr17	71909305	71909286	+	3.203	3.572	>	6	33	57
1205	chr1	34459898	34459879	+	3.193	3.389	>	6	33	57
1206	chr4	117202234	117202215	-	3.191	9.61	>	6	33	57
1207	chr15	101313974	101313955	-	3.178	2.96	>	6	33	57
1208	chr16	13438138	13438119	+	3.176	1.241	>	6	33	57
1209	chr7	114878499	114878480	+	3.174	1.604	>	6	33	57
1210	chr11	109866735	109866716	+	3.166	2.812	>	6	33	57
1211	chr3	123509329	123509310	+	3.162	5.67	>	6	33	57
1212	chr3	114085881	114085862	-	3.146	0.5283	>	6	33	57
1213	chr4	120149384	120149365	-	3.145	8.09	>	6	33	57
1214	chr16	4549594	4549575	-	3.137	11.12	>	6	33	57
1215	chr15	78872224	78872205	+	3.133	9.35	>	6	33	57
1216	chr12	57231261	57231242	-	3.127	3.32	>	6	33	57
1217	chr9	71624949	71624930	-	3.125	15.0	>	6	33	57
1218	chr4	18963859	18963840	-	3.12	4.01	>	6	33	57
1219	chr8	40913366	40913347	-	3.115	1.625	>	6	33	57
1220	chr5	21645240	21645221	-	3.11	1.259	>	6	33	57
1221	chr10	68357244	68357225	+	3.094	1.353	>	6	33	57
1222	chr2	93812077	93812058	-	3.06	11.82	>	6	33	57
1223	chr12	75669431	75669412	-	3.05	4.1	>	6	33	57
1224	chr1	12844023	12844004	+	3.033	4.33	>	6	33	57
1225	chr12	86697142	86697123	+	3.025	6.996	>	6	33	57
1226	chr9	98033678	98033659	+	3.021	1.525	>	6	33	57
1227	chr19	37946902	37946883	+	3.02	4.082	>	6	33	57
1228	chr9	75271676	75271657	+	3.01	4.42	>	6	33	57
1229	chr11	55162881	55162862	+	2.996	3.625	>	6	33	57
1230	chr17	25274339	25274320	-	2.984	4.45	>	6	33	57
1231	chr6	108065317	108065298	+	2.984	5.535	>	6	33	57
1232	chr7	5071749	5071730	-	2.928	2.754	>	6	33	57
1233	chr3	152477906	152477887	-	2.922	3.295	>	6	33	57
1234	chr5	28090770	28090751	-	2.922	2.412	>	6	33	57
1235	chr14	78282622	78282603	+	2.91	2.186	>	6	33	57
1236	chr14	88480122	88480103	-	2.906	3.236	>	6	33	57
1237	chr7	107569047	107569028	+	2.902	1.588	>	6	33	57
1238	chr3	83777088	83777069	-	2.879	3.992	>	6	33	57
1239	chr8	48550865	48550846	+	2.871	0.592	>	6	33	57
1240	chr7	132575955	132575936	-	2.855	4.473	>	6	33	57
1241	chr14	79769127	79769108	-	2.852	4.36	>	6	33	57
1242	chr17	69974245	69974226	-	2.799	1.284	>	6	33	57
1243	chr12	66284211	66284192	-	2.793	5.484	>	6	33	57
1244	chr6	83796902	83796883	-	2.785	3.35	>	6	33	57
1245	chr9	44108077	44108058	+	2.785	11.375	>	6	33	57
1246	chr11	116023924	116023905	+	2.777	6.906	>	6	33	57
1247	chr3	86779824	86779805	-	2.775	8.64	>	6	33	57
1248	chr19	46056202	46056183	+	2.77	5.27	>	6	33	57
1249	chr10	108210181	108210162	-	2.762	0.674	>	6	33	57
1250	chr8	27001386	27001367	+	0.4329	0.4077	>	6	33	57
1251	chr17	28338029	28338010	-	0.252	0.265	>	6	33	57
1252	chr11	76445826	76445807	-	0.2268	0.1863	>	6	33	57
1253	chr5	144244146	144244127	-	0.311	0.3691	>	6	33	57
1254	chr14	79768803	79768784	-	0.3076	0.2808	>	6	33	57
1255	chr9	26778623	26778604	-	1.299	0.6914	>	6	33	57
1256	chr7	25392052	25392033	+	0.2487	0.242	>	6	33	57
1257	chr3	101484879	101484860	-	0.3438	0.528	>	6	33	57
1258	chr2	69113988	69113969	+	0.2472	0.1981	>	6	33	57
1259	chr13	29852447	29852428	-	0.1781	0.1941	>	6	33	57
1260	chr2	60213231	60213212	-	0.1073	0.1628	>	6	33	57
1261	chr2	171418157	171418138	-	0.1407	0.2131	>	6	33	57
1262	chr7	64392050	64392031	-	0.514	0.2006	>	6	33	57
1263	chr15	36157434	36157415	-	0.7227	0.836	>	6	33	57
1264	chr4	49662357	49662338	-	0.4692	0.2915	>	6	33	57
1265	chr4	48422356	48422337	+	1.027	0.5225	>	6	33	57
1266	chr18	82720514	82720495	+	0.1605	0.1409	>	6	33	57
1267	chr1	172022686	172022667	+	0.1733	0.1764	>	6	33	57
1268	chr7	139595890	139595871	+	0.1575	0.2125	>	6	33	57
1269	chr12	73007842	73007823	-	0.345	0.2974	>	6	33	57
1270	chr17	27192928	27192909	-	0.1056	0.4468	>	6	33	57
1271	chr1	53698960	53698941	+	0.557	0.255	>	6	33	57
1272	chr18	12734380	12734361	+	0.207	0.1383	>	6	33	57
1273	chr6	126767488	126767469	-	0.2039	0.2483	>	6	33	57
1274	chr2	92856249	92856230	-	2.734	0.857	>	6	33	57
1275	chr11	74572851	74572832	+	0.2646	0.2705	>	6	33	57
1276	chr9	59675637	59675618	-	0.4082	0.744	>	6	33	57
1277	chr15	55025647	55025628	+	0.1847	0.1536	>	6	33	57
1278	chr4	120579150	120579131	-	0.33	0.264	>	6	33	57
1279	chr15	74525720	74525701	+	0.2172	0.2104	>	6	33	57
1280	chr1	88748095	88748076	+	0.1973	0.1881	>	6	33	57
1281	chr15	32239655	32239636	-	0.2822	0.1587	>	6	33	57
1282	chr7	36571183	36571164	+	0.1103	0.1942	>	6	33	57
1283	chr11	113855351	113855332	-	0.1613	0.1947	>	6	33	57
1284	chr6	90609163	90609144	+	2.127	1.159	>	6	33	57
1285	chr3	146181407	146181388	-	0.2034	0.3416	>	6	33	57
1286	chr10	69857222	69857203	-	0.3232	0.3599	>	6	33	57
1287	chr2	158361425	158361406	-	0.5625	0.2502	>	6	33	57
1288	chr5	136268179	136268160	-	0.1886	0.2153	>	6	33	57
1289	chr16	11983350	11983331	-	1.634	1.076	>	6	33	57
1290	chr2	84437773	84437754	+	0.2305	0.14	>	6	33	57
1291	chr18	24002018	24001999	-	0.133	0.1333	>	6	33	57
1292	chr1	130151533	130151514	-	0.4075	0.3347	>	6	33	57
1293	chr9	59675855	59675836	+	0.3367	0.2161	>	6	33	57
1294	chr11	116840251	116840232	-	0.3374	0.637	>	6	33	57
1295	chr2	155819963	155819944	+	0.07886	0.146	>	6	33	57
1296	chr14	105301632	105301613	+	0.206	0.2114	>	6	33	57
1297	chr12	9044592	9044573	+	0.1821	0.2019	>	6	33	57
1298	chr18	13971224	13971205	-	0.5337	0.3596	>	6	33	57
1299	chr5	136267600	136267581	-	0.2751	0.189	>	6	33	57
1300	chr5	33371430	33371411	+	0.3992	0.1644	>	6	33	57
1301	chr14	51090397	51090378	-	0.4153	0.243	>	6	33	57
1302	chr1	77935072	77935053	+	0.1814	0.1729	>	6	33	57
1303	chr11	119246049	119246030	-	0.204	0.3367	>	6	33	57
1304	chr17	50274949	50274930	-	0.441	0.1749	>	6	33	57
1305	chr8	108956442	108956423	+	0.5635	0.3044	>	6	33	57
1306	chr11	66885340	66885321	+	0.1636	0.169	>	6	33	57
1307	chr7	30099945	30099926	-	0.1979	0.1757	>	6	33	57
1308	chr15	99973159	99973140	-	0.1998	0.3345	>	6	33	57
1309	chr5	16308949	16308930	+	0.1567	0.1411	>	6	33	57
1310	chr6	119466578	119466559	-	0.9824	0.9795	>	6	33	57
1311	chr2	136886679	136886660	+	0.7764	0.2095	>	6	33	57
1312	chr14	79763594	79763575	-	0.2852	0.151	>	6	33	57
1313	chr2	170416012	170415993	+	0.1837	0.1256	>	6	33	57
1314	chr4	41015236	41015217	-	0.1882	0.1434	>	6	33	57
1315	chr11	70975109	70975090	+	0.713	0.3914	>	6	33	57
1316	chr5	122773202	122773183	+	0.11584	0.1375	>	6	33	57
1317	chr4	128588031	128588012	-	0.2659	0.1909	>	6	33	57
1318	chr8	122576186	122576167	-	0.11285	0.1545	>	6	33	57
1319	chr7	76383989	76383970	+	0.1553	0.154	>	6	33	57
1320	chr9	41467019	41467000	-	0.2223	0.1565	>	6	33	57
1321	chr1	32712246	32712227	-	0.05322	0.1516	>	6	33	57
1322	chr16	23974866	23974847	-	0.5283	0.3425	>	6	33	57
1323	chr15	84066194	84066175	-	0.6196	1.17	>	6	33	57
1324	chr11	40148920	40148901	-	1.272	0.642	>	6	33	57
1325	chr7	27166488	27166469	-	0.306	0.491	>	6	33	57
1326	chr11	30240273	30240254	+	0.4001	0.2556	>	6	33	57
1327	chr2	69115969	69115950	-	0.1754	0.1587	>	6	33	57
1328	chr9	113420569	113420550	-	0.2261	0.2178	>	6	33	57
1329	chr12	99882528	99882509	-	0.2617	0.1387	>	6	33	57
1330	chr5	77347648	77347629	-	0.3625	0.4211	>	6	33	57
1331	chr10	49780455	49780436	+	0.2179	0.1394	>	6	33	57
1332	chr5	75855263	75855244	-	0.6416	0.4326	>	6	33	57
1333	chr2	124087358	124087339	-	0.6436	0.2075	>	6	33	57
1334	chr14	49219056	49219037	+	0.678	0.694	>	6	33	57
1335	chr5	147938091	147938072	+	0.368	0.1842	>	6	33	57
1336	chr11	32340288	32340269	+	0.1792	0.1648	>	6	33	57
1337	chr16	50181579	50181560	+	0.2006	0.1838	>	6	33	57
1338	chr16	20496121	20496102	-	0.6714	0.1777	>	6	33	57
1339	chr8	76775680	76775661	+	0.135	0.1975	>	6	33	57
1340	chr14	65597676	65597657	+	0.6543	0.452	>	6	33	57
1341	chr7	64754771	64754752	+	0.1351	0.2295	>	6	33	57
1342	chr2	166083979	166083960	-	0.2964	0.2065	>	6	33	57
1343	chr16	44140440	44140421	+	0.4607	0.3381	>	6	33	57
1344	chr12	90524338	90524319	-	0.3223	0.2983	>	6	33	57
1345	chr5	89391716	89391697	+	0.1626	0.1418	>	6	33	57
1346	chr9	59675438	59675419	-	0.2104	0.1542	>	6	33	57
1347	chr19	16339103	16339084	-	0.1967	0.1177	>	6	33	57
1348	chr13	30545067	30545048	+	0.3672	0.2915	>	6	33	57
1349	chr1	92462681	92462662	+	0.3916	0.1832	>	6	33	57
1350	chr4	84066283	84066264	-	0.1898	0.1552	>	6	33	57
1351	chr9	83373922	83373903	-	0.2197	0.1434	>	6	33	57
1352	chr4	88773969	88773950	-	0.9507	8.01	>	6	33	57
1353	chr9	123132258	123132239	-	0.1687	0.1416	>	6	33	57
1354	chr17	34958843	34958824	-	0.2079	0.5464	>	6	33	57
1355	chr12	50946225	50946206	+	0.2341	0.157	>	6	33	57
1356	chr13	73647252	73647233	+	0.267	0.1704	>	6	33	57
1357	chr11	83279300	83279281	-	0.4434	0.2251	>	6	33	57
1358	chr17	8986048	8986029	-	0.3325	0.212	>	6	33	57
1359	chr4	14935721	14935702	-	0.7095	0.296	>	6	33	57
1360	chr4	75076699	75076680	+	0.09125	0.2014	>	6	33	57
1361	chr5	114610713	114610694	+	0.0985	0.1626	>	6	33	57
1362	chr9	83378273	83378254	-	0.471	0.2808	>	6	33	57
1363	chr9	107773182	107773163	-	0.1786	0.1414	>	6	33	57
1364	chr9	41218030	41218011	+	0.1323	0.1355	>	6	33	57
1365	chr9	105644718	105644699	+	0.4255	0.1808	>	6	33	57
1366	chr8	84264441	84264422	-	1.261	1.4795	>	6	33	57
1367	chr4	135959453	135959434	+	0.112	0.2223	>	6	33	57
1368	chr1	24684268	24684249	+	0.4001	0.1942	>	6	33	57
1369	chr3	87748577	87748558	-	0.7593	0.4382	>	6	33	57
1370	chr9	54690950	54690931	+	0.11566	0.136	>	6	33	57
1371	chr15	82277690	82277671	-	0.9043	0.4492	>	6	33	57
1372	chr5	115498528	115498509	-	0.2693	0.2164	>	6	33	57
1373	chr9	56621276	56621257	+	0.10846	0.253	>	6	33	57
1374	chr18	81956733	81956714	-	0.2815	0.2637	>	6	33	57
1375	chr10	22791401	22791382	-	0.1346	0.2358	>	6	33	57
1376	chr15	82271301	82271282	+	0.836	0.1838	>	6	33	57
1377	chr12	69946159	69946140	+	0.555	0.455	>	6	33	57
1378	chr14	101442800	101442781	+	0.2983	0.1344	>	6	33	57
1379	chr2	164777017	164776998	-	0.5176	0.361	>	6	33	57
1380	chr10	24631573	24631554	-	1.178	1.224	>	6	33	57
1381	chr1	136528510	136528491	-	1.761	0.7373	>	6	33	57
1382	chr10	19222118	19222099	-	1.411	0.8228	>	6	33	57
1383	chr14	56885508	56885489	-	2.348	4.004	>	6	33	57
1384	chr8	85060493	85060474	-	0.9688	0.437	>	6	33	57
1385	chr11	96075822	96075803	-	0.9316	0.4944	>	6	33	57
1386	chr11	77476535	77476516	+	0.1632	0.2383	>	6	33	57
1387	chr1	81294004	81293985	-	0.905	0.562	>	6	33	57
1388	chr12	15520954	15520935	+	0.7183	0.4033	>	6	33	57
1389	chr7	66397054	66397035	+	0.1594	0.2107	>	6	33	57
1390	chr12	74014582	74014563	-	0.2377	0.1973	>	6	33	57
1391	chr5	144242554	144242535	-	0.241	0.1987	>	6	33	57
1392	chr15	66894943	66894924	+	0.2703	0.2021	>	6	33	57
1393	chr6	126484995	126484976	-	0.4333	1.278	>	6	33	57
1394	chr4	48427148	48427129	+	0.678	0.3833	>	6	33	57
1395	chr15	71459211	71459192	+	0.252	0.1731	>	6	33	57
1396	chr3	19896435	19896416	-	0.2361	0.1467	>	6	33	57
1397	chr8	68268707	68268688	-	0.1398	0.1492	>	6	33	57
1398	chr1	182555580	182555561	-	0.1982	0.1915	>	6	33	57
1399	chr9	44413186	44413167	-	0.534	0.393	>	6	33	57
1400	chr14	70151716	70151697	+	0.3604	0.2382	>	6	33	57
1401	chr4	62478250	62478231	+	0.438	0.1328	>	6	33	57
1402	chr3	127561629	127561610	-	0.2183	0.12354	>	6	33	57
1403	chr3	69139614	69139595	-	0.397	0.2261	>	6	33	57
1404	chr17	17919616	17919597	+	0.1678	0.167	>	6	33	57
1405	chr4	139314214	139314195	-	0.2279	0.269	>	6	33	57
1406	chr18	61952763	61952744	-	0.2372	0.1731	>	6	33	57
1407	chr9	7599188	7599169	+	0.33	0.191	>	6	33	57
1408	chr10	120898341	120898322	-	0.3386	0.1467	>	6	33	57
1409	chr11	57469613	57469594	-	0.1846	0.2297	>	6	33	57
1410	chr18	58480198	58480179	-	0.2095	0.1665	>	6	33	57
1411	chr17	12380527	12380508	-	0.658	0.591	>	6	33	57
1412	chr2	107940173	107940154	+	0.11664	0.1351	>	6	33	57
1413	chr2	32580534	32580515	-	0.2605	0.4055	>	6	33	57
1414	chr15	98813480	98813461	+	0.3496	0.5376	>	6	33	57
1415	chr6	54253893	54253874	+	0.1663	0.1743	>	6	33	57
1416	chr1	135800865	135800846	+	0.1766	0.1665	>	6	33	57
1417	chr15	58426369	58426350	+	0.1996	0.1519	>	6	33	57
1418	chr4	87367775	87367756	+	0.3853	0.1472	>	6	33	57
1419	chr2	96583103	96583084	-	0.809	0.3242	>	6	33	57
1420	chr4	63366959	63366940	-	0.1979	0.1753	>	6	33	57
1421	chr4	59761293	59761274	-	0.3435	0.2113	>	6	33	57
1422	chr10	7832162	7832143	+	0.2646	0.1672	>	6	33	57
1423	chr7	89904213	89904194	-	0.2908	0.156	>	6	33	57
1424	chr1	30697342	30697323	+	0.1025	0.1263	>	6	33	57
1425	chr1	58987602	58987583	+	0.2202	0.1498	>	6	33	57
1426	chr15	7452190	7452171	+	0.1405	0.12085	>	6	33	57
1427	chr4	139877044	139877025	+	0.3875	0.2688	>	6	33	57
1428	chr3	83291887	83291868	-	0.0825	0.137	>	6	33	57
1429	chr15	68912907	68912888	-	0.5024	0.2024	>	6	33	57
1430	chr14	64593744	64593725	-	1.073	0.5703	>	6	33	57
1431	chr1	56980349	56980330	-	0.2778	0.2322	>	6	33	57
1432	chr14	75833620	75833601	-	0.6006	0.4543	>	6	33	57
1433	chr16	62904648	62904629	-	0.217	0.1924	>	6	33	57
1434	chr5	35991229	35991210	-	1.033	1.082	>	6	33	57
1435	chr5	44287418	44287399	-	0.248	0.155	>	6	33	57
1436	chr15	76199915	76199896	-	0.07776	0.3071	>	6	33	57
1437	chr4	131240262	131240243	-	0.241	0.206	>	6	33	57
1438	chr5	102147917	102147898	-	0.228	0.2458	>	6	33	57
1439	chr3	93086926	93086907	+	0.0978	0.1787	>	6	33	57
1440	chr6	126163382	126163363	+	2.373	1.376	>	6	33	57
1441	chr3	45375769	45375750	+	1.051	0.2544	>	6	33	57
1442	chr16	90306219	90306200	-	0.3647	0.3506	>	6	33	57
1443	chr17	3249270	3249251	-	0.1843	0.136	>	6	33	57
1444	chr4	143024421	143024402	-	0.087	0.1317	>	6	33	57
1445	chr19	47513892	47513873	-	0.2471	0.1393	>	6	33	57
1446	chr6	66534595	66534576	-	1.387	0.675	>	6	33	57
1447	chr6	134963172	134963153	-	0.6475	0.5996	>	6	33	57
1448	chr14	56369245	56369226	+	0.2401	0.1912	>	6	33	57
1449	chr18	53460219	53460200	+	0.1775	0.162	>	6	33	57
1450	chr7	89476922	89476903	-	0.2163	0.1522	>	6	33	57
1451	chr6	34273116	34273097	+	0.0673	0.1545	>	6	33	57
1452	chr7	142295608	142295589	-	1.062	6.32	>	6	33	57
1453	chr3	22302208	22302189	+	0.992	0.3848	>	6	33	57
1454	chr6	31045994	31045975	-	0.7534	0.959	>	6	33	57
1455	chr9	57143378	57143359	-	0.1816	0.2302	>	6	33	57
1456	chr6	101268340	101268321	+	0.2712	0.1924	>	6	33	57
1457	chr9	58897456	58897437	-	0.7163	0.4846	>	6	33	57
1458	chr17	79601068	79601049	+	0.2245	0.12476	>	6	33	57
1459	chr16	5254607	5254588	-	0.2883	0.22	>	6	33	57
1460	chr4	83595536	83595517	+	1.783	1.041	>	6	33	57
1461	chr9	51159881	51159862	-	0.6875	0.266	>	6	33	57
1462	chr14	66354429	66354410	+	0.1142	0.1388	>	6	33	57
1463	chr5	117090283	117090264	+	0.5806	0.4014	>	6	33	57
1464	chr2	168061425	168061406	-	0.1733	0.2051	>	6	33	57
1465	chr5	9169228	9169209	+	0.3306	0.1686	>	6	33	57
1466	chr6	28418701	28418682	-	0.4202	0.266	>	6	33	57
1467	chr12	105038443	105038424	-	0.1501	0.2063	>	6	33	57
1468	chr1	182558143	182558124	-	0.2264	0.1511	>	6	33	57
1469	chr8	47713300	47713281	-	1.078	1.646	>	6	33	57
1470	chr18	47357393	47357374	+	0.2007	0.1278	>	6	33	57
1471	chr1	118771083	118771064	-	0.1254	0.2006	>	6	33	57
1472	chr16	6493044	6493025	-	0.1927	0.1516	>	6	33	57
1473	chr9	42951005	42950986	-	0.3914	0.2078	>	6	33	57
1474	chr13	53430986	53430967	-	0.6504	0.3672	>	6	33	57
1475	chr13	67609268	67609249	+	2.162	0.826	>	6	33	57
1476	chr1	53035072	53035053	+	0.1465	0.1494	>	6	33	57
1477	chr7	99471824	99471805	-	0.3745	0.4907	>	6	33	57
1478	chr11	36543574	36543555	-	0.1156	0.1614	>	6	33	57
1479	chr5	124334258	124334239	-	0.3428	0.273	>	6	33	57
1480	chr10	76771414	76771395	-	0.1296	0.2047	>	6	33	57
1481	chr10	4386719	4386700	+	0.32	0.4492	>	6	33	57
1482	chr5	116554091	116554072	+	0.0876	0.1714	>	6	33	57
1483	chr10	41734858	41734839	+	0.1406	0.2605	>	6	33	57
1484	chr10	50906875	50906856	-	0.2361	0.1674	>	6	33	57
1485	chr11	31651668	31651649	+	0.07605	0.1534	>	6	33	57
1486	chr6	116193190	116193171	+	0.3687	0.372	>	6	33	57
1487	chr1	188976509	188976490	+	0.343	0.1833	>	6	33	57
1488	chr12	101976095	101976076	+	0.681	0.4116	>	6	33	57
1489	chr15	75925915	75925896	+	0.6084	0.9233	>	6	33	57
1490	chr1	4777287	4777268	-	0.9443	1.425	>	6	33	57
1491	chr18	86560230	86560211	+	0.7866	1.138	>	6	33	57
1492	chr7	43574878	43574859	+	1.292	1.347	>	6	33	57
1493	chr7	98200601	98200582	-	0.2927	0.1711	>	6	33	57
1494	chr4	143319849	143319830	+	0.2299	0.1525	>	6	33	57
1495	chr2	128601696	128601677	-	0.1208	0.207	>	6	33	57
1496	chr17	57004491	57004472	-	0.1467	0.2932	>	6	33	57
1497	chr2	35196541	35196522	-	1.081	0.3997	>	6	33	57
1498	chr5	29779371	29779352	+	0.1531	0.1671	>	6	33	57
1499	chr10	93038429	93038410	-	0.163	0.1875	>	6	33	57
0	chr4	87368268	87368249	+	90.56	65.75	>	6	34	56
1	chr11	109860827	109860808	-	89.2	47.97	>	6	34	56
2	chr3	22309188	22309169	+	81.5	60.4	>	6	34	56
3	chr10	5161770	5161751	-	79.2	55.88	>	6	34	56
4	chr16	71247702	71247683	+	68.56	43.2	>	6	34	56
5	chr16	72980067	72980048	-	68.3	56.7	>	6	34	56
6	chr6	60556001	60555982	+	67.7	40.38	>	6	34	56
7	chr5	7996919	7996900	-	66.06	59.4	>	6	34	56
8	chr14	12140114	12140095	-	65.1	51.62	>	6	34	56
9	chr13	81439574	81439555	+	64.94	46.94	>	6	34	56
10	chr9	103996726	103996707	-	64.9	51.25	>	6	34	56
11	chr15	56066340	56066321	+	63.97	42.94	>	6	34	56
12	chr10	106609250	106609231	+	63.97	42.62	>	6	34	56
13	chr1	144380222	144380203	-	63.4	48.44	>	6	34	56
14	chr10	8240468	8240449	-	62.34	45.88	>	6	34	56
15	chr12	77000269	77000250	+	62.22	54.97	>	6	34	56
16	chr1	44745882	44745863	+	62.12	40.25	>	6	34	56
17	chr4	81178889	81178870	+	62.03	50.0	>	6	34	56
18	chr9	10909768	10909749	+	61.12	47.94	>	6	34	56
19	chr6	64650119	64650100	-	60.56	60.88	>	6	34	56
20	chr15	32766485	32766466	-	60.56	46.62	>	6	34	56
21	chr4	9135983	9135964	+	60.03	34.12	>	6	34	56
22	chr7	118305013	118304994	+	59.5	47.62	>	6	34	56
23	chr10	39520570	39520551	-	58.34	40.5	>	6	34	56
24	chr1	78724658	78724639	+	58.25	47.28	>	6	34	56
25	chr2	160598038	160598019	+	57.94	55.8	>	6	34	56
26	chr18	33790258	33790239	-	57.72	56.3	>	6	34	56
27	chr12	40837750	40837731	+	57.5	46.25	>	6	34	56
28	chr8	41443763	41443744	+	57.34	56.06	>	6	34	56
29	chr14	68494314	68494295	-	56.94	24.97	>	6	34	56
30	chr1	11657910	11657891	+	56.8	43.62	>	6	34	56
31	chr11	77100337	77100318	+	55.88	49.25	>	6	34	56
32	chr16	41244935	41244916	-	55.72	48.0	>	6	34	56
33	chr14	87452291	87452272	-	55.72	63.0	>	6	34	56
34	chr18	16217050	16217031	+	54.9	26.8	>	6	34	56
35	chr11	53255133	53255114	-	54.8	39.5	>	6	34	56
36	chr9	7216447	7216428	+	54.56	27.64	>	6	34	56
37	chr8	35850598	35850579	-	54.5	50.94	>	6	34	56
38	chr8	102781131	102781112	-	54.44	41.34	>	6	34	56
39	chr5	49962010	49961991	-	54.16	50.88	>	6	34	56
40	chr7	90410162	90410143	-	54.06	39.75	>	6	34	56
41	chr4	15328717	15328698	+	54.03	40.72	>	6	34	56
42	chr11	31949616	31949597	-	54.0	41.44	>	6	34	56
43	chr1	120586671	120586652	+	53.8	57.06	>	6	34	56
44	chr13	19698921	19698902	+	53.16	40.8	>	6	34	56
45	chr12	57825950	57825931	+	53.03	34.38	>	6	34	56
46	chr16	72215933	72215914	-	52.7	45.56	>	6	34	56
47	chr9	15685402	15685383	+	52.62	45.03	>	6	34	56
48	chr10	10321327	10321308	-	52.47	23.97	>	6	34	56
49	chr9	49494135	49494116	+	52.4	51.5	>	6	34	56
50	chr3	50906169	50906150	-	52.12	57.06	>	6	34	56
51	chr11	57467973	57467954	-	52.03	54.47	>	6	34	56
52	chr11	113165316	113165297	-	51.88	57.94	>	6	34	56
53	chr9	51152608	51152589	-	51.8	48.22	>	6	34	56
54	chr16	58299658	58299639	+	51.56	30.08	>	6	34	56
55	chr16	22564783	22564764	+	51.44	49.16	>	6	34	56
56	chr8	36523135	36523116	-	51.4	44.44	>	6	34	56
57	chr14	34810941	34810922	+	51.3	52.97	>	6	34	56
58	chr6	101261740	101261721	-	51.0	49.47	>	6	34	56
59	chr7	132213694	132213675	-	50.8	38.62	>	6	34	56
60	chr2	48886271	48886252	-	50.28	44.53	>	6	34	56
61	chr12	54060974	54060955	-	50.12	27.78	>	6	34	56
62	chr1	5905019	5905000	-	50.06	44.22	>	6	34	56
63	chr9	26776375	26776356	-	50.0	53.88	>	6	34	56
64	chr1	103799519	103799500	+	49.53	56.44	>	6	34	56
65	chr9	88222188	88222169	-	49.5	40.1	>	6	34	56
66	chr18	58481884	58481865	-	49.28	39.28	>	6	34	56
67	chr13	100112788	100112769	+	49.16	37.22	>	6	34	56
68	chr3	14679394	14679375	+	49.06	29.97	>	6	34	56
69	chr16	37109459	37109440	+	48.75	19.0	>	6	34	56
70	chr3	153655318	153655299	-	48.72	48.28	>	6	34	56
71	chr16	89765698	89765679	-	48.38	54.0	>	6	34	56
72	chr13	89543228	89543209	-	48.3	56.84	>	6	34	56
73	chr11	40149509	40149490	-	48.28	36.34	>	6	34	56
74	chr3	113080940	113080921	-	48.2	53.4	>	6	34	56
75	chr10	70963797	70963778	-	47.53	51.97	>	6	34	56
76	chr6	66533480	66533461	-	47.34	41.22	>	6	34	56
77	chr18	57976815	57976796	+	47.28	41.3	>	6	34	56
78	chr12	92303388	92303369	+	47.12	48.12	>	6	34	56
79	chr6	43686140	43686121	+	47.1	34.0	>	6	34	56
80	chr15	11038687	11038668	+	47.06	40.16	>	6	34	56
81	chr6	13281064	13281045	-	47.06	44.4	>	6	34	56
82	chr4	25180081	25180062	-	46.94	22.34	>	6	34	56
83	chr2	110229883	110229864	+	46.8	37.2	>	6	34	56
84	chr2	118638293	118638274	+	46.34	48.4	>	6	34	56
85	chr14	67674858	67674839	-	46.2	40.62	>	6	34	56
86	chr1	179477262	179477243	-	45.97	54.9	>	6	34	56
87	chr12	78056191	78056172	+	45.84	48.03	>	6	34	56
88	chr15	44836402	44836383	+	45.7	45.75	>	6	34	56
89	chr9	80293262	80293243	+	45.3	48.66	>	6	34	56
90	chr1	21411405	21411386	+	45.28	35.97	>	6	34	56
91	chr8	80483379	80483360	-	45.28	32.34	>	6	34	56
92	chr16	55477026	55477007	-	44.9	60.88	>	6	34	56
93	chr9	122729759	122729740	-	44.72	40.56	>	6	34	56
94	chr2	17415581	17415562	-	44.56	38.03	>	6	34	56
95	chr4	13778049	13778030	-	44.5	20.47	>	6	34	56
96	chr16	64748455	64748436	-	44.47	52.25	>	6	34	56
97	chr6	57570627	57570608	-	44.28	34.06	>	6	34	56
98	chr16	13117421	13117402	+	44.28	48.25	>	6	34	56
99	chr1	54381475	54381456	-	44.12	34.1	>	6	34	56
100	chr15	40166896	40166877	+	44.03	40.53	>	6	34	56
101	chr17	83271696	83271677	+	44.0	39.2	>	6	34	56
102	chr9	63136063	63136044	+	43.94	32.22	>	6	34	56
103	chr3	68056550	68056531	+	43.88	35.0	>	6	34	56
104	chr3	25220822	25220803	-	43.8	23.62	>	6	34	56
105	chr7	118102455	118102436	-	43.53	59.94	>	6	34	56
106	chr9	51335485	51335466	+	43.47	26.75	>	6	34	56
107	chr16	96671807	96671788	-	43.4	27.66	>	6	34	56
108	chr2	113494904	113494885	+	43.34	43.28	>	6	34	56
109	chr1	55404561	55404542	+	43.25	39.06	>	6	34	56
110	chr3	80079969	80079950	+	43.0	35.7	>	6	34	56
111	chr11	25862989	25862970	-	42.66	37.9	>	6	34	56
112	chr13	109213188	109213169	-	42.6	60.5	>	6	34	56
113	chr8	58566283	58566264	+	42.56	33.8	>	6	34	56
114	chr16	72218227	72218208	+	42.38	47.1	>	6	34	56
115	chr14	102510640	102510621	-	42.34	35.9	>	6	34	56
116	chr7	143154010	143153991	+	42.16	43.66	>	6	34	56
117	chr6	143219585	143219566	+	42.1	41.62	>	6	34	56
118	chr17	86906334	86906315	-	41.97	47.25	>	6	34	56
119	chr8	62080400	62080381	+	41.97	30.6	>	6	34	56
120	chr3	57843985	57843966	+	41.94	43.75	>	6	34	56
121	chr18	3495634	3495615	+	41.62	36.03	>	6	34	56
122	chr7	125393847	125393828	-	41.56	47.0	>	6	34	56
123	chr7	86211564	86211545	-	41.56	46.4	>	6	34	56
124	chr9	60245127	60245108	+	41.38	43.16	>	6	34	56
125	chr6	131353859	131353840	-	41.3	15.89	>	6	34	56
126	chr15	98173991	98173972	-	41.25	24.88	>	6	34	56
127	chr17	88641249	88641230	-	41.12	34.25	>	6	34	56
128	chr9	87027908	87027889	+	41.1	38.34	>	6	34	56
129	chr4	70621553	70621534	-	40.97	48.38	>	6	34	56
130	chr12	41487236	41487217	-	40.88	35.94	>	6	34	56
131	chr4	127368548	127368529	+	40.8	49.72	>	6	34	56
132	chr8	50293750	50293731	-	40.75	48.2	>	6	34	56
133	chr16	27468981	27468962	+	40.75	34.62	>	6	34	56
134	chr7	121641354	121641335	-	40.7	30.69	>	6	34	56
135	chr3	29726795	29726776	-	40.7	30.42	>	6	34	56
136	chr14	29110872	29110853	-	40.66	51.22	>	6	34	56
137	chr13	116712427	116712408	-	40.62	33.1	>	6	34	56
138	chr18	19939562	19939543	-	40.47	45.7	>	6	34	56
139	chr15	80704533	80704514	-	40.28	46.53	>	6	34	56
140	chr18	50137074	50137055	+	40.28	37.62	>	6	34	56
141	chr13	15763212	15763193	-	40.25	29.53	>	6	34	56
142	chr19	50185486	50185467	+	40.22	44.2	>	6	34	56
143	chr12	74013965	74013946	-	40.22	40.8	>	6	34	56
144	chr1	138835543	138835524	+	40.06	20.81	>	6	34	56
145	chr15	55550924	55550905	-	40.06	37.12	>	6	34	56
146	chr1	61771439	61771420	-	40.06	23.55	>	6	34	56
147	chr12	34664961	34664942	+	40.0	19.7	>	6	34	56
148	chr14	78288101	78288082	-	39.8	38.8	>	6	34	56
149	chr2	4499416	4499397	+	39.78	33.88	>	6	34	56
150	chr13	30260132	30260113	-	39.75	32.75	>	6	34	56
151	chr9	68015271	68015252	+	39.2	39.0	>	6	34	56
152	chr1	126993502	126993483	-	39.06	47.2	>	6	34	56
153	chr16	25349824	25349805	-	39.0	41.2	>	6	34	56
154	chr1	14729249	14729230	-	38.94	39.3	>	6	34	56
155	chr15	59389427	59389408	+	38.7	46.34	>	6	34	56
156	chr6	100882590	100882571	+	38.66	49.44	>	6	34	56
157	chr3	9711121	9711102	+	38.62	35.47	>	6	34	56
158	chr6	21214019	21214000	-	38.47	24.2	>	6	34	56
159	chr17	42603617	42603598	-	38.47	42.5	>	6	34	56
160	chr4	80517548	80517529	-	38.47	41.4	>	6	34	56
161	chr9	85328584	85328565	-	38.28	30.06	>	6	34	56
162	chr17	44262001	44261982	+	38.22	44.16	>	6	34	56
163	chr10	102449665	102449646	+	38.2	48.84	>	6	34	56
164	chr17	14520745	14520726	-	38.12	30.45	>	6	34	56
165	chr13	51830925	51830906	+	38.0	56.0	>	6	34	56
166	chr12	83502436	83502417	-	37.97	34.4	>	6	34	56
167	chr5	75853265	75853246	-	37.94	27.88	>	6	34	56
168	chr13	110382742	110382723	+	37.88	61.84	>	6	34	56
169	chr5	62481159	62481140	-	37.8	35.4	>	6	34	56
170	chr7	49121503	49121484	-	37.7	29.61	>	6	34	56
171	chr15	11966575	11966556	-	37.66	34.72	>	6	34	56
172	chr3	31146135	31146116	+	37.53	44.5	>	6	34	56
173	chr2	37815879	37815860	+	37.47	39.2	>	6	34	56
174	chr5	33033442	33033423	-	37.44	48.28	>	6	34	56
175	chr9	7595466	7595447	-	37.4	28.72	>	6	34	56
176	chr5	21641153	21641134	-	37.3	33.66	>	6	34	56
177	chr14	48367302	48367283	-	37.12	39.88	>	6	34	56
178	chr17	14524624	14524605	+	37.1	38.88	>	6	34	56
179	chr4	84064835	84064816	+	37.06	23.38	>	6	34	56
180	chr4	63368786	63368767	+	37.06	51.6	>	6	34	56
181	chr5	102149680	102149661	+	37.03	38.97	>	6	34	56
182	chr12	32897684	32897665	-	36.88	40.9	>	6	34	56
183	chr16	91936532	91936513	+	36.72	43.06	>	6	34	56
184	chr6	37046379	37046360	-	36.72	47.7	>	6	34	56
185	chr18	59081896	59081877	+	36.7	37.34	>	6	34	56
186	chr6	103697552	103697533	-	36.3	43.6	>	6	34	56
187	chr18	19937930	19937911	+	36.3	37.56	>	6	34	56
188	chr6	93757594	93757575	+	36.28	18.31	>	6	34	56
189	chr17	9756371	9756352	+	36.28	21.2	>	6	34	56
190	chr2	96585854	96585835	+	36.25	26.84	>	6	34	56
191	chr11	82915176	82915157	+	36.2	36.34	>	6	34	56
192	chr6	6005837	6005818	+	36.03	35.2	>	6	34	56
193	chr1	98392238	98392219	-	36.03	38.97	>	6	34	56
194	chr7	48749384	48749365	+	35.94	38.3	>	6	34	56
195	chr11	105911812	105911793	-	35.9	37.8	>	6	34	56
196	chr10	45045486	45045467	-	35.8	35.22	>	6	34	56
197	chr2	4492748	4492729	-	35.75	19.97	>	6	34	56
198	chr6	18087397	18087378	+	35.75	40.84	>	6	34	56
199	chr5	90203341	90203322	+	35.7	41.12	>	6	34	56
200	chr7	136489148	136489129	+	35.62	28.06	>	6	34	56
201	chr9	109862620	109862601	-	35.6	34.12	>	6	34	56
202	chr15	59876355	59876336	+	35.3	32.16	>	6	34	56
203	chr14	76473612	76473593	-	35.25	45.66	>	6	34	56
204	chr3	128349320	128349301	+	35.03	41.75	>	6	34	56
205	chr3	45375963	45375944	+	35.03	23.92	>	6	34	56
206	chr3	133314669	133314650	+	34.97	39.0	>	6	34	56
207	chr1	96801850	96801831	-	34.84	30.55	>	6	34	56
208	chr7	115216958	115216939	+	34.62	30.45	>	6	34	56
209	chr9	59282577	59282558	-	34.62	26.88	>	6	34	56
210	chr2	148112135	148112116	-	34.5	31.5	>	6	34	56
211	chr18	52457916	52457897	-	34.47	28.2	>	6	34	56
212	chr6	56691454	56691435	-	34.34	42.2	>	6	34	56
213	chr13	20292580	20292561	-	34.3	38.5	>	6	34	56
214	chr13	57260119	57260100	-	34.25	52.66	>	6	34	56
215	chr13	113877615	113877596	+	34.25	36.75	>	6	34	56
216	chr13	116715029	116715010	-	34.1	31.72	>	6	34	56
217	chr4	83596692	83596673	-	34.1	52.75	>	6	34	56
218	chr8	64941619	64941600	-	34.06	33.75	>	6	34	56
219	chr3	51701488	51701469	+	34.03	22.56	>	6	34	56
220	chr14	120061322	120061303	-	33.84	29.2	>	6	34	56
221	chr7	75910166	75910147	+	33.8	57.6	>	6	34	56
222	chr4	98702698	98702679	-	33.78	31.62	>	6	34	56
223	chr3	146185137	146185118	+	33.62	52.6	>	6	34	56
224	chr4	151157152	151157133	+	33.53	59.38	>	6	34	56
225	chr5	43391861	43391842	-	33.5	21.5	>	6	34	56
226	chr11	93856511	93856492	-	33.47	26.19	>	6	34	56
227	chr14	59605843	59605824	+	33.47	40.3	>	6	34	56
228	chr14	84438580	84438561	+	33.44	23.31	>	6	34	56
229	chr12	50943824	50943805	-	33.28	38.56	>	6	34	56
230	chr7	83550335	83550316	-	33.2	30.12	>	6	34	56
231	chr6	117167008	117166989	+	33.03	30.3	>	6	34	56
232	chr4	12538791	12538772	+	33.0	21.84	>	6	34	56
233	chr18	47353079	47353060	+	32.84	24.58	>	6	34	56
234	chr5	12541496	12541477	-	32.72	22.56	>	6	34	56
235	chr2	60721127	60721108	+	32.72	22.53	>	6	34	56
236	chr11	78838251	78838232	+	32.72	51.5	>	6	34	56
237	chr8	73356225	73356206	+	32.62	23.39	>	6	34	56
238	chr12	10598567	10598548	+	32.5	41.56	>	6	34	56
239	chr19	20345158	20345139	-	32.25	47.94	>	6	34	56
240	chr17	58909486	58909467	-	32.16	39.4	>	6	34	56
241	chr10	69655037	69655018	-	32.12	36.56	>	6	34	56
242	chr4	3967733	3967714	-	32.12	41.75	>	6	34	56
243	chr16	21192795	21192776	-	32.06	38.78	>	6	34	56
244	chr11	12291593	12291574	-	32.0	15.54	>	6	34	56
245	chr11	117385082	117385063	+	31.83	36.6	>	6	34	56
246	chr12	32292095	32292076	+	31.73	20.83	>	6	34	56
247	chr4	64833096	64833077	+	31.69	34.34	>	6	34	56
248	chr13	47301245	47301226	+	31.67	43.9	>	6	34	56
249	chr1	89631957	89631938	-	31.56	45.38	>	6	34	56
250	chr9	69296601	69296582	-	31.53	38.66	>	6	34	56
251	chr3	53735364	53735345	+	31.28	24.5	>	6	34	56
252	chr10	45373471	45373452	-	31.2	37.7	>	6	34	56
253	chr8	91797725	91797706	+	31.19	30.23	>	6	34	56
254	chr4	88035662	88035643	+	31.06	19.66	>	6	34	56
255	chr2	75151187	75151168	-	31.05	37.9	>	6	34	56
256	chr14	66791971	66791952	-	31.02	32.1	>	6	34	56
257	chr2	93199062	93199043	-	30.9	51.25	>	6	34	56
258	chr2	73551006	73550987	+	30.86	53.72	>	6	34	56
259	chr12	89451144	89451125	-	30.81	40.1	>	6	34	56
260	chr16	66086729	66086710	-	30.81	33.7	>	6	34	56
261	chr14	114791647	114791628	-	30.72	37.2	>	6	34	56
262	chr4	43420547	43420528	-	30.61	34.5	>	6	34	56
263	chr1	87447687	87447668	+	30.56	32.53	>	6	34	56
264	chr15	55306471	55306452	+	30.56	24.06	>	6	34	56
265	chr15	97667578	97667559	+	30.52	37.12	>	6	34	56
266	chr2	16359548	16359529	+	30.47	16.92	>	6	34	56
267	chr14	8356099	8356080	+	30.42	51.06	>	6	34	56
268	chr3	19894816	19894797	-	30.38	33.66	>	6	34	56
269	chr12	43813750	43813731	-	30.34	24.06	>	6	34	56
270	chr2	27770378	27770359	+	30.12	46.8	>	6	34	56
271	chr16	48675836	48675817	-	30.12	28.97	>	6	34	56
272	chr10	13016733	13016714	+	30.1	53.44	>	6	34	56
273	chr2	76367359	76367340	+	30.05	30.6	>	6	34	56
274	chr2	115515230	115515211	+	30.05	12.29	>	6	34	56
275	chr19	16785108	16785089	-	30.03	27.4	>	6	34	56
276	chr3	78948444	78948425	+	30.03	29.16	>	6	34	56
277	chr1	37250876	37250857	-	29.94	25.45	>	6	34	56
278	chr18	74431409	74431390	+	29.94	28.48	>	6	34	56
279	chr1	38787652	38787633	-	29.89	46.22	>	6	34	56
280	chr3	14874584	14874565	+	29.88	22.88	>	6	34	56
281	chr9	69505778	69505759	+	29.88	30.58	>	6	34	56
282	chr10	84450913	84450894	-	29.77	31.7	>	6	34	56
283	chr2	172216047	172216028	-	29.77	65.06	>	6	34	56
284	chr10	97712895	97712876	+	29.72	22.83	>	6	34	56
285	chr1	4770074	4770055	+	29.72	39.66	>	6	34	56
286	chr12	50301580	50301561	-	29.69	16.55	>	6	34	56
287	chr15	85266923	85266904	+	29.69	42.06	>	6	34	56
288	chr4	85403030	85403011	+	29.62	27.23	>	6	34	56
289	chr6	97526370	97526351	-	29.53	31.17	>	6	34	56
290	chr8	112046096	112046077	+	29.5	62.6	>	6	34	56
291	chr12	96311368	96311349	-	29.48	23.8	>	6	34	56
292	chr1	93507239	93507220	-	29.45	32.5	>	6	34	56
293	chr13	21714927	21714908	+	29.4	37.72	>	6	34	56
294	chr6	49008180	49008161	+	29.38	27.1	>	6	34	56
295	chr17	17749545	17749526	-	29.36	32.88	>	6	34	56
296	chr6	145360253	145360234	+	29.34	33.62	>	6	34	56
297	chr7	17066630	17066611	-	29.27	41.75	>	6	34	56
298	chr12	81788850	81788831	-	29.25	32.47	>	6	34	56
299	chr7	129649172	129649153	+	29.19	42.88	>	6	34	56
300	chr14	104039053	104039034	+	29.17	41.16	>	6	34	56
301	chr13	41634744	41634725	-	29.08	40.84	>	6	34	56
302	chr7	138835232	138835213	-	29.02	47.88	>	6	34	56
303	chr15	97195797	97195778	+	28.92	38.5	>	6	34	56
304	chr1	119087737	119087718	+	28.89	50.28	>	6	34	56
305	chr4	85819373	85819354	-	28.86	29.28	>	6	34	56
306	chr11	30657307	30657288	-	28.86	6.477	>	6	34	56
307	chr5	49369245	49369226	+	28.66	27.94	>	6	34	56
308	chr6	106805067	106805048	+	28.61	20.38	>	6	34	56
309	chr6	31660958	31660939	+	28.53	52.9	>	6	34	56
310	chr12	8306749	8306730	-	28.48	47.94	>	6	34	56
311	chr13	42822785	42822766	-	28.47	44.4	>	6	34	56
312	chr15	34968778	34968759	+	28.4	27.94	>	6	34	56
313	chr7	68369859	68369840	+	28.38	58.97	>	6	34	56
314	chr15	80266443	80266424	+	28.33	34.62	>	6	34	56
315	chr6	102171110	102171091	+	28.19	24.06	>	6	34	56
316	chr16	72605273	72605254	-	28.11	17.7	>	6	34	56
317	chr18	65490506	65490487	+	28.06	33.94	>	6	34	56
318	chr3	55373775	55373756	+	28.0	19.75	>	6	34	56
319	chr1	53927814	53927795	-	27.97	28.48	>	6	34	56
320	chr2	160368066	160368047	-	27.95	21.97	>	6	34	56
321	chr10	42295232	42295213	-	27.94	37.8	>	6	34	56
322	chr7	116040411	116040392	-	27.9	26.19	>	6	34	56
323	chr10	116197535	116197516	-	27.81	28.58	>	6	34	56
324	chr5	20773533	20773514	-	27.81	20.77	>	6	34	56
325	chr12	80725012	80724993	-	27.73	38.97	>	6	34	56
326	chr15	66899881	66899862	-	27.6	21.5	>	6	34	56
327	chr18	16822208	16822189	-	27.56	13.28	>	6	34	56
328	chr18	14503254	14503235	-	27.55	19.48	>	6	34	56
329	chr5	98344786	98344767	+	27.44	28.3	>	6	34	56
330	chr10	77517236	77517217	+	27.39	30.44	>	6	34	56
331	chr1	44741472	44741453	-	27.38	6.344	>	6	34	56
332	chr6	127945983	127945964	-	27.28	24.97	>	6	34	56
333	chr16	42914955	42914936	-	27.27	20.78	>	6	34	56
334	chr18	39137558	39137539	+	27.11	15.805	>	6	34	56
335	chr13	42575907	42575888	+	27.11	22.34	>	6	34	56
336	chr2	13278209	13278190	+	27.06	48.53	>	6	34	56
337	chr18	43836585	43836566	-	27.06	22.66	>	6	34	56
338	chr4	114647896	114647877	+	27.05	26.58	>	6	34	56
339	chr16	44149214	44149195	-	27.03	37.28	>	6	34	56
340	chr13	109776299	109776280	+	27.02	27.47	>	6	34	56
341	chr19	30217515	30217496	+	27.0	44.25	>	6	34	56
342	chr6	61316075	61316056	+	26.94	38.16	>	6	34	56
343	chr17	78598832	78598813	+	26.92	37.16	>	6	34	56
344	chr2	117231457	117231438	-	26.88	23.62	>	6	34	56
345	chr4	115101816	115101797	+	26.84	34.88	>	6	34	56
346	chr10	57448131	57448112	-	26.8	44.97	>	6	34	56
347	chr13	113046665	113046646	+	26.77	22.72	>	6	34	56
348	chr4	110022447	110022428	-	26.58	43.47	>	6	34	56
349	chr7	101653829	101653810	+	26.5	47.97	>	6	34	56
350	chr5	67756338	67756319	+	26.5	26.55	>	6	34	56
351	chr3	62192717	62192698	-	26.5	17.1	>	6	34	56
352	chr10	17728146	17728127	-	26.45	14.96	>	6	34	56
353	chr5	37752557	37752538	-	26.33	30.73	>	6	34	56
354	chr1	60961316	60961297	-	26.3	26.22	>	6	34	56
355	chr17	68176981	68176962	+	26.27	18.84	>	6	34	56
356	chr7	37357871	37357852	-	26.2	67.6	>	6	34	56
357	chr4	32572316	32572297	-	26.16	44.75	>	6	34	56
358	chr4	96696741	96696722	+	26.12	32.22	>	6	34	56
359	chr4	109729491	109729472	-	26.06	50.3	>	6	34	56
360	chr10	111977780	111977761	+	25.78	32.1	>	6	34	56
361	chr5	45424489	45424470	-	25.73	30.9	>	6	34	56
362	chr2	61494577	61494558	-	25.72	22.25	>	6	34	56
363	chr6	13287046	13287027	+	25.69	21.62	>	6	34	56
364	chr9	116060829	116060810	+	25.66	36.5	>	6	34	56
365	chr8	17537753	17537734	-	25.64	36.44	>	6	34	56
366	chr9	77781636	77781617	-	25.62	27.94	>	6	34	56
367	chr15	5106460	5106441	-	25.56	29.45	>	6	34	56
368	chr17	93141334	93141315	-	25.53	33.03	>	6	34	56
369	chr6	97759520	97759501	+	25.52	17.88	>	6	34	56
370	chr8	119384750	119384731	-	25.47	45.94	>	6	34	56
371	chr6	88113322	88113303	+	25.38	41.75	>	6	34	56
372	chr15	101984527	101984508	-	25.38	56.7	>	6	34	56
373	chr8	54493335	54493316	-	25.34	39.7	>	6	34	56
374	chr9	24119622	24119603	+	25.33	14.83	>	6	34	56
375	chr3	50077169	50077150	-	25.31	24.22	>	6	34	56
376	chr4	47419767	47419748	+	25.23	44.03	>	6	34	56
377	chr2	76115910	76115891	+	25.22	28.97	>	6	34	56
378	chr15	67174759	67174740	+	25.2	12.74	>	6	34	56
379	chr8	125574509	125574490	+	25.17	12.85	>	6	34	56
380	chr1	161737065	161737046	-	25.11	39.75	>	6	34	56
381	chr3	85571455	85571436	-	25.1	9.7	>	6	34	56
382	chr18	19577078	19577059	-	25.02	27.28	>	6	34	56
383	chr19	36083087	36083068	-	25.0	29.4	>	6	34	56
384	chr8	115709616	115709597	-	24.98	9.14	>	6	34	56
385	chr10	126330794	126330775	-	24.84	24.02	>	6	34	56
386	chr15	25993551	25993532	+	24.81	33.28	>	6	34	56
387	chr5	131430355	131430336	-	24.78	45.44	>	6	34	56
388	chr1	9545352	9545333	-	24.78	38.06	>	6	34	56
389	chr19	28768445	28768426	-	24.75	36.44	>	6	34	56
390	chr10	24630876	24630857	+	24.72	22.94	>	6	34	56
391	chr17	54351102	54351083	+	24.53	15.79	>	6	34	56
392	chr16	20496806	20496787	+	24.47	28.86	>	6	34	56
393	chr12	109394024	109394005	-	24.44	15.02	>	6	34	56
394	chr13	21803288	21803269	-	24.42	40.1	>	6	34	56
395	chr3	103392995	103392976	+	24.38	33.9	>	6	34	56
396	chr15	25428758	25428739	+	24.31	24.08	>	6	34	56
397	chr3	135206860	135206841	-	24.3	9.21	>	6	34	56
398	chr8	65139261	65139242	+	24.3	33.56	>	6	34	56
399	chr9	29650850	29650831	-	24.23	35.72	>	6	34	56
400	chr3	127971093	127971074	+	24.2	46.1	>	6	34	56
401	chr2	104035038	104035019	+	24.16	33.7	>	6	34	56
402	chr9	81635302	81635283	+	24.11	12.08	>	6	34	56
403	chr6	95484597	95484578	+	24.03	13.41	>	6	34	56
404	chr14	72293991	72293972	-	23.83	34.2	>	6	34	56
405	chr18	65490035	65490016	-	23.72	29.94	>	6	34	56
406	chr12	38123788	38123769	-	23.66	16.0	>	6	34	56
407	chr18	70184838	70184819	-	23.66	11.39	>	6	34	56
408	chr3	152095252	152095233	-	23.53	23.67	>	6	34	56
409	chr8	32002994	32002975	-	23.5	23.94	>	6	34	56
410	chr11	22206830	22206811	-	23.48	11.1	>	6	34	56
411	chr5	76541051	76541032	-	23.44	19.22	>	6	34	56
412	chr10	52106337	52106318	+	23.38	22.61	>	6	34	56
413	chr1	84697462	84697443	-	23.38	25.22	>	6	34	56
414	chr1	67181385	67181366	+	23.34	35.0	>	6	34	56
415	chr6	101267027	101267008	+	23.31	12.77	>	6	34	56
416	chr6	129255175	129255156	-	23.25	41.8	>	6	34	56
417	chr4	115710017	115709998	-	23.19	25.83	>	6	34	56
418	chr2	118241614	118241595	-	23.19	37.16	>	6	34	56
419	chr8	71371784	71371765	+	23.11	28.11	>	6	34	56
420	chr7	73422670	73422651	-	23.11	37.7	>	6	34	56
421	chr5	33039602	33039583	+	23.05	27.48	>	6	34	56
422	chr2	153143004	153142985	-	23.02	20.31	>	6	34	56
423	chr14	98181824	98181805	-	23.0	7.93	>	6	34	56
424	chr2	136887058	136887039	-	22.97	12.49	>	6	34	56
425	chr1	135136701	135136682	-	22.88	42.44	>	6	34	56
426	chr5	4948481	4948462	-	22.86	27.0	>	6	34	56
427	chr10	71422814	71422795	+	22.81	51.25	>	6	34	56
428	chr8	64597251	64597232	-	22.66	30.06	>	6	34	56
429	chr1	162336834	162336815	-	22.45	14.914	>	6	34	56
430	chr9	94738996	94738977	+	22.42	42.94	>	6	34	56
431	chr17	53403136	53403117	+	22.4	18.28	>	6	34	56
432	chr2	155811920	155811901	-	22.36	51.28	>	6	34	56
433	chr12	52010769	52010750	+	22.33	16.6	>	6	34	56
434	chr3	44912870	44912851	-	22.31	11.58	>	6	34	56
435	chr5	98348848	98348829	+	22.25	34.97	>	6	34	56
436	chr15	80706301	80706282	+	22.25	25.52	>	6	34	56
437	chr1	167932285	167932266	-	22.22	36.66	>	6	34	56
438	chr14	121455709	121455690	-	22.2	25.7	>	6	34	56
439	chr4	98243714	98243695	-	22.16	26.34	>	6	34	56
440	chr4	143027468	143027449	+	22.14	29.11	>	6	34	56
441	chr2	153668926	153668907	+	22.14	25.36	>	6	34	56
442	chr9	41461929	41461910	-	22.14	12.42	>	6	34	56
443	chr4	109431143	109431124	-	22.1	22.34	>	6	34	56
444	chr5	44831505	44831486	-	22.08	22.05	>	6	34	56
445	chr8	119676601	119676582	-	22.03	33.06	>	6	34	56
446	chr17	40824060	40824041	-	22.02	34.28	>	6	34	56
447	chr15	37102366	37102347	-	22.0	13.84	>	6	34	56
448	chr1	119083862	119083843	-	21.92	45.47	>	6	34	56
449	chr5	41044703	41044684	-	21.78	28.61	>	6	34	56
450	chr19	24622032	24622013	+	21.77	22.19	>	6	34	56
451	chr3	58159626	58159607	-	21.75	32.1	>	6	34	56
452	chr1	38130140	38130121	-	21.75	23.66	>	6	34	56
453	chr2	129472129	129472110	-	21.73	30.17	>	6	34	56
454	chr9	15682043	15682024	-	21.73	11.22	>	6	34	56
455	chr9	69502720	69502701	-	21.7	34.7	>	6	34	56
456	chr14	21120676	21120657	+	21.69	43.16	>	6	34	56
457	chr7	110645588	110645569	-	21.69	43.56	>	6	34	56
458	chr16	78950579	78950560	-	21.64	3.295	>	6	34	56
459	chr7	131899517	131899498	+	21.56	16.44	>	6	34	56
460	chr8	106403484	106403465	-	21.53	20.23	>	6	34	56
461	chr17	73303429	73303410	+	21.48	50.6	>	6	34	56
462	chr1	83727325	83727306	+	21.48	26.81	>	6	34	56
463	chr13	29857603	29857584	+	21.42	9.836	>	6	34	56
464	chr14	104033786	104033767	+	21.34	21.16	>	6	34	56
465	chr7	119011391	119011372	+	21.31	35.56	>	6	34	56
466	chr1	69165377	69165358	+	21.31	25.0	>	6	34	56
467	chr1	192727176	192727157	+	21.28	21.9	>	6	34	56
468	chr9	50438293	50438274	-	21.2	27.17	>	6	34	56
469	chr15	46990407	46990388	-	21.14	10.516	>	6	34	56
470	chr13	73646874	73646855	+	21.14	37.5	>	6	34	56
471	chr16	67089956	67089937	+	21.12	15.94	>	6	34	56
472	chr2	83332995	83332976	-	21.02	18.14	>	6	34	56
473	chr8	10415030	10415011	+	21.0	37.3	>	6	34	56
474	chr1	35716149	35716130	-	20.89	18.69	>	6	34	56
475	chr7	43920039	43920020	-	20.83	34.3	>	6	34	56
476	chr8	15138726	15138707	+	20.81	41.03	>	6	34	56
477	chr13	6515705	6515686	+	20.8	28.08	>	6	34	56
478	chr2	64948996	64948977	-	20.72	23.2	>	6	34	56
479	chr19	20345737	20345718	+	20.7	55.44	>	6	34	56
480	chr5	33994851	33994832	+	20.64	14.97	>	6	34	56
481	chr14	76479953	76479934	+	20.62	37.16	>	6	34	56
482	chr3	144737048	144737029	+	20.58	28.33	>	6	34	56
483	chr2	13597223	13597204	-	20.5	12.72	>	6	34	56
484	chr9	118908437	118908418	-	20.5	27.45	>	6	34	56
485	chr4	153484615	153484596	-	20.39	17.89	>	6	34	56
486	chr19	12433211	12433192	+	20.36	28.34	>	6	34	56
487	chr15	31611224	31611205	+	20.34	11.17	>	6	34	56
488	chr3	107206198	107206179	+	20.34	39.22	>	6	34	56
489	chr17	86909946	86909927	+	20.31	22.38	>	6	34	56
490	chr7	89473669	89473650	-	20.22	24.19	>	6	34	56
491	chr6	35252603	35252584	+	20.22	32.56	>	6	34	56
492	chr6	126168001	126167982	-	20.17	8.76	>	6	34	56
493	chr16	42169942	42169923	+	20.12	43.34	>	6	34	56
494	chr6	90607354	90607335	+	20.11	24.86	>	6	34	56
495	chr6	31664664	31664645	+	20.11	41.5	>	6	34	56
496	chr13	100002039	100002020	+	20.02	21.73	>	6	34	56
497	chr6	97523337	97523318	-	19.97	25.72	>	6	34	56
498	chr4	123529452	123529433	-	19.95	17.69	>	6	34	56
499	chr18	53744741	53744722	-	19.94	29.1	>	6	34	56
500	chr9	13849232	13849213	+	19.9	15.484	>	6	34	56
501	chr15	14052128	14052109	-	19.89	12.375	>	6	34	56
502	chr3	68053761	68053742	-	19.88	27.33	>	6	34	56
503	chr14	50799990	50799971	+	19.83	30.28	>	6	34	56
504	chr8	50292348	50292329	+	19.83	31.36	>	6	34	56
505	chr19	52993242	52993223	-	19.81	45.25	>	6	34	56
506	chr8	24546435	24546416	-	19.8	56.1	>	6	34	56
507	chr2	166085186	166085167	+	19.78	40.2	>	6	34	56
508	chr15	80260893	80260874	-	19.75	33.7	>	6	34	56
509	chr18	75606699	75606680	+	19.72	50.94	>	6	34	56
510	chr2	135957961	135957942	-	19.69	27.1	>	6	34	56
511	chr11	75179118	75179099	+	19.67	22.83	>	6	34	56
512	chr6	77628987	77628968	+	19.66	40.56	>	6	34	56
513	chr4	82614384	82614365	-	19.62	15.836	>	6	34	56
514	chr17	27190013	27189994	+	19.5	26.89	>	6	34	56
515	chr14	121451301	121451282	-	19.45	26.11	>	6	34	56
516	chr9	69987821	69987802	-	19.44	12.234	>	6	34	56
517	chr6	40479902	40479883	+	19.42	24.72	>	6	34	56
518	chr4	82619779	82619760	-	19.42	11.22	>	6	34	56
519	chr2	160593235	160593216	-	19.4	45.8	>	6	34	56
520	chr4	48691990	48691971	+	19.4	34.88	>	6	34	56
521	chr1	11140123	11140104	-	19.39	7.324	>	6	34	56
522	chr6	67858160	67858141	+	19.36	18.55	>	6	34	56
523	chr1	91914028	91914009	+	19.36	22.06	>	6	34	56
524	chr15	76196896	76196877	+	19.33	35.8	>	6	34	56
525	chr11	43767011	43766992	+	19.27	27.44	>	6	34	56
526	chr17	8463677	8463658	+	19.23	31.38	>	6	34	56
527	chr2	60442102	60442083	-	19.22	10.555	>	6	34	56
528	chr10	8242562	8242543	+	19.2	18.4	>	6	34	56
529	chr15	8382407	8382388	+	19.16	11.64	>	6	34	56
530	chr19	11360302	11360283	+	19.14	15.06	>	6	34	56
531	chr12	79305335	79305316	+	19.11	29.94	>	6	34	56
532	chr13	38992697	38992678	+	19.03	12.445	>	6	34	56
533	chr8	91147955	91147936	-	19.0	26.05	>	6	34	56
534	chr13	64443476	64443457	+	19.0	35.6	>	6	34	56
535	chr8	117898214	117898195	+	18.92	34.16	>	6	34	56
536	chr11	42423473	42423454	-	18.77	18.48	>	6	34	56
537	chr9	114957195	114957176	-	18.77	27.38	>	6	34	56
538	chr5	149647926	149647907	+	18.72	23.06	>	6	34	56
539	chr5	128440068	128440049	-	18.69	40.7	>	6	34	56
540	chr6	90606762	90606743	-	18.67	32.6	>	6	34	56
541	chr10	58560031	58560012	+	18.67	23.25	>	6	34	56
542	chr18	25538443	25538424	+	18.66	23.94	>	6	34	56
543	chr11	22987510	22987491	+	18.56	23.83	>	6	34	56
544	chr13	57269837	57269818	-	18.55	36.6	>	6	34	56
545	chr13	53096854	53096835	-	18.55	32.88	>	6	34	56
546	chr7	124783020	124783001	-	18.55	23.44	>	6	34	56
547	chr7	40687242	40687223	-	18.52	26.28	>	6	34	56
548	chr4	109438113	109438094	+	18.45	31.61	>	6	34	56
549	chr13	46663777	46663758	-	18.45	5.215	>	6	34	56
550	chr2	21927862	21927843	-	18.45	17.72	>	6	34	56
551	chr11	72564476	72564457	-	18.39	17.95	>	6	34	56
552	chr14	57362951	57362932	-	18.3	10.125	>	6	34	56
553	chr13	54063511	54063492	-	18.3	12.516	>	6	34	56
554	chr8	127191530	127191511	+	18.27	39.03	>	6	34	56
555	chr4	24249781	24249762	+	18.25	8.38	>	6	34	56
556	chr1	175603551	175603532	-	18.2	12.0	>	6	34	56
557	chr7	131897479	131897460	+	18.19	16.34	>	6	34	56
558	chr2	125259455	125259436	-	18.17	32.72	>	6	34	56
559	chr8	11943262	11943243	-	18.0	20.05	>	6	34	56
560	chr13	74861814	74861795	+	17.98	11.664	>	6	34	56
561	chr3	37302880	37302861	-	17.98	17.84	>	6	34	56
562	chr2	165391753	165391734	+	17.95	20.97	>	6	34	56
563	chr1	167669968	167669949	-	17.94	39.3	>	6	34	56
564	chr14	24311319	24311300	+	17.89	24.48	>	6	34	56
565	chr6	125622660	125622641	+	17.86	24.67	>	6	34	56
566	chr16	91694897	91694878	+	17.83	21.03	>	6	34	56
567	chr7	100886752	100886733	-	17.8	33.3	>	6	34	56
568	chr2	165779092	165779073	+	17.7	43.9	>	6	34	56
569	chr4	118988734	118988715	-	17.7	12.37	>	6	34	56
570	chr9	111939788	111939769	+	17.64	16.92	>	6	34	56
571	chr9	40806571	40806552	+	17.64	39.78	>	6	34	56
572	chr19	21571392	21571373	+	17.64	11.9	>	6	34	56
573	chr10	49785057	49785038	-	17.56	2.498	>	6	34	56
574	chr3	84922220	84922201	+	17.47	28.94	>	6	34	56
575	chr12	7991018	7990999	+	17.47	17.66	>	6	34	56
576	chr8	106687694	106687675	+	17.45	42.0	>	6	34	56
577	chr19	15998346	15998327	+	17.33	27.56	>	6	34	56
578	chr10	30838389	30838370	+	17.3	7.543	>	6	34	56
579	chr2	6469364	6469345	-	17.28	15.65	>	6	34	56
580	chr9	59678540	59678521	-	17.28	29.06	>	6	34	56
581	chr18	60143536	60143517	-	17.25	6.348	>	6	34	56
582	chr2	76114972	76114953	-	17.25	26.88	>	6	34	56
583	chr1	192722361	192722342	-	17.23	36.0	>	6	34	56
584	chr13	6737153	6737134	+	17.23	24.25	>	6	34	56
585	chr10	116199232	116199213	+	17.23	24.89	>	6	34	56
586	chr18	6627309	6627290	+	17.06	30.4	>	6	34	56
587	chr7	117375969	117375950	-	17.03	13.42	>	6	34	56
588	chr11	7200225	7200206	+	17.03	39.34	>	6	34	56
589	chr3	152474817	152474798	+	16.98	9.51	>	6	34	56
590	chr12	4107565	4107546	+	16.97	22.11	>	6	34	56
591	chr18	78212287	78212268	-	16.83	18.31	>	6	34	56
592	chr2	17842170	17842151	-	16.81	6.844	>	6	34	56
593	chr5	112429191	112429172	-	16.78	14.19	>	6	34	56
594	chr9	54169687	54169668	+	16.73	16.64	>	6	34	56
595	chr9	78597063	78597044	+	16.73	17.98	>	6	34	56
596	chr2	125556029	125556010	+	16.69	19.19	>	6	34	56
597	chr4	86545837	86545818	-	16.69	26.34	>	6	34	56
598	chr11	34229190	34229171	+	16.55	19.56	>	6	34	56
599	chr13	60479163	60479144	+	16.52	1.697	>	6	34	56
600	chr11	57788119	57788100	+	16.36	29.88	>	6	34	56
601	chr5	117504639	117504620	+	16.36	53.34	>	6	34	56
602	chr1	128368923	128368904	+	16.28	14.01	>	6	34	56
603	chr14	51098507	51098488	-	16.28	41.22	>	6	34	56
604	chr10	14404268	14404249	+	16.23	20.66	>	6	34	56
605	chr18	65752297	65752278	-	16.1	16.11	>	6	34	56
606	chr3	59077498	59077479	+	16.1	40.72	>	6	34	56
607	chr1	119919473	119919454	+	16.06	20.62	>	6	34	56
608	chr1	86598699	86598680	+	16.03	48.72	>	6	34	56
609	chr1	80178208	80178189	-	16.0	17.12	>	6	34	56
610	chr15	64132164	64132145	+	15.96	15.336	>	6	34	56
611	chr2	4652218	4652199	-	15.91	22.83	>	6	34	56
612	chr9	40805489	40805470	-	15.86	35.53	>	6	34	56
613	chr13	30549079	30549060	-	15.805	25.34	>	6	34	56
614	chr3	82350530	82350511	-	15.805	7.78	>	6	34	56
615	chr7	81155234	81155215	-	15.805	19.0	>	6	34	56
616	chr4	107701325	107701306	-	15.8	18.55	>	6	34	56
617	chr11	76655250	76655231	+	15.8	25.19	>	6	34	56
618	chr7	122945377	122945358	+	15.72	20.64	>	6	34	56
619	chr16	32697312	32697293	+	15.695	24.02	>	6	34	56
620	chr13	114460825	114460806	-	15.65	8.25	>	6	34	56
621	chr19	59389409	59389390	+	15.65	31.4	>	6	34	56
622	chr7	45451495	45451476	+	15.64	35.4	>	6	34	56
623	chr15	85599066	85599047	+	15.625	30.86	>	6	34	56
624	chr10	9012998	9012979	+	15.6	21.77	>	6	34	56
625	chr13	24318872	24318853	-	15.58	11.58	>	6	34	56
626	chr3	123506917	123506898	-	15.53	17.17	>	6	34	56
627	chr13	101719731	101719712	-	15.48	25.34	>	6	34	56
628	chr12	12412898	12412879	-	15.43	30.47	>	6	34	56
629	chr10	127342496	127342477	-	15.4	29.73	>	6	34	56
630	chr7	28972871	28972852	+	15.39	21.2	>	6	34	56
631	chr5	130862481	130862462	+	15.33	29.22	>	6	34	56
632	chr13	53779354	53779335	+	15.31	23.8	>	6	34	56
633	chr11	51582940	51582921	-	15.305	26.1	>	6	34	56
634	chr3	34150257	34150238	+	15.3	17.19	>	6	34	56
635	chr9	30423156	30423137	-	15.29	30.31	>	6	34	56
636	chr1	55886585	55886566	+	15.29	16.73	>	6	34	56
637	chr8	121104251	121104232	+	15.28	31.56	>	6	34	56
638	chr2	31683894	31683875	+	15.27	30.73	>	6	34	56
639	chr9	121458682	121458663	+	15.27	42.72	>	6	34	56
640	chr13	111421545	111421526	+	15.22	27.25	>	6	34	56
641	chr18	56572965	56572946	+	15.22	32.7	>	6	34	56
642	chr18	42593315	42593296	+	15.2	8.75	>	6	34	56
643	chr8	118287683	118287664	+	15.2	7.145	>	6	34	56
644	chr14	47742843	47742824	+	15.18	9.65	>	6	34	56
645	chr1	184791312	184791293	-	15.164	27.39	>	6	34	56
646	chr6	106800166	106800147	-	15.1	18.75	>	6	34	56
647	chr11	12025880	12025861	+	15.06	18.02	>	6	34	56
648	chr5	129594341	129594322	-	15.03	29.4	>	6	34	56
649	chr13	16005724	16005705	+	15.016	13.71	>	6	34	56
650	chr14	65597230	65597211	+	15.016	14.01	>	6	34	56
651	chr5	99900280	99900261	-	14.95	10.75	>	6	34	56
652	chr8	11421350	11421331	-	14.945	26.12	>	6	34	56
653	chr19	4755748	4755729	+	14.93	24.55	>	6	34	56
654	chr10	110733540	110733521	-	14.914	16.5	>	6	34	56
655	chr5	67752088	67752069	+	14.89	18.31	>	6	34	56
656	chr9	77381774	77381755	-	14.85	26.45	>	6	34	56
657	chr18	81951830	81951811	-	14.76	34.06	>	6	34	56
658	chr1	86059644	86059625	+	14.734	30.22	>	6	34	56
659	chr1	52630636	52630617	-	14.734	9.89	>	6	34	56
660	chr2	174308107	174308088	+	14.69	14.67	>	6	34	56
661	chr11	99364649	99364630	-	14.6	16.03	>	6	34	56
662	chr13	109558424	109558405	+	14.49	16.98	>	6	34	56
663	chr12	58201405	58201386	-	14.48	6.883	>	6	34	56
664	chr7	137471937	137471918	+	14.445	28.83	>	6	34	56
665	chr17	26916803	26916784	+	14.414	25.05	>	6	34	56
666	chr5	87871626	87871607	-	14.414	20.39	>	6	34	56
667	chr2	125252443	125252424	+	14.414	25.9	>	6	34	56
668	chr1	9549185	9549166	+	14.414	19.5	>	6	34	56
669	chr11	11788608	11788589	-	14.38	31.97	>	6	34	56
670	chr7	43928727	43928708	+	14.36	11.45	>	6	34	56
671	chr10	60760656	60760637	-	14.31	36.9	>	6	34	56
672	chr6	17362958	17362939	+	14.31	3.076	>	6	34	56
673	chr1	136521528	136521509	-	14.305	21.69	>	6	34	56
674	chr2	153147934	153147915	+	14.28	18.94	>	6	34	56
675	chr8	61522313	61522294	+	14.266	28.28	>	6	34	56
676	chr18	56759303	56759284	+	14.266	12.61	>	6	34	56
677	chr14	115451146	115451127	-	14.234	4.215	>	6	34	56
678	chr1	176218428	176218409	+	14.195	14.99	>	6	34	56
679	chr15	97665520	97665501	-	14.18	30.02	>	6	34	56
680	chr13	20299620	20299601	+	14.18	33.25	>	6	34	56
681	chr9	59969601	59969582	-	14.14	17.69	>	6	34	56
682	chr16	57611975	57611956	+	14.055	18.66	>	6	34	56
683	chr12	15816144	15816125	+	13.984	8.52	>	6	34	56
684	chr15	82271381	82271362	-	13.95	28.55	>	6	34	56
685	chr7	74363644	74363625	-	13.95	40.8	>	6	34	56
686	chr3	73066293	73066274	+	13.95	16.86	>	6	34	56
687	chr1	118772515	118772496	-	13.945	30.34	>	6	34	56
688	chr4	110020493	110020474	-	13.94	26.28	>	6	34	56
689	chr3	34639420	34639401	-	13.94	14.87	>	6	34	56
690	chr2	131530224	131530205	-	13.92	25.86	>	6	34	56
691	chr4	20024128	20024109	+	13.91	12.516	>	6	34	56
692	chr8	74980870	74980851	-	13.81	30.2	>	6	34	56
693	chr18	75757719	75757700	+	13.734	18.78	>	6	34	56
694	chr7	89908147	89908128	-	13.72	13.79	>	6	34	56
695	chr4	150257406	150257387	+	13.72	23.58	>	6	34	56
696	chr2	55022781	55022762	-	13.664	7.77	>	6	34	56
697	chr18	64506771	64506752	-	13.63	18.4	>	6	34	56
698	chr14	123353156	123353137	-	13.61	11.6	>	6	34	56
699	chr4	139872794	139872775	+	13.59	35.75	>	6	34	56
700	chr13	51839869	51839850	+	13.586	21.19	>	6	34	56
701	chr5	146162789	146162770	+	13.516	23.42	>	6	34	56
702	chr9	83785201	83785182	+	13.49	14.66	>	6	34	56
703	chr3	59079480	59079461	+	13.44	28.77	>	6	34	56
704	chr10	11345312	11345293	-	13.375	5.086	>	6	34	56
705	chr11	46252188	46252169	-	13.34	28.12	>	6	34	56
706	chr4	85404971	85404952	+	13.32	14.11	>	6	34	56
707	chr4	130738774	130738755	+	13.31	16.47	>	6	34	56
708	chr5	86432914	86432895	+	13.305	16.02	>	6	34	56
709	chr3	22306829	22306810	+	13.266	18.6	>	6	34	56
710	chr2	91930225	91930206	-	13.25	19.55	>	6	34	56
711	chr6	108417714	108417695	+	13.234	10.66	>	6	34	56
712	chr12	17011790	17011771	-	13.16	20.73	>	6	34	56
713	chr5	87551137	87551118	-	13.15	21.52	>	6	34	56
714	chr4	106227683	106227664	-	13.14	14.38	>	6	34	56
715	chr4	139877472	139877453	+	13.1	27.4	>	6	34	56
716	chr1	88742593	88742574	-	13.086	17.75	>	6	34	56
717	chr3	52254088	52254069	+	13.02	34.16	>	6	34	56
718	chr9	73159469	73159450	+	12.99	27.5	>	6	34	56
719	chr7	29297253	29297234	-	12.984	28.8	>	6	34	56
720	chr13	116312336	116312317	-	12.93	10.21	>	6	34	56
721	chr2	157117146	157117127	-	12.91	21.92	>	6	34	56
722	chr9	60243712	60243693	+	12.89	13.59	>	6	34	56
723	chr1	179845066	179845047	-	12.88	17.89	>	6	34	56
724	chr11	103332754	103332735	+	12.875	24.97	>	6	34	56
725	chr1	53032774	53032755	-	12.87	13.05	>	6	34	56
726	chr8	45345197	45345178	+	12.81	16.72	>	6	34	56
727	chr12	113216133	113216114	+	12.74	53.7	>	6	34	56
728	chr15	36152194	36152175	-	12.72	16.9	>	6	34	56
729	chr1	72876274	72876255	+	12.69	17.11	>	6	34	56
730	chr9	14774009	14773990	+	12.664	9.0	>	6	34	56
731	chr12	74317197	74317178	-	12.664	11.76	>	6	34	56
732	chr7	107819649	107819630	-	12.64	16.3	>	6	34	56
733	chr13	55327907	55327888	+	12.64	17.61	>	6	34	56
734	chr3	54796015	54795996	+	12.63	22.77	>	6	34	56
735	chr6	60963937	60963918	+	12.61	7.094	>	6	34	56
736	chr8	21981891	21981872	-	12.61	17.33	>	6	34	56
737	chr10	38269349	38269330	-	12.52	19.28	>	6	34	56
738	chr6	51170619	51170600	-	12.5	20.02	>	6	34	56
739	chr2	148110356	148110337	-	12.43	16.03	>	6	34	56
740	chr1	88301823	88301804	-	12.42	19.61	>	6	34	56
741	chr6	115037959	115037940	-	12.33	15.375	>	6	34	56
742	chr16	11980974	11980955	+	12.33	3.668	>	6	34	56
743	chr15	44832771	44832752	-	12.31	24.2	>	6	34	56
744	chr19	26193888	26193869	-	12.29	7.65	>	6	34	56
745	chr17	8988263	8988244	-	12.29	10.71	>	6	34	56
746	chr14	66358860	66358841	+	12.28	18.22	>	6	34	56
747	chr12	40832432	40832413	-	12.26	13.56	>	6	34	56
748	chr2	53206958	53206939	-	12.18	12.55	>	6	34	56
749	chr16	42914617	42914598	+	12.16	7.133	>	6	34	56
750	chr11	111523686	111523667	-	12.14	23.53	>	6	34	56
751	chr6	121556678	121556659	+	12.11	18.8	>	6	34	56
752	chr7	43926199	43926180	-	12.1	21.69	>	6	34	56
753	chr3	3311028	3311009	+	12.09	10.74	>	6	34	56
754	chr12	17018680	17018661	+	12.04	21.19	>	6	34	56
755	chr18	33794794	33794775	+	11.97	24.89	>	6	34	56
756	chr15	73791915	73791896	+	11.96	24.61	>	6	34	56
757	chr12	82489256	82489237	+	11.945	11.805	>	6	34	56
758	chr19	37559803	37559784	+	11.91	21.4	>	6	34	56
759	chr12	36195155	36195136	-	11.91	7.07	>	6	34	56
760	chr3	30515246	30515227	-	11.875	11.664	>	6	34	56
761	chr19	27426681	27426662	-	11.81	11.945	>	6	34	56
762	chr2	75590427	75590408	-	11.75	21.66	>	6	34	56
763	chr2	17849498	17849479	+	11.75	6.633	>	6	34	56
764	chr9	83371155	83371136	-	11.75	6.18	>	6	34	56
765	chr9	30936846	30936827	-	11.734	17.67	>	6	34	56
766	chr15	94690037	94690018	+	11.73	23.03	>	6	34	56
767	chr2	147379133	147379114	+	11.69	9.875	>	6	34	56
768	chr4	121232314	121232295	-	11.664	7.945	>	6	34	56
769	chr18	56333219	56333200	-	11.64	4.934	>	6	34	56
770	chr16	25952209	25952190	-	11.64	6.688	>	6	34	56
771	chr13	94976326	94976307	+	11.63	16.62	>	6	34	56
772	chr2	30942898	30942879	-	11.57	22.28	>	6	34	56
773	chr6	104479441	104479422	+	11.55	10.57	>	6	34	56
774	chr5	113080039	113080020	-	11.52	26.94	>	6	34	56
775	chr16	30550607	30550588	-	11.52	17.62	>	6	34	56
776	chr1	160194976	160194957	+	11.51	18.28	>	6	34	56
777	chr11	56116782	56116763	-	11.48	30.47	>	6	34	56
778	chr6	112484521	112484502	-	11.48	12.14	>	6	34	56
779	chr14	21853546	21853527	-	11.445	30.66	>	6	34	56
780	chr9	58534993	58534974	+	11.414	20.97	>	6	34	56
781	chr17	73302318	73302299	+	11.414	39.62	>	6	34	56
782	chr1	85842459	85842440	-	11.41	14.02	>	6	34	56
783	chr17	16926410	16926391	-	11.35	2.584	>	6	34	56
784	chr12	29894861	29894842	+	11.31	16.72	>	6	34	56
785	chr2	127832989	127832970	+	11.22	7.293	>	6	34	56
786	chr16	20724653	20724634	+	11.18	15.11	>	6	34	56
787	chr1	180811112	180811093	-	11.164	28.33	>	6	34	56
788	chr13	109210611	109210592	-	11.16	17.5	>	6	34	56
789	chr18	5990207	5990188	-	11.14	3.14	>	6	34	56
790	chr18	12102268	12102249	-	11.125	23.38	>	6	34	56
791	chr19	59380193	59380174	+	11.08	23.9	>	6	34	56
792	chr2	101665476	101665457	+	11.055	26.06	>	6	34	56
793	chr12	108541242	108541223	-	11.02	27.9	>	6	34	56
794	chr2	32583648	32583629	+	11.016	30.19	>	6	34	56
795	chr1	181881807	181881788	-	10.98	11.91	>	6	34	56
796	chr5	117506576	117506557	+	10.94	40.06	>	6	34	56
797	chr1	38789153	38789134	+	10.89	22.95	>	6	34	56
798	chr10	102445139	102445120	-	10.875	19.4	>	6	34	56
799	chr12	81788941	81788922	+	10.87	12.51	>	6	34	56
800	chr9	78233462	78233443	-	10.86	15.93	>	6	34	56
801	chr10	96618527	96618508	+	10.86	3.014	>	6	34	56
802	chr8	84639419	84639400	-	10.85	34.7	>	6	34	56
803	chr17	8468905	8468886	+	10.85	20.27	>	6	34	56
804	chr2	67535551	67535532	+	10.83	7.83	>	6	34	56
805	chr18	52947340	52947321	+	10.82	10.15	>	6	34	56
806	chr13	72625410	72625391	-	10.78	6.715	>	6	34	56
807	chr11	31942449	31942430	+	10.69	22.72	>	6	34	56
808	chr1	6190743	6190724	-	10.63	7.344	>	6	34	56
809	chr7	74367549	74367530	+	10.6	15.16	>	6	34	56
810	chr4	22482970	22482951	+	10.58	4.45	>	6	34	56
811	chr13	20298018	20297999	+	10.56	24.86	>	6	34	56
812	chr16	75325511	75325492	-	10.484	5.44	>	6	34	56
813	chr6	54586377	54586358	+	10.44	8.14	>	6	34	56
814	chr14	59604211	59604192	-	10.375	15.664	>	6	34	56
815	chr2	107946040	107946021	-	10.31	11.08	>	6	34	56
816	chr1	62701219	62701200	-	10.3	12.74	>	6	34	56
817	chr7	75914120	75914101	+	10.266	24.1	>	6	34	56
818	chr5	98167679	98167660	+	10.26	12.875	>	6	34	56
819	chr9	99671799	99671780	+	10.23	22.52	>	6	34	56
820	chr1	179847901	179847882	+	10.16	11.88	>	6	34	56
821	chr15	80080817	80080798	-	10.15	32.28	>	6	34	56
822	chr6	137747756	137747737	-	10.09	27.12	>	6	34	56
823	chr6	77249625	77249606	-	10.09	6.945	>	6	34	56
824	chr5	149049190	149049171	-	10.08	15.81	>	6	34	56
825	chr18	32814407	32814388	-	10.07	2.566	>	6	34	56
826	chr11	46258405	46258386	-	10.06	20.3	>	6	34	56
827	chr11	81974830	81974811	-	10.01	5.44	>	6	34	56
828	chr19	48414047	48414028	+	9.99	12.77	>	6	34	56
829	chr11	34836484	34836465	+	9.86	20.75	>	6	34	56
830	chr17	24437345	24437326	-	9.81	19.33	>	6	34	56
831	chr6	59208753	59208734	-	9.734	12.92	>	6	34	56
832	chr13	37325694	37325675	-	9.734	20.84	>	6	34	56
833	chr11	43412967	43412948	-	9.72	22.2	>	6	34	56
834	chr13	49651342	49651323	-	9.71	2.496	>	6	34	56
835	chr7	143151380	143151361	+	9.69	18.05	>	6	34	56
836	chr16	4285478	4285459	-	9.67	7.94	>	6	34	56
837	chr11	29715017	29714998	-	9.664	9.12	>	6	34	56
838	chr3	134654263	134654244	+	9.62	3.898	>	6	34	56
839	chr8	28978824	28978805	-	9.57	7.504	>	6	34	56
840	chr13	54062269	54062250	-	9.55	10.02	>	6	34	56
841	chr9	32585514	32585495	+	9.516	12.72	>	6	34	56
842	chr7	73648212	73648193	-	9.484	13.375	>	6	34	56
843	chr19	27425889	27425870	-	9.44	11.26	>	6	34	56
844	chr13	100854377	100854358	-	9.42	17.78	>	6	34	56
845	chr5	140749784	140749765	-	9.414	22.17	>	6	34	56
846	chr4	127027444	127027425	+	9.4	22.48	>	6	34	56
847	chr11	109221866	109221847	-	9.3	9.67	>	6	34	56
848	chr16	16596794	16596775	+	9.28	5.977	>	6	34	56
849	chr2	128605294	128605275	-	9.25	9.07	>	6	34	56
850	chr2	61492265	61492246	+	9.25	6.99	>	6	34	56
851	chr10	74217479	74217460	+	9.22	7.7	>	6	34	56
852	chr9	68016722	68016703	+	9.2	8.305	>	6	34	56
853	chr6	144248136	144248117	+	9.19	7.742	>	6	34	56
854	chr13	51191948	51191929	+	9.17	5.492	>	6	34	56
855	chr2	103424848	103424829	-	9.164	12.29	>	6	34	56
856	chr7	64751734	64751715	-	9.13	16.66	>	6	34	56
857	chr7	27160004	27159985	+	9.125	14.17	>	6	34	56
858	chr13	95986545	95986526	+	9.08	13.76	>	6	34	56
859	chr5	135118653	135118634	+	9.08	29.22	>	6	34	56
860	chr10	49786914	49786895	-	9.07	0.785	>	6	34	56
861	chr1	51639072	51639053	+	9.02	3.22	>	6	34	56
862	chr14	105307894	105307875	+	8.95	2.453	>	6	34	56
863	chr19	40231990	40231971	-	8.95	19.89	>	6	34	56
864	chr10	69656526	69656507	+	8.95	12.99	>	6	34	56
865	chr7	142714879	142714860	-	8.945	27.2	>	6	34	56
866	chr6	129256260	129256241	-	8.93	14.53	>	6	34	56
867	chr5	138199783	138199764	+	8.9	8.414	>	6	34	56
868	chr8	36193738	36193719	+	8.89	10.43	>	6	34	56
869	chr11	49597354	49597335	+	8.87	6.92	>	6	34	56
870	chr1	139405977	139405958	-	8.86	4.043	>	6	34	56
871	chr3	124289118	124289099	-	8.84	12.69	>	6	34	56
872	chr9	13196005	13195986	-	8.83	30.6	>	6	34	56
873	chr14	115819240	115819221	+	8.83	10.71	>	6	34	56
874	chr5	146914595	146914576	+	8.82	39.7	>	6	34	56
875	chr4	119223866	119223847	-	8.766	16.34	>	6	34	56
876	chr15	85879204	85879185	-	8.76	17.27	>	6	34	56
877	chr4	124682485	124682466	+	8.7	17.45	>	6	34	56
878	chr17	34956526	34956507	+	8.695	22.17	>	6	34	56
879	chr12	39494054	39494035	-	8.65	2.455	>	6	34	56
880	chr9	34485824	34485805	-	8.625	10.6	>	6	34	56
881	chr2	180786948	180786929	+	8.57	17.27	>	6	34	56
882	chr4	62230989	62230970	+	8.57	12.25	>	6	34	56
883	chr2	16357480	16357461	+	8.55	2.205	>	6	34	56
884	chr17	9759516	9759497	+	8.54	11.53	>	6	34	56
885	chr10	13018670	13018651	+	8.54	19.64	>	6	34	56
886	chr4	32570820	32570801	-	8.52	6.645	>	6	34	56
887	chr9	86451919	86451900	-	8.49	16.77	>	6	34	56
888	chr7	139590495	139590476	+	8.49	20.39	>	6	34	56
889	chr16	31944169	31944150	+	8.445	14.11	>	6	34	56
890	chr3	104701211	104701192	-	8.44	24.84	>	6	34	56
891	chr2	160955546	160955527	-	8.414	14.05	>	6	34	56
892	chr18	32811889	32811870	+	8.4	4.918	>	6	34	56
893	chr14	115042240	115042221	-	8.4	14.734	>	6	34	56
894	chr2	28464119	28464100	-	8.33	19.16	>	6	34	56
895	chr2	76369931	76369912	+	8.28	9.1	>	6	34	56
896	chr3	107605512	107605493	+	8.28	12.57	>	6	34	56
897	chr14	121220891	121220872	-	8.23	10.8	>	6	34	56
898	chr1	103796539	103796520	+	8.22	10.74	>	6	34	56
899	chr16	23151589	23151570	+	8.21	3.11	>	6	34	56
900	chr5	33371346	33371327	-	8.19	15.74	>	6	34	56
901	chr13	103121088	103121069	-	8.18	6.016	>	6	34	56
902	chr10	60760529	60760510	+	8.14	24.72	>	6	34	56
903	chr1	169921787	169921768	+	8.12	12.62	>	6	34	56
904	chr13	42826816	42826797	-	8.11	17.0	>	6	34	56
905	chr6	72601930	72601911	+	8.11	24.06	>	6	34	56
906	chr7	81345319	81345300	-	7.99	7.87	>	6	34	56
907	chr11	33934471	33934452	+	7.98	18.27	>	6	34	56
908	chr18	77044808	77044789	-	7.97	11.42	>	6	34	56
909	chr7	67217278	67217259	+	7.926	7.28	>	6	34	56
910	chr2	164074027	164074008	+	7.906	10.22	>	6	34	56
911	chr3	45373410	45373391	+	7.855	1.438	>	6	34	56
912	chr1	152768355	152768336	-	7.84	9.35	>	6	34	56
913	chr11	102267665	102267646	-	7.81	17.44	>	6	34	56
914	chr11	43411664	43411645	-	7.81	21.72	>	6	34	56
915	chr2	129880054	129880035	+	7.805	6.484	>	6	34	56
916	chr11	81972241	81972222	+	7.797	9.07	>	6	34	56
917	chr9	65581143	65581124	-	7.793	11.17	>	6	34	56
918	chr4	106228720	106228701	+	7.727	13.9	>	6	34	56
919	chr6	119467876	119467857	+	7.703	18.1	>	6	34	56
920	chr10	122794511	122794492	+	7.695	15.734	>	6	34	56
921	chr14	34813484	34813465	-	7.69	11.805	>	6	34	56
922	chr15	19280629	19280610	+	7.68	3.066	>	6	34	56
923	chr13	38235597	38235578	-	7.676	11.836	>	6	34	56
924	chr13	21710105	21710086	+	7.67	14.95	>	6	34	56
925	chr11	104231353	104231334	-	7.67	18.38	>	6	34	56
926	chr6	86401304	86401285	-	7.64	23.28	>	6	34	56
927	chr4	24245320	24245301	-	7.633	3.027	>	6	34	56
928	chr9	29655082	29655063	+	7.613	20.11	>	6	34	56
929	chr9	58535957	58535938	-	7.605	16.9	>	6	34	56
930	chr5	112427478	112427459	-	7.598	9.93	>	6	34	56
931	chr4	140539353	140539334	-	7.58	22.9	>	6	34	56
932	chr14	105302910	105302891	+	7.57	4.605	>	6	34	56
933	chr7	19713404	19713385	-	7.543	26.19	>	6	34	56
934	chr1	127487367	127487348	-	7.52	14.33	>	6	34	56
935	chr19	56806125	56806106	-	7.504	5.934	>	6	34	56
936	chr19	47175662	47175643	-	7.46	21.67	>	6	34	56
937	chr2	150795624	150795605	-	7.44	6.633	>	6	34	56
938	chr2	137114826	137114807	+	7.438	4.08	>	6	34	56
939	chr10	119244230	119244211	+	7.434	4.305	>	6	34	56
940	chr5	117094622	117094603	+	7.42	22.22	>	6	34	56
941	chr11	67100384	67100365	-	7.42	22.83	>	6	34	56
942	chr5	30686988	30686969	+	7.41	18.64	>	6	34	56
943	chr8	105291139	105291120	-	7.41	11.78	>	6	34	56
944	chr7	143470174	143470155	-	7.39	17.94	>	6	34	56
945	chr15	8099290	8099271	-	7.35	8.336	>	6	34	56
946	chr7	119015949	119015930	+	7.34	17.75	>	6	34	56
947	chr17	56306039	56306020	-	7.305	16.48	>	6	34	56
948	chr1	134636895	134636876	+	7.3	5.97	>	6	34	56
949	chr17	65541217	65541198	+	7.258	9.125	>	6	34	56
950	chr14	49218880	49218861	+	7.25	8.47	>	6	34	56
951	chr1	25527154	25527135	+	7.2	7.453	>	6	34	56
952	chr1	146515575	146515556	+	7.18	3.11	>	6	34	56
953	chr9	44109578	44109559	+	7.176	33.9	>	6	34	56
954	chr11	108889358	108889339	+	7.15	8.016	>	6	34	56
955	chr7	138398615	138398596	+	7.117	4.707	>	6	34	56
956	chr5	32204842	32204823	+	7.11	6.15	>	6	34	56
957	chr8	14859581	14859562	+	7.1	5.27	>	6	34	56
958	chr11	95676507	95676488	-	7.09	14.555	>	6	34	56
959	chr6	85141186	85141167	+	7.08	33.56	>	6	34	56
960	chr14	20340404	20340385	-	7.04	15.81	>	6	34	56
961	chr1	193130339	193130320	-	7.023	5.71	>	6	34	56
962	chr9	98032882	98032863	+	6.992	4.73	>	6	34	56
963	chr7	143793289	143793270	+	6.98	21.42	>	6	34	56
964	chr12	32292312	32292293	-	6.895	8.26	>	6	34	56
965	chr17	45724453	45724434	-	6.89	12.125	>	6	34	56
966	chr14	102512314	102512295	+	6.89	1.602	>	6	34	56
967	chr8	11943038	11943019	+	6.88	5.47	>	6	34	56
968	chr7	83553561	83553542	+	6.867	8.27	>	6	34	56
969	chr9	64960779	64960760	-	6.85	16.31	>	6	34	56
970	chr9	30426996	30426977	+	6.832	15.31	>	6	34	56
971	chr11	119249183	119249164	+	6.785	23.48	>	6	34	56
972	chr8	90795542	90795523	+	6.77	10.67	>	6	34	56
973	chr2	113498926	113498907	-	6.766	9.86	>	6	34	56
974	chr13	62926662	62926643	+	6.75	4.73	>	6	34	56
975	chr1	127485025	127485006	+	6.715	16.44	>	6	34	56
976	chr17	78592615	78592596	+	6.715	8.945	>	6	34	56
977	chr2	118246134	118246115	-	6.668	13.72	>	6	34	56
978	chr2	92474875	92474856	-	6.652	13.95	>	6	34	56
979	chr7	17061423	17061404	+	6.645	15.1	>	6	34	56
980	chr10	122090678	122090659	+	6.63	8.38	>	6	34	56
981	chr13	64448147	64448128	+	6.594	17.92	>	6	34	56
982	chr2	34642611	34642592	-	6.562	14.51	>	6	34	56
983	chr5	117509743	117509724	+	6.54	26.92	>	6	34	56
984	chr7	131371109	131371090	+	6.516	4.71	>	6	34	56
985	chr6	94054143	94054124	-	6.5	13.34	>	6	34	56
986	chr14	20697228	20697209	+	6.465	17.88	>	6	34	56
987	chr10	122798121	122798102	+	6.46	15.23	>	6	34	56
988	chr13	14196604	14196585	+	6.45	1.613	>	6	34	56
989	chr3	118991976	118991957	+	6.438	8.26	>	6	34	56
990	chr9	107231295	107231276	-	6.434	7.414	>	6	34	56
991	chr15	24557016	24556997	-	6.418	3.371	>	6	34	56
992	chr2	178407758	178407739	+	6.414	11.43	>	6	34	56
993	chr9	90683476	90683457	-	6.38	1.322	>	6	34	56
994	chr6	22968335	22968316	-	6.34	6.418	>	6	34	56
995	chr12	67217811	67217792	+	6.336	1.95	>	6	34	56
996	chr10	82910438	82910419	+	6.277	10.99	>	6	34	56
997	chr7	49125716	49125697	+	6.258	16.88	>	6	34	56
998	chr11	119491305	119491286	-	6.215	10.81	>	6	34	56
999	chr11	32341308	32341289	-	6.21	14.555	>	6	34	56
1000	chr19	8713406	8713387	+	6.19	10.44	>	6	34	56
1001	chr4	48048044	48048025	+	6.152	6.21	>	6	34	56
1002	chr11	52764825	52764806	+	6.15	7.75	>	6	34	56
1003	chr13	20564636	20564617	-	6.145	4.82	>	6	34	56
1004	chr10	39105011	39104992	-	6.14	7.152	>	6	34	56
1005	chr11	98909856	98909837	-	6.117	18.95	>	6	34	56
1006	chr1	151025102	151025083	+	6.117	4.496	>	6	34	56
1007	chr5	98167777	98167758	-	6.113	9.555	>	6	34	56
1008	chr8	88118562	88118543	+	6.062	3.66	>	6	34	56
1009	chr16	92511934	92511915	+	6.035	16.34	>	6	34	56
1010	chr15	25792295	25792276	-	6.008	6.87	>	6	34	56
1011	chr13	92751194	92751175	+	5.938	12.68	>	6	34	56
1012	chr5	101688793	101688774	-	5.934	12.51	>	6	34	56
1013	chr7	112023252	112023233	+	5.93	8.26	>	6	34	56
1014	chr14	21854038	21854019	-	5.914	27.36	>	6	34	56
1015	chr8	32003733	32003714	-	5.9	2.012	>	6	34	56
1016	chr13	53095394	53095375	-	5.867	6.086	>	6	34	56
1017	chr1	182554179	182554160	+	5.836	10.15	>	6	34	56
1018	chr6	18381568	18381549	+	5.832	1.955	>	6	34	56
1019	chr9	77389590	77389571	+	5.832	5.68	>	6	34	56
1020	chr16	5254481	5254462	-	5.812	12.77	>	6	34	56
1021	chr2	93199625	93199606	+	5.797	14.08	>	6	34	56
1022	chr9	81631651	81631632	-	5.793	3.863	>	6	34	56
1023	chr2	152887412	152887393	-	5.78	4.652	>	6	34	56
1024	chr4	153481137	153481118	-	5.766	3.3	>	6	34	56
1025	chr8	72239706	72239687	-	5.754	5.32	>	6	34	56
1026	chr18	65750236	65750217	-	5.703	2.543	>	6	34	56
1027	chr6	61311882	61311863	-	5.68	7.43	>	6	34	56
1028	chr18	46143625	46143606	+	5.676	6.477	>	6	34	56
1029	chr6	120836118	120836099	+	5.64	7.797	>	6	34	56
1030	chr6	100563990	100563971	-	5.625	4.164	>	6	34	56
1031	chr3	13475098	13475079	-	5.61	1.948	>	6	34	56
1032	chr2	132262968	132262949	+	5.6	7.164	>	6	34	56
1033	chr11	103334169	103334150	+	5.594	12.02	>	6	34	56
1034	chr6	54255029	54255010	+	5.586	4.35	>	6	34	56
1035	chr13	101711018	101710999	+	5.543	9.15	>	6	34	56
1036	chr5	39644761	39644742	-	5.54	3.531	>	6	34	56
1037	chr8	90795201	90795182	-	5.516	4.996	>	6	34	56
1038	chr18	23162646	23162627	+	5.51	1.562	>	6	34	56
1039	chr16	78165563	78165544	+	5.477	7.39	>	6	34	56
1040	chr2	96584106	96584087	-	5.44	3.29	>	6	34	56
1041	chr12	72070473	72070454	+	5.426	11.336	>	6	34	56
1042	chr12	24708691	24708672	+	5.414	9.914	>	6	34	56
1043	chr8	92367135	92367116	-	5.406	6.984	>	6	34	56
1044	chr17	83866777	83866758	+	5.4	23.0	>	6	34	56
1045	chr13	55322636	55322617	-	5.4	7.0	>	6	34	56
1046	chr6	88893771	88893752	-	5.395	16.78	>	6	34	56
1047	chr19	8718731	8718712	-	5.383	8.6	>	6	34	56
1048	chr12	59220179	59220160	-	5.38	2.5	>	6	34	56
1049	chr14	60784526	60784507	+	5.367	16.06	>	6	34	56
1050	chr3	153658591	153658572	+	5.33	6.258	>	6	34	56
1051	chr9	77386949	77386930	-	5.312	12.24	>	6	34	56
1052	chr10	83219903	83219884	+	5.312	6.188	>	6	34	56
1053	chr6	15176967	15176948	-	5.31	2.947	>	6	34	56
1054	chr2	152604207	152604188	-	5.27	19.44	>	6	34	56
1055	chr2	39003369	39003350	-	5.26	1.671	>	6	34	56
1056	chr16	31425707	31425688	-	5.254	13.484	>	6	34	56
1057	chr5	137503018	137502999	-	5.227	3.691	>	6	34	56
1058	chr18	13973086	13973067	-	5.207	0.71	>	6	34	56
1059	chr17	68849016	68848997	-	5.2	1.891	>	6	34	56
1060	chr2	128408931	128408912	-	5.19	8.72	>	6	34	56
1061	chr14	97559790	97559771	-	5.16	2.041	>	6	34	56
1062	chr8	67903864	67903845	-	5.13	6.113	>	6	34	56
1063	chr14	56888181	56888162	-	5.125	3.316	>	6	34	56
1064	chr4	132198465	132198446	+	5.125	11.19	>	6	34	56
1065	chr2	39005861	39005842	-	5.12	3.883	>	6	34	56
1066	chr7	137471679	137471660	-	5.1	19.97	>	6	34	56
1067	chr6	64949075	64949056	+	5.09	5.168	>	6	34	56
1068	chr18	16821148	16821129	+	5.043	1.935	>	6	34	56
1069	chr2	93813566	93813547	+	5.04	13.086	>	6	34	56
1070	chr6	126481478	126481459	-	5.023	10.89	>	6	34	56
1071	chr1	181881093	181881074	-	4.984	10.19	>	6	34	56
1072	chr6	108065822	108065803	-	4.977	6.67	>	6	34	56
1073	chr4	88550373	88550354	+	4.938	4.04	>	6	34	56
1074	chr5	137502167	137502148	+	4.867	8.81	>	6	34	56
1075	chr8	77618148	77618129	-	4.86	4.188	>	6	34	56
1076	chr7	120098024	120098005	+	4.855	7.22	>	6	34	56
1077	chr2	75152706	75152687	-	4.824	10.55	>	6	34	56
1078	chr11	87950193	87950174	+	4.78	11.09	>	6	34	56
1079	chr11	94598936	94598917	-	4.746	10.49	>	6	34	56
1080	chr1	10229119	10229100	+	4.746	0.972	>	6	34	56
1081	chr7	143476888	143476869	+	4.746	8.89	>	6	34	56
1082	chr9	102607693	102607674	-	4.715	3.604	>	6	34	56
1083	chr8	32009749	32009730	+	4.71	6.785	>	6	34	56
1084	chr3	99262117	99262098	-	4.707	1.889	>	6	34	56
1085	chr18	75607987	75607968	+	4.664	23.11	>	6	34	56
1086	chr7	75380211	75380192	-	4.64	2.41	>	6	34	56
1087	chr3	135863108	135863089	+	4.64	3.164	>	6	34	56
1088	chr4	87369015	87368996	-	4.625	9.125	>	6	34	56
1089	chr8	84639535	84639516	+	4.605	13.88	>	6	34	56
1090	chr15	74524301	74524282	+	4.586	13.7	>	6	34	56
1091	chr17	57007316	57007297	-	4.582	9.42	>	6	34	56
1092	chr11	30893985	30893966	+	4.547	0.9004	>	6	34	56
1093	chr19	57360190	57360171	-	4.543	2.654	>	6	34	56
1094	chr8	110102657	110102638	-	4.53	9.24	>	6	34	56
1095	chr7	135389259	135389240	-	4.53	9.336	>	6	34	56
1096	chr4	152527530	152527511	+	4.516	13.99	>	6	34	56
1097	chr13	103710441	103710422	+	4.5	4.57	>	6	34	56
1098	chr10	120896053	120896034	+	4.5	2.322	>	6	34	56
1099	chr18	5155632	5155613	-	4.484	6.39	>	6	34	56
1100	chr12	80141693	80141674	-	4.45	17.05	>	6	34	56
1101	chr5	118763566	118763547	-	4.418	12.81	>	6	34	56
1102	chr12	14150175	14150156	+	4.406	3.688	>	6	34	56
1103	chr10	128990300	128990281	-	4.4	8.03	>	6	34	56
1104	chr10	30834038	30834019	-	4.37	4.473	>	6	34	56
1105	chr6	50618483	50618464	+	4.367	12.766	>	6	34	56
1106	chr15	9748972	9748953	-	4.36	3.496	>	6	34	56
1107	chr16	92308164	92308145	-	4.355	11.22	>	6	34	56
1108	chr2	9881964	9881945	-	4.355	2.918	>	6	34	56
1109	chr8	123106089	123106070	+	4.336	8.18	>	6	34	56
1110	chr5	98346264	98346245	+	4.324	2.342	>	6	34	56
1111	chr10	40249841	40249822	-	4.316	12.23	>	6	34	56
1112	chr3	141457685	141457666	+	4.312	4.707	>	6	34	56
1113	chr9	40192620	40192601	-	4.3	2.145	>	6	34	56
1114	chr9	72448248	72448229	+	4.29	7.78	>	6	34	56
1115	chr13	24316809	24316790	-	4.273	3.682	>	6	34	56
1116	chr1	50927249	50927230	+	4.258	4.5	>	6	34	56
1117	chr11	102690417	102690398	-	4.223	12.195	>	6	34	56
1118	chr4	116627141	116627122	+	4.207	6.52	>	6	34	56
1119	chr15	76198817	76198798	+	4.164	10.72	>	6	34	56
1120	chr15	12113620	12113601	-	4.156	3.312	>	6	34	56
1121	chr1	115675059	115675040	+	4.152	5.223	>	6	34	56
1122	chr2	34644807	34644788	-	4.15	8.266	>	6	34	56
1123	chr2	166084974	166084955	-	4.133	18.12	>	6	34	56
1124	chr11	21571906	21571887	-	4.13	2.105	>	6	34	56
1125	chr15	9449709	9449690	-	4.062	0.543	>	6	34	56
1126	chr5	92664520	92664501	-	4.055	3.326	>	6	34	56
1127	chr12	77001216	77001197	+	4.043	1.105	>	6	34	56
1128	chr6	93757507	93757488	-	4.01	5.273	>	6	34	56
1129	chr19	56302794	56302775	+	4.01	3.797	>	6	34	56
1130	chr13	71954038	71954019	-	4.008	1.19	>	6	34	56
1131	chr4	17852015	17851996	-	4.0	0.8535	>	6	34	56
1132	chr18	39136126	39136107	+	3.992	1.932	>	6	34	56
1133	chr1	153489234	153489215	-	3.99	7.715	>	6	34	56
1134	chr9	66136172	66136153	-	3.988	5.383	>	6	34	56
1135	chr11	109621431	109621412	-	3.979	11.484	>	6	34	56
1136	chr13	91723318	91723299	+	3.959	5.49	>	6	34	56
1137	chr13	3642291	3642272	-	3.959	4.75	>	6	34	56
1138	chr13	47304770	47304751	+	3.957	6.746	>	6	34	56
1139	chr2	121144456	121144437	+	3.953	4.504	>	6	34	56
1140	chr13	93772223	93772204	-	3.928	3.56	>	6	34	56
1141	chr10	70967079	70967060	+	3.916	4.88	>	6	34	56
1142	chr13	59417085	59417066	-	3.91	5.0	>	6	34	56
1143	chr7	102484972	102484953	-	3.883	7.0	>	6	34	56
1144	chr5	38235667	38235648	-	3.879	10.78	>	6	34	56
1145	chr14	56885401	56885382	+	3.87	2.412	>	6	34	56
1146	chr11	75170669	75170650	-	3.861	7.984	>	6	34	56
1147	chr11	77980417	77980398	+	3.846	9.5	>	6	34	56
1148	chr9	94738712	94738693	+	3.828	14.92	>	6	34	56
1149	chr6	140466500	140466481	-	3.816	3.785	>	6	34	56
1150	chr19	57361025	57361006	-	3.814	6.484	>	6	34	56
1151	chr12	58972459	58972440	+	3.777	2.135	>	6	34	56
1152	chr2	61490636	61490617	+	3.775	5.23	>	6	34	56
1153	chr4	44310651	44310632	+	3.762	4.973	>	6	34	56
1154	chr11	52766147	52766128	+	3.734	1.83	>	6	34	56
1155	chr13	72627587	72627568	-	3.717	4.066	>	6	34	56
1156	chr9	23012459	23012440	-	3.71	1.704	>	6	34	56
1157	chr16	31427924	31427905	-	3.705	3.383	>	6	34	56
1158	chr12	29895773	29895754	+	3.691	1.481	>	6	34	56
1159	chr9	73154557	73154538	+	3.666	9.1	>	6	34	56
1160	chr1	127484437	127484418	-	3.66	8.8	>	6	34	56
1161	chr9	107566236	107566217	+	3.656	7.098	>	6	34	56
1162	chr2	68118338	68118319	+	3.652	4.36	>	6	34	56
1163	chr11	11140836	11140817	-	3.629	13.69	>	6	34	56
1164	chr12	74014936	74014917	-	3.627	5.97	>	6	34	56
1165	chr7	138396301	138396282	-	3.621	0.934	>	6	34	56
1166	chr14	103534605	103534586	+	3.617	5.312	>	6	34	56
1167	chr10	115164112	115164093	-	3.613	3.031	>	6	34	56
1168	chr7	119019764	119019745	+	3.598	7.113	>	6	34	56
1169	chr13	96389525	96389506	-	3.588	1.339	>	6	34	56
1170	chr14	74723724	74723705	-	3.586	5.766	>	6	34	56
1171	chr14	55114114	55114095	-	3.57	7.387	>	6	34	56
1172	chr9	62784468	62784449	+	3.562	12.84	>	6	34	56
1173	chr10	127678167	127678148	-	3.541	2.129	>	6	34	56
1174	chr17	55948218	55948199	-	3.535	4.3	>	6	34	56
1175	chr11	78183263	78183244	-	3.525	12.305	>	6	34	56
1176	chr6	59207403	59207384	-	3.508	1.477	>	6	34	56
1177	chr6	135416919	135416900	+	3.498	4.027	>	6	34	56
1178	chr5	122104403	122104384	+	3.492	11.98	>	6	34	56
1179	chr13	37971068	37971049	-	3.482	3.088	>	6	34	56
1180	chr5	114612410	114612391	+	3.48	13.6	>	6	34	56
1181	chr10	114442226	114442207	+	3.46	2.104	>	6	34	56
1182	chr2	145655527	145655508	-	3.44	2.05	>	6	34	56
1183	chr7	109507351	109507332	-	3.418	1.832	>	6	34	56
1184	chr16	10009965	10009946	+	3.402	4.965	>	6	34	56
1185	chr14	67969032	67969013	-	3.385	5.523	>	6	34	56
1186	chr5	140744055	140744036	-	3.348	10.35	>	6	34	56
1187	chr1	56984334	56984315	+	3.338	2.584	>	6	34	56
1188	chr2	137110782	137110763	+	3.328	1.323	>	6	34	56
1189	chr16	22267525	22267506	+	3.322	1.262	>	6	34	56
1190	chr16	4884595	4884576	-	3.3	2.822	>	6	34	56
1191	chr5	19458406	19458387	-	3.291	6.625	>	6	34	56
1192	chr1	84697217	84697198	-	3.29	7.492	>	6	34	56
1193	chr14	122903088	122903069	-	3.29	2.205	>	6	34	56
1194	chr7	64056729	64056710	-	3.273	1.214	>	6	34	56
1195	chr9	71624061	71624042	-	3.273	15.39	>	6	34	56
1196	chr9	96885958	96885939	-	3.271	10.016	>	6	34	56
1197	chr18	46964733	46964714	-	3.266	8.555	>	6	34	56
1198	chr3	122638475	122638456	+	3.26	4.82	>	6	34	56
1199	chr9	94733848	94733829	+	3.256	3.768	>	6	34	56
1200	chr1	167938404	167938385	-	3.25	6.79	>	6	34	56
1201	chr1	180811841	180811822	+	3.244	6.383	>	6	34	56
1202	chr10	42760472	42760453	+	3.229	1.784	>	6	34	56
1203	chr18	20598347	20598328	+	3.213	4.758	>	6	34	56
1204	chr17	71909305	71909286	+	3.203	3.572	>	6	34	56
1205	chr1	34459898	34459879	+	3.193	3.389	>	6	34	56
1206	chr4	117202234	117202215	-	3.191	9.61	>	6	34	56
1207	chr15	101313974	101313955	-	3.178	2.96	>	6	34	56
1208	chr16	13438138	13438119	+	3.176	1.241	>	6	34	56
1209	chr7	114878499	114878480	+	3.174	1.604	>	6	34	56
1210	chr11	109866735	109866716	+	3.166	2.812	>	6	34	56
1211	chr3	123509329	123509310	+	3.162	5.67	>	6	34	56
1212	chr3	114085881	114085862	-	3.146	0.5283	>	6	34	56
1213	chr4	120149384	120149365	-	3.145	8.09	>	6	34	56
1214	chr16	4549594	4549575	-	3.137	11.12	>	6	34	56
1215	chr15	78872224	78872205	+	3.133	9.35	>	6	34	56
1216	chr12	57231261	57231242	-	3.127	3.32	>	6	34	56
1217	chr9	71624949	71624930	-	3.125	15.0	>	6	34	56
1218	chr4	18963859	18963840	-	3.12	4.01	>	6	34	56
1219	chr8	40913366	40913347	-	3.115	1.625	>	6	34	56
1220	chr5	21645240	21645221	-	3.11	1.259	>	6	34	56
1221	chr10	68357244	68357225	+	3.094	1.353	>	6	34	56
1222	chr2	93812077	93812058	-	3.06	11.82	>	6	34	56
1223	chr12	75669431	75669412	-	3.05	4.1	>	6	34	56
1224	chr1	12844023	12844004	+	3.033	4.33	>	6	34	56
1225	chr12	86697142	86697123	+	3.025	6.996	>	6	34	56
1226	chr9	98033678	98033659	+	3.021	1.525	>	6	34	56
1227	chr19	37946902	37946883	+	3.02	4.082	>	6	34	56
1228	chr9	75271676	75271657	+	3.01	4.42	>	6	34	56
1229	chr11	55162881	55162862	+	2.996	3.625	>	6	34	56
1230	chr17	25274339	25274320	-	2.984	4.45	>	6	34	56
1231	chr6	108065317	108065298	+	2.984	5.535	>	6	34	56
1232	chr7	5071749	5071730	-	2.928	2.754	>	6	34	56
1233	chr3	152477906	152477887	-	2.922	3.295	>	6	34	56
1234	chr5	28090770	28090751	-	2.922	2.412	>	6	34	56
1235	chr14	78282622	78282603	+	2.91	2.186	>	6	34	56
1236	chr14	88480122	88480103	-	2.906	3.236	>	6	34	56
1237	chr7	107569047	107569028	+	2.902	1.588	>	6	34	56
1238	chr3	83777088	83777069	-	2.879	3.992	>	6	34	56
1239	chr8	48550865	48550846	+	2.871	0.592	>	6	34	56
1240	chr7	132575955	132575936	-	2.855	4.473	>	6	34	56
1241	chr14	79769127	79769108	-	2.852	4.36	>	6	34	56
1242	chr17	69974245	69974226	-	2.799	1.284	>	6	34	56
1243	chr12	66284211	66284192	-	2.793	5.484	>	6	34	56
1244	chr6	83796902	83796883	-	2.785	3.35	>	6	34	56
1245	chr9	44108077	44108058	+	2.785	11.375	>	6	34	56
1246	chr11	116023924	116023905	+	2.777	6.906	>	6	34	56
1247	chr3	86779824	86779805	-	2.775	8.64	>	6	34	56
1248	chr19	46056202	46056183	+	2.77	5.27	>	6	34	56
1249	chr10	108210181	108210162	-	2.762	0.674	>	6	34	56
1250	chr8	27001386	27001367	+	0.4329	0.4077	>	6	34	56
1251	chr17	28338029	28338010	-	0.252	0.265	>	6	34	56
1252	chr11	76445826	76445807	-	0.2268	0.1863	>	6	34	56
1253	chr5	144244146	144244127	-	0.311	0.3691	>	6	34	56
1254	chr14	79768803	79768784	-	0.3076	0.2808	>	6	34	56
1255	chr9	26778623	26778604	-	1.299	0.6914	>	6	34	56
1256	chr7	25392052	25392033	+	0.2487	0.242	>	6	34	56
1257	chr3	101484879	101484860	-	0.3438	0.528	>	6	34	56
1258	chr2	69113988	69113969	+	0.2472	0.1981	>	6	34	56
1259	chr13	29852447	29852428	-	0.1781	0.1941	>	6	34	56
1260	chr2	60213231	60213212	-	0.1073	0.1628	>	6	34	56
1261	chr2	171418157	171418138	-	0.1407	0.2131	>	6	34	56
1262	chr7	64392050	64392031	-	0.514	0.2006	>	6	34	56
1263	chr15	36157434	36157415	-	0.7227	0.836	>	6	34	56
1264	chr4	49662357	49662338	-	0.4692	0.2915	>	6	34	56
1265	chr4	48422356	48422337	+	1.027	0.5225	>	6	34	56
1266	chr18	82720514	82720495	+	0.1605	0.1409	>	6	34	56
1267	chr1	172022686	172022667	+	0.1733	0.1764	>	6	34	56
1268	chr7	139595890	139595871	+	0.1575	0.2125	>	6	34	56
1269	chr12	73007842	73007823	-	0.345	0.2974	>	6	34	56
1270	chr17	27192928	27192909	-	0.1056	0.4468	>	6	34	56
1271	chr1	53698960	53698941	+	0.557	0.255	>	6	34	56
1272	chr18	12734380	12734361	+	0.207	0.1383	>	6	34	56
1273	chr6	126767488	126767469	-	0.2039	0.2483	>	6	34	56
1274	chr2	92856249	92856230	-	2.734	0.857	>	6	34	56
1275	chr11	74572851	74572832	+	0.2646	0.2705	>	6	34	56
1276	chr9	59675637	59675618	-	0.4082	0.744	>	6	34	56
1277	chr15	55025647	55025628	+	0.1847	0.1536	>	6	34	56
1278	chr4	120579150	120579131	-	0.33	0.264	>	6	34	56
1279	chr15	74525720	74525701	+	0.2172	0.2104	>	6	34	56
1280	chr1	88748095	88748076	+	0.1973	0.1881	>	6	34	56
1281	chr15	32239655	32239636	-	0.2822	0.1587	>	6	34	56
1282	chr7	36571183	36571164	+	0.1103	0.1942	>	6	34	56
1283	chr11	113855351	113855332	-	0.1613	0.1947	>	6	34	56
1284	chr6	90609163	90609144	+	2.127	1.159	>	6	34	56
1285	chr3	146181407	146181388	-	0.2034	0.3416	>	6	34	56
1286	chr10	69857222	69857203	-	0.3232	0.3599	>	6	34	56
1287	chr2	158361425	158361406	-	0.5625	0.2502	>	6	34	56
1288	chr5	136268179	136268160	-	0.1886	0.2153	>	6	34	56
1289	chr16	11983350	11983331	-	1.634	1.076	>	6	34	56
1290	chr2	84437773	84437754	+	0.2305	0.14	>	6	34	56
1291	chr18	24002018	24001999	-	0.133	0.1333	>	6	34	56
1292	chr1	130151533	130151514	-	0.4075	0.3347	>	6	34	56
1293	chr9	59675855	59675836	+	0.3367	0.2161	>	6	34	56
1294	chr11	116840251	116840232	-	0.3374	0.637	>	6	34	56
1295	chr2	155819963	155819944	+	0.07886	0.146	>	6	34	56
1296	chr14	105301632	105301613	+	0.206	0.2114	>	6	34	56
1297	chr12	9044592	9044573	+	0.1821	0.2019	>	6	34	56
1298	chr18	13971224	13971205	-	0.5337	0.3596	>	6	34	56
1299	chr5	136267600	136267581	-	0.2751	0.189	>	6	34	56
1300	chr5	33371430	33371411	+	0.3992	0.1644	>	6	34	56
1301	chr14	51090397	51090378	-	0.4153	0.243	>	6	34	56
1302	chr1	77935072	77935053	+	0.1814	0.1729	>	6	34	56
1303	chr11	119246049	119246030	-	0.204	0.3367	>	6	34	56
1304	chr17	50274949	50274930	-	0.441	0.1749	>	6	34	56
1305	chr8	108956442	108956423	+	0.5635	0.3044	>	6	34	56
1306	chr11	66885340	66885321	+	0.1636	0.169	>	6	34	56
1307	chr7	30099945	30099926	-	0.1979	0.1757	>	6	34	56
1308	chr15	99973159	99973140	-	0.1998	0.3345	>	6	34	56
1309	chr5	16308949	16308930	+	0.1567	0.1411	>	6	34	56
1310	chr6	119466578	119466559	-	0.9824	0.9795	>	6	34	56
1311	chr2	136886679	136886660	+	0.7764	0.2095	>	6	34	56
1312	chr14	79763594	79763575	-	0.2852	0.151	>	6	34	56
1313	chr2	170416012	170415993	+	0.1837	0.1256	>	6	34	56
1314	chr4	41015236	41015217	-	0.1882	0.1434	>	6	34	56
1315	chr11	70975109	70975090	+	0.713	0.3914	>	6	34	56
1316	chr5	122773202	122773183	+	0.11584	0.1375	>	6	34	56
1317	chr4	128588031	128588012	-	0.2659	0.1909	>	6	34	56
1318	chr8	122576186	122576167	-	0.11285	0.1545	>	6	34	56
1319	chr7	76383989	76383970	+	0.1553	0.154	>	6	34	56
1320	chr9	41467019	41467000	-	0.2223	0.1565	>	6	34	56
1321	chr1	32712246	32712227	-	0.05322	0.1516	>	6	34	56
1322	chr16	23974866	23974847	-	0.5283	0.3425	>	6	34	56
1323	chr15	84066194	84066175	-	0.6196	1.17	>	6	34	56
1324	chr11	40148920	40148901	-	1.272	0.642	>	6	34	56
1325	chr7	27166488	27166469	-	0.306	0.491	>	6	34	56
1326	chr11	30240273	30240254	+	0.4001	0.2556	>	6	34	56
1327	chr2	69115969	69115950	-	0.1754	0.1587	>	6	34	56
1328	chr9	113420569	113420550	-	0.2261	0.2178	>	6	34	56
1329	chr12	99882528	99882509	-	0.2617	0.1387	>	6	34	56
1330	chr5	77347648	77347629	-	0.3625	0.4211	>	6	34	56
1331	chr10	49780455	49780436	+	0.2179	0.1394	>	6	34	56
1332	chr5	75855263	75855244	-	0.6416	0.4326	>	6	34	56
1333	chr2	124087358	124087339	-	0.6436	0.2075	>	6	34	56
1334	chr14	49219056	49219037	+	0.678	0.694	>	6	34	56
1335	chr5	147938091	147938072	+	0.368	0.1842	>	6	34	56
1336	chr11	32340288	32340269	+	0.1792	0.1648	>	6	34	56
1337	chr16	50181579	50181560	+	0.2006	0.1838	>	6	34	56
1338	chr16	20496121	20496102	-	0.6714	0.1777	>	6	34	56
1339	chr8	76775680	76775661	+	0.135	0.1975	>	6	34	56
1340	chr14	65597676	65597657	+	0.6543	0.452	>	6	34	56
1341	chr7	64754771	64754752	+	0.1351	0.2295	>	6	34	56
1342	chr2	166083979	166083960	-	0.2964	0.2065	>	6	34	56
1343	chr16	44140440	44140421	+	0.4607	0.3381	>	6	34	56
1344	chr12	90524338	90524319	-	0.3223	0.2983	>	6	34	56
1345	chr5	89391716	89391697	+	0.1626	0.1418	>	6	34	56
1346	chr9	59675438	59675419	-	0.2104	0.1542	>	6	34	56
1347	chr19	16339103	16339084	-	0.1967	0.1177	>	6	34	56
1348	chr13	30545067	30545048	+	0.3672	0.2915	>	6	34	56
1349	chr1	92462681	92462662	+	0.3916	0.1832	>	6	34	56
1350	chr4	84066283	84066264	-	0.1898	0.1552	>	6	34	56
1351	chr9	83373922	83373903	-	0.2197	0.1434	>	6	34	56
1352	chr4	88773969	88773950	-	0.9507	8.01	>	6	34	56
1353	chr9	123132258	123132239	-	0.1687	0.1416	>	6	34	56
1354	chr17	34958843	34958824	-	0.2079	0.5464	>	6	34	56
1355	chr12	50946225	50946206	+	0.2341	0.157	>	6	34	56
1356	chr13	73647252	73647233	+	0.267	0.1704	>	6	34	56
1357	chr11	83279300	83279281	-	0.4434	0.2251	>	6	34	56
1358	chr17	8986048	8986029	-	0.3325	0.212	>	6	34	56
1359	chr4	14935721	14935702	-	0.7095	0.296	>	6	34	56
1360	chr4	75076699	75076680	+	0.09125	0.2014	>	6	34	56
1361	chr5	114610713	114610694	+	0.0985	0.1626	>	6	34	56
1362	chr9	83378273	83378254	-	0.471	0.2808	>	6	34	56
1363	chr9	107773182	107773163	-	0.1786	0.1414	>	6	34	56
1364	chr9	41218030	41218011	+	0.1323	0.1355	>	6	34	56
1365	chr9	105644718	105644699	+	0.4255	0.1808	>	6	34	56
1366	chr8	84264441	84264422	-	1.261	1.4795	>	6	34	56
1367	chr4	135959453	135959434	+	0.112	0.2223	>	6	34	56
1368	chr1	24684268	24684249	+	0.4001	0.1942	>	6	34	56
1369	chr3	87748577	87748558	-	0.7593	0.4382	>	6	34	56
1370	chr9	54690950	54690931	+	0.11566	0.136	>	6	34	56
1371	chr15	82277690	82277671	-	0.9043	0.4492	>	6	34	56
1372	chr5	115498528	115498509	-	0.2693	0.2164	>	6	34	56
1373	chr9	56621276	56621257	+	0.10846	0.253	>	6	34	56
1374	chr18	81956733	81956714	-	0.2815	0.2637	>	6	34	56
1375	chr10	22791401	22791382	-	0.1346	0.2358	>	6	34	56
1376	chr15	82271301	82271282	+	0.836	0.1838	>	6	34	56
1377	chr12	69946159	69946140	+	0.555	0.455	>	6	34	56
1378	chr14	101442800	101442781	+	0.2983	0.1344	>	6	34	56
1379	chr2	164777017	164776998	-	0.5176	0.361	>	6	34	56
1380	chr10	24631573	24631554	-	1.178	1.224	>	6	34	56
1381	chr1	136528510	136528491	-	1.761	0.7373	>	6	34	56
1382	chr10	19222118	19222099	-	1.411	0.8228	>	6	34	56
1383	chr14	56885508	56885489	-	2.348	4.004	>	6	34	56
1384	chr8	85060493	85060474	-	0.9688	0.437	>	6	34	56
1385	chr11	96075822	96075803	-	0.9316	0.4944	>	6	34	56
1386	chr11	77476535	77476516	+	0.1632	0.2383	>	6	34	56
1387	chr1	81294004	81293985	-	0.905	0.562	>	6	34	56
1388	chr12	15520954	15520935	+	0.7183	0.4033	>	6	34	56
1389	chr7	66397054	66397035	+	0.1594	0.2107	>	6	34	56
1390	chr12	74014582	74014563	-	0.2377	0.1973	>	6	34	56
1391	chr5	144242554	144242535	-	0.241	0.1987	>	6	34	56
1392	chr15	66894943	66894924	+	0.2703	0.2021	>	6	34	56
1393	chr6	126484995	126484976	-	0.4333	1.278	>	6	34	56
1394	chr4	48427148	48427129	+	0.678	0.3833	>	6	34	56
1395	chr15	71459211	71459192	+	0.252	0.1731	>	6	34	56
1396	chr3	19896435	19896416	-	0.2361	0.1467	>	6	34	56
1397	chr8	68268707	68268688	-	0.1398	0.1492	>	6	34	56
1398	chr1	182555580	182555561	-	0.1982	0.1915	>	6	34	56
1399	chr9	44413186	44413167	-	0.534	0.393	>	6	34	56
1400	chr14	70151716	70151697	+	0.3604	0.2382	>	6	34	56
1401	chr4	62478250	62478231	+	0.438	0.1328	>	6	34	56
1402	chr3	127561629	127561610	-	0.2183	0.12354	>	6	34	56
1403	chr3	69139614	69139595	-	0.397	0.2261	>	6	34	56
1404	chr17	17919616	17919597	+	0.1678	0.167	>	6	34	56
1405	chr4	139314214	139314195	-	0.2279	0.269	>	6	34	56
1406	chr18	61952763	61952744	-	0.2372	0.1731	>	6	34	56
1407	chr9	7599188	7599169	+	0.33	0.191	>	6	34	56
1408	chr10	120898341	120898322	-	0.3386	0.1467	>	6	34	56
1409	chr11	57469613	57469594	-	0.1846	0.2297	>	6	34	56
1410	chr18	58480198	58480179	-	0.2095	0.1665	>	6	34	56
1411	chr17	12380527	12380508	-	0.658	0.591	>	6	34	56
1412	chr2	107940173	107940154	+	0.11664	0.1351	>	6	34	56
1413	chr2	32580534	32580515	-	0.2605	0.4055	>	6	34	56
1414	chr15	98813480	98813461	+	0.3496	0.5376	>	6	34	56
1415	chr6	54253893	54253874	+	0.1663	0.1743	>	6	34	56
1416	chr1	135800865	135800846	+	0.1766	0.1665	>	6	34	56
1417	chr15	58426369	58426350	+	0.1996	0.1519	>	6	34	56
1418	chr4	87367775	87367756	+	0.3853	0.1472	>	6	34	56
1419	chr2	96583103	96583084	-	0.809	0.3242	>	6	34	56
1420	chr4	63366959	63366940	-	0.1979	0.1753	>	6	34	56
1421	chr4	59761293	59761274	-	0.3435	0.2113	>	6	34	56
1422	chr10	7832162	7832143	+	0.2646	0.1672	>	6	34	56
1423	chr7	89904213	89904194	-	0.2908	0.156	>	6	34	56
1424	chr1	30697342	30697323	+	0.1025	0.1263	>	6	34	56
1425	chr1	58987602	58987583	+	0.2202	0.1498	>	6	34	56
1426	chr15	7452190	7452171	+	0.1405	0.12085	>	6	34	56
1427	chr4	139877044	139877025	+	0.3875	0.2688	>	6	34	56
1428	chr3	83291887	83291868	-	0.0825	0.137	>	6	34	56
1429	chr15	68912907	68912888	-	0.5024	0.2024	>	6	34	56
1430	chr14	64593744	64593725	-	1.073	0.5703	>	6	34	56
1431	chr1	56980349	56980330	-	0.2778	0.2322	>	6	34	56
1432	chr14	75833620	75833601	-	0.6006	0.4543	>	6	34	56
1433	chr16	62904648	62904629	-	0.217	0.1924	>	6	34	56
1434	chr5	35991229	35991210	-	1.033	1.082	>	6	34	56
1435	chr5	44287418	44287399	-	0.248	0.155	>	6	34	56
1436	chr15	76199915	76199896	-	0.07776	0.3071	>	6	34	56
1437	chr4	131240262	131240243	-	0.241	0.206	>	6	34	56
1438	chr5	102147917	102147898	-	0.228	0.2458	>	6	34	56
1439	chr3	93086926	93086907	+	0.0978	0.1787	>	6	34	56
1440	chr6	126163382	126163363	+	2.373	1.376	>	6	34	56
1441	chr3	45375769	45375750	+	1.051	0.2544	>	6	34	56
1442	chr16	90306219	90306200	-	0.3647	0.3506	>	6	34	56
1443	chr17	3249270	3249251	-	0.1843	0.136	>	6	34	56
1444	chr4	143024421	143024402	-	0.087	0.1317	>	6	34	56
1445	chr19	47513892	47513873	-	0.2471	0.1393	>	6	34	56
1446	chr6	66534595	66534576	-	1.387	0.675	>	6	34	56
1447	chr6	134963172	134963153	-	0.6475	0.5996	>	6	34	56
1448	chr14	56369245	56369226	+	0.2401	0.1912	>	6	34	56
1449	chr18	53460219	53460200	+	0.1775	0.162	>	6	34	56
1450	chr7	89476922	89476903	-	0.2163	0.1522	>	6	34	56
1451	chr6	34273116	34273097	+	0.0673	0.1545	>	6	34	56
1452	chr7	142295608	142295589	-	1.062	6.32	>	6	34	56
1453	chr3	22302208	22302189	+	0.992	0.3848	>	6	34	56
1454	chr6	31045994	31045975	-	0.7534	0.959	>	6	34	56
1455	chr9	57143378	57143359	-	0.1816	0.2302	>	6	34	56
1456	chr6	101268340	101268321	+	0.2712	0.1924	>	6	34	56
1457	chr9	58897456	58897437	-	0.7163	0.4846	>	6	34	56
1458	chr17	79601068	79601049	+	0.2245	0.12476	>	6	34	56
1459	chr16	5254607	5254588	-	0.2883	0.22	>	6	34	56
1460	chr4	83595536	83595517	+	1.783	1.041	>	6	34	56
1461	chr9	51159881	51159862	-	0.6875	0.266	>	6	34	56
1462	chr14	66354429	66354410	+	0.1142	0.1388	>	6	34	56
1463	chr5	117090283	117090264	+	0.5806	0.4014	>	6	34	56
1464	chr2	168061425	168061406	-	0.1733	0.2051	>	6	34	56
1465	chr5	9169228	9169209	+	0.3306	0.1686	>	6	34	56
1466	chr6	28418701	28418682	-	0.4202	0.266	>	6	34	56
1467	chr12	105038443	105038424	-	0.1501	0.2063	>	6	34	56
1468	chr1	182558143	182558124	-	0.2264	0.1511	>	6	34	56
1469	chr8	47713300	47713281	-	1.078	1.646	>	6	34	56
1470	chr18	47357393	47357374	+	0.2007	0.1278	>	6	34	56
1471	chr1	118771083	118771064	-	0.1254	0.2006	>	6	34	56
1472	chr16	6493044	6493025	-	0.1927	0.1516	>	6	34	56
1473	chr9	42951005	42950986	-	0.3914	0.2078	>	6	34	56
1474	chr13	53430986	53430967	-	0.6504	0.3672	>	6	34	56
1475	chr13	67609268	67609249	+	2.162	0.826	>	6	34	56
1476	chr1	53035072	53035053	+	0.1465	0.1494	>	6	34	56
1477	chr7	99471824	99471805	-	0.3745	0.4907	>	6	34	56
1478	chr11	36543574	36543555	-	0.1156	0.1614	>	6	34	56
1479	chr5	124334258	124334239	-	0.3428	0.273	>	6	34	56
1480	chr10	76771414	76771395	-	0.1296	0.2047	>	6	34	56
1481	chr10	4386719	4386700	+	0.32	0.4492	>	6	34	56
1482	chr5	116554091	116554072	+	0.0876	0.1714	>	6	34	56
1483	chr10	41734858	41734839	+	0.1406	0.2605	>	6	34	56
1484	chr10	50906875	50906856	-	0.2361	0.1674	>	6	34	56
1485	chr11	31651668	31651649	+	0.07605	0.1534	>	6	34	56
1486	chr6	116193190	116193171	+	0.3687	0.372	>	6	34	56
1487	chr1	188976509	188976490	+	0.343	0.1833	>	6	34	56
1488	chr12	101976095	101976076	+	0.681	0.4116	>	6	34	56
1489	chr15	75925915	75925896	+	0.6084	0.9233	>	6	34	56
1490	chr1	4777287	4777268	-	0.9443	1.425	>	6	34	56
1491	chr18	86560230	86560211	+	0.7866	1.138	>	6	34	56
1492	chr7	43574878	43574859	+	1.292	1.347	>	6	34	56
1493	chr7	98200601	98200582	-	0.2927	0.1711	>	6	34	56
1494	chr4	143319849	143319830	+	0.2299	0.1525	>	6	34	56
1495	chr2	128601696	128601677	-	0.1208	0.207	>	6	34	56
1496	chr17	57004491	57004472	-	0.1467	0.2932	>	6	34	56
1497	chr2	35196541	35196522	-	1.081	0.3997	>	6	34	56
1498	chr5	29779371	29779352	+	0.1531	0.1671	>	6	34	56
1499	chr10	93038429	93038410	-	0.163	0.1875	>	6	34	56
0	chr4	87368268	87368249	+	90.56	65.75	>	6	35	55
1	chr11	109860827	109860808	-	89.2	47.97	>	6	35	55
2	chr3	22309188	22309169	+	81.5	60.4	>	6	35	55
3	chr10	5161770	5161751	-	79.2	55.88	>	6	35	55
4	chr16	71247702	71247683	+	68.56	43.2	>	6	35	55
5	chr16	72980067	72980048	-	68.3	56.7	>	6	35	55
6	chr6	60556001	60555982	+	67.7	40.38	>	6	35	55
7	chr5	7996919	7996900	-	66.06	59.4	>	6	35	55
8	chr14	12140114	12140095	-	65.1	51.62	>	6	35	55
9	chr13	81439574	81439555	+	64.94	46.94	>	6	35	55
10	chr9	103996726	103996707	-	64.9	51.25	>	6	35	55
11	chr15	56066340	56066321	+	63.97	42.94	>	6	35	55
12	chr10	106609250	106609231	+	63.97	42.62	>	6	35	55
13	chr1	144380222	144380203	-	63.4	48.44	>	6	35	55
14	chr10	8240468	8240449	-	62.34	45.88	>	6	35	55
15	chr12	77000269	77000250	+	62.22	54.97	>	6	35	55
16	chr1	44745882	44745863	+	62.12	40.25	>	6	35	55
17	chr4	81178889	81178870	+	62.03	50.0	>	6	35	55
18	chr9	10909768	10909749	+	61.12	47.94	>	6	35	55
19	chr6	64650119	64650100	-	60.56	60.88	>	6	35	55
20	chr15	32766485	32766466	-	60.56	46.62	>	6	35	55
21	chr4	9135983	9135964	+	60.03	34.12	>	6	35	55
22	chr7	118305013	118304994	+	59.5	47.62	>	6	35	55
23	chr10	39520570	39520551	-	58.34	40.5	>	6	35	55
24	chr1	78724658	78724639	+	58.25	47.28	>	6	35	55
25	chr2	160598038	160598019	+	57.94	55.8	>	6	35	55
26	chr18	33790258	33790239	-	57.72	56.3	>	6	35	55
27	chr12	40837750	40837731	+	57.5	46.25	>	6	35	55
28	chr8	41443763	41443744	+	57.34	56.06	>	6	35	55
29	chr14	68494314	68494295	-	56.94	24.97	>	6	35	55
30	chr1	11657910	11657891	+	56.8	43.62	>	6	35	55
31	chr11	77100337	77100318	+	55.88	49.25	>	6	35	55
32	chr16	41244935	41244916	-	55.72	48.0	>	6	35	55
33	chr14	87452291	87452272	-	55.72	63.0	>	6	35	55
34	chr18	16217050	16217031	+	54.9	26.8	>	6	35	55
35	chr11	53255133	53255114	-	54.8	39.5	>	6	35	55
36	chr9	7216447	7216428	+	54.56	27.64	>	6	35	55
37	chr8	35850598	35850579	-	54.5	50.94	>	6	35	55
38	chr8	102781131	102781112	-	54.44	41.34	>	6	35	55
39	chr5	49962010	49961991	-	54.16	50.88	>	6	35	55
40	chr7	90410162	90410143	-	54.06	39.75	>	6	35	55
41	chr4	15328717	15328698	+	54.03	40.72	>	6	35	55
42	chr11	31949616	31949597	-	54.0	41.44	>	6	35	55
43	chr1	120586671	120586652	+	53.8	57.06	>	6	35	55
44	chr13	19698921	19698902	+	53.16	40.8	>	6	35	55
45	chr12	57825950	57825931	+	53.03	34.38	>	6	35	55
46	chr16	72215933	72215914	-	52.7	45.56	>	6	35	55
47	chr9	15685402	15685383	+	52.62	45.03	>	6	35	55
48	chr10	10321327	10321308	-	52.47	23.97	>	6	35	55
49	chr9	49494135	49494116	+	52.4	51.5	>	6	35	55
50	chr3	50906169	50906150	-	52.12	57.06	>	6	35	55
51	chr11	57467973	57467954	-	52.03	54.47	>	6	35	55
52	chr11	113165316	113165297	-	51.88	57.94	>	6	35	55
53	chr9	51152608	51152589	-	51.8	48.22	>	6	35	55
54	chr16	58299658	58299639	+	51.56	30.08	>	6	35	55
55	chr16	22564783	22564764	+	51.44	49.16	>	6	35	55
56	chr8	36523135	36523116	-	51.4	44.44	>	6	35	55
57	chr14	34810941	34810922	+	51.3	52.97	>	6	35	55
58	chr6	101261740	101261721	-	51.0	49.47	>	6	35	55
59	chr7	132213694	132213675	-	50.8	38.62	>	6	35	55
60	chr2	48886271	48886252	-	50.28	44.53	>	6	35	55
61	chr12	54060974	54060955	-	50.12	27.78	>	6	35	55
62	chr1	5905019	5905000	-	50.06	44.22	>	6	35	55
63	chr9	26776375	26776356	-	50.0	53.88	>	6	35	55
64	chr1	103799519	103799500	+	49.53	56.44	>	6	35	55
65	chr9	88222188	88222169	-	49.5	40.1	>	6	35	55
66	chr18	58481884	58481865	-	49.28	39.28	>	6	35	55
67	chr13	100112788	100112769	+	49.16	37.22	>	6	35	55
68	chr3	14679394	14679375	+	49.06	29.97	>	6	35	55
69	chr16	37109459	37109440	+	48.75	19.0	>	6	35	55
70	chr3	153655318	153655299	-	48.72	48.28	>	6	35	55
71	chr16	89765698	89765679	-	48.38	54.0	>	6	35	55
72	chr13	89543228	89543209	-	48.3	56.84	>	6	35	55
73	chr11	40149509	40149490	-	48.28	36.34	>	6	35	55
74	chr3	113080940	113080921	-	48.2	53.4	>	6	35	55
75	chr10	70963797	70963778	-	47.53	51.97	>	6	35	55
76	chr6	66533480	66533461	-	47.34	41.22	>	6	35	55
77	chr18	57976815	57976796	+	47.28	41.3	>	6	35	55
78	chr12	92303388	92303369	+	47.12	48.12	>	6	35	55
79	chr6	43686140	43686121	+	47.1	34.0	>	6	35	55
80	chr15	11038687	11038668	+	47.06	40.16	>	6	35	55
81	chr6	13281064	13281045	-	47.06	44.4	>	6	35	55
82	chr4	25180081	25180062	-	46.94	22.34	>	6	35	55
83	chr2	110229883	110229864	+	46.8	37.2	>	6	35	55
84	chr2	118638293	118638274	+	46.34	48.4	>	6	35	55
85	chr14	67674858	67674839	-	46.2	40.62	>	6	35	55
86	chr1	179477262	179477243	-	45.97	54.9	>	6	35	55
87	chr12	78056191	78056172	+	45.84	48.03	>	6	35	55
88	chr15	44836402	44836383	+	45.7	45.75	>	6	35	55
89	chr9	80293262	80293243	+	45.3	48.66	>	6	35	55
90	chr1	21411405	21411386	+	45.28	35.97	>	6	35	55
91	chr8	80483379	80483360	-	45.28	32.34	>	6	35	55
92	chr16	55477026	55477007	-	44.9	60.88	>	6	35	55
93	chr9	122729759	122729740	-	44.72	40.56	>	6	35	55
94	chr2	17415581	17415562	-	44.56	38.03	>	6	35	55
95	chr4	13778049	13778030	-	44.5	20.47	>	6	35	55
96	chr16	64748455	64748436	-	44.47	52.25	>	6	35	55
97	chr6	57570627	57570608	-	44.28	34.06	>	6	35	55
98	chr16	13117421	13117402	+	44.28	48.25	>	6	35	55
99	chr1	54381475	54381456	-	44.12	34.1	>	6	35	55
100	chr15	40166896	40166877	+	44.03	40.53	>	6	35	55
101	chr17	83271696	83271677	+	44.0	39.2	>	6	35	55
102	chr9	63136063	63136044	+	43.94	32.22	>	6	35	55
103	chr3	68056550	68056531	+	43.88	35.0	>	6	35	55
104	chr3	25220822	25220803	-	43.8	23.62	>	6	35	55
105	chr7	118102455	118102436	-	43.53	59.94	>	6	35	55
106	chr9	51335485	51335466	+	43.47	26.75	>	6	35	55
107	chr16	96671807	96671788	-	43.4	27.66	>	6	35	55
108	chr2	113494904	113494885	+	43.34	43.28	>	6	35	55
109	chr1	55404561	55404542	+	43.25	39.06	>	6	35	55
110	chr3	80079969	80079950	+	43.0	35.7	>	6	35	55
111	chr11	25862989	25862970	-	42.66	37.9	>	6	35	55
112	chr13	109213188	109213169	-	42.6	60.5	>	6	35	55
113	chr8	58566283	58566264	+	42.56	33.8	>	6	35	55
114	chr16	72218227	72218208	+	42.38	47.1	>	6	35	55
115	chr14	102510640	102510621	-	42.34	35.9	>	6	35	55
116	chr7	143154010	143153991	+	42.16	43.66	>	6	35	55
117	chr6	143219585	143219566	+	42.1	41.62	>	6	35	55
118	chr17	86906334	86906315	-	41.97	47.25	>	6	35	55
119	chr8	62080400	62080381	+	41.97	30.6	>	6	35	55
120	chr3	57843985	57843966	+	41.94	43.75	>	6	35	55
121	chr18	3495634	3495615	+	41.62	36.03	>	6	35	55
122	chr7	125393847	125393828	-	41.56	47.0	>	6	35	55
123	chr7	86211564	86211545	-	41.56	46.4	>	6	35	55
124	chr9	60245127	60245108	+	41.38	43.16	>	6	35	55
125	chr6	131353859	131353840	-	41.3	15.89	>	6	35	55
126	chr15	98173991	98173972	-	41.25	24.88	>	6	35	55
127	chr17	88641249	88641230	-	41.12	34.25	>	6	35	55
128	chr9	87027908	87027889	+	41.1	38.34	>	6	35	55
129	chr4	70621553	70621534	-	40.97	48.38	>	6	35	55
130	chr12	41487236	41487217	-	40.88	35.94	>	6	35	55
131	chr4	127368548	127368529	+	40.8	49.72	>	6	35	55
132	chr8	50293750	50293731	-	40.75	48.2	>	6	35	55
133	chr16	27468981	27468962	+	40.75	34.62	>	6	35	55
134	chr7	121641354	121641335	-	40.7	30.69	>	6	35	55
135	chr3	29726795	29726776	-	40.7	30.42	>	6	35	55
136	chr14	29110872	29110853	-	40.66	51.22	>	6	35	55
137	chr13	116712427	116712408	-	40.62	33.1	>	6	35	55
138	chr18	19939562	19939543	-	40.47	45.7	>	6	35	55
139	chr15	80704533	80704514	-	40.28	46.53	>	6	35	55
140	chr18	50137074	50137055	+	40.28	37.62	>	6	35	55
141	chr13	15763212	15763193	-	40.25	29.53	>	6	35	55
142	chr19	50185486	50185467	+	40.22	44.2	>	6	35	55
143	chr12	74013965	74013946	-	40.22	40.8	>	6	35	55
144	chr1	138835543	138835524	+	40.06	20.81	>	6	35	55
145	chr15	55550924	55550905	-	40.06	37.12	>	6	35	55
146	chr1	61771439	61771420	-	40.06	23.55	>	6	35	55
147	chr12	34664961	34664942	+	40.0	19.7	>	6	35	55
148	chr14	78288101	78288082	-	39.8	38.8	>	6	35	55
149	chr2	4499416	4499397	+	39.78	33.88	>	6	35	55
150	chr13	30260132	30260113	-	39.75	32.75	>	6	35	55
151	chr9	68015271	68015252	+	39.2	39.0	>	6	35	55
152	chr1	126993502	126993483	-	39.06	47.2	>	6	35	55
153	chr16	25349824	25349805	-	39.0	41.2	>	6	35	55
154	chr1	14729249	14729230	-	38.94	39.3	>	6	35	55
155	chr15	59389427	59389408	+	38.7	46.34	>	6	35	55
156	chr6	100882590	100882571	+	38.66	49.44	>	6	35	55
157	chr3	9711121	9711102	+	38.62	35.47	>	6	35	55
158	chr6	21214019	21214000	-	38.47	24.2	>	6	35	55
159	chr17	42603617	42603598	-	38.47	42.5	>	6	35	55
160	chr4	80517548	80517529	-	38.47	41.4	>	6	35	55
161	chr9	85328584	85328565	-	38.28	30.06	>	6	35	55
162	chr17	44262001	44261982	+	38.22	44.16	>	6	35	55
163	chr10	102449665	102449646	+	38.2	48.84	>	6	35	55
164	chr17	14520745	14520726	-	38.12	30.45	>	6	35	55
165	chr13	51830925	51830906	+	38.0	56.0	>	6	35	55
166	chr12	83502436	83502417	-	37.97	34.4	>	6	35	55
167	chr5	75853265	75853246	-	37.94	27.88	>	6	35	55
168	chr13	110382742	110382723	+	37.88	61.84	>	6	35	55
169	chr5	62481159	62481140	-	37.8	35.4	>	6	35	55
170	chr7	49121503	49121484	-	37.7	29.61	>	6	35	55
171	chr15	11966575	11966556	-	37.66	34.72	>	6	35	55
172	chr3	31146135	31146116	+	37.53	44.5	>	6	35	55
173	chr2	37815879	37815860	+	37.47	39.2	>	6	35	55
174	chr5	33033442	33033423	-	37.44	48.28	>	6	35	55
175	chr9	7595466	7595447	-	37.4	28.72	>	6	35	55
176	chr5	21641153	21641134	-	37.3	33.66	>	6	35	55
177	chr14	48367302	48367283	-	37.12	39.88	>	6	35	55
178	chr17	14524624	14524605	+	37.1	38.88	>	6	35	55
179	chr4	84064835	84064816	+	37.06	23.38	>	6	35	55
180	chr4	63368786	63368767	+	37.06	51.6	>	6	35	55
181	chr5	102149680	102149661	+	37.03	38.97	>	6	35	55
182	chr12	32897684	32897665	-	36.88	40.9	>	6	35	55
183	chr16	91936532	91936513	+	36.72	43.06	>	6	35	55
184	chr6	37046379	37046360	-	36.72	47.7	>	6	35	55
185	chr18	59081896	59081877	+	36.7	37.34	>	6	35	55
186	chr6	103697552	103697533	-	36.3	43.6	>	6	35	55
187	chr18	19937930	19937911	+	36.3	37.56	>	6	35	55
188	chr6	93757594	93757575	+	36.28	18.31	>	6	35	55
189	chr17	9756371	9756352	+	36.28	21.2	>	6	35	55
190	chr2	96585854	96585835	+	36.25	26.84	>	6	35	55
191	chr11	82915176	82915157	+	36.2	36.34	>	6	35	55
192	chr6	6005837	6005818	+	36.03	35.2	>	6	35	55
193	chr1	98392238	98392219	-	36.03	38.97	>	6	35	55
194	chr7	48749384	48749365	+	35.94	38.3	>	6	35	55
195	chr11	105911812	105911793	-	35.9	37.8	>	6	35	55
196	chr10	45045486	45045467	-	35.8	35.22	>	6	35	55
197	chr2	4492748	4492729	-	35.75	19.97	>	6	35	55
198	chr6	18087397	18087378	+	35.75	40.84	>	6	35	55
199	chr5	90203341	90203322	+	35.7	41.12	>	6	35	55
200	chr7	136489148	136489129	+	35.62	28.06	>	6	35	55
201	chr9	109862620	109862601	-	35.6	34.12	>	6	35	55
202	chr15	59876355	59876336	+	35.3	32.16	>	6	35	55
203	chr14	76473612	76473593	-	35.25	45.66	>	6	35	55
204	chr3	128349320	128349301	+	35.03	41.75	>	6	35	55
205	chr3	45375963	45375944	+	35.03	23.92	>	6	35	55
206	chr3	133314669	133314650	+	34.97	39.0	>	6	35	55
207	chr1	96801850	96801831	-	34.84	30.55	>	6	35	55
208	chr7	115216958	115216939	+	34.62	30.45	>	6	35	55
209	chr9	59282577	59282558	-	34.62	26.88	>	6	35	55
210	chr2	148112135	148112116	-	34.5	31.5	>	6	35	55
211	chr18	52457916	52457897	-	34.47	28.2	>	6	35	55
212	chr6	56691454	56691435	-	34.34	42.2	>	6	35	55
213	chr13	20292580	20292561	-	34.3	38.5	>	6	35	55
214	chr13	57260119	57260100	-	34.25	52.66	>	6	35	55
215	chr13	113877615	113877596	+	34.25	36.75	>	6	35	55
216	chr13	116715029	116715010	-	34.1	31.72	>	6	35	55
217	chr4	83596692	83596673	-	34.1	52.75	>	6	35	55
218	chr8	64941619	64941600	-	34.06	33.75	>	6	35	55
219	chr3	51701488	51701469	+	34.03	22.56	>	6	35	55
220	chr14	120061322	120061303	-	33.84	29.2	>	6	35	55
221	chr7	75910166	75910147	+	33.8	57.6	>	6	35	55
222	chr4	98702698	98702679	-	33.78	31.62	>	6	35	55
223	chr3	146185137	146185118	+	33.62	52.6	>	6	35	55
224	chr4	151157152	151157133	+	33.53	59.38	>	6	35	55
225	chr5	43391861	43391842	-	33.5	21.5	>	6	35	55
226	chr11	93856511	93856492	-	33.47	26.19	>	6	35	55
227	chr14	59605843	59605824	+	33.47	40.3	>	6	35	55
228	chr14	84438580	84438561	+	33.44	23.31	>	6	35	55
229	chr12	50943824	50943805	-	33.28	38.56	>	6	35	55
230	chr7	83550335	83550316	-	33.2	30.12	>	6	35	55
231	chr6	117167008	117166989	+	33.03	30.3	>	6	35	55
232	chr4	12538791	12538772	+	33.0	21.84	>	6	35	55
233	chr18	47353079	47353060	+	32.84	24.58	>	6	35	55
234	chr5	12541496	12541477	-	32.72	22.56	>	6	35	55
235	chr2	60721127	60721108	+	32.72	22.53	>	6	35	55
236	chr11	78838251	78838232	+	32.72	51.5	>	6	35	55
237	chr8	73356225	73356206	+	32.62	23.39	>	6	35	55
238	chr12	10598567	10598548	+	32.5	41.56	>	6	35	55
239	chr19	20345158	20345139	-	32.25	47.94	>	6	35	55
240	chr17	58909486	58909467	-	32.16	39.4	>	6	35	55
241	chr10	69655037	69655018	-	32.12	36.56	>	6	35	55
242	chr4	3967733	3967714	-	32.12	41.75	>	6	35	55
243	chr16	21192795	21192776	-	32.06	38.78	>	6	35	55
244	chr11	12291593	12291574	-	32.0	15.54	>	6	35	55
245	chr11	117385082	117385063	+	31.83	36.6	>	6	35	55
246	chr12	32292095	32292076	+	31.73	20.83	>	6	35	55
247	chr4	64833096	64833077	+	31.69	34.34	>	6	35	55
248	chr13	47301245	47301226	+	31.67	43.9	>	6	35	55
249	chr1	89631957	89631938	-	31.56	45.38	>	6	35	55
250	chr9	69296601	69296582	-	31.53	38.66	>	6	35	55
251	chr3	53735364	53735345	+	31.28	24.5	>	6	35	55
252	chr10	45373471	45373452	-	31.2	37.7	>	6	35	55
253	chr8	91797725	91797706	+	31.19	30.23	>	6	35	55
254	chr4	88035662	88035643	+	31.06	19.66	>	6	35	55
255	chr2	75151187	75151168	-	31.05	37.9	>	6	35	55
256	chr14	66791971	66791952	-	31.02	32.1	>	6	35	55
257	chr2	93199062	93199043	-	30.9	51.25	>	6	35	55
258	chr2	73551006	73550987	+	30.86	53.72	>	6	35	55
259	chr12	89451144	89451125	-	30.81	40.1	>	6	35	55
260	chr16	66086729	66086710	-	30.81	33.7	>	6	35	55
261	chr14	114791647	114791628	-	30.72	37.2	>	6	35	55
262	chr4	43420547	43420528	-	30.61	34.5	>	6	35	55
263	chr1	87447687	87447668	+	30.56	32.53	>	6	35	55
264	chr15	55306471	55306452	+	30.56	24.06	>	6	35	55
265	chr15	97667578	97667559	+	30.52	37.12	>	6	35	55
266	chr2	16359548	16359529	+	30.47	16.92	>	6	35	55
267	chr14	8356099	8356080	+	30.42	51.06	>	6	35	55
268	chr3	19894816	19894797	-	30.38	33.66	>	6	35	55
269	chr12	43813750	43813731	-	30.34	24.06	>	6	35	55
270	chr2	27770378	27770359	+	30.12	46.8	>	6	35	55
271	chr16	48675836	48675817	-	30.12	28.97	>	6	35	55
272	chr10	13016733	13016714	+	30.1	53.44	>	6	35	55
273	chr2	76367359	76367340	+	30.05	30.6	>	6	35	55
274	chr2	115515230	115515211	+	30.05	12.29	>	6	35	55
275	chr19	16785108	16785089	-	30.03	27.4	>	6	35	55
276	chr3	78948444	78948425	+	30.03	29.16	>	6	35	55
277	chr1	37250876	37250857	-	29.94	25.45	>	6	35	55
278	chr18	74431409	74431390	+	29.94	28.48	>	6	35	55
279	chr1	38787652	38787633	-	29.89	46.22	>	6	35	55
280	chr3	14874584	14874565	+	29.88	22.88	>	6	35	55
281	chr9	69505778	69505759	+	29.88	30.58	>	6	35	55
282	chr10	84450913	84450894	-	29.77	31.7	>	6	35	55
283	chr2	172216047	172216028	-	29.77	65.06	>	6	35	55
284	chr10	97712895	97712876	+	29.72	22.83	>	6	35	55
285	chr1	4770074	4770055	+	29.72	39.66	>	6	35	55
286	chr12	50301580	50301561	-	29.69	16.55	>	6	35	55
287	chr15	85266923	85266904	+	29.69	42.06	>	6	35	55
288	chr4	85403030	85403011	+	29.62	27.23	>	6	35	55
289	chr6	97526370	97526351	-	29.53	31.17	>	6	35	55
290	chr8	112046096	112046077	+	29.5	62.6	>	6	35	55
291	chr12	96311368	96311349	-	29.48	23.8	>	6	35	55
292	chr1	93507239	93507220	-	29.45	32.5	>	6	35	55
293	chr13	21714927	21714908	+	29.4	37.72	>	6	35	55
294	chr6	49008180	49008161	+	29.38	27.1	>	6	35	55
295	chr17	17749545	17749526	-	29.36	32.88	>	6	35	55
296	chr6	145360253	145360234	+	29.34	33.62	>	6	35	55
297	chr7	17066630	17066611	-	29.27	41.75	>	6	35	55
298	chr12	81788850	81788831	-	29.25	32.47	>	6	35	55
299	chr7	129649172	129649153	+	29.19	42.88	>	6	35	55
300	chr14	104039053	104039034	+	29.17	41.16	>	6	35	55
301	chr13	41634744	41634725	-	29.08	40.84	>	6	35	55
302	chr7	138835232	138835213	-	29.02	47.88	>	6	35	55
303	chr15	97195797	97195778	+	28.92	38.5	>	6	35	55
304	chr1	119087737	119087718	+	28.89	50.28	>	6	35	55
305	chr4	85819373	85819354	-	28.86	29.28	>	6	35	55
306	chr11	30657307	30657288	-	28.86	6.477	>	6	35	55
307	chr5	49369245	49369226	+	28.66	27.94	>	6	35	55
308	chr6	106805067	106805048	+	28.61	20.38	>	6	35	55
309	chr6	31660958	31660939	+	28.53	52.9	>	6	35	55
310	chr12	8306749	8306730	-	28.48	47.94	>	6	35	55
311	chr13	42822785	42822766	-	28.47	44.4	>	6	35	55
312	chr15	34968778	34968759	+	28.4	27.94	>	6	35	55
313	chr7	68369859	68369840	+	28.38	58.97	>	6	35	55
314	chr15	80266443	80266424	+	28.33	34.62	>	6	35	55
315	chr6	102171110	102171091	+	28.19	24.06	>	6	35	55
316	chr16	72605273	72605254	-	28.11	17.7	>	6	35	55
317	chr18	65490506	65490487	+	28.06	33.94	>	6	35	55
318	chr3	55373775	55373756	+	28.0	19.75	>	6	35	55
319	chr1	53927814	53927795	-	27.97	28.48	>	6	35	55
320	chr2	160368066	160368047	-	27.95	21.97	>	6	35	55
321	chr10	42295232	42295213	-	27.94	37.8	>	6	35	55
322	chr7	116040411	116040392	-	27.9	26.19	>	6	35	55
323	chr10	116197535	116197516	-	27.81	28.58	>	6	35	55
324	chr5	20773533	20773514	-	27.81	20.77	>	6	35	55
325	chr12	80725012	80724993	-	27.73	38.97	>	6	35	55
326	chr15	66899881	66899862	-	27.6	21.5	>	6	35	55
327	chr18	16822208	16822189	-	27.56	13.28	>	6	35	55
328	chr18	14503254	14503235	-	27.55	19.48	>	6	35	55
329	chr5	98344786	98344767	+	27.44	28.3	>	6	35	55
330	chr10	77517236	77517217	+	27.39	30.44	>	6	35	55
331	chr1	44741472	44741453	-	27.38	6.344	>	6	35	55
332	chr6	127945983	127945964	-	27.28	24.97	>	6	35	55
333	chr16	42914955	42914936	-	27.27	20.78	>	6	35	55
334	chr18	39137558	39137539	+	27.11	15.805	>	6	35	55
335	chr13	42575907	42575888	+	27.11	22.34	>	6	35	55
336	chr2	13278209	13278190	+	27.06	48.53	>	6	35	55
337	chr18	43836585	43836566	-	27.06	22.66	>	6	35	55
338	chr4	114647896	114647877	+	27.05	26.58	>	6	35	55
339	chr16	44149214	44149195	-	27.03	37.28	>	6	35	55
340	chr13	109776299	109776280	+	27.02	27.47	>	6	35	55
341	chr19	30217515	30217496	+	27.0	44.25	>	6	35	55
342	chr6	61316075	61316056	+	26.94	38.16	>	6	35	55
343	chr17	78598832	78598813	+	26.92	37.16	>	6	35	55
344	chr2	117231457	117231438	-	26.88	23.62	>	6	35	55
345	chr4	115101816	115101797	+	26.84	34.88	>	6	35	55
346	chr10	57448131	57448112	-	26.8	44.97	>	6	35	55
347	chr13	113046665	113046646	+	26.77	22.72	>	6	35	55
348	chr4	110022447	110022428	-	26.58	43.47	>	6	35	55
349	chr7	101653829	101653810	+	26.5	47.97	>	6	35	55
350	chr5	67756338	67756319	+	26.5	26.55	>	6	35	55
351	chr3	62192717	62192698	-	26.5	17.1	>	6	35	55
352	chr10	17728146	17728127	-	26.45	14.96	>	6	35	55
353	chr5	37752557	37752538	-	26.33	30.73	>	6	35	55
354	chr1	60961316	60961297	-	26.3	26.22	>	6	35	55
355	chr17	68176981	68176962	+	26.27	18.84	>	6	35	55
356	chr7	37357871	37357852	-	26.2	67.6	>	6	35	55
357	chr4	32572316	32572297	-	26.16	44.75	>	6	35	55
358	chr4	96696741	96696722	+	26.12	32.22	>	6	35	55
359	chr4	109729491	109729472	-	26.06	50.3	>	6	35	55
360	chr10	111977780	111977761	+	25.78	32.1	>	6	35	55
361	chr5	45424489	45424470	-	25.73	30.9	>	6	35	55
362	chr2	61494577	61494558	-	25.72	22.25	>	6	35	55
363	chr6	13287046	13287027	+	25.69	21.62	>	6	35	55
364	chr9	116060829	116060810	+	25.66	36.5	>	6	35	55
365	chr8	17537753	17537734	-	25.64	36.44	>	6	35	55
366	chr9	77781636	77781617	-	25.62	27.94	>	6	35	55
367	chr15	5106460	5106441	-	25.56	29.45	>	6	35	55
368	chr17	93141334	93141315	-	25.53	33.03	>	6	35	55
369	chr6	97759520	97759501	+	25.52	17.88	>	6	35	55
370	chr8	119384750	119384731	-	25.47	45.94	>	6	35	55
371	chr6	88113322	88113303	+	25.38	41.75	>	6	35	55
372	chr15	101984527	101984508	-	25.38	56.7	>	6	35	55
373	chr8	54493335	54493316	-	25.34	39.7	>	6	35	55
374	chr9	24119622	24119603	+	25.33	14.83	>	6	35	55
375	chr3	50077169	50077150	-	25.31	24.22	>	6	35	55
376	chr4	47419767	47419748	+	25.23	44.03	>	6	35	55
377	chr2	76115910	76115891	+	25.22	28.97	>	6	35	55
378	chr15	67174759	67174740	+	25.2	12.74	>	6	35	55
379	chr8	125574509	125574490	+	25.17	12.85	>	6	35	55
380	chr1	161737065	161737046	-	25.11	39.75	>	6	35	55
381	chr3	85571455	85571436	-	25.1	9.7	>	6	35	55
382	chr18	19577078	19577059	-	25.02	27.28	>	6	35	55
383	chr19	36083087	36083068	-	25.0	29.4	>	6	35	55
384	chr8	115709616	115709597	-	24.98	9.14	>	6	35	55
385	chr10	126330794	126330775	-	24.84	24.02	>	6	35	55
386	chr15	25993551	25993532	+	24.81	33.28	>	6	35	55
387	chr5	131430355	131430336	-	24.78	45.44	>	6	35	55
388	chr1	9545352	9545333	-	24.78	38.06	>	6	35	55
389	chr19	28768445	28768426	-	24.75	36.44	>	6	35	55
390	chr10	24630876	24630857	+	24.72	22.94	>	6	35	55
391	chr17	54351102	54351083	+	24.53	15.79	>	6	35	55
392	chr16	20496806	20496787	+	24.47	28.86	>	6	35	55
393	chr12	109394024	109394005	-	24.44	15.02	>	6	35	55
394	chr13	21803288	21803269	-	24.42	40.1	>	6	35	55
395	chr3	103392995	103392976	+	24.38	33.9	>	6	35	55
396	chr15	25428758	25428739	+	24.31	24.08	>	6	35	55
397	chr3	135206860	135206841	-	24.3	9.21	>	6	35	55
398	chr8	65139261	65139242	+	24.3	33.56	>	6	35	55
399	chr9	29650850	29650831	-	24.23	35.72	>	6	35	55
400	chr3	127971093	127971074	+	24.2	46.1	>	6	35	55
401	chr2	104035038	104035019	+	24.16	33.7	>	6	35	55
402	chr9	81635302	81635283	+	24.11	12.08	>	6	35	55
403	chr6	95484597	95484578	+	24.03	13.41	>	6	35	55
404	chr14	72293991	72293972	-	23.83	34.2	>	6	35	55
405	chr18	65490035	65490016	-	23.72	29.94	>	6	35	55
406	chr12	38123788	38123769	-	23.66	16.0	>	6	35	55
407	chr18	70184838	70184819	-	23.66	11.39	>	6	35	55
408	chr3	152095252	152095233	-	23.53	23.67	>	6	35	55
409	chr8	32002994	32002975	-	23.5	23.94	>	6	35	55
410	chr11	22206830	22206811	-	23.48	11.1	>	6	35	55
411	chr5	76541051	76541032	-	23.44	19.22	>	6	35	55
412	chr10	52106337	52106318	+	23.38	22.61	>	6	35	55
413	chr1	84697462	84697443	-	23.38	25.22	>	6	35	55
414	chr1	67181385	67181366	+	23.34	35.0	>	6	35	55
415	chr6	101267027	101267008	+	23.31	12.77	>	6	35	55
416	chr6	129255175	129255156	-	23.25	41.8	>	6	35	55
417	chr4	115710017	115709998	-	23.19	25.83	>	6	35	55
418	chr2	118241614	118241595	-	23.19	37.16	>	6	35	55
419	chr8	71371784	71371765	+	23.11	28.11	>	6	35	55
420	chr7	73422670	73422651	-	23.11	37.7	>	6	35	55
421	chr5	33039602	33039583	+	23.05	27.48	>	6	35	55
422	chr2	153143004	153142985	-	23.02	20.31	>	6	35	55
423	chr14	98181824	98181805	-	23.0	7.93	>	6	35	55
424	chr2	136887058	136887039	-	22.97	12.49	>	6	35	55
425	chr1	135136701	135136682	-	22.88	42.44	>	6	35	55
426	chr5	4948481	4948462	-	22.86	27.0	>	6	35	55
427	chr10	71422814	71422795	+	22.81	51.25	>	6	35	55
428	chr8	64597251	64597232	-	22.66	30.06	>	6	35	55
429	chr1	162336834	162336815	-	22.45	14.914	>	6	35	55
430	chr9	94738996	94738977	+	22.42	42.94	>	6	35	55
431	chr17	53403136	53403117	+	22.4	18.28	>	6	35	55
432	chr2	155811920	155811901	-	22.36	51.28	>	6	35	55
433	chr12	52010769	52010750	+	22.33	16.6	>	6	35	55
434	chr3	44912870	44912851	-	22.31	11.58	>	6	35	55
435	chr5	98348848	98348829	+	22.25	34.97	>	6	35	55
436	chr15	80706301	80706282	+	22.25	25.52	>	6	35	55
437	chr1	167932285	167932266	-	22.22	36.66	>	6	35	55
438	chr14	121455709	121455690	-	22.2	25.7	>	6	35	55
439	chr4	98243714	98243695	-	22.16	26.34	>	6	35	55
440	chr4	143027468	143027449	+	22.14	29.11	>	6	35	55
441	chr2	153668926	153668907	+	22.14	25.36	>	6	35	55
442	chr9	41461929	41461910	-	22.14	12.42	>	6	35	55
443	chr4	109431143	109431124	-	22.1	22.34	>	6	35	55
444	chr5	44831505	44831486	-	22.08	22.05	>	6	35	55
445	chr8	119676601	119676582	-	22.03	33.06	>	6	35	55
446	chr17	40824060	40824041	-	22.02	34.28	>	6	35	55
447	chr15	37102366	37102347	-	22.0	13.84	>	6	35	55
448	chr1	119083862	119083843	-	21.92	45.47	>	6	35	55
449	chr5	41044703	41044684	-	21.78	28.61	>	6	35	55
450	chr19	24622032	24622013	+	21.77	22.19	>	6	35	55
451	chr3	58159626	58159607	-	21.75	32.1	>	6	35	55
452	chr1	38130140	38130121	-	21.75	23.66	>	6	35	55
453	chr2	129472129	129472110	-	21.73	30.17	>	6	35	55
454	chr9	15682043	15682024	-	21.73	11.22	>	6	35	55
455	chr9	69502720	69502701	-	21.7	34.7	>	6	35	55
456	chr14	21120676	21120657	+	21.69	43.16	>	6	35	55
457	chr7	110645588	110645569	-	21.69	43.56	>	6	35	55
458	chr16	78950579	78950560	-	21.64	3.295	>	6	35	55
459	chr7	131899517	131899498	+	21.56	16.44	>	6	35	55
460	chr8	106403484	106403465	-	21.53	20.23	>	6	35	55
461	chr17	73303429	73303410	+	21.48	50.6	>	6	35	55
462	chr1	83727325	83727306	+	21.48	26.81	>	6	35	55
463	chr13	29857603	29857584	+	21.42	9.836	>	6	35	55
464	chr14	104033786	104033767	+	21.34	21.16	>	6	35	55
465	chr7	119011391	119011372	+	21.31	35.56	>	6	35	55
466	chr1	69165377	69165358	+	21.31	25.0	>	6	35	55
467	chr1	192727176	192727157	+	21.28	21.9	>	6	35	55
468	chr9	50438293	50438274	-	21.2	27.17	>	6	35	55
469	chr15	46990407	46990388	-	21.14	10.516	>	6	35	55
470	chr13	73646874	73646855	+	21.14	37.5	>	6	35	55
471	chr16	67089956	67089937	+	21.12	15.94	>	6	35	55
472	chr2	83332995	83332976	-	21.02	18.14	>	6	35	55
473	chr8	10415030	10415011	+	21.0	37.3	>	6	35	55
474	chr1	35716149	35716130	-	20.89	18.69	>	6	35	55
475	chr7	43920039	43920020	-	20.83	34.3	>	6	35	55
476	chr8	15138726	15138707	+	20.81	41.03	>	6	35	55
477	chr13	6515705	6515686	+	20.8	28.08	>	6	35	55
478	chr2	64948996	64948977	-	20.72	23.2	>	6	35	55
479	chr19	20345737	20345718	+	20.7	55.44	>	6	35	55
480	chr5	33994851	33994832	+	20.64	14.97	>	6	35	55
481	chr14	76479953	76479934	+	20.62	37.16	>	6	35	55
482	chr3	144737048	144737029	+	20.58	28.33	>	6	35	55
483	chr2	13597223	13597204	-	20.5	12.72	>	6	35	55
484	chr9	118908437	118908418	-	20.5	27.45	>	6	35	55
485	chr4	153484615	153484596	-	20.39	17.89	>	6	35	55
486	chr19	12433211	12433192	+	20.36	28.34	>	6	35	55
487	chr15	31611224	31611205	+	20.34	11.17	>	6	35	55
488	chr3	107206198	107206179	+	20.34	39.22	>	6	35	55
489	chr17	86909946	86909927	+	20.31	22.38	>	6	35	55
490	chr7	89473669	89473650	-	20.22	24.19	>	6	35	55
491	chr6	35252603	35252584	+	20.22	32.56	>	6	35	55
492	chr6	126168001	126167982	-	20.17	8.76	>	6	35	55
493	chr16	42169942	42169923	+	20.12	43.34	>	6	35	55
494	chr6	90607354	90607335	+	20.11	24.86	>	6	35	55
495	chr6	31664664	31664645	+	20.11	41.5	>	6	35	55
496	chr13	100002039	100002020	+	20.02	21.73	>	6	35	55
497	chr6	97523337	97523318	-	19.97	25.72	>	6	35	55
498	chr4	123529452	123529433	-	19.95	17.69	>	6	35	55
499	chr18	53744741	53744722	-	19.94	29.1	>	6	35	55
500	chr9	13849232	13849213	+	19.9	15.484	>	6	35	55
501	chr15	14052128	14052109	-	19.89	12.375	>	6	35	55
502	chr3	68053761	68053742	-	19.88	27.33	>	6	35	55
503	chr14	50799990	50799971	+	19.83	30.28	>	6	35	55
504	chr8	50292348	50292329	+	19.83	31.36	>	6	35	55
505	chr19	52993242	52993223	-	19.81	45.25	>	6	35	55
506	chr8	24546435	24546416	-	19.8	56.1	>	6	35	55
507	chr2	166085186	166085167	+	19.78	40.2	>	6	35	55
508	chr15	80260893	80260874	-	19.75	33.7	>	6	35	55
509	chr18	75606699	75606680	+	19.72	50.94	>	6	35	55
510	chr2	135957961	135957942	-	19.69	27.1	>	6	35	55
511	chr11	75179118	75179099	+	19.67	22.83	>	6	35	55
512	chr6	77628987	77628968	+	19.66	40.56	>	6	35	55
513	chr4	82614384	82614365	-	19.62	15.836	>	6	35	55
514	chr17	27190013	27189994	+	19.5	26.89	>	6	35	55
515	chr14	121451301	121451282	-	19.45	26.11	>	6	35	55
516	chr9	69987821	69987802	-	19.44	12.234	>	6	35	55
517	chr6	40479902	40479883	+	19.42	24.72	>	6	35	55
518	chr4	82619779	82619760	-	19.42	11.22	>	6	35	55
519	chr2	160593235	160593216	-	19.4	45.8	>	6	35	55
520	chr4	48691990	48691971	+	19.4	34.88	>	6	35	55
521	chr1	11140123	11140104	-	19.39	7.324	>	6	35	55
522	chr6	67858160	67858141	+	19.36	18.55	>	6	35	55
523	chr1	91914028	91914009	+	19.36	22.06	>	6	35	55
524	chr15	76196896	76196877	+	19.33	35.8	>	6	35	55
525	chr11	43767011	43766992	+	19.27	27.44	>	6	35	55
526	chr17	8463677	8463658	+	19.23	31.38	>	6	35	55
527	chr2	60442102	60442083	-	19.22	10.555	>	6	35	55
528	chr10	8242562	8242543	+	19.2	18.4	>	6	35	55
529	chr15	8382407	8382388	+	19.16	11.64	>	6	35	55
530	chr19	11360302	11360283	+	19.14	15.06	>	6	35	55
531	chr12	79305335	79305316	+	19.11	29.94	>	6	35	55
532	chr13	38992697	38992678	+	19.03	12.445	>	6	35	55
533	chr8	91147955	91147936	-	19.0	26.05	>	6	35	55
534	chr13	64443476	64443457	+	19.0	35.6	>	6	35	55
535	chr8	117898214	117898195	+	18.92	34.16	>	6	35	55
536	chr11	42423473	42423454	-	18.77	18.48	>	6	35	55
537	chr9	114957195	114957176	-	18.77	27.38	>	6	35	55
538	chr5	149647926	149647907	+	18.72	23.06	>	6	35	55
539	chr5	128440068	128440049	-	18.69	40.7	>	6	35	55
540	chr6	90606762	90606743	-	18.67	32.6	>	6	35	55
541	chr10	58560031	58560012	+	18.67	23.25	>	6	35	55
542	chr18	25538443	25538424	+	18.66	23.94	>	6	35	55
543	chr11	22987510	22987491	+	18.56	23.83	>	6	35	55
544	chr13	57269837	57269818	-	18.55	36.6	>	6	35	55
545	chr13	53096854	53096835	-	18.55	32.88	>	6	35	55
546	chr7	124783020	124783001	-	18.55	23.44	>	6	35	55
547	chr7	40687242	40687223	-	18.52	26.28	>	6	35	55
548	chr4	109438113	109438094	+	18.45	31.61	>	6	35	55
549	chr13	46663777	46663758	-	18.45	5.215	>	6	35	55
550	chr2	21927862	21927843	-	18.45	17.72	>	6	35	55
551	chr11	72564476	72564457	-	18.39	17.95	>	6	35	55
552	chr14	57362951	57362932	-	18.3	10.125	>	6	35	55
553	chr13	54063511	54063492	-	18.3	12.516	>	6	35	55
554	chr8	127191530	127191511	+	18.27	39.03	>	6	35	55
555	chr4	24249781	24249762	+	18.25	8.38	>	6	35	55
556	chr1	175603551	175603532	-	18.2	12.0	>	6	35	55
557	chr7	131897479	131897460	+	18.19	16.34	>	6	35	55
558	chr2	125259455	125259436	-	18.17	32.72	>	6	35	55
559	chr8	11943262	11943243	-	18.0	20.05	>	6	35	55
560	chr13	74861814	74861795	+	17.98	11.664	>	6	35	55
561	chr3	37302880	37302861	-	17.98	17.84	>	6	35	55
562	chr2	165391753	165391734	+	17.95	20.97	>	6	35	55
563	chr1	167669968	167669949	-	17.94	39.3	>	6	35	55
564	chr14	24311319	24311300	+	17.89	24.48	>	6	35	55
565	chr6	125622660	125622641	+	17.86	24.67	>	6	35	55
566	chr16	91694897	91694878	+	17.83	21.03	>	6	35	55
567	chr7	100886752	100886733	-	17.8	33.3	>	6	35	55
568	chr2	165779092	165779073	+	17.7	43.9	>	6	35	55
569	chr4	118988734	118988715	-	17.7	12.37	>	6	35	55
570	chr9	111939788	111939769	+	17.64	16.92	>	6	35	55
571	chr9	40806571	40806552	+	17.64	39.78	>	6	35	55
572	chr19	21571392	21571373	+	17.64	11.9	>	6	35	55
573	chr10	49785057	49785038	-	17.56	2.498	>	6	35	55
574	chr3	84922220	84922201	+	17.47	28.94	>	6	35	55
575	chr12	7991018	7990999	+	17.47	17.66	>	6	35	55
576	chr8	106687694	106687675	+	17.45	42.0	>	6	35	55
577	chr19	15998346	15998327	+	17.33	27.56	>	6	35	55
578	chr10	30838389	30838370	+	17.3	7.543	>	6	35	55
579	chr2	6469364	6469345	-	17.28	15.65	>	6	35	55
580	chr9	59678540	59678521	-	17.28	29.06	>	6	35	55
581	chr18	60143536	60143517	-	17.25	6.348	>	6	35	55
582	chr2	76114972	76114953	-	17.25	26.88	>	6	35	55
583	chr1	192722361	192722342	-	17.23	36.0	>	6	35	55
584	chr13	6737153	6737134	+	17.23	24.25	>	6	35	55
585	chr10	116199232	116199213	+	17.23	24.89	>	6	35	55
586	chr18	6627309	6627290	+	17.06	30.4	>	6	35	55
587	chr7	117375969	117375950	-	17.03	13.42	>	6	35	55
588	chr11	7200225	7200206	+	17.03	39.34	>	6	35	55
589	chr3	152474817	152474798	+	16.98	9.51	>	6	35	55
590	chr12	4107565	4107546	+	16.97	22.11	>	6	35	55
591	chr18	78212287	78212268	-	16.83	18.31	>	6	35	55
592	chr2	17842170	17842151	-	16.81	6.844	>	6	35	55
593	chr5	112429191	112429172	-	16.78	14.19	>	6	35	55
594	chr9	54169687	54169668	+	16.73	16.64	>	6	35	55
595	chr9	78597063	78597044	+	16.73	17.98	>	6	35	55
596	chr2	125556029	125556010	+	16.69	19.19	>	6	35	55
597	chr4	86545837	86545818	-	16.69	26.34	>	6	35	55
598	chr11	34229190	34229171	+	16.55	19.56	>	6	35	55
599	chr13	60479163	60479144	+	16.52	1.697	>	6	35	55
600	chr11	57788119	57788100	+	16.36	29.88	>	6	35	55
601	chr5	117504639	117504620	+	16.36	53.34	>	6	35	55
602	chr1	128368923	128368904	+	16.28	14.01	>	6	35	55
603	chr14	51098507	51098488	-	16.28	41.22	>	6	35	55
604	chr10	14404268	14404249	+	16.23	20.66	>	6	35	55
605	chr18	65752297	65752278	-	16.1	16.11	>	6	35	55
606	chr3	59077498	59077479	+	16.1	40.72	>	6	35	55
607	chr1	119919473	119919454	+	16.06	20.62	>	6	35	55
608	chr1	86598699	86598680	+	16.03	48.72	>	6	35	55
609	chr1	80178208	80178189	-	16.0	17.12	>	6	35	55
610	chr15	64132164	64132145	+	15.96	15.336	>	6	35	55
611	chr2	4652218	4652199	-	15.91	22.83	>	6	35	55
612	chr9	40805489	40805470	-	15.86	35.53	>	6	35	55
613	chr13	30549079	30549060	-	15.805	25.34	>	6	35	55
614	chr3	82350530	82350511	-	15.805	7.78	>	6	35	55
615	chr7	81155234	81155215	-	15.805	19.0	>	6	35	55
616	chr4	107701325	107701306	-	15.8	18.55	>	6	35	55
617	chr11	76655250	76655231	+	15.8	25.19	>	6	35	55
618	chr7	122945377	122945358	+	15.72	20.64	>	6	35	55
619	chr16	32697312	32697293	+	15.695	24.02	>	6	35	55
620	chr13	114460825	114460806	-	15.65	8.25	>	6	35	55
621	chr19	59389409	59389390	+	15.65	31.4	>	6	35	55
622	chr7	45451495	45451476	+	15.64	35.4	>	6	35	55
623	chr15	85599066	85599047	+	15.625	30.86	>	6	35	55
624	chr10	9012998	9012979	+	15.6	21.77	>	6	35	55
625	chr13	24318872	24318853	-	15.58	11.58	>	6	35	55
626	chr3	123506917	123506898	-	15.53	17.17	>	6	35	55
627	chr13	101719731	101719712	-	15.48	25.34	>	6	35	55
628	chr12	12412898	12412879	-	15.43	30.47	>	6	35	55
629	chr10	127342496	127342477	-	15.4	29.73	>	6	35	55
630	chr7	28972871	28972852	+	15.39	21.2	>	6	35	55
631	chr5	130862481	130862462	+	15.33	29.22	>	6	35	55
632	chr13	53779354	53779335	+	15.31	23.8	>	6	35	55
633	chr11	51582940	51582921	-	15.305	26.1	>	6	35	55
634	chr3	34150257	34150238	+	15.3	17.19	>	6	35	55
635	chr9	30423156	30423137	-	15.29	30.31	>	6	35	55
636	chr1	55886585	55886566	+	15.29	16.73	>	6	35	55
637	chr8	121104251	121104232	+	15.28	31.56	>	6	35	55
638	chr2	31683894	31683875	+	15.27	30.73	>	6	35	55
639	chr9	121458682	121458663	+	15.27	42.72	>	6	35	55
640	chr13	111421545	111421526	+	15.22	27.25	>	6	35	55
641	chr18	56572965	56572946	+	15.22	32.7	>	6	35	55
642	chr18	42593315	42593296	+	15.2	8.75	>	6	35	55
643	chr8	118287683	118287664	+	15.2	7.145	>	6	35	55
644	chr14	47742843	47742824	+	15.18	9.65	>	6	35	55
645	chr1	184791312	184791293	-	15.164	27.39	>	6	35	55
646	chr6	106800166	106800147	-	15.1	18.75	>	6	35	55
647	chr11	12025880	12025861	+	15.06	18.02	>	6	35	55
648	chr5	129594341	129594322	-	15.03	29.4	>	6	35	55
649	chr13	16005724	16005705	+	15.016	13.71	>	6	35	55
650	chr14	65597230	65597211	+	15.016	14.01	>	6	35	55
651	chr5	99900280	99900261	-	14.95	10.75	>	6	35	55
652	chr8	11421350	11421331	-	14.945	26.12	>	6	35	55
653	chr19	4755748	4755729	+	14.93	24.55	>	6	35	55
654	chr10	110733540	110733521	-	14.914	16.5	>	6	35	55
655	chr5	67752088	67752069	+	14.89	18.31	>	6	35	55
656	chr9	77381774	77381755	-	14.85	26.45	>	6	35	55
657	chr18	81951830	81951811	-	14.76	34.06	>	6	35	55
658	chr1	86059644	86059625	+	14.734	30.22	>	6	35	55
659	chr1	52630636	52630617	-	14.734	9.89	>	6	35	55
660	chr2	174308107	174308088	+	14.69	14.67	>	6	35	55
661	chr11	99364649	99364630	-	14.6	16.03	>	6	35	55
662	chr13	109558424	109558405	+	14.49	16.98	>	6	35	55
663	chr12	58201405	58201386	-	14.48	6.883	>	6	35	55
664	chr7	137471937	137471918	+	14.445	28.83	>	6	35	55
665	chr17	26916803	26916784	+	14.414	25.05	>	6	35	55
666	chr5	87871626	87871607	-	14.414	20.39	>	6	35	55
667	chr2	125252443	125252424	+	14.414	25.9	>	6	35	55
668	chr1	9549185	9549166	+	14.414	19.5	>	6	35	55
669	chr11	11788608	11788589	-	14.38	31.97	>	6	35	55
670	chr7	43928727	43928708	+	14.36	11.45	>	6	35	55
671	chr10	60760656	60760637	-	14.31	36.9	>	6	35	55
672	chr6	17362958	17362939	+	14.31	3.076	>	6	35	55
673	chr1	136521528	136521509	-	14.305	21.69	>	6	35	55
674	chr2	153147934	153147915	+	14.28	18.94	>	6	35	55
675	chr8	61522313	61522294	+	14.266	28.28	>	6	35	55
676	chr18	56759303	56759284	+	14.266	12.61	>	6	35	55
677	chr14	115451146	115451127	-	14.234	4.215	>	6	35	55
678	chr1	176218428	176218409	+	14.195	14.99	>	6	35	55
679	chr15	97665520	97665501	-	14.18	30.02	>	6	35	55
680	chr13	20299620	20299601	+	14.18	33.25	>	6	35	55
681	chr9	59969601	59969582	-	14.14	17.69	>	6	35	55
682	chr16	57611975	57611956	+	14.055	18.66	>	6	35	55
683	chr12	15816144	15816125	+	13.984	8.52	>	6	35	55
684	chr15	82271381	82271362	-	13.95	28.55	>	6	35	55
685	chr7	74363644	74363625	-	13.95	40.8	>	6	35	55
686	chr3	73066293	73066274	+	13.95	16.86	>	6	35	55
687	chr1	118772515	118772496	-	13.945	30.34	>	6	35	55
688	chr4	110020493	110020474	-	13.94	26.28	>	6	35	55
689	chr3	34639420	34639401	-	13.94	14.87	>	6	35	55
690	chr2	131530224	131530205	-	13.92	25.86	>	6	35	55
691	chr4	20024128	20024109	+	13.91	12.516	>	6	35	55
692	chr8	74980870	74980851	-	13.81	30.2	>	6	35	55
693	chr18	75757719	75757700	+	13.734	18.78	>	6	35	55
694	chr7	89908147	89908128	-	13.72	13.79	>	6	35	55
695	chr4	150257406	150257387	+	13.72	23.58	>	6	35	55
696	chr2	55022781	55022762	-	13.664	7.77	>	6	35	55
697	chr18	64506771	64506752	-	13.63	18.4	>	6	35	55
698	chr14	123353156	123353137	-	13.61	11.6	>	6	35	55
699	chr4	139872794	139872775	+	13.59	35.75	>	6	35	55
700	chr13	51839869	51839850	+	13.586	21.19	>	6	35	55
701	chr5	146162789	146162770	+	13.516	23.42	>	6	35	55
702	chr9	83785201	83785182	+	13.49	14.66	>	6	35	55
703	chr3	59079480	59079461	+	13.44	28.77	>	6	35	55
704	chr10	11345312	11345293	-	13.375	5.086	>	6	35	55
705	chr11	46252188	46252169	-	13.34	28.12	>	6	35	55
706	chr4	85404971	85404952	+	13.32	14.11	>	6	35	55
707	chr4	130738774	130738755	+	13.31	16.47	>	6	35	55
708	chr5	86432914	86432895	+	13.305	16.02	>	6	35	55
709	chr3	22306829	22306810	+	13.266	18.6	>	6	35	55
710	chr2	91930225	91930206	-	13.25	19.55	>	6	35	55
711	chr6	108417714	108417695	+	13.234	10.66	>	6	35	55
712	chr12	17011790	17011771	-	13.16	20.73	>	6	35	55
713	chr5	87551137	87551118	-	13.15	21.52	>	6	35	55
714	chr4	106227683	106227664	-	13.14	14.38	>	6	35	55
715	chr4	139877472	139877453	+	13.1	27.4	>	6	35	55
716	chr1	88742593	88742574	-	13.086	17.75	>	6	35	55
717	chr3	52254088	52254069	+	13.02	34.16	>	6	35	55
718	chr9	73159469	73159450	+	12.99	27.5	>	6	35	55
719	chr7	29297253	29297234	-	12.984	28.8	>	6	35	55
720	chr13	116312336	116312317	-	12.93	10.21	>	6	35	55
721	chr2	157117146	157117127	-	12.91	21.92	>	6	35	55
722	chr9	60243712	60243693	+	12.89	13.59	>	6	35	55
723	chr1	179845066	179845047	-	12.88	17.89	>	6	35	55
724	chr11	103332754	103332735	+	12.875	24.97	>	6	35	55
725	chr1	53032774	53032755	-	12.87	13.05	>	6	35	55
726	chr8	45345197	45345178	+	12.81	16.72	>	6	35	55
727	chr12	113216133	113216114	+	12.74	53.7	>	6	35	55
728	chr15	36152194	36152175	-	12.72	16.9	>	6	35	55
729	chr1	72876274	72876255	+	12.69	17.11	>	6	35	55
730	chr9	14774009	14773990	+	12.664	9.0	>	6	35	55
731	chr12	74317197	74317178	-	12.664	11.76	>	6	35	55
732	chr7	107819649	107819630	-	12.64	16.3	>	6	35	55
733	chr13	55327907	55327888	+	12.64	17.61	>	6	35	55
734	chr3	54796015	54795996	+	12.63	22.77	>	6	35	55
735	chr6	60963937	60963918	+	12.61	7.094	>	6	35	55
736	chr8	21981891	21981872	-	12.61	17.33	>	6	35	55
737	chr10	38269349	38269330	-	12.52	19.28	>	6	35	55
738	chr6	51170619	51170600	-	12.5	20.02	>	6	35	55
739	chr2	148110356	148110337	-	12.43	16.03	>	6	35	55
740	chr1	88301823	88301804	-	12.42	19.61	>	6	35	55
741	chr6	115037959	115037940	-	12.33	15.375	>	6	35	55
742	chr16	11980974	11980955	+	12.33	3.668	>	6	35	55
743	chr15	44832771	44832752	-	12.31	24.2	>	6	35	55
744	chr19	26193888	26193869	-	12.29	7.65	>	6	35	55
745	chr17	8988263	8988244	-	12.29	10.71	>	6	35	55
746	chr14	66358860	66358841	+	12.28	18.22	>	6	35	55
747	chr12	40832432	40832413	-	12.26	13.56	>	6	35	55
748	chr2	53206958	53206939	-	12.18	12.55	>	6	35	55
749	chr16	42914617	42914598	+	12.16	7.133	>	6	35	55
750	chr11	111523686	111523667	-	12.14	23.53	>	6	35	55
751	chr6	121556678	121556659	+	12.11	18.8	>	6	35	55
752	chr7	43926199	43926180	-	12.1	21.69	>	6	35	55
753	chr3	3311028	3311009	+	12.09	10.74	>	6	35	55
754	chr12	17018680	17018661	+	12.04	21.19	>	6	35	55
755	chr18	33794794	33794775	+	11.97	24.89	>	6	35	55
756	chr15	73791915	73791896	+	11.96	24.61	>	6	35	55
757	chr12	82489256	82489237	+	11.945	11.805	>	6	35	55
758	chr19	37559803	37559784	+	11.91	21.4	>	6	35	55
759	chr12	36195155	36195136	-	11.91	7.07	>	6	35	55
760	chr3	30515246	30515227	-	11.875	11.664	>	6	35	55
761	chr19	27426681	27426662	-	11.81	11.945	>	6	35	55
762	chr2	75590427	75590408	-	11.75	21.66	>	6	35	55
763	chr2	17849498	17849479	+	11.75	6.633	>	6	35	55
764	chr9	83371155	83371136	-	11.75	6.18	>	6	35	55
765	chr9	30936846	30936827	-	11.734	17.67	>	6	35	55
766	chr15	94690037	94690018	+	11.73	23.03	>	6	35	55
767	chr2	147379133	147379114	+	11.69	9.875	>	6	35	55
768	chr4	121232314	121232295	-	11.664	7.945	>	6	35	55
769	chr18	56333219	56333200	-	11.64	4.934	>	6	35	55
770	chr16	25952209	25952190	-	11.64	6.688	>	6	35	55
771	chr13	94976326	94976307	+	11.63	16.62	>	6	35	55
772	chr2	30942898	30942879	-	11.57	22.28	>	6	35	55
773	chr6	104479441	104479422	+	11.55	10.57	>	6	35	55
774	chr5	113080039	113080020	-	11.52	26.94	>	6	35	55
775	chr16	30550607	30550588	-	11.52	17.62	>	6	35	55
776	chr1	160194976	160194957	+	11.51	18.28	>	6	35	55
777	chr11	56116782	56116763	-	11.48	30.47	>	6	35	55
778	chr6	112484521	112484502	-	11.48	12.14	>	6	35	55
779	chr14	21853546	21853527	-	11.445	30.66	>	6	35	55
780	chr9	58534993	58534974	+	11.414	20.97	>	6	35	55
781	chr17	73302318	73302299	+	11.414	39.62	>	6	35	55
782	chr1	85842459	85842440	-	11.41	14.02	>	6	35	55
783	chr17	16926410	16926391	-	11.35	2.584	>	6	35	55
784	chr12	29894861	29894842	+	11.31	16.72	>	6	35	55
785	chr2	127832989	127832970	+	11.22	7.293	>	6	35	55
786	chr16	20724653	20724634	+	11.18	15.11	>	6	35	55
787	chr1	180811112	180811093	-	11.164	28.33	>	6	35	55
788	chr13	109210611	109210592	-	11.16	17.5	>	6	35	55
789	chr18	5990207	5990188	-	11.14	3.14	>	6	35	55
790	chr18	12102268	12102249	-	11.125	23.38	>	6	35	55
791	chr19	59380193	59380174	+	11.08	23.9	>	6	35	55
792	chr2	101665476	101665457	+	11.055	26.06	>	6	35	55
793	chr12	108541242	108541223	-	11.02	27.9	>	6	35	55
794	chr2	32583648	32583629	+	11.016	30.19	>	6	35	55
795	chr1	181881807	181881788	-	10.98	11.91	>	6	35	55
796	chr5	117506576	117506557	+	10.94	40.06	>	6	35	55
797	chr1	38789153	38789134	+	10.89	22.95	>	6	35	55
798	chr10	102445139	102445120	-	10.875	19.4	>	6	35	55
799	chr12	81788941	81788922	+	10.87	12.51	>	6	35	55
800	chr9	78233462	78233443	-	10.86	15.93	>	6	35	55
801	chr10	96618527	96618508	+	10.86	3.014	>	6	35	55
802	chr8	84639419	84639400	-	10.85	34.7	>	6	35	55
803	chr17	8468905	8468886	+	10.85	20.27	>	6	35	55
804	chr2	67535551	67535532	+	10.83	7.83	>	6	35	55
805	chr18	52947340	52947321	+	10.82	10.15	>	6	35	55
806	chr13	72625410	72625391	-	10.78	6.715	>	6	35	55
807	chr11	31942449	31942430	+	10.69	22.72	>	6	35	55
808	chr1	6190743	6190724	-	10.63	7.344	>	6	35	55
809	chr7	74367549	74367530	+	10.6	15.16	>	6	35	55
810	chr4	22482970	22482951	+	10.58	4.45	>	6	35	55
811	chr13	20298018	20297999	+	10.56	24.86	>	6	35	55
812	chr16	75325511	75325492	-	10.484	5.44	>	6	35	55
813	chr6	54586377	54586358	+	10.44	8.14	>	6	35	55
814	chr14	59604211	59604192	-	10.375	15.664	>	6	35	55
815	chr2	107946040	107946021	-	10.31	11.08	>	6	35	55
816	chr1	62701219	62701200	-	10.3	12.74	>	6	35	55
817	chr7	75914120	75914101	+	10.266	24.1	>	6	35	55
818	chr5	98167679	98167660	+	10.26	12.875	>	6	35	55
819	chr9	99671799	99671780	+	10.23	22.52	>	6	35	55
820	chr1	179847901	179847882	+	10.16	11.88	>	6	35	55
821	chr15	80080817	80080798	-	10.15	32.28	>	6	35	55
822	chr6	137747756	137747737	-	10.09	27.12	>	6	35	55
823	chr6	77249625	77249606	-	10.09	6.945	>	6	35	55
824	chr5	149049190	149049171	-	10.08	15.81	>	6	35	55
825	chr18	32814407	32814388	-	10.07	2.566	>	6	35	55
826	chr11	46258405	46258386	-	10.06	20.3	>	6	35	55
827	chr11	81974830	81974811	-	10.01	5.44	>	6	35	55
828	chr19	48414047	48414028	+	9.99	12.77	>	6	35	55
829	chr11	34836484	34836465	+	9.86	20.75	>	6	35	55
830	chr17	24437345	24437326	-	9.81	19.33	>	6	35	55
831	chr6	59208753	59208734	-	9.734	12.92	>	6	35	55
832	chr13	37325694	37325675	-	9.734	20.84	>	6	35	55
833	chr11	43412967	43412948	-	9.72	22.2	>	6	35	55
834	chr13	49651342	49651323	-	9.71	2.496	>	6	35	55
835	chr7	143151380	143151361	+	9.69	18.05	>	6	35	55
836	chr16	4285478	4285459	-	9.67	7.94	>	6	35	55
837	chr11	29715017	29714998	-	9.664	9.12	>	6	35	55
838	chr3	134654263	134654244	+	9.62	3.898	>	6	35	55
839	chr8	28978824	28978805	-	9.57	7.504	>	6	35	55
840	chr13	54062269	54062250	-	9.55	10.02	>	6	35	55
841	chr9	32585514	32585495	+	9.516	12.72	>	6	35	55
842	chr7	73648212	73648193	-	9.484	13.375	>	6	35	55
843	chr19	27425889	27425870	-	9.44	11.26	>	6	35	55
844	chr13	100854377	100854358	-	9.42	17.78	>	6	35	55
845	chr5	140749784	140749765	-	9.414	22.17	>	6	35	55
846	chr4	127027444	127027425	+	9.4	22.48	>	6	35	55
847	chr11	109221866	109221847	-	9.3	9.67	>	6	35	55
848	chr16	16596794	16596775	+	9.28	5.977	>	6	35	55
849	chr2	128605294	128605275	-	9.25	9.07	>	6	35	55
850	chr2	61492265	61492246	+	9.25	6.99	>	6	35	55
851	chr10	74217479	74217460	+	9.22	7.7	>	6	35	55
852	chr9	68016722	68016703	+	9.2	8.305	>	6	35	55
853	chr6	144248136	144248117	+	9.19	7.742	>	6	35	55
854	chr13	51191948	51191929	+	9.17	5.492	>	6	35	55
855	chr2	103424848	103424829	-	9.164	12.29	>	6	35	55
856	chr7	64751734	64751715	-	9.13	16.66	>	6	35	55
857	chr7	27160004	27159985	+	9.125	14.17	>	6	35	55
858	chr13	95986545	95986526	+	9.08	13.76	>	6	35	55
859	chr5	135118653	135118634	+	9.08	29.22	>	6	35	55
860	chr10	49786914	49786895	-	9.07	0.785	>	6	35	55
861	chr1	51639072	51639053	+	9.02	3.22	>	6	35	55
862	chr14	105307894	105307875	+	8.95	2.453	>	6	35	55
863	chr19	40231990	40231971	-	8.95	19.89	>	6	35	55
864	chr10	69656526	69656507	+	8.95	12.99	>	6	35	55
865	chr7	142714879	142714860	-	8.945	27.2	>	6	35	55
866	chr6	129256260	129256241	-	8.93	14.53	>	6	35	55
867	chr5	138199783	138199764	+	8.9	8.414	>	6	35	55
868	chr8	36193738	36193719	+	8.89	10.43	>	6	35	55
869	chr11	49597354	49597335	+	8.87	6.92	>	6	35	55
870	chr1	139405977	139405958	-	8.86	4.043	>	6	35	55
871	chr3	124289118	124289099	-	8.84	12.69	>	6	35	55
872	chr9	13196005	13195986	-	8.83	30.6	>	6	35	55
873	chr14	115819240	115819221	+	8.83	10.71	>	6	35	55
874	chr5	146914595	146914576	+	8.82	39.7	>	6	35	55
875	chr4	119223866	119223847	-	8.766	16.34	>	6	35	55
876	chr15	85879204	85879185	-	8.76	17.27	>	6	35	55
877	chr4	124682485	124682466	+	8.7	17.45	>	6	35	55
878	chr17	34956526	34956507	+	8.695	22.17	>	6	35	55
879	chr12	39494054	39494035	-	8.65	2.455	>	6	35	55
880	chr9	34485824	34485805	-	8.625	10.6	>	6	35	55
881	chr2	180786948	180786929	+	8.57	17.27	>	6	35	55
882	chr4	62230989	62230970	+	8.57	12.25	>	6	35	55
883	chr2	16357480	16357461	+	8.55	2.205	>	6	35	55
884	chr17	9759516	9759497	+	8.54	11.53	>	6	35	55
885	chr10	13018670	13018651	+	8.54	19.64	>	6	35	55
886	chr4	32570820	32570801	-	8.52	6.645	>	6	35	55
887	chr9	86451919	86451900	-	8.49	16.77	>	6	35	55
888	chr7	139590495	139590476	+	8.49	20.39	>	6	35	55
889	chr16	31944169	31944150	+	8.445	14.11	>	6	35	55
890	chr3	104701211	104701192	-	8.44	24.84	>	6	35	55
891	chr2	160955546	160955527	-	8.414	14.05	>	6	35	55
892	chr18	32811889	32811870	+	8.4	4.918	>	6	35	55
893	chr14	115042240	115042221	-	8.4	14.734	>	6	35	55
894	chr2	28464119	28464100	-	8.33	19.16	>	6	35	55
895	chr2	76369931	76369912	+	8.28	9.1	>	6	35	55
896	chr3	107605512	107605493	+	8.28	12.57	>	6	35	55
897	chr14	121220891	121220872	-	8.23	10.8	>	6	35	55
898	chr1	103796539	103796520	+	8.22	10.74	>	6	35	55
899	chr16	23151589	23151570	+	8.21	3.11	>	6	35	55
900	chr5	33371346	33371327	-	8.19	15.74	>	6	35	55
901	chr13	103121088	103121069	-	8.18	6.016	>	6	35	55
902	chr10	60760529	60760510	+	8.14	24.72	>	6	35	55
903	chr1	169921787	169921768	+	8.12	12.62	>	6	35	55
904	chr13	42826816	42826797	-	8.11	17.0	>	6	35	55
905	chr6	72601930	72601911	+	8.11	24.06	>	6	35	55
906	chr7	81345319	81345300	-	7.99	7.87	>	6	35	55
907	chr11	33934471	33934452	+	7.98	18.27	>	6	35	55
908	chr18	77044808	77044789	-	7.97	11.42	>	6	35	55
909	chr7	67217278	67217259	+	7.926	7.28	>	6	35	55
910	chr2	164074027	164074008	+	7.906	10.22	>	6	35	55
911	chr3	45373410	45373391	+	7.855	1.438	>	6	35	55
912	chr1	152768355	152768336	-	7.84	9.35	>	6	35	55
913	chr11	102267665	102267646	-	7.81	17.44	>	6	35	55
914	chr11	43411664	43411645	-	7.81	21.72	>	6	35	55
915	chr2	129880054	129880035	+	7.805	6.484	>	6	35	55
916	chr11	81972241	81972222	+	7.797	9.07	>	6	35	55
917	chr9	65581143	65581124	-	7.793	11.17	>	6	35	55
918	chr4	106228720	106228701	+	7.727	13.9	>	6	35	55
919	chr6	119467876	119467857	+	7.703	18.1	>	6	35	55
920	chr10	122794511	122794492	+	7.695	15.734	>	6	35	55
921	chr14	34813484	34813465	-	7.69	11.805	>	6	35	55
922	chr15	19280629	19280610	+	7.68	3.066	>	6	35	55
923	chr13	38235597	38235578	-	7.676	11.836	>	6	35	55
924	chr13	21710105	21710086	+	7.67	14.95	>	6	35	55
925	chr11	104231353	104231334	-	7.67	18.38	>	6	35	55
926	chr6	86401304	86401285	-	7.64	23.28	>	6	35	55
927	chr4	24245320	24245301	-	7.633	3.027	>	6	35	55
928	chr9	29655082	29655063	+	7.613	20.11	>	6	35	55
929	chr9	58535957	58535938	-	7.605	16.9	>	6	35	55
930	chr5	112427478	112427459	-	7.598	9.93	>	6	35	55
931	chr4	140539353	140539334	-	7.58	22.9	>	6	35	55
932	chr14	105302910	105302891	+	7.57	4.605	>	6	35	55
933	chr7	19713404	19713385	-	7.543	26.19	>	6	35	55
934	chr1	127487367	127487348	-	7.52	14.33	>	6	35	55
935	chr19	56806125	56806106	-	7.504	5.934	>	6	35	55
936	chr19	47175662	47175643	-	7.46	21.67	>	6	35	55
937	chr2	150795624	150795605	-	7.44	6.633	>	6	35	55
938	chr2	137114826	137114807	+	7.438	4.08	>	6	35	55
939	chr10	119244230	119244211	+	7.434	4.305	>	6	35	55
940	chr5	117094622	117094603	+	7.42	22.22	>	6	35	55
941	chr11	67100384	67100365	-	7.42	22.83	>	6	35	55
942	chr5	30686988	30686969	+	7.41	18.64	>	6	35	55
943	chr8	105291139	105291120	-	7.41	11.78	>	6	35	55
944	chr7	143470174	143470155	-	7.39	17.94	>	6	35	55
945	chr15	8099290	8099271	-	7.35	8.336	>	6	35	55
946	chr7	119015949	119015930	+	7.34	17.75	>	6	35	55
947	chr17	56306039	56306020	-	7.305	16.48	>	6	35	55
948	chr1	134636895	134636876	+	7.3	5.97	>	6	35	55
949	chr17	65541217	65541198	+	7.258	9.125	>	6	35	55
950	chr14	49218880	49218861	+	7.25	8.47	>	6	35	55
951	chr1	25527154	25527135	+	7.2	7.453	>	6	35	55
952	chr1	146515575	146515556	+	7.18	3.11	>	6	35	55
953	chr9	44109578	44109559	+	7.176	33.9	>	6	35	55
954	chr11	108889358	108889339	+	7.15	8.016	>	6	35	55
955	chr7	138398615	138398596	+	7.117	4.707	>	6	35	55
956	chr5	32204842	32204823	+	7.11	6.15	>	6	35	55
957	chr8	14859581	14859562	+	7.1	5.27	>	6	35	55
958	chr11	95676507	95676488	-	7.09	14.555	>	6	35	55
959	chr6	85141186	85141167	+	7.08	33.56	>	6	35	55
960	chr14	20340404	20340385	-	7.04	15.81	>	6	35	55
961	chr1	193130339	193130320	-	7.023	5.71	>	6	35	55
962	chr9	98032882	98032863	+	6.992	4.73	>	6	35	55
963	chr7	143793289	143793270	+	6.98	21.42	>	6	35	55
964	chr12	32292312	32292293	-	6.895	8.26	>	6	35	55
965	chr17	45724453	45724434	-	6.89	12.125	>	6	35	55
966	chr14	102512314	102512295	+	6.89	1.602	>	6	35	55
967	chr8	11943038	11943019	+	6.88	5.47	>	6	35	55
968	chr7	83553561	83553542	+	6.867	8.27	>	6	35	55
969	chr9	64960779	64960760	-	6.85	16.31	>	6	35	55
970	chr9	30426996	30426977	+	6.832	15.31	>	6	35	55
971	chr11	119249183	119249164	+	6.785	23.48	>	6	35	55
972	chr8	90795542	90795523	+	6.77	10.67	>	6	35	55
973	chr2	113498926	113498907	-	6.766	9.86	>	6	35	55
974	chr13	62926662	62926643	+	6.75	4.73	>	6	35	55
975	chr1	127485025	127485006	+	6.715	16.44	>	6	35	55
976	chr17	78592615	78592596	+	6.715	8.945	>	6	35	55
977	chr2	118246134	118246115	-	6.668	13.72	>	6	35	55
978	chr2	92474875	92474856	-	6.652	13.95	>	6	35	55
979	chr7	17061423	17061404	+	6.645	15.1	>	6	35	55
980	chr10	122090678	122090659	+	6.63	8.38	>	6	35	55
981	chr13	64448147	64448128	+	6.594	17.92	>	6	35	55
982	chr2	34642611	34642592	-	6.562	14.51	>	6	35	55
983	chr5	117509743	117509724	+	6.54	26.92	>	6	35	55
984	chr7	131371109	131371090	+	6.516	4.71	>	6	35	55
985	chr6	94054143	94054124	-	6.5	13.34	>	6	35	55
986	chr14	20697228	20697209	+	6.465	17.88	>	6	35	55
987	chr10	122798121	122798102	+	6.46	15.23	>	6	35	55
988	chr13	14196604	14196585	+	6.45	1.613	>	6	35	55
989	chr3	118991976	118991957	+	6.438	8.26	>	6	35	55
990	chr9	107231295	107231276	-	6.434	7.414	>	6	35	55
991	chr15	24557016	24556997	-	6.418	3.371	>	6	35	55
992	chr2	178407758	178407739	+	6.414	11.43	>	6	35	55
993	chr9	90683476	90683457	-	6.38	1.322	>	6	35	55
994	chr6	22968335	22968316	-	6.34	6.418	>	6	35	55
995	chr12	67217811	67217792	+	6.336	1.95	>	6	35	55
996	chr10	82910438	82910419	+	6.277	10.99	>	6	35	55
997	chr7	49125716	49125697	+	6.258	16.88	>	6	35	55
998	chr11	119491305	119491286	-	6.215	10.81	>	6	35	55
999	chr11	32341308	32341289	-	6.21	14.555	>	6	35	55
1000	chr19	8713406	8713387	+	6.19	10.44	>	6	35	55
1001	chr4	48048044	48048025	+	6.152	6.21	>	6	35	55
1002	chr11	52764825	52764806	+	6.15	7.75	>	6	35	55
1003	chr13	20564636	20564617	-	6.145	4.82	>	6	35	55
1004	chr10	39105011	39104992	-	6.14	7.152	>	6	35	55
1005	chr11	98909856	98909837	-	6.117	18.95	>	6	35	55
1006	chr1	151025102	151025083	+	6.117	4.496	>	6	35	55
1007	chr5	98167777	98167758	-	6.113	9.555	>	6	35	55
1008	chr8	88118562	88118543	+	6.062	3.66	>	6	35	55
1009	chr16	92511934	92511915	+	6.035	16.34	>	6	35	55
1010	chr15	25792295	25792276	-	6.008	6.87	>	6	35	55
1011	chr13	92751194	92751175	+	5.938	12.68	>	6	35	55
1012	chr5	101688793	101688774	-	5.934	12.51	>	6	35	55
1013	chr7	112023252	112023233	+	5.93	8.26	>	6	35	55
1014	chr14	21854038	21854019	-	5.914	27.36	>	6	35	55
1015	chr8	32003733	32003714	-	5.9	2.012	>	6	35	55
1016	chr13	53095394	53095375	-	5.867	6.086	>	6	35	55
1017	chr1	182554179	182554160	+	5.836	10.15	>	6	35	55
1018	chr6	18381568	18381549	+	5.832	1.955	>	6	35	55
1019	chr9	77389590	77389571	+	5.832	5.68	>	6	35	55
1020	chr16	5254481	5254462	-	5.812	12.77	>	6	35	55
1021	chr2	93199625	93199606	+	5.797	14.08	>	6	35	55
1022	chr9	81631651	81631632	-	5.793	3.863	>	6	35	55
1023	chr2	152887412	152887393	-	5.78	4.652	>	6	35	55
1024	chr4	153481137	153481118	-	5.766	3.3	>	6	35	55
1025	chr8	72239706	72239687	-	5.754	5.32	>	6	35	55
1026	chr18	65750236	65750217	-	5.703	2.543	>	6	35	55
1027	chr6	61311882	61311863	-	5.68	7.43	>	6	35	55
1028	chr18	46143625	46143606	+	5.676	6.477	>	6	35	55
1029	chr6	120836118	120836099	+	5.64	7.797	>	6	35	55
1030	chr6	100563990	100563971	-	5.625	4.164	>	6	35	55
1031	chr3	13475098	13475079	-	5.61	1.948	>	6	35	55
1032	chr2	132262968	132262949	+	5.6	7.164	>	6	35	55
1033	chr11	103334169	103334150	+	5.594	12.02	>	6	35	55
1034	chr6	54255029	54255010	+	5.586	4.35	>	6	35	55
1035	chr13	101711018	101710999	+	5.543	9.15	>	6	35	55
1036	chr5	39644761	39644742	-	5.54	3.531	>	6	35	55
1037	chr8	90795201	90795182	-	5.516	4.996	>	6	35	55
1038	chr18	23162646	23162627	+	5.51	1.562	>	6	35	55
1039	chr16	78165563	78165544	+	5.477	7.39	>	6	35	55
1040	chr2	96584106	96584087	-	5.44	3.29	>	6	35	55
1041	chr12	72070473	72070454	+	5.426	11.336	>	6	35	55
1042	chr12	24708691	24708672	+	5.414	9.914	>	6	35	55
1043	chr8	92367135	92367116	-	5.406	6.984	>	6	35	55
1044	chr17	83866777	83866758	+	5.4	23.0	>	6	35	55
1045	chr13	55322636	55322617	-	5.4	7.0	>	6	35	55
1046	chr6	88893771	88893752	-	5.395	16.78	>	6	35	55
1047	chr19	8718731	8718712	-	5.383	8.6	>	6	35	55
1048	chr12	59220179	59220160	-	5.38	2.5	>	6	35	55
1049	chr14	60784526	60784507	+	5.367	16.06	>	6	35	55
1050	chr3	153658591	153658572	+	5.33	6.258	>	6	35	55
1051	chr9	77386949	77386930	-	5.312	12.24	>	6	35	55
1052	chr10	83219903	83219884	+	5.312	6.188	>	6	35	55
1053	chr6	15176967	15176948	-	5.31	2.947	>	6	35	55
1054	chr2	152604207	152604188	-	5.27	19.44	>	6	35	55
1055	chr2	39003369	39003350	-	5.26	1.671	>	6	35	55
1056	chr16	31425707	31425688	-	5.254	13.484	>	6	35	55
1057	chr5	137503018	137502999	-	5.227	3.691	>	6	35	55
1058	chr18	13973086	13973067	-	5.207	0.71	>	6	35	55
1059	chr17	68849016	68848997	-	5.2	1.891	>	6	35	55
1060	chr2	128408931	128408912	-	5.19	8.72	>	6	35	55
1061	chr14	97559790	97559771	-	5.16	2.041	>	6	35	55
1062	chr8	67903864	67903845	-	5.13	6.113	>	6	35	55
1063	chr14	56888181	56888162	-	5.125	3.316	>	6	35	55
1064	chr4	132198465	132198446	+	5.125	11.19	>	6	35	55
1065	chr2	39005861	39005842	-	5.12	3.883	>	6	35	55
1066	chr7	137471679	137471660	-	5.1	19.97	>	6	35	55
1067	chr6	64949075	64949056	+	5.09	5.168	>	6	35	55
1068	chr18	16821148	16821129	+	5.043	1.935	>	6	35	55
1069	chr2	93813566	93813547	+	5.04	13.086	>	6	35	55
1070	chr6	126481478	126481459	-	5.023	10.89	>	6	35	55
1071	chr1	181881093	181881074	-	4.984	10.19	>	6	35	55
1072	chr6	108065822	108065803	-	4.977	6.67	>	6	35	55
1073	chr4	88550373	88550354	+	4.938	4.04	>	6	35	55
1074	chr5	137502167	137502148	+	4.867	8.81	>	6	35	55
1075	chr8	77618148	77618129	-	4.86	4.188	>	6	35	55
1076	chr7	120098024	120098005	+	4.855	7.22	>	6	35	55
1077	chr2	75152706	75152687	-	4.824	10.55	>	6	35	55
1078	chr11	87950193	87950174	+	4.78	11.09	>	6	35	55
1079	chr11	94598936	94598917	-	4.746	10.49	>	6	35	55
1080	chr1	10229119	10229100	+	4.746	0.972	>	6	35	55
1081	chr7	143476888	143476869	+	4.746	8.89	>	6	35	55
1082	chr9	102607693	102607674	-	4.715	3.604	>	6	35	55
1083	chr8	32009749	32009730	+	4.71	6.785	>	6	35	55
1084	chr3	99262117	99262098	-	4.707	1.889	>	6	35	55
1085	chr18	75607987	75607968	+	4.664	23.11	>	6	35	55
1086	chr7	75380211	75380192	-	4.64	2.41	>	6	35	55
1087	chr3	135863108	135863089	+	4.64	3.164	>	6	35	55
1088	chr4	87369015	87368996	-	4.625	9.125	>	6	35	55
1089	chr8	84639535	84639516	+	4.605	13.88	>	6	35	55
1090	chr15	74524301	74524282	+	4.586	13.7	>	6	35	55
1091	chr17	57007316	57007297	-	4.582	9.42	>	6	35	55
1092	chr11	30893985	30893966	+	4.547	0.9004	>	6	35	55
1093	chr19	57360190	57360171	-	4.543	2.654	>	6	35	55
1094	chr8	110102657	110102638	-	4.53	9.24	>	6	35	55
1095	chr7	135389259	135389240	-	4.53	9.336	>	6	35	55
1096	chr4	152527530	152527511	+	4.516	13.99	>	6	35	55
1097	chr13	103710441	103710422	+	4.5	4.57	>	6	35	55
1098	chr10	120896053	120896034	+	4.5	2.322	>	6	35	55
1099	chr18	5155632	5155613	-	4.484	6.39	>	6	35	55
1100	chr12	80141693	80141674	-	4.45	17.05	>	6	35	55
1101	chr5	118763566	118763547	-	4.418	12.81	>	6	35	55
1102	chr12	14150175	14150156	+	4.406	3.688	>	6	35	55
1103	chr10	128990300	128990281	-	4.4	8.03	>	6	35	55
1104	chr10	30834038	30834019	-	4.37	4.473	>	6	35	55
1105	chr6	50618483	50618464	+	4.367	12.766	>	6	35	55
1106	chr15	9748972	9748953	-	4.36	3.496	>	6	35	55
1107	chr16	92308164	92308145	-	4.355	11.22	>	6	35	55
1108	chr2	9881964	9881945	-	4.355	2.918	>	6	35	55
1109	chr8	123106089	123106070	+	4.336	8.18	>	6	35	55
1110	chr5	98346264	98346245	+	4.324	2.342	>	6	35	55
1111	chr10	40249841	40249822	-	4.316	12.23	>	6	35	55
1112	chr3	141457685	141457666	+	4.312	4.707	>	6	35	55
1113	chr9	40192620	40192601	-	4.3	2.145	>	6	35	55
1114	chr9	72448248	72448229	+	4.29	7.78	>	6	35	55
1115	chr13	24316809	24316790	-	4.273	3.682	>	6	35	55
1116	chr1	50927249	50927230	+	4.258	4.5	>	6	35	55
1117	chr11	102690417	102690398	-	4.223	12.195	>	6	35	55
1118	chr4	116627141	116627122	+	4.207	6.52	>	6	35	55
1119	chr15	76198817	76198798	+	4.164	10.72	>	6	35	55
1120	chr15	12113620	12113601	-	4.156	3.312	>	6	35	55
1121	chr1	115675059	115675040	+	4.152	5.223	>	6	35	55
1122	chr2	34644807	34644788	-	4.15	8.266	>	6	35	55
1123	chr2	166084974	166084955	-	4.133	18.12	>	6	35	55
1124	chr11	21571906	21571887	-	4.13	2.105	>	6	35	55
1125	chr15	9449709	9449690	-	4.062	0.543	>	6	35	55
1126	chr5	92664520	92664501	-	4.055	3.326	>	6	35	55
1127	chr12	77001216	77001197	+	4.043	1.105	>	6	35	55
1128	chr6	93757507	93757488	-	4.01	5.273	>	6	35	55
1129	chr19	56302794	56302775	+	4.01	3.797	>	6	35	55
1130	chr13	71954038	71954019	-	4.008	1.19	>	6	35	55
1131	chr4	17852015	17851996	-	4.0	0.8535	>	6	35	55
1132	chr18	39136126	39136107	+	3.992	1.932	>	6	35	55
1133	chr1	153489234	153489215	-	3.99	7.715	>	6	35	55
1134	chr9	66136172	66136153	-	3.988	5.383	>	6	35	55
1135	chr11	109621431	109621412	-	3.979	11.484	>	6	35	55
1136	chr13	91723318	91723299	+	3.959	5.49	>	6	35	55
1137	chr13	3642291	3642272	-	3.959	4.75	>	6	35	55
1138	chr13	47304770	47304751	+	3.957	6.746	>	6	35	55
1139	chr2	121144456	121144437	+	3.953	4.504	>	6	35	55
1140	chr13	93772223	93772204	-	3.928	3.56	>	6	35	55
1141	chr10	70967079	70967060	+	3.916	4.88	>	6	35	55
1142	chr13	59417085	59417066	-	3.91	5.0	>	6	35	55
1143	chr7	102484972	102484953	-	3.883	7.0	>	6	35	55
1144	chr5	38235667	38235648	-	3.879	10.78	>	6	35	55
1145	chr14	56885401	56885382	+	3.87	2.412	>	6	35	55
1146	chr11	75170669	75170650	-	3.861	7.984	>	6	35	55
1147	chr11	77980417	77980398	+	3.846	9.5	>	6	35	55
1148	chr9	94738712	94738693	+	3.828	14.92	>	6	35	55
1149	chr6	140466500	140466481	-	3.816	3.785	>	6	35	55
1150	chr19	57361025	57361006	-	3.814	6.484	>	6	35	55
1151	chr12	58972459	58972440	+	3.777	2.135	>	6	35	55
1152	chr2	61490636	61490617	+	3.775	5.23	>	6	35	55
1153	chr4	44310651	44310632	+	3.762	4.973	>	6	35	55
1154	chr11	52766147	52766128	+	3.734	1.83	>	6	35	55
1155	chr13	72627587	72627568	-	3.717	4.066	>	6	35	55
1156	chr9	23012459	23012440	-	3.71	1.704	>	6	35	55
1157	chr16	31427924	31427905	-	3.705	3.383	>	6	35	55
1158	chr12	29895773	29895754	+	3.691	1.481	>	6	35	55
1159	chr9	73154557	73154538	+	3.666	9.1	>	6	35	55
1160	chr1	127484437	127484418	-	3.66	8.8	>	6	35	55
1161	chr9	107566236	107566217	+	3.656	7.098	>	6	35	55
1162	chr2	68118338	68118319	+	3.652	4.36	>	6	35	55
1163	chr11	11140836	11140817	-	3.629	13.69	>	6	35	55
1164	chr12	74014936	74014917	-	3.627	5.97	>	6	35	55
1165	chr7	138396301	138396282	-	3.621	0.934	>	6	35	55
1166	chr14	103534605	103534586	+	3.617	5.312	>	6	35	55
1167	chr10	115164112	115164093	-	3.613	3.031	>	6	35	55
1168	chr7	119019764	119019745	+	3.598	7.113	>	6	35	55
1169	chr13	96389525	96389506	-	3.588	1.339	>	6	35	55
1170	chr14	74723724	74723705	-	3.586	5.766	>	6	35	55
1171	chr14	55114114	55114095	-	3.57	7.387	>	6	35	55
1172	chr9	62784468	62784449	+	3.562	12.84	>	6	35	55
1173	chr10	127678167	127678148	-	3.541	2.129	>	6	35	55
1174	chr17	55948218	55948199	-	3.535	4.3	>	6	35	55
1175	chr11	78183263	78183244	-	3.525	12.305	>	6	35	55
1176	chr6	59207403	59207384	-	3.508	1.477	>	6	35	55
1177	chr6	135416919	135416900	+	3.498	4.027	>	6	35	55
1178	chr5	122104403	122104384	+	3.492	11.98	>	6	35	55
1179	chr13	37971068	37971049	-	3.482	3.088	>	6	35	55
1180	chr5	114612410	114612391	+	3.48	13.6	>	6	35	55
1181	chr10	114442226	114442207	+	3.46	2.104	>	6	35	55
1182	chr2	145655527	145655508	-	3.44	2.05	>	6	35	55
1183	chr7	109507351	109507332	-	3.418	1.832	>	6	35	55
1184	chr16	10009965	10009946	+	3.402	4.965	>	6	35	55
1185	chr14	67969032	67969013	-	3.385	5.523	>	6	35	55
1186	chr5	140744055	140744036	-	3.348	10.35	>	6	35	55
1187	chr1	56984334	56984315	+	3.338	2.584	>	6	35	55
1188	chr2	137110782	137110763	+	3.328	1.323	>	6	35	55
1189	chr16	22267525	22267506	+	3.322	1.262	>	6	35	55
1190	chr16	4884595	4884576	-	3.3	2.822	>	6	35	55
1191	chr5	19458406	19458387	-	3.291	6.625	>	6	35	55
1192	chr1	84697217	84697198	-	3.29	7.492	>	6	35	55
1193	chr14	122903088	122903069	-	3.29	2.205	>	6	35	55
1194	chr7	64056729	64056710	-	3.273	1.214	>	6	35	55
1195	chr9	71624061	71624042	-	3.273	15.39	>	6	35	55
1196	chr9	96885958	96885939	-	3.271	10.016	>	6	35	55
1197	chr18	46964733	46964714	-	3.266	8.555	>	6	35	55
1198	chr3	122638475	122638456	+	3.26	4.82	>	6	35	55
1199	chr9	94733848	94733829	+	3.256	3.768	>	6	35	55
1200	chr1	167938404	167938385	-	3.25	6.79	>	6	35	55
1201	chr1	180811841	180811822	+	3.244	6.383	>	6	35	55
1202	chr10	42760472	42760453	+	3.229	1.784	>	6	35	55
1203	chr18	20598347	20598328	+	3.213	4.758	>	6	35	55
1204	chr17	71909305	71909286	+	3.203	3.572	>	6	35	55
1205	chr1	34459898	34459879	+	3.193	3.389	>	6	35	55
1206	chr4	117202234	117202215	-	3.191	9.61	>	6	35	55
1207	chr15	101313974	101313955	-	3.178	2.96	>	6	35	55
1208	chr16	13438138	13438119	+	3.176	1.241	>	6	35	55
1209	chr7	114878499	114878480	+	3.174	1.604	>	6	35	55
1210	chr11	109866735	109866716	+	3.166	2.812	>	6	35	55
1211	chr3	123509329	123509310	+	3.162	5.67	>	6	35	55
1212	chr3	114085881	114085862	-	3.146	0.5283	>	6	35	55
1213	chr4	120149384	120149365	-	3.145	8.09	>	6	35	55
1214	chr16	4549594	4549575	-	3.137	11.12	>	6	35	55
1215	chr15	78872224	78872205	+	3.133	9.35	>	6	35	55
1216	chr12	57231261	57231242	-	3.127	3.32	>	6	35	55
1217	chr9	71624949	71624930	-	3.125	15.0	>	6	35	55
1218	chr4	18963859	18963840	-	3.12	4.01	>	6	35	55
1219	chr8	40913366	40913347	-	3.115	1.625	>	6	35	55
1220	chr5	21645240	21645221	-	3.11	1.259	>	6	35	55
1221	chr10	68357244	68357225	+	3.094	1.353	>	6	35	55
1222	chr2	93812077	93812058	-	3.06	11.82	>	6	35	55
1223	chr12	75669431	75669412	-	3.05	4.1	>	6	35	55
1224	chr1	12844023	12844004	+	3.033	4.33	>	6	35	55
1225	chr12	86697142	86697123	+	3.025	6.996	>	6	35	55
1226	chr9	98033678	98033659	+	3.021	1.525	>	6	35	55
1227	chr19	37946902	37946883	+	3.02	4.082	>	6	35	55
1228	chr9	75271676	75271657	+	3.01	4.42	>	6	35	55
1229	chr11	55162881	55162862	+	2.996	3.625	>	6	35	55
1230	chr17	25274339	25274320	-	2.984	4.45	>	6	35	55
1231	chr6	108065317	108065298	+	2.984	5.535	>	6	35	55
1232	chr7	5071749	5071730	-	2.928	2.754	>	6	35	55
1233	chr3	152477906	152477887	-	2.922	3.295	>	6	35	55
1234	chr5	28090770	28090751	-	2.922	2.412	>	6	35	55
1235	chr14	78282622	78282603	+	2.91	2.186	>	6	35	55
1236	chr14	88480122	88480103	-	2.906	3.236	>	6	35	55
1237	chr7	107569047	107569028	+	2.902	1.588	>	6	35	55
1238	chr3	83777088	83777069	-	2.879	3.992	>	6	35	55
1239	chr8	48550865	48550846	+	2.871	0.592	>	6	35	55
1240	chr7	132575955	132575936	-	2.855	4.473	>	6	35	55
1241	chr14	79769127	79769108	-	2.852	4.36	>	6	35	55
1242	chr17	69974245	69974226	-	2.799	1.284	>	6	35	55
1243	chr12	66284211	66284192	-	2.793	5.484	>	6	35	55
1244	chr6	83796902	83796883	-	2.785	3.35	>	6	35	55
1245	chr9	44108077	44108058	+	2.785	11.375	>	6	35	55
1246	chr11	116023924	116023905	+	2.777	6.906	>	6	35	55
1247	chr3	86779824	86779805	-	2.775	8.64	>	6	35	55
1248	chr19	46056202	46056183	+	2.77	5.27	>	6	35	55
1249	chr10	108210181	108210162	-	2.762	0.674	>	6	35	55
1250	chr8	27001386	27001367	+	0.4329	0.4077	>	6	35	55
1251	chr17	28338029	28338010	-	0.252	0.265	>	6	35	55
1252	chr11	76445826	76445807	-	0.2268	0.1863	>	6	35	55
1253	chr5	144244146	144244127	-	0.311	0.3691	>	6	35	55
1254	chr14	79768803	79768784	-	0.3076	0.2808	>	6	35	55
1255	chr9	26778623	26778604	-	1.299	0.6914	>	6	35	55
1256	chr7	25392052	25392033	+	0.2487	0.242	>	6	35	55
1257	chr3	101484879	101484860	-	0.3438	0.528	>	6	35	55
1258	chr2	69113988	69113969	+	0.2472	0.1981	>	6	35	55
1259	chr13	29852447	29852428	-	0.1781	0.1941	>	6	35	55
1260	chr2	60213231	60213212	-	0.1073	0.1628	>	6	35	55
1261	chr2	171418157	171418138	-	0.1407	0.2131	>	6	35	55
1262	chr7	64392050	64392031	-	0.514	0.2006	>	6	35	55
1263	chr15	36157434	36157415	-	0.7227	0.836	>	6	35	55
1264	chr4	49662357	49662338	-	0.4692	0.2915	>	6	35	55
1265	chr4	48422356	48422337	+	1.027	0.5225	>	6	35	55
1266	chr18	82720514	82720495	+	0.1605	0.1409	>	6	35	55
1267	chr1	172022686	172022667	+	0.1733	0.1764	>	6	35	55
1268	chr7	139595890	139595871	+	0.1575	0.2125	>	6	35	55
1269	chr12	73007842	73007823	-	0.345	0.2974	>	6	35	55
1270	chr17	27192928	27192909	-	0.1056	0.4468	>	6	35	55
1271	chr1	53698960	53698941	+	0.557	0.255	>	6	35	55
1272	chr18	12734380	12734361	+	0.207	0.1383	>	6	35	55
1273	chr6	126767488	126767469	-	0.2039	0.2483	>	6	35	55
1274	chr2	92856249	92856230	-	2.734	0.857	>	6	35	55
1275	chr11	74572851	74572832	+	0.2646	0.2705	>	6	35	55
1276	chr9	59675637	59675618	-	0.4082	0.744	>	6	35	55
1277	chr15	55025647	55025628	+	0.1847	0.1536	>	6	35	55
1278	chr4	120579150	120579131	-	0.33	0.264	>	6	35	55
1279	chr15	74525720	74525701	+	0.2172	0.2104	>	6	35	55
1280	chr1	88748095	88748076	+	0.1973	0.1881	>	6	35	55
1281	chr15	32239655	32239636	-	0.2822	0.1587	>	6	35	55
1282	chr7	36571183	36571164	+	0.1103	0.1942	>	6	35	55
1283	chr11	113855351	113855332	-	0.1613	0.1947	>	6	35	55
1284	chr6	90609163	90609144	+	2.127	1.159	>	6	35	55
1285	chr3	146181407	146181388	-	0.2034	0.3416	>	6	35	55
1286	chr10	69857222	69857203	-	0.3232	0.3599	>	6	35	55
1287	chr2	158361425	158361406	-	0.5625	0.2502	>	6	35	55
1288	chr5	136268179	136268160	-	0.1886	0.2153	>	6	35	55
1289	chr16	11983350	11983331	-	1.634	1.076	>	6	35	55
1290	chr2	84437773	84437754	+	0.2305	0.14	>	6	35	55
1291	chr18	24002018	24001999	-	0.133	0.1333	>	6	35	55
1292	chr1	130151533	130151514	-	0.4075	0.3347	>	6	35	55
1293	chr9	59675855	59675836	+	0.3367	0.2161	>	6	35	55
1294	chr11	116840251	116840232	-	0.3374	0.637	>	6	35	55
1295	chr2	155819963	155819944	+	0.07886	0.146	>	6	35	55
1296	chr14	105301632	105301613	+	0.206	0.2114	>	6	35	55
1297	chr12	9044592	9044573	+	0.1821	0.2019	>	6	35	55
1298	chr18	13971224	13971205	-	0.5337	0.3596	>	6	35	55
1299	chr5	136267600	136267581	-	0.2751	0.189	>	6	35	55
1300	chr5	33371430	33371411	+	0.3992	0.1644	>	6	35	55
1301	chr14	51090397	51090378	-	0.4153	0.243	>	6	35	55
1302	chr1	77935072	77935053	+	0.1814	0.1729	>	6	35	55
1303	chr11	119246049	119246030	-	0.204	0.3367	>	6	35	55
1304	chr17	50274949	50274930	-	0.441	0.1749	>	6	35	55
1305	chr8	108956442	108956423	+	0.5635	0.3044	>	6	35	55
1306	chr11	66885340	66885321	+	0.1636	0.169	>	6	35	55
1307	chr7	30099945	30099926	-	0.1979	0.1757	>	6	35	55
1308	chr15	99973159	99973140	-	0.1998	0.3345	>	6	35	55
1309	chr5	16308949	16308930	+	0.1567	0.1411	>	6	35	55
1310	chr6	119466578	119466559	-	0.9824	0.9795	>	6	35	55
1311	chr2	136886679	136886660	+	0.7764	0.2095	>	6	35	55
1312	chr14	79763594	79763575	-	0.2852	0.151	>	6	35	55
1313	chr2	170416012	170415993	+	0.1837	0.1256	>	6	35	55
1314	chr4	41015236	41015217	-	0.1882	0.1434	>	6	35	55
1315	chr11	70975109	70975090	+	0.713	0.3914	>	6	35	55
1316	chr5	122773202	122773183	+	0.11584	0.1375	>	6	35	55
1317	chr4	128588031	128588012	-	0.2659	0.1909	>	6	35	55
1318	chr8	122576186	122576167	-	0.11285	0.1545	>	6	35	55
1319	chr7	76383989	76383970	+	0.1553	0.154	>	6	35	55
1320	chr9	41467019	41467000	-	0.2223	0.1565	>	6	35	55
1321	chr1	32712246	32712227	-	0.05322	0.1516	>	6	35	55
1322	chr16	23974866	23974847	-	0.5283	0.3425	>	6	35	55
1323	chr15	84066194	84066175	-	0.6196	1.17	>	6	35	55
1324	chr11	40148920	40148901	-	1.272	0.642	>	6	35	55
1325	chr7	27166488	27166469	-	0.306	0.491	>	6	35	55
1326	chr11	30240273	30240254	+	0.4001	0.2556	>	6	35	55
1327	chr2	69115969	69115950	-	0.1754	0.1587	>	6	35	55
1328	chr9	113420569	113420550	-	0.2261	0.2178	>	6	35	55
1329	chr12	99882528	99882509	-	0.2617	0.1387	>	6	35	55
1330	chr5	77347648	77347629	-	0.3625	0.4211	>	6	35	55
1331	chr10	49780455	49780436	+	0.2179	0.1394	>	6	35	55
1332	chr5	75855263	75855244	-	0.6416	0.4326	>	6	35	55
1333	chr2	124087358	124087339	-	0.6436	0.2075	>	6	35	55
1334	chr14	49219056	49219037	+	0.678	0.694	>	6	35	55
1335	chr5	147938091	147938072	+	0.368	0.1842	>	6	35	55
1336	chr11	32340288	32340269	+	0.1792	0.1648	>	6	35	55
1337	chr16	50181579	50181560	+	0.2006	0.1838	>	6	35	55
1338	chr16	20496121	20496102	-	0.6714	0.1777	>	6	35	55
1339	chr8	76775680	76775661	+	0.135	0.1975	>	6	35	55
1340	chr14	65597676	65597657	+	0.6543	0.452	>	6	35	55
1341	chr7	64754771	64754752	+	0.1351	0.2295	>	6	35	55
1342	chr2	166083979	166083960	-	0.2964	0.2065	>	6	35	55
1343	chr16	44140440	44140421	+	0.4607	0.3381	>	6	35	55
1344	chr12	90524338	90524319	-	0.3223	0.2983	>	6	35	55
1345	chr5	89391716	89391697	+	0.1626	0.1418	>	6	35	55
1346	chr9	59675438	59675419	-	0.2104	0.1542	>	6	35	55
1347	chr19	16339103	16339084	-	0.1967	0.1177	>	6	35	55
1348	chr13	30545067	30545048	+	0.3672	0.2915	>	6	35	55
1349	chr1	92462681	92462662	+	0.3916	0.1832	>	6	35	55
1350	chr4	84066283	84066264	-	0.1898	0.1552	>	6	35	55
1351	chr9	83373922	83373903	-	0.2197	0.1434	>	6	35	55
1352	chr4	88773969	88773950	-	0.9507	8.01	>	6	35	55
1353	chr9	123132258	123132239	-	0.1687	0.1416	>	6	35	55
1354	chr17	34958843	34958824	-	0.2079	0.5464	>	6	35	55
1355	chr12	50946225	50946206	+	0.2341	0.157	>	6	35	55
1356	chr13	73647252	73647233	+	0.267	0.1704	>	6	35	55
1357	chr11	83279300	83279281	-	0.4434	0.2251	>	6	35	55
1358	chr17	8986048	8986029	-	0.3325	0.212	>	6	35	55
1359	chr4	14935721	14935702	-	0.7095	0.296	>	6	35	55
1360	chr4	75076699	75076680	+	0.09125	0.2014	>	6	35	55
1361	chr5	114610713	114610694	+	0.0985	0.1626	>	6	35	55
1362	chr9	83378273	83378254	-	0.471	0.2808	>	6	35	55
1363	chr9	107773182	107773163	-	0.1786	0.1414	>	6	35	55
1364	chr9	41218030	41218011	+	0.1323	0.1355	>	6	35	55
1365	chr9	105644718	105644699	+	0.4255	0.1808	>	6	35	55
1366	chr8	84264441	84264422	-	1.261	1.4795	>	6	35	55
1367	chr4	135959453	135959434	+	0.112	0.2223	>	6	35	55
1368	chr1	24684268	24684249	+	0.4001	0.1942	>	6	35	55
1369	chr3	87748577	87748558	-	0.7593	0.4382	>	6	35	55
1370	chr9	54690950	54690931	+	0.11566	0.136	>	6	35	55
1371	chr15	82277690	82277671	-	0.9043	0.4492	>	6	35	55
1372	chr5	115498528	115498509	-	0.2693	0.2164	>	6	35	55
1373	chr9	56621276	56621257	+	0.10846	0.253	>	6	35	55
1374	chr18	81956733	81956714	-	0.2815	0.2637	>	6	35	55
1375	chr10	22791401	22791382	-	0.1346	0.2358	>	6	35	55
1376	chr15	82271301	82271282	+	0.836	0.1838	>	6	35	55
1377	chr12	69946159	69946140	+	0.555	0.455	>	6	35	55
1378	chr14	101442800	101442781	+	0.2983	0.1344	>	6	35	55
1379	chr2	164777017	164776998	-	0.5176	0.361	>	6	35	55
1380	chr10	24631573	24631554	-	1.178	1.224	>	6	35	55
1381	chr1	136528510	136528491	-	1.761	0.7373	>	6	35	55
1382	chr10	19222118	19222099	-	1.411	0.8228	>	6	35	55
1383	chr14	56885508	56885489	-	2.348	4.004	>	6	35	55
1384	chr8	85060493	85060474	-	0.9688	0.437	>	6	35	55
1385	chr11	96075822	96075803	-	0.9316	0.4944	>	6	35	55
1386	chr11	77476535	77476516	+	0.1632	0.2383	>	6	35	55
1387	chr1	81294004	81293985	-	0.905	0.562	>	6	35	55
1388	chr12	15520954	15520935	+	0.7183	0.4033	>	6	35	55
1389	chr7	66397054	66397035	+	0.1594	0.2107	>	6	35	55
1390	chr12	74014582	74014563	-	0.2377	0.1973	>	6	35	55
1391	chr5	144242554	144242535	-	0.241	0.1987	>	6	35	55
1392	chr15	66894943	66894924	+	0.2703	0.2021	>	6	35	55
1393	chr6	126484995	126484976	-	0.4333	1.278	>	6	35	55
1394	chr4	48427148	48427129	+	0.678	0.3833	>	6	35	55
1395	chr15	71459211	71459192	+	0.252	0.1731	>	6	35	55
1396	chr3	19896435	19896416	-	0.2361	0.1467	>	6	35	55
1397	chr8	68268707	68268688	-	0.1398	0.1492	>	6	35	55
1398	chr1	182555580	182555561	-	0.1982	0.1915	>	6	35	55
1399	chr9	44413186	44413167	-	0.534	0.393	>	6	35	55
1400	chr14	70151716	70151697	+	0.3604	0.2382	>	6	35	55
1401	chr4	62478250	62478231	+	0.438	0.1328	>	6	35	55
1402	chr3	127561629	127561610	-	0.2183	0.12354	>	6	35	55
1403	chr3	69139614	69139595	-	0.397	0.2261	>	6	35	55
1404	chr17	17919616	17919597	+	0.1678	0.167	>	6	35	55
1405	chr4	139314214	139314195	-	0.2279	0.269	>	6	35	55
1406	chr18	61952763	61952744	-	0.2372	0.1731	>	6	35	55
1407	chr9	7599188	7599169	+	0.33	0.191	>	6	35	55
1408	chr10	120898341	120898322	-	0.3386	0.1467	>	6	35	55
1409	chr11	57469613	57469594	-	0.1846	0.2297	>	6	35	55
1410	chr18	58480198	58480179	-	0.2095	0.1665	>	6	35	55
1411	chr17	12380527	12380508	-	0.658	0.591	>	6	35	55
1412	chr2	107940173	107940154	+	0.11664	0.1351	>	6	35	55
1413	chr2	32580534	32580515	-	0.2605	0.4055	>	6	35	55
1414	chr15	98813480	98813461	+	0.3496	0.5376	>	6	35	55
1415	chr6	54253893	54253874	+	0.1663	0.1743	>	6	35	55
1416	chr1	135800865	135800846	+	0.1766	0.1665	>	6	35	55
1417	chr15	58426369	58426350	+	0.1996	0.1519	>	6	35	55
1418	chr4	87367775	87367756	+	0.3853	0.1472	>	6	35	55
1419	chr2	96583103	96583084	-	0.809	0.3242	>	6	35	55
1420	chr4	63366959	63366940	-	0.1979	0.1753	>	6	35	55
1421	chr4	59761293	59761274	-	0.3435	0.2113	>	6	35	55
1422	chr10	7832162	7832143	+	0.2646	0.1672	>	6	35	55
1423	chr7	89904213	89904194	-	0.2908	0.156	>	6	35	55
1424	chr1	30697342	30697323	+	0.1025	0.1263	>	6	35	55
1425	chr1	58987602	58987583	+	0.2202	0.1498	>	6	35	55
1426	chr15	7452190	7452171	+	0.1405	0.12085	>	6	35	55
1427	chr4	139877044	139877025	+	0.3875	0.2688	>	6	35	55
1428	chr3	83291887	83291868	-	0.0825	0.137	>	6	35	55
1429	chr15	68912907	68912888	-	0.5024	0.2024	>	6	35	55
1430	chr14	64593744	64593725	-	1.073	0.5703	>	6	35	55
1431	chr1	56980349	56980330	-	0.2778	0.2322	>	6	35	55
1432	chr14	75833620	75833601	-	0.6006	0.4543	>	6	35	55
1433	chr16	62904648	62904629	-	0.217	0.1924	>	6	35	55
1434	chr5	35991229	35991210	-	1.033	1.082	>	6	35	55
1435	chr5	44287418	44287399	-	0.248	0.155	>	6	35	55
1436	chr15	76199915	76199896	-	0.07776	0.3071	>	6	35	55
1437	chr4	131240262	131240243	-	0.241	0.206	>	6	35	55
1438	chr5	102147917	102147898	-	0.228	0.2458	>	6	35	55
1439	chr3	93086926	93086907	+	0.0978	0.1787	>	6	35	55
1440	chr6	126163382	126163363	+	2.373	1.376	>	6	35	55
1441	chr3	45375769	45375750	+	1.051	0.2544	>	6	35	55
1442	chr16	90306219	90306200	-	0.3647	0.3506	>	6	35	55
1443	chr17	3249270	3249251	-	0.1843	0.136	>	6	35	55
1444	chr4	143024421	143024402	-	0.087	0.1317	>	6	35	55
1445	chr19	47513892	47513873	-	0.2471	0.1393	>	6	35	55
1446	chr6	66534595	66534576	-	1.387	0.675	>	6	35	55
1447	chr6	134963172	134963153	-	0.6475	0.5996	>	6	35	55
1448	chr14	56369245	56369226	+	0.2401	0.1912	>	6	35	55
1449	chr18	53460219	53460200	+	0.1775	0.162	>	6	35	55
1450	chr7	89476922	89476903	-	0.2163	0.1522	>	6	35	55
1451	chr6	34273116	34273097	+	0.0673	0.1545	>	6	35	55
1452	chr7	142295608	142295589	-	1.062	6.32	>	6	35	55
1453	chr3	22302208	22302189	+	0.992	0.3848	>	6	35	55
1454	chr6	31045994	31045975	-	0.7534	0.959	>	6	35	55
1455	chr9	57143378	57143359	-	0.1816	0.2302	>	6	35	55
1456	chr6	101268340	101268321	+	0.2712	0.1924	>	6	35	55
1457	chr9	58897456	58897437	-	0.7163	0.4846	>	6	35	55
1458	chr17	79601068	79601049	+	0.2245	0.12476	>	6	35	55
1459	chr16	5254607	5254588	-	0.2883	0.22	>	6	35	55
1460	chr4	83595536	83595517	+	1.783	1.041	>	6	35	55
1461	chr9	51159881	51159862	-	0.6875	0.266	>	6	35	55
1462	chr14	66354429	66354410	+	0.1142	0.1388	>	6	35	55
1463	chr5	117090283	117090264	+	0.5806	0.4014	>	6	35	55
1464	chr2	168061425	168061406	-	0.1733	0.2051	>	6	35	55
1465	chr5	9169228	9169209	+	0.3306	0.1686	>	6	35	55
1466	chr6	28418701	28418682	-	0.4202	0.266	>	6	35	55
1467	chr12	105038443	105038424	-	0.1501	0.2063	>	6	35	55
1468	chr1	182558143	182558124	-	0.2264	0.1511	>	6	35	55
1469	chr8	47713300	47713281	-	1.078	1.646	>	6	35	55
1470	chr18	47357393	47357374	+	0.2007	0.1278	>	6	35	55
1471	chr1	118771083	118771064	-	0.1254	0.2006	>	6	35	55
1472	chr16	6493044	6493025	-	0.1927	0.1516	>	6	35	55
1473	chr9	42951005	42950986	-	0.3914	0.2078	>	6	35	55
1474	chr13	53430986	53430967	-	0.6504	0.3672	>	6	35	55
1475	chr13	67609268	67609249	+	2.162	0.826	>	6	35	55
1476	chr1	53035072	53035053	+	0.1465	0.1494	>	6	35	55
1477	chr7	99471824	99471805	-	0.3745	0.4907	>	6	35	55
1478	chr11	36543574	36543555	-	0.1156	0.1614	>	6	35	55
1479	chr5	124334258	124334239	-	0.3428	0.273	>	6	35	55
1480	chr10	76771414	76771395	-	0.1296	0.2047	>	6	35	55
1481	chr10	4386719	4386700	+	0.32	0.4492	>	6	35	55
1482	chr5	116554091	116554072	+	0.0876	0.1714	>	6	35	55
1483	chr10	41734858	41734839	+	0.1406	0.2605	>	6	35	55
1484	chr10	50906875	50906856	-	0.2361	0.1674	>	6	35	55
1485	chr11	31651668	31651649	+	0.07605	0.1534	>	6	35	55
1486	chr6	116193190	116193171	+	0.3687	0.372	>	6	35	55
1487	chr1	188976509	188976490	+	0.343	0.1833	>	6	35	55
1488	chr12	101976095	101976076	+	0.681	0.4116	>	6	35	55
1489	chr15	75925915	75925896	+	0.6084	0.9233	>	6	35	55
1490	chr1	4777287	4777268	-	0.9443	1.425	>	6	35	55
1491	chr18	86560230	86560211	+	0.7866	1.138	>	6	35	55
1492	chr7	43574878	43574859	+	1.292	1.347	>	6	35	55
1493	chr7	98200601	98200582	-	0.2927	0.1711	>	6	35	55
1494	chr4	143319849	143319830	+	0.2299	0.1525	>	6	35	55
1495	chr2	128601696	128601677	-	0.1208	0.207	>	6	35	55
1496	chr17	57004491	57004472	-	0.1467	0.2932	>	6	35	55
1497	chr2	35196541	35196522	-	1.081	0.3997	>	6	35	55
1498	chr5	29779371	29779352	+	0.1531	0.1671	>	6	35	55
1499	chr10	93038429	93038410	-	0.163	0.1875	>	6	35	55
